wlen 	 newgal_spectrum 
  4259.984 	      0.105
  4260.688 	      0.103
  4261.392 	      0.099
  4262.096 	      0.093
  4262.800 	      0.089
  4263.505 	      0.086
  4264.209 	      0.084
  4264.914 	      0.085
  4265.618 	      0.087
  4266.323 	      0.090
  4267.028 	      0.095
  4267.733 	      0.101
  4268.439 	      0.110
  4269.144 	      0.116
  4269.849 	      0.121
  4270.555 	      0.124
  4271.261 	      0.121
  4271.966 	      0.122
  4272.672 	      0.123
  4273.378 	      0.114
  4274.084 	      0.103
  4274.791 	      0.108
  4275.497 	      0.174
  4276.204 	      0.236
  4276.910 	      0.283
  4277.617 	      0.290
  4278.324 	      0.179
  4279.031 	      0.176
  4279.738 	      0.172
  4280.445 	      0.151
  4281.152 	      0.047
  4281.860 	      0.002
  4282.567 	     -0.025
  4283.275 	     -0.031
  4283.983 	      0.029
  4284.691 	      0.089
  4285.399 	      0.049
  4286.107 	     -0.017
  4286.815 	     -0.071
  4287.523 	     -0.021
  4288.232 	     -0.024
  4288.940 	     -0.041
  4289.649 	     -0.067
  4290.358 	     -0.030
  4291.067 	      0.019
  4291.776 	      0.020
  4292.485 	     -0.002
  4293.194 	      0.008
  4293.904 	      0.129
  4294.613 	      0.149
  4295.323 	      0.126
  4296.033 	      0.069
  4296.743 	      0.015
  4297.453 	      0.016
  4298.163 	      0.008
  4298.873 	     -0.012
  4299.583 	     -0.066
  4300.294 	     -0.067
  4301.004 	     -0.055
  4301.715 	     -0.045
  4302.426 	     -0.064
  4303.137 	     -0.083
  4303.848 	     -0.058
  4304.559 	     -0.022
  4305.270 	      0.019
  4305.982 	      0.036
  4306.693 	     -0.027
  4307.405 	     -0.078
  4308.117 	     -0.111
  4308.829 	     -0.091
  4309.541 	     -0.111
  4310.253 	     -0.079
  4310.965 	     -0.041
  4311.677 	     -0.013
  4312.390 	     -0.070
  4313.102 	     -0.034
  4313.815 	     -0.015
  4314.528 	     -0.011
  4315.241 	      0.037
  4315.954 	      0.092
  4316.667 	      0.163
  4317.380 	      0.195
  4318.094 	      0.114
  4318.807 	      0.134
  4319.521 	      0.093
  4320.235 	      0.020
  4320.949 	     -0.064
  4321.663 	     -0.001
  4322.377 	      0.069
  4323.091 	      0.092
  4323.805 	      0.084
  4324.520 	      0.036
  4325.234 	      0.018
  4325.949 	      0.006
  4326.664 	      0.002
  4327.379 	      0.011
  4328.094 	      0.045
  4328.809 	      0.022
  4329.524 	     -0.001
  4330.240 	     -0.004
  4330.955 	      0.051
  4331.671 	      0.047
  4332.387 	      0.021
  4333.103 	      0.014
  4333.819 	      0.034
  4334.535 	      0.102
  4335.251 	      0.063
  4335.968 	      0.015
  4336.684 	     -0.022
  4337.401 	     -0.003
  4338.117 	      0.051
  4338.834 	      0.065
  4339.551 	      0.087
  4340.268 	      0.119
  4340.985 	      0.122
  4341.703 	      0.057
  4342.420 	      0.019
  4343.138 	      0.005
  4343.855 	      0.023
  4344.573 	     -0.016
  4345.291 	     -0.000
  4346.009 	      0.002
  4346.727 	     -0.010
  4347.445 	     -0.001
  4348.164 	      0.032
  4348.882 	      0.053
  4349.601 	      0.081
  4350.320 	      0.131
  4351.039 	      0.158
  4351.758 	      0.142
  4352.477 	      0.109
  4353.196 	      0.060
  4353.915 	     -0.014
  4354.635 	     -0.016
  4355.354 	      0.067
  4356.074 	      0.111
  4356.794 	      0.074
  4357.514 	      0.172
  4358.234 	      0.219
  4358.954 	      0.275
  4359.674 	      0.331
  4360.394 	      0.378
  4361.115 	      0.422
  4361.836 	      0.371
  4362.556 	      0.275
  4363.277 	      0.151
  4363.998 	      0.037
  4364.719 	      0.130
  4365.441 	      0.201
  4366.162 	      0.236
  4366.883 	      0.215
  4367.605 	      0.079
  4368.327 	      0.075
  4369.049 	      0.113
  4369.771 	      0.165
  4370.493 	      0.174
  4371.215 	      0.143
  4371.937 	      0.099
  4372.660 	      0.056
  4373.382 	      0.023
  4374.105 	      0.051
  4374.828 	      0.094
  4375.550 	      0.155
  4376.273 	      0.216
  4376.997 	      0.260
  4377.720 	      0.274
  4378.443 	      0.248
  4379.167 	      0.180
  4379.890 	      0.128
  4380.614 	      0.240
  4381.338 	      0.345
  4382.062 	      0.361
  4382.786 	      0.369
  4383.510 	      0.392
  4384.235 	      0.454
  4384.959 	      0.514
  4385.684 	      0.531
  4386.408 	      0.487
  4387.133 	      0.368
  4387.858 	      0.299
  4388.583 	      0.302
  4389.308 	      0.315
  4390.034 	      0.324
  4390.759 	      0.309
  4391.485 	      0.281
  4392.210 	      0.267
  4392.936 	      0.244
  4393.662 	      0.197
  4394.388 	      0.085
  4395.114 	      0.071
  4395.840 	      0.051
  4396.567 	      0.085
  4397.293 	      0.182
  4398.020 	      0.233
  4398.747 	      0.178
  4399.473 	      0.122
  4400.200 	      0.072
  4400.928 	      0.027
  4401.655 	      0.079
  4402.382 	      0.148
  4403.110 	      0.183
  4403.837 	      0.180
  4404.565 	      0.121
  4405.293 	      0.052
  4406.021 	      0.028
  4406.749 	      0.067
  4407.477 	      0.148
  4408.205 	      0.203
  4408.934 	      0.094
  4409.662 	      0.073
  4410.391 	      0.102
  4411.119 	      0.157
  4411.848 	      0.104
  4412.577 	      0.050
  4413.307 	      0.070
  4414.036 	      0.083
  4414.765 	      0.065
  4415.495 	      0.078
  4416.224 	      0.139
  4416.954 	      0.139
  4417.684 	      0.095
  4418.414 	      0.016
  4419.144 	      0.030
  4419.874 	      0.111
  4420.605 	      0.124
  4421.335 	      0.099
  4422.066 	      0.071
  4422.796 	      0.202
  4423.527 	      0.141
  4424.258 	      0.118
  4424.989 	      0.106
  4425.720 	      0.048
  4426.452 	      0.060
  4427.183 	      0.034
  4427.915 	      0.015
  4428.646 	      0.010
  4429.378 	      0.018
  4430.110 	      0.140
  4430.842 	      0.228
  4431.574 	      0.199
  4432.307 	      0.078
  4433.039 	     -0.026
  4433.772 	      0.053
  4434.504 	      0.091
  4435.237 	      0.124
  4435.970 	      0.148
  4436.703 	      0.119
  4437.436 	     -0.016
  4438.169 	     -0.020
  4438.903 	     -0.016
  4439.636 	     -0.019
  4440.370 	      0.057
  4441.103 	      0.039
  4441.837 	      0.054
  4442.571 	      0.105
  4443.305 	      0.178
  4444.040 	      0.145
  4444.774 	      0.118
  4445.508 	      0.112
  4446.243 	      0.101
  4446.978 	      0.087
  4447.713 	      0.160
  4448.447 	      0.141
  4449.183 	      0.113
  4449.918 	      0.107
  4450.653 	      0.129
  4451.388 	      0.103
  4452.124 	      0.075
  4452.860 	      0.057
  4453.596 	      0.040
  4454.331 	      0.018
  4455.067 	      0.006
  4455.804 	      0.028
  4456.540 	      0.054
  4457.276 	      0.065
  4458.013 	      0.054
  4458.750 	      0.018
  4459.486 	      0.041
  4460.223 	      0.056
  4460.960 	      0.050
  4461.697 	      0.024
  4462.435 	      0.034
  4463.172 	      0.012
  4463.909 	      0.014
  4464.647 	      0.013
  4465.385 	     -0.001
  4466.123 	     -0.026
  4466.861 	      0.006
  4467.599 	      0.015
  4468.337 	      0.045
  4469.075 	      0.106
  4469.814 	      0.200
  4470.552 	      0.118
  4471.291 	      0.063
  4472.030 	      0.071
  4472.769 	      0.115
  4473.508 	      0.032
  4474.247 	      0.074
  4474.987 	      0.144
  4475.726 	      0.176
  4476.466 	      0.165
  4477.205 	      0.149
  4477.945 	      0.085
  4478.685 	      0.117
  4479.425 	      0.154
  4480.165 	      0.152
  4480.906 	      0.039
  4481.646 	      0.123
  4482.387 	      0.151
  4483.127 	      0.141
  4483.868 	      0.107
  4484.609 	      0.061
  4485.350 	      0.012
  4486.091 	      0.071
  4486.833 	      0.135
  4487.574 	      0.176
  4488.316 	      0.164
  4489.057 	      0.152
  4489.799 	      0.121
  4490.541 	      0.084
  4491.283 	      0.059
  4492.025 	      0.064
  4492.767 	      0.056
  4493.510 	      0.089
  4494.252 	      0.107
  4494.995 	      0.095
  4495.738 	      0.055
  4496.481 	      0.056
  4497.224 	      0.100
  4497.967 	      0.127
  4498.710 	      0.137
  4499.453 	      0.127
  4500.197 	      0.076
  4500.940 	      0.051
  4501.684 	      0.074
  4502.428 	      0.074
  4503.172 	      0.042
  4503.916 	     -0.020
  4504.660 	     -0.014
  4505.405 	      0.005
  4506.149 	      0.048
  4506.894 	      0.098
  4507.639 	      0.136
  4508.383 	      0.102
  4509.128 	      0.095
  4509.873 	      0.093
  4510.619 	      0.115
  4511.364 	      0.165
  4512.109 	      0.149
  4512.855 	      0.130
  4513.601 	      0.140
  4514.347 	      0.162
  4515.093 	      0.184
  4515.839 	      0.179
  4516.585 	      0.118
  4517.331 	      0.085
  4518.078 	      0.099
  4518.824 	      0.141
  4519.571 	      0.168
  4520.318 	      0.253
  4521.065 	      0.189
  4521.812 	      0.097
  4522.559 	      0.033
  4523.306 	      0.037
  4524.054 	      0.095
  4524.801 	      0.081
  4525.549 	      0.077
  4526.297 	      0.104
  4527.045 	      0.146
  4527.793 	      0.104
  4528.541 	      0.110
  4529.289 	      0.148
  4530.038 	      0.148
  4530.786 	      0.104
  4531.535 	      0.024
  4532.284 	      0.045
  4533.033 	      0.128
  4533.782 	      0.135
  4534.531 	      0.101
  4535.280 	      0.060
  4536.030 	      0.060
  4536.779 	      0.077
  4537.529 	      0.109
  4538.279 	      0.100
  4539.028 	      0.060
  4539.779 	      0.064
  4540.529 	      0.114
  4541.279 	      0.060
  4542.029 	      0.054
  4542.780 	      0.079
  4543.531 	      0.103
  4544.281 	      0.063
  4545.032 	      0.031
  4545.783 	      0.042
  4546.534 	      0.082
  4547.286 	      0.128
  4548.037 	      0.124
  4548.789 	      0.075
  4549.540 	      0.060
  4550.292 	      0.037
  4551.044 	      0.018
  4551.796 	      0.021
  4552.548 	      0.052
  4553.300 	      0.089
  4554.053 	      0.105
  4554.805 	      0.113
  4555.558 	      0.120
  4556.311 	      0.108
  4557.064 	      0.062
  4557.817 	      0.099
  4558.570 	      0.121
  4559.323 	      0.103
  4560.076 	      0.040
  4560.830 	      0.046
  4561.584 	      0.068
  4562.337 	      0.028
  4563.091 	      0.027
  4563.845 	      0.082
  4564.599 	      0.088
  4565.354 	      0.070
  4566.108 	      0.087
  4566.863 	      0.094
  4567.617 	      0.078
  4568.372 	      0.037
  4569.127 	      0.095
  4569.882 	      0.049
  4570.637 	      0.017
  4571.392 	      0.026
  4572.148 	      0.062
  4572.903 	      0.061
  4573.659 	      0.006
  4574.415 	      0.006
  4575.170 	      0.066
  4575.926 	      0.124
  4576.683 	      0.130
  4577.439 	      0.085
  4578.195 	      0.045
  4578.952 	      0.035
  4579.708 	      0.039
  4580.465 	      0.064
  4581.222 	      0.118
  4581.979 	      0.059
  4582.736 	      0.087
  4583.493 	      0.096
  4584.251 	      0.063
  4585.008 	      0.013
  4585.766 	      0.055
  4586.524 	      0.099
  4587.282 	      0.045
  4588.040 	      0.032
  4588.798 	      0.059
  4589.556 	      0.110
  4590.314 	      0.158
  4591.073 	      0.095
  4591.832 	      0.044
  4592.590 	      0.027
  4593.349 	      0.030
  4594.108 	      0.022
  4594.867 	      0.062
  4595.627 	      0.065
  4596.386 	      0.057
  4597.146 	      0.081
  4597.905 	      0.134
  4598.665 	      0.166
  4599.425 	      0.101
  4600.185 	      0.068
  4600.945 	      0.041
  4601.705 	      0.033
  4602.466 	      0.051
  4603.226 	      0.092
  4603.987 	      0.041
  4604.748 	      0.044
  4605.508 	      0.080
  4606.269 	      0.113
  4607.031 	      0.113
  4607.792 	      0.073
  4608.553 	     -0.016
  4609.315 	     -0.027
  4610.076 	      0.004
  4610.838 	      0.043
  4611.600 	      0.057
  4612.362 	      0.085
  4613.124 	      0.123
  4613.887 	      0.127
  4614.649 	      0.095
  4615.412 	      0.040
  4616.174 	     -0.014
  4616.937 	     -0.074
  4617.700 	     -0.020
  4618.463 	      0.010
  4619.226 	      0.026
  4619.989 	      0.039
  4620.753 	      0.056
  4621.516 	      0.140
  4622.280 	      0.145
  4623.044 	      0.105
  4623.808 	      0.057
  4624.572 	      0.033
  4625.336 	      0.062
  4626.100 	     -0.008
  4626.865 	     -0.005
  4627.629 	     -0.013
  4628.394 	     -0.014
  4629.159 	      0.002
  4629.924 	      0.033
  4630.689 	      0.167
  4631.454 	      0.147
  4632.219 	      0.065
  4632.985 	      0.024
  4633.750 	      0.053
  4634.516 	      0.015
  4635.282 	     -0.092
  4636.048 	     -0.120
  4636.814 	     -0.079
  4637.580 	     -0.042
  4638.346 	     -0.041
  4639.113 	      0.005
  4639.879 	      0.042
  4640.646 	     -0.010
  4641.413 	     -0.035
  4642.180 	     -0.019
  4642.947 	      0.035
  4643.714 	      0.113
  4644.481 	      0.095
  4645.249 	      0.036
  4646.016 	      0.016
  4646.784 	      0.013
  4647.552 	      0.014
  4648.320 	      0.055
  4649.088 	      0.116
  4649.856 	      0.082
  4650.625 	      0.051
  4651.393 	      0.043
  4652.162 	      0.048
  4652.930 	      0.010
  4653.699 	     -0.020
  4654.468 	     -0.021
  4655.237 	     -0.016
  4656.007 	     -0.004
  4656.776 	     -0.005
  4657.546 	     -0.062
  4658.315 	     -0.105
  4659.085 	     -0.059
  4659.855 	     -0.001
  4660.625 	      0.055
  4661.395 	      0.086
  4662.165 	      0.071
  4662.936 	      0.012
  4663.706 	      0.000
  4664.477 	      0.005
  4665.247 	     -0.002
  4666.018 	     -0.008
  4666.789 	      0.021
  4667.561 	      0.022
  4668.332 	     -0.023
  4669.103 	     -0.060
  4669.875 	     -0.052
  4670.646 	     -0.019
  4671.418 	      0.004
  4672.190 	     -0.014
  4672.962 	     -0.017
  4673.734 	      0.033
  4674.507 	      0.094
  4675.279 	      0.131
  4676.052 	      0.122
  4676.824 	      0.081
  4677.597 	      0.053
  4678.370 	      0.034
  4679.143 	      0.094
  4679.916 	      0.121
  4680.690 	      0.069
  4681.463 	      0.007
  4682.237 	      0.011
  4683.010 	     -0.020
  4683.784 	     -0.044
  4684.558 	     -0.066
  4685.332 	     -0.064
  4686.106 	     -0.009
  4686.881 	      0.001
  4687.655 	      0.052
  4688.430 	      0.030
  4689.205 	     -0.002
  4689.979 	     -0.023
  4690.754 	     -0.030
  4691.529 	     -0.059
  4692.305 	     -0.039
  4693.080 	      0.017
  4693.856 	      0.041
  4694.631 	      0.018
  4695.407 	     -0.021
  4696.183 	      0.009
  4696.959 	      0.030
  4697.735 	      0.012
  4698.511 	     -0.015
  4699.288 	     -0.020
  4700.064 	      0.007
  4700.841 	      0.057
  4701.618 	      0.093
  4702.394 	      0.050
  4703.171 	      0.030
  4703.949 	      0.037
  4704.726 	      0.061
  4705.503 	      0.078
  4706.281 	      0.059
  4707.059 	      0.052
  4707.836 	      0.063
  4708.614 	      0.031
  4709.392 	     -0.011
  4710.171 	     -0.021
  4710.949 	      0.036
  4711.727 	      0.117
  4712.506 	      0.074
  4713.285 	      0.017
  4714.063 	     -0.017
  4714.842 	     -0.038
  4715.621 	     -0.050
  4716.401 	     -0.023
  4717.180 	      0.022
  4717.960 	      0.038
  4718.739 	      0.049
  4719.519 	      0.046
  4720.299 	      0.025
  4721.079 	     -0.011
  4721.859 	     -0.043
  4722.639 	     -0.006
  4723.419 	     -0.014
  4724.200 	     -0.024
  4724.981 	     -0.018
  4725.761 	     -0.003
  4726.542 	     -0.019
  4727.323 	     -0.026
  4728.104 	      0.047
  4728.886 	      0.064
  4729.667 	      0.074
  4730.449 	      0.058
  4731.230 	     -0.001
  4732.012 	     -0.011
  4732.794 	     -0.028
  4733.576 	     -0.011
  4734.358 	      0.037
  4735.141 	      0.063
  4735.923 	      0.035
  4736.706 	     -0.033
  4737.488 	     -0.007
  4738.271 	      0.002
  4739.054 	      0.002
  4739.837 	      0.050
  4740.620 	      0.068
  4741.404 	      0.016
  4742.187 	     -0.025
  4742.971 	     -0.033
  4743.755 	      0.048
  4744.538 	      0.006
  4745.322 	      0.010
  4746.107 	      0.028
  4746.891 	     -0.014
  4747.675 	     -0.073
  4748.460 	     -0.099
  4749.244 	     -0.093
  4750.029 	     -0.104
  4750.814 	     -0.108
  4751.599 	     -0.070
  4752.384 	      0.014
  4753.170 	      0.003
  4753.955 	     -0.031
  4754.741 	     -0.011
  4755.526 	      0.040
  4756.312 	      0.041
  4757.098 	     -0.003
  4757.884 	     -0.017
  4758.670 	     -0.005
  4759.457 	      0.020
  4760.243 	      0.050
  4761.030 	      0.062
  4761.816 	      0.042
  4762.603 	     -0.004
  4763.390 	     -0.044
  4764.177 	     -0.001
  4764.965 	      0.005
  4765.752 	     -0.023
  4766.539 	     -0.059
  4767.327 	     -0.088
  4768.115 	     -0.102
  4768.903 	     -0.098
  4769.691 	     -0.089
  4770.479 	     -0.042
  4771.267 	     -0.010
  4772.056 	      0.027
  4772.844 	      0.060
  4773.633 	      0.073
  4774.422 	      0.053
  4775.211 	      0.008
  4776.000 	     -0.047
  4776.789 	     -0.036
  4777.578 	      0.002
  4778.368 	      0.032
  4779.157 	      0.027
  4779.947 	     -0.014
  4780.737 	     -0.020
  4781.527 	     -0.008
  4782.317 	     -0.018
  4783.107 	     -0.018
  4783.897 	     -0.035
  4784.688 	     -0.056
  4785.479 	     -0.039
  4786.269 	     -0.023
  4787.060 	     -0.080
  4787.851 	     -0.100
  4788.642 	     -0.120
  4789.434 	     -0.108
  4790.225 	     -0.056
  4791.017 	      0.011
  4791.808 	      0.042
  4792.600 	     -0.029
  4793.392 	     -0.044
  4794.184 	     -0.025
  4794.976 	     -0.037
  4795.769 	     -0.048
  4796.561 	     -0.008
  4797.354 	      0.004
  4798.146 	     -0.042
  4798.939 	     -0.051
  4799.732 	      0.013
  4800.525 	      0.040
  4801.319 	     -0.003
  4802.112 	     -0.067
  4802.906 	     -0.057
  4803.699 	     -0.030
  4804.493 	     -0.023
  4805.287 	      0.062
  4806.081 	      0.076
  4806.875 	      0.022
  4807.669 	     -0.038
  4808.464 	     -0.041
  4809.258 	      0.004
  4810.053 	     -0.031
  4810.848 	     -0.012
  4811.643 	      0.010
  4812.438 	      0.025
  4813.233 	      0.024
  4814.028 	     -0.000
  4814.824 	     -0.051
  4815.620 	     -0.016
  4816.415 	      0.041
  4817.211 	      0.011
  4818.007 	     -0.047
  4818.803 	     -0.057
  4819.600 	      0.000
  4820.396 	      0.049
  4821.192 	      0.048
  4821.989 	      0.098
  4822.786 	      0.075
  4823.583 	      0.010
  4824.380 	     -0.019
  4825.177 	      0.015
  4825.974 	      0.064
  4826.772 	      0.046
  4827.569 	      0.046
  4828.367 	      0.069
  4829.165 	      0.057
  4829.963 	      0.014
  4830.761 	     -0.013
  4831.559 	     -0.002
  4832.358 	     -0.008
  4833.156 	     -0.072
  4833.955 	     -0.089
  4834.754 	     -0.057
  4835.553 	     -0.011
  4836.352 	      0.011
  4837.151 	      0.001
  4837.950 	     -0.020
  4838.750 	     -0.011
  4839.549 	      0.036
  4840.349 	      0.031
  4841.149 	      0.007
  4841.949 	     -0.003
  4842.749 	     -0.010
  4843.549 	     -0.012
  4844.349 	      0.012
  4845.150 	      0.021
  4845.950 	      0.018
  4846.751 	      0.008
  4847.552 	     -0.033
  4848.353 	     -0.072
  4849.154 	     -0.082
  4849.955 	     -0.070
  4850.757 	     -0.088
  4851.558 	     -0.079
  4852.360 	     -0.020
  4853.162 	     -0.012
  4853.964 	     -0.011
  4854.766 	      0.013
  4855.568 	      0.021
  4856.370 	     -0.029
  4857.173 	     -0.057
  4857.976 	     -0.108
  4858.778 	     -0.168
  4859.581 	     -0.105
  4860.384 	     -0.050
  4861.187 	     -0.010
  4861.991 	     -0.006
  4862.794 	     -0.057
  4863.598 	     -0.057
  4864.401 	      0.071
  4865.205 	      0.021
  4866.009 	      0.019
  4866.813 	      0.019
  4867.617 	     -0.052
  4868.422 	     -0.152
  4869.226 	     -0.159
  4870.031 	     -0.045
  4870.835 	     -0.074
  4871.640 	     -0.039
  4872.445 	     -0.047
  4873.250 	     -0.120
  4874.056 	     -0.122
  4874.861 	     -0.038
  4875.667 	     -0.003
  4876.472 	     -0.097
  4877.278 	     -0.103
  4878.084 	     -0.048
  4878.890 	     -0.031
  4879.696 	     -0.042
  4880.503 	     -0.036
  4881.309 	      0.006
  4882.116 	      0.047
  4882.922 	      0.005
  4883.729 	      0.011
  4884.536 	     -0.011
  4885.343 	     -0.117
  4886.151 	     -0.091
  4886.958 	     -0.022
  4887.766 	      0.011
  4888.573 	      0.018
  4889.381 	      0.045
  4890.189 	      0.021
  4890.997 	     -0.017
  4891.805 	     -0.046
  4892.613 	     -0.038
  4893.422 	     -0.022
  4894.231 	     -0.008
  4895.039 	      0.004
  4895.848 	      0.014
  4896.657 	      0.068
  4897.466 	      0.129
  4898.276 	      0.095
  4899.085 	      0.051
  4899.894 	      0.030
  4900.704 	      0.034
  4901.514 	      0.039
  4902.324 	      0.018
  4903.134 	      0.026
  4903.944 	     -0.002
  4904.754 	      0.015
  4905.565 	      0.066
  4906.376 	      0.096
  4907.186 	      0.131
  4907.997 	      0.197
  4908.808 	      0.306
  4909.619 	      0.444
  4910.431 	      0.526
  4911.242 	      0.591
  4912.054 	      0.630
  4912.865 	      0.594
  4913.677 	      0.524
  4914.489 	      0.438
  4915.301 	      0.335
  4916.113 	      0.223
  4916.926 	      0.142
  4917.738 	      0.116
  4918.551 	      0.087
  4919.363 	      0.057
  4920.176 	      0.041
  4920.989 	      0.016
  4921.803 	     -0.019
  4922.616 	     -0.034
  4923.429 	     -0.001
  4924.243 	      0.059
  4925.057 	      0.066
  4925.870 	      0.058
  4926.684 	      0.044
  4927.498 	      0.036
  4928.313 	      0.044
  4929.127 	      0.050
  4929.941 	      0.026
  4930.756 	     -0.007
  4931.571 	     -0.034
  4932.386 	     -0.055
  4933.201 	     -0.068
  4934.016 	     -0.092
  4934.831 	     -0.068
  4935.647 	     -0.036
  4936.462 	     -0.038
  4937.278 	     -0.033
  4938.094 	     -0.008
  4938.910 	     -0.048
  4939.726 	     -0.017
  4940.542 	      0.003
  4941.359 	     -0.008
  4942.175 	      0.001
  4942.992 	      0.028
  4943.809 	      0.027
  4944.625 	     -0.027
  4945.443 	     -0.044
  4946.260 	     -0.047
  4947.077 	     -0.042
  4947.895 	     -0.063
  4948.712 	     -0.080
  4949.530 	     -0.083
  4950.348 	     -0.065
  4951.166 	     -0.036
  4951.984 	     -0.022
  4952.802 	     -0.011
  4953.621 	     -0.041
  4954.439 	     -0.011
  4955.258 	     -0.072
  4956.077 	     -0.129
  4956.896 	     -0.145
  4957.715 	     -0.141
  4958.534 	     -0.138
  4959.353 	     -0.120
  4960.173 	     -0.067
  4960.992 	     -0.023
  4961.812 	     -0.055
  4962.632 	     -0.069
  4963.452 	     -0.027
  4964.272 	     -0.009
  4965.093 	     -0.015
  4965.913 	     -0.011
  4966.734 	     -0.017
  4967.554 	     -0.093
  4968.375 	     -0.105
  4969.196 	      0.015
  4970.017 	      0.061
  4970.838 	      0.068
  4971.660 	      0.049
  4972.481 	      0.031
  4973.303 	      0.032
  4974.125 	      0.029
  4974.947 	     -0.038
  4975.769 	     -0.031
  4976.591 	     -0.036
  4977.413 	     -0.037
  4978.236 	     -0.021
  4979.058 	     -0.003
  4979.881 	      0.005
  4980.704 	     -0.023
  4981.527 	     -0.071
  4982.350 	     -0.053
  4983.174 	     -0.008
  4983.997 	     -0.027
  4984.821 	     -0.028
  4985.644 	     -0.046
  4986.468 	     -0.086
  4987.292 	     -0.093
  4988.116 	     -0.084
  4988.940 	     -0.075
  4989.765 	     -0.045
  4990.589 	     -0.010
  4991.414 	     -0.012
  4992.239 	     -0.044
  4993.064 	     -0.059
  4993.889 	     -0.047
  4994.714 	     -0.014
  4995.539 	     -0.005
  4996.365 	     -0.033
  4997.190 	     -0.063
  4998.016 	     -0.047
  4998.842 	     -0.015
  4999.668 	     -0.050
  5000.494 	     -0.082
  5001.320 	     -0.049
  5002.147 	      0.013
  5002.973 	      0.049
  5003.800 	      0.070
  5004.627 	      0.116
  5005.454 	      0.158
  5006.281 	      0.099
  5007.108 	     -0.007
  5007.936 	     -0.008
  5008.763 	      0.024
  5009.591 	      0.017
  5010.419 	      0.011
  5011.247 	      0.005
  5012.075 	     -0.002
  5012.903 	     -0.020
  5013.731 	     -0.048
  5014.560 	     -0.065
  5015.388 	     -0.091
  5016.217 	     -0.106
  5017.046 	     -0.123
  5017.875 	     -0.136
  5018.704 	     -0.112
  5019.533 	     -0.107
  5020.363 	     -0.114
  5021.192 	     -0.107
  5022.022 	     -0.083
  5022.852 	     -0.059
  5023.682 	     -0.049
  5024.512 	     -0.084
  5025.342 	     -0.068
  5026.173 	     -0.062
  5027.003 	     -0.054
  5027.834 	     -0.053
  5028.665 	     -0.061
  5029.496 	     -0.072
  5030.327 	     -0.082
  5031.158 	     -0.090
  5031.989 	     -0.085
  5032.821 	     -0.073
  5033.653 	     -0.041
  5034.484 	     -0.115
  5035.316 	     -0.143
  5036.148 	     -0.106
  5036.980 	     -0.093
  5037.813 	     -0.108
  5038.645 	     -0.112
  5039.478 	     -0.107
  5040.311 	     -0.114
  5041.143 	     -0.099
  5041.976 	     -0.086
  5042.810 	     -0.117
  5043.643 	     -0.137
  5044.476 	     -0.162
  5045.310 	     -0.144
  5046.144 	     -0.112
  5046.977 	     -0.097
  5047.811 	     -0.107
  5048.645 	     -0.128
  5049.480 	     -0.103
  5050.314 	     -0.020
  5051.149 	     -0.052
  5051.983 	     -0.162
  5052.818 	     -0.098
  5053.653 	     -0.097
  5054.488 	     -0.134
  5055.323 	     -0.134
  5056.159 	     -0.083
  5056.994 	     -0.002
  5057.830 	      0.075
  5058.666 	      0.049
  5059.501 	      0.015
  5060.337 	      0.018
  5061.174 	      0.035
  5062.010 	     -0.053
  5062.846 	     -0.103
  5063.683 	     -0.045
  5064.520 	      0.008
  5065.357 	      0.015
  5066.194 	      0.013
  5067.031 	     -0.012
  5067.868 	     -0.057
  5068.706 	     -0.092
  5069.543 	     -0.053
  5070.381 	     -0.037
  5071.219 	     -0.075
  5072.057 	     -0.098
  5072.895 	     -0.127
  5073.733 	     -0.137
  5074.571 	     -0.142
  5075.410 	     -0.155
  5076.249 	     -0.137
  5077.087 	     -0.068
  5077.926 	     -0.030
  5078.765 	     -0.029
  5079.605 	     -0.093
  5080.444 	     -0.065
  5081.283 	     -0.039
  5082.123 	     -0.047
  5082.963 	     -0.066
  5083.803 	     -0.064
  5084.643 	     -0.067
  5085.483 	     -0.097
  5086.323 	     -0.091
  5087.164 	     -0.080
  5088.004 	     -0.051
  5088.845 	     -0.001
  5089.686 	     -0.028
  5090.527 	     -0.051
  5091.368 	     -0.069
  5092.210 	     -0.104
  5093.051 	     -0.120
  5093.893 	     -0.095
  5094.734 	     -0.065
  5095.576 	     -0.077
  5096.418 	     -0.113
  5097.260 	     -0.103
  5098.103 	     -0.054
  5098.945 	     -0.039
  5099.788 	     -0.057
  5100.630 	     -0.062
  5101.473 	     -0.050
  5102.316 	     -0.046
  5103.159 	     -0.078
  5104.003 	     -0.126
  5104.846 	     -0.143
  5105.689 	     -0.110
  5106.533 	     -0.059
  5107.377 	     -0.029
  5108.221 	     -0.046
  5109.065 	     -0.082
  5109.909 	     -0.079
  5110.754 	     -0.079
  5111.598 	     -0.089
  5112.443 	     -0.095
  5113.288 	     -0.105
  5114.132 	     -0.123
  5114.978 	     -0.123
  5115.823 	     -0.089
  5116.668 	     -0.052
  5117.514 	     -0.039
  5118.359 	     -0.071
  5119.205 	     -0.091
  5120.051 	     -0.066
  5120.897 	     -0.066
  5121.743 	     -0.040
  5122.589 	     -0.040
  5123.436 	     -0.063
  5124.283 	     -0.065
  5125.129 	     -0.043
  5125.976 	     -0.034
  5126.823 	     -0.059
  5127.670 	     -0.106
  5128.518 	     -0.121
  5129.365 	     -0.140
  5130.213 	     -0.081
  5131.060 	     -0.040
  5131.908 	     -0.009
  5132.756 	     -0.041
  5133.604 	     -0.071
  5134.453 	     -0.057
  5135.301 	     -0.053
  5136.150 	     -0.068
  5136.998 	     -0.068
  5137.847 	     -0.095
  5138.696 	     -0.119
  5139.545 	     -0.097
  5140.395 	     -0.145
  5141.244 	     -0.156
  5142.094 	     -0.101
  5142.943 	     -0.080
  5143.793 	     -0.067
  5144.643 	     -0.049
  5145.493 	     -0.048
  5146.343 	     -0.050
  5147.194 	     -0.013
  5148.044 	      0.021
  5148.895 	     -0.048
  5149.746 	     -0.083
  5150.597 	     -0.092
  5151.448 	     -0.071
  5152.299 	     -0.050
  5153.151 	     -0.016
  5154.002 	     -0.047
  5154.854 	     -0.096
  5155.706 	     -0.088
  5156.557 	     -0.092
  5157.410 	     -0.113
  5158.262 	     -0.128
  5159.114 	     -0.140
  5159.967 	     -0.118
  5160.819 	     -0.045
  5161.672 	     -0.048
  5162.525 	     -0.105
  5163.378 	     -0.106
  5164.231 	     -0.056
  5165.085 	     -0.097
  5165.938 	     -0.128
  5166.792 	     -0.163
  5167.645 	     -0.165
  5168.499 	     -0.123
  5169.353 	     -0.103
  5170.208 	     -0.135
  5171.062 	     -0.175
  5171.916 	     -0.188
  5172.771 	     -0.161
  5173.626 	     -0.159
  5174.481 	     -0.161
  5175.336 	     -0.117
  5176.191 	     -0.082
  5177.046 	     -0.072
  5177.902 	     -0.078
  5178.757 	     -0.099
  5179.613 	     -0.131
  5180.469 	     -0.112
  5181.325 	     -0.101
  5182.181 	     -0.136
  5183.037 	     -0.163
  5183.894 	     -0.169
  5184.751 	     -0.157
  5185.607 	     -0.125
  5186.464 	     -0.105
  5187.321 	     -0.113
  5188.178 	     -0.113
  5189.036 	     -0.063
  5189.893 	     -0.015
  5190.751 	     -0.045
  5191.608 	     -0.046
  5192.466 	     -0.034
  5193.324 	     -0.049
  5194.182 	     -0.067
  5195.041 	     -0.066
  5195.899 	     -0.065
  5196.758 	     -0.066
  5197.616 	     -0.070
  5198.475 	     -0.075
  5199.334 	     -0.079
  5200.194 	     -0.082
  5201.053 	     -0.085
  5201.912 	     -0.087
  5202.772 	     -0.088
  5203.632 	     -0.085
  5204.491 	     -0.080
  5205.351 	     -0.077
  5206.212 	     -0.079
  5207.072 	     -0.086
  5207.932 	     -0.097
  5208.793 	     -0.108
  5209.654 	     -0.120
  5210.514 	     -0.129
  5211.375 	     -0.137
  5212.236 	     -0.142
  5213.098 	     -0.145
  5213.959 	     -0.146
  5214.821 	     -0.146
  5215.682 	     -0.145
  5216.544 	     -0.143
  5217.406 	     -0.137
  5218.268 	     -0.125
  5219.131 	     -0.100
  5219.993 	     -0.070
  5220.856 	     -0.050
  5221.718 	     -0.058
  5222.581 	     -0.095
  5223.444 	     -0.112
  5224.307 	     -0.040
  5225.171 	      0.010
  5226.034 	     -0.048
  5226.898 	     -0.092
  5227.761 	     -0.122
  5228.625 	     -0.132
  5229.489 	     -0.168
  5230.353 	     -0.164
  5231.218 	     -0.163
  5232.082 	     -0.189
  5232.947 	     -0.205
  5233.811 	     -0.175
  5234.676 	     -0.143
  5235.541 	     -0.141
  5236.406 	     -0.137
  5237.271 	     -0.124
  5238.137 	     -0.131
  5239.002 	     -0.122
  5239.868 	     -0.101
  5240.734 	     -0.113
  5241.600 	     -0.103
  5242.466 	     -0.140
  5243.332 	     -0.145
  5244.199 	     -0.136
  5245.065 	     -0.123
  5245.932 	     -0.139
  5246.799 	     -0.144
  5247.666 	     -0.150
  5248.533 	     -0.147
  5249.400 	     -0.101
  5250.268 	     -0.048
  5251.135 	     -0.042
  5252.003 	     -0.057
  5252.871 	     -0.068
  5253.739 	     -0.093
  5254.607 	     -0.102
  5255.475 	     -0.052
  5256.344 	      0.020
  5257.212 	     -0.030
  5258.081 	     -0.085
  5258.950 	     -0.036
  5259.819 	     -0.028
  5260.688 	     -0.087
  5261.557 	     -0.164
  5262.427 	     -0.193
  5263.296 	     -0.168
  5264.166 	     -0.151
  5265.036 	     -0.135
  5265.906 	     -0.129
  5266.776 	     -0.155
  5267.646 	     -0.157
  5268.517 	     -0.121
  5269.387 	     -0.069
  5270.258 	     -0.078
  5271.129 	     -0.103
  5272.000 	     -0.116
  5272.871 	     -0.118
  5273.742 	     -0.178
  5274.614 	     -0.147
  5275.485 	     -0.155
  5276.357 	     -0.186
  5277.229 	     -0.121
  5278.101 	      0.189
  5278.973 	      0.157
  5279.845 	     -0.046
  5280.718 	     -0.125
  5281.591 	     -0.100
  5282.463 	     -0.082
  5283.336 	     -0.117
  5284.209 	     -0.162
  5285.082 	     -0.165
  5285.956 	     -0.159
  5286.829 	     -0.204
  5287.703 	     -0.180
  5288.577 	     -0.139
  5289.450 	     -0.154
  5290.324 	     -0.212
  5291.199 	     -0.108
  5292.073 	     -0.129
  5292.947 	     -0.137
  5293.822 	     -0.114
  5294.697 	     -0.140
  5295.572 	     -0.169
  5296.447 	     -0.185
  5297.322 	     -0.141
  5298.197 	     -0.091
  5299.073 	     -0.096
  5299.948 	     -0.146
  5300.824 	     -0.172
  5301.700 	     -0.136
  5302.576 	     -0.122
  5303.452 	     -0.163
  5304.329 	     -0.130
  5305.205 	     -0.101
  5306.082 	     -0.103
  5306.959 	     -0.200
  5307.836 	     -0.178
  5308.713 	     -0.124
  5309.590 	     -0.091
  5310.467 	     -0.119
  5311.345 	     -0.209
  5312.222 	     -0.146
  5313.100 	     -0.119
  5313.978 	     -0.173
  5314.856 	     -0.152
  5315.734 	     -0.180
  5316.613 	     -0.215
  5317.491 	     -0.179
  5318.370 	     -0.124
  5319.249 	     -0.093
  5320.128 	     -0.120
  5321.007 	     -0.151
  5321.886 	     -0.101
  5322.766 	     -0.150
  5323.645 	     -0.211
  5324.525 	     -0.162
  5325.405 	     -0.151
  5326.285 	     -0.184
  5327.165 	     -0.158
  5328.045 	     -0.223
  5328.925 	     -0.169
  5329.806 	     -0.180
  5330.687 	     -0.145
  5331.568 	     -0.184
  5332.449 	     -0.095
  5333.330 	     -0.109
  5334.211 	     -0.117
  5335.092 	     -0.159
  5342.149 	     -0.144
  5343.032 	     -0.147
  5343.915 	     -0.138
  5344.798 	     -0.189
  5345.681 	     -0.286
  5346.564 	     -0.120
  5347.448 	     -0.118
  5348.331 	     -0.094
  5349.215 	     -0.232
  5350.099 	     -0.064
  5350.983 	     -0.190
  5351.867 	     -0.103
  5352.752 	     -0.126
  5353.636 	     -0.119
  5354.521 	     -0.186
  5364.262 	     -0.195
  5365.148 	     -0.187
  5366.035 	     -0.186
  5366.921 	     -0.218
  5367.808 	     -0.233
  5368.695 	     -0.179
  5369.582 	     -0.217
  5370.470 	     -0.107
  5371.357 	     -0.155
  5372.245 	     -0.240
  5373.132 	     -0.179
  5374.020 	     -0.127
  5374.908 	     -0.156
  5375.796 	     -0.152
  5376.685 	     -0.162
  5377.573 	     -0.207
  5378.462 	     -0.115
  5379.350 	     -0.101
  5380.239 	     -0.160
  5381.128 	     -0.258
  5382.018 	     -0.205
  5382.907 	     -0.172
  5383.796 	     -0.238
  5384.686 	     -0.191
  5385.576 	     -0.139
  5386.466 	     -0.184
  5387.356 	     -0.229
  5388.246 	     -0.209
  5389.136 	     -0.166
  5390.027 	     -0.178
  5390.918 	     -0.182
  5391.808 	     -0.212
  5392.699 	     -0.200
  5393.590 	     -0.151
  5394.482 	     -0.137
  5395.373 	     -0.172
  5396.265 	     -0.160
  5397.156 	     -0.209
  5398.048 	     -0.226
  5398.940 	     -0.209
  5399.832 	     -0.275
  5400.724 	     -0.230
  5401.617 	     -0.195
  5402.509 	     -0.249
  5403.402 	     -0.202
  5404.295 	     -0.200
  5405.188 	     -0.118
  5406.081 	     -0.131
  5406.975 	     -0.243
  5407.868 	     -0.215
  5408.762 	     -0.240
  5409.655 	     -0.189
  5410.549 	     -0.178
  5411.443 	     -0.192
  5412.338 	     -0.212
  5413.232 	     -0.218
  5414.126 	     -0.225
  5415.021 	     -0.196
  5415.916 	     -0.153
  5416.811 	     -0.213
  5417.706 	     -0.234
  5418.601 	     -0.171
  5419.496 	     -0.192
  5420.392 	     -0.238
  5421.288 	     -0.266
  5422.183 	     -0.173
  5423.079 	     -0.126
  5423.976 	     -0.173
  5424.872 	     -0.212
  5425.768 	     -0.180
  5426.665 	     -0.231
  5427.561 	     -0.249
  5428.458 	     -0.262
  5429.355 	     -0.240
  5430.253 	     -0.250
  5431.150 	     -0.243
  5432.047 	     -0.221
  5432.945 	     -0.213
  5433.843 	     -0.195
  5434.741 	     -0.229
  5435.639 	     -0.198
  5436.537 	     -0.156
  5437.435 	     -0.132
  5438.334 	     -0.181
  5439.232 	     -0.178
  5440.131 	     -0.148
  5441.030 	     -0.149
  5441.929 	     -0.195
  5442.828 	     -0.259
  5443.728 	     -0.234
  5444.627 	     -0.204
  5445.527 	     -0.194
  5446.427 	     -0.202
  5447.327 	     -0.168
  5448.227 	     -0.177
  5449.127 	     -0.213
  5450.028 	     -0.263
  5450.928 	     -0.230
  5451.829 	     -0.182
  5452.730 	     -0.163
  5453.631 	     -0.133
  5454.532 	     -0.161
  5455.433 	     -0.221
  5456.335 	     -0.236
  5457.236 	     -0.258
  5458.138 	     -0.245
  5459.040 	     -0.152
  5459.942 	     -0.108
  5460.844 	     -0.076
  5461.747 	     -0.007
  5462.649 	      0.048
  5463.552 	     -0.019
  5464.455 	     -0.107
  5465.358 	     -0.167
  5466.261 	     -0.162
  5467.164 	     -0.145
  5468.067 	     -0.133
  5468.971 	     -0.134
  5469.875 	     -0.169
  5470.778 	     -0.179
  5471.682 	     -0.136
  5472.587 	     -0.138
  5473.491 	     -0.147
  5474.395 	     -0.136
  5475.300 	     -0.154
  5476.205 	     -0.211
  5477.110 	     -0.240
  5478.015 	     -0.204
  5478.920 	     -0.155
  5479.825 	     -0.214
  5480.731 	     -0.182
  5481.636 	     -0.171
  5482.542 	     -0.156
  5483.448 	     -0.235
  5484.354 	     -0.216
  5485.260 	     -0.160
  5486.167 	     -0.146
  5487.073 	     -0.188
  5487.980 	     -0.233
  5488.887 	     -0.248
  5489.794 	     -0.250
  5490.701 	     -0.236
  5491.608 	     -0.243
  5492.516 	     -0.213
  5493.423 	     -0.162
  5494.331 	     -0.184
  5495.239 	     -0.174
  5496.147 	     -0.158
  5497.055 	     -0.172
  5497.964 	     -0.191
  5498.872 	     -0.226
  5499.781 	     -0.225
  5500.689 	     -0.203
  5501.598 	     -0.199
  5502.507 	     -0.177
  5503.417 	     -0.156
  5504.326 	     -0.164
  5505.236 	     -0.164
  5506.145 	     -0.154
  5507.055 	     -0.183
  5507.965 	     -0.206
  5508.875 	     -0.195
  5509.786 	     -0.165
  5510.696 	     -0.168
  5511.607 	     -0.175
  5512.517 	     -0.154
  5513.428 	     -0.132
  5514.339 	     -0.116
  5515.251 	     -0.138
  5516.162 	     -0.181
  5517.073 	     -0.190
  5517.985 	     -0.211
  5518.897 	     -0.269
  5519.809 	     -0.254
  5520.721 	     -0.180
  5521.633 	     -0.162
  5522.546 	     -0.183
  5523.458 	     -0.196
  5524.371 	     -0.200
  5525.284 	     -0.205
  5526.197 	     -0.206
  5527.110 	     -0.207
  5528.023 	     -0.225
  5528.937 	     -0.236
  5529.850 	     -0.226
  5530.764 	     -0.229
  5531.678 	     -0.233
  5532.592 	     -0.200
  5533.506 	     -0.197
  5534.421 	     -0.218
  5535.335 	     -0.240
  5536.250 	     -0.222
  5537.165 	     -0.166
  5538.080 	     -0.186
  5538.995 	     -0.232
  5539.910 	     -0.248
  5540.825 	     -0.201
  5541.741 	     -0.136
  5542.657 	     -0.146
  5543.573 	     -0.147
  5544.489 	     -0.134
  5545.405 	     -0.095
  5546.321 	     -0.062
  5547.238 	     -0.082
  5548.154 	     -0.113
  5549.071 	     -0.124
  5549.988 	     -0.168
  5550.905 	     -0.204
  5551.822 	     -0.200
  5552.740 	     -0.219
  5553.657 	     -0.220
  5554.575 	     -0.206
  5555.493 	     -0.206
  5556.411 	     -0.222
  5557.329 	     -0.239
  5558.247 	     -0.193
  5559.166 	     -0.143
  5560.084 	     -0.125
  5561.003 	     -0.139
  5561.922 	     -0.178
  5562.841 	     -0.191
  5563.760 	     -0.127
  5564.680 	     -0.130
  5565.599 	     -0.127
  5566.519 	     -0.100
  5567.439 	     -0.116
  5568.359 	     -0.141
  5569.279 	     -0.168
  5570.199 	     -0.155
  5571.119 	     -0.187
  5572.040 	     -0.187
  5583.099 	     -0.212
  5584.021 	     -0.211
  5584.944 	     -0.188
  5585.867 	     -0.200
  5586.790 	     -0.190
  5587.713 	     -0.123
  5588.637 	     -0.125
  5589.560 	     -0.122
  5590.484 	     -0.132
  5591.407 	     -0.152
  5592.331 	     -0.163
  5593.255 	     -0.180
  5594.180 	     -0.230
  5595.104 	     -0.302
  5596.029 	     -0.303
  5596.953 	     -0.269
  5597.878 	     -0.223
  5598.803 	     -0.173
  5599.728 	     -0.184
  5600.654 	     -0.227
  5601.579 	     -0.224
  5602.505 	     -0.228
  5603.431 	     -0.235
  5604.356 	     -0.206
  5605.283 	     -0.185
  5606.209 	     -0.137
  5607.135 	     -0.113
  5608.062 	     -0.138
  5608.988 	     -0.165
  5609.915 	     -0.174
  5610.842 	     -0.167
  5611.769 	     -0.190
  5612.697 	     -0.223
  5613.624 	     -0.225
  5614.552 	     -0.218
  5615.479 	     -0.228
  5616.407 	     -0.250
  5617.335 	     -0.258
  5618.264 	     -0.237
  5619.192 	     -0.253
  5620.121 	     -0.275
  5621.049 	     -0.256
  5621.978 	     -0.232
  5622.907 	     -0.220
  5623.836 	     -0.222
  5624.765 	     -0.210
  5625.695 	     -0.190
  5626.625 	     -0.221
  5627.554 	     -0.256
  5628.484 	     -0.280
  5629.414 	     -0.301
  5630.344 	     -0.285
  5631.275 	     -0.245
  5632.205 	     -0.242
  5633.136 	     -0.262
  5634.067 	     -0.276
  5634.998 	     -0.274
  5635.929 	     -0.241
  5636.860 	     -0.251
  5637.792 	     -0.282
  5638.723 	     -0.267
  5639.655 	     -0.254
  5640.587 	     -0.268
  5641.519 	     -0.256
  5642.451 	     -0.250
  5643.384 	     -0.296
  5644.316 	     -0.259
  5645.249 	     -0.220
  5646.182 	     -0.242
  5647.115 	     -0.218
  5648.048 	     -0.209
  5648.981 	     -0.233
  5649.915 	     -0.292
  5650.848 	     -0.335
  5651.782 	     -0.351
  5652.716 	     -0.351
  5653.650 	     -0.344
  5654.584 	     -0.475
  5655.518 	     -0.454
  5656.453 	     -0.262
  5657.388 	     -0.250
  5658.322 	     -0.286
  5659.257 	     -0.340
  5660.193 	     -0.320
  5661.128 	     -0.254
  5662.063 	     -0.259
  5662.999 	     -0.329
  5663.935 	     -0.308
  5664.871 	     -0.293
  5665.807 	     -0.347
  5666.743 	     -0.334
  5667.679 	     -0.318
  5668.616 	     -0.284
  5669.553 	     -0.265
  5670.489 	     -0.290
  5671.426 	     -0.282
  5672.364 	     -0.286
  5673.301 	     -0.244
  5674.238 	     -0.264
  5675.176 	     -0.316
  5676.114 	     -0.289
  5677.052 	     -0.276
  5677.990 	     -0.289
  5678.928 	     -0.282
  5679.866 	     -0.264
  5680.805 	     -0.272
  5681.744 	     -0.285
  5682.683 	     -0.263
  5683.622 	     -0.227
  5684.561 	     -0.215
  5685.500 	     -0.225
  5686.440 	     -0.266
  5687.379 	     -0.264
  5688.319 	     -0.213
  5689.259 	     -0.186
  5690.199 	     -0.171
  5691.139 	     -0.191
  5692.080 	     -0.219
  5693.020 	     -0.242
  5693.961 	     -0.254
  5694.902 	     -0.279
  5695.843 	     -0.279
  5696.784 	     -0.263
  5697.725 	     -0.256
  5698.667 	     -0.269
  5699.609 	     -0.277
  5700.550 	     -0.241
  5701.492 	     -0.256
  5702.435 	     -0.275
  5703.377 	     -0.336
  5704.319 	     -0.337
  5705.262 	     -0.331
  5706.205 	     -0.324
  5707.147 	     -0.288
  5708.091 	     -0.312
  5709.034 	     -0.375
  5709.977 	     -0.325
  5710.921 	     -0.325
  5711.864 	     -0.334
  5712.808 	     -0.305
  5713.752 	     -0.277
  5714.696 	     -0.272
  5715.641 	     -0.266
  5716.585 	     -0.259
  5717.530 	     -0.254
  5718.475 	     -0.238
  5719.419 	     -0.237
  5720.365 	     -0.264
  5721.310 	     -0.303
  5722.255 	     -0.317
  5723.201 	     -0.306
  5724.146 	     -0.302
  5725.092 	     -0.288
  5726.038 	     -0.267
  5726.985 	     -0.252
  5727.931 	     -0.272
  5728.877 	     -0.235
  5729.824 	     -0.239
  5730.771 	     -0.303
  5731.718 	     -0.254
  5732.665 	     -0.326
  5733.612 	     -0.252
  5734.560 	     -0.229
  5735.507 	     -0.286
  5736.455 	     -0.266
  5737.403 	     -0.214
  5738.351 	     -0.295
  5739.299 	     -0.301
  5740.247 	     -0.206
  5741.196 	     -0.337
  5742.145 	     -0.260
  5743.094 	     -0.305
  5744.043 	     -0.274
  5744.992 	     -0.261
  5745.941 	     -0.308
  5746.890 	     -0.263
  5747.840 	     -0.221
  5748.790 	     -0.223
  5749.740 	     -0.262
  5750.690 	     -0.289
  5751.640 	     -0.341
  5752.591 	     -0.336
  5753.541 	     -0.305
  5754.492 	     -0.283
  5755.443 	     -0.320
  5756.394 	     -0.298
  5757.345 	     -0.187
  5758.296 	     -0.217
  5759.248 	     -0.300
  5760.200 	     -0.331
  5761.151 	     -0.214
  5762.103 	     -0.261
  5763.055 	     -0.237
  5764.008 	     -0.291
  5764.960 	     -0.292
  5765.913 	     -0.291
  5766.866 	     -0.227
  5767.819 	     -0.202
  5768.772 	     -0.226
  5769.725 	     -0.149
  5770.678 	     -0.201
  5771.632 	     -0.226
  5772.586 	     -0.249
  5773.539 	     -0.298
  5774.493 	     -0.292
  5775.448 	     -0.306
  5776.402 	     -0.305
  5777.357 	     -0.287
  5778.311 	     -0.265
  5779.266 	     -0.224
  5780.221 	     -0.251
  5781.176 	     -0.242
  5782.131 	     -0.297
  5783.087 	     -0.351
  5784.042 	     -0.266
  5784.998 	     -0.280
  5785.954 	     -0.286
  5786.910 	     -0.261
  5787.866 	     -0.242
  5788.823 	     -0.200
  5789.779 	     -0.243
  5790.736 	     -0.267
  5791.693 	     -0.187
  5792.650 	     -0.208
  5793.607 	     -0.212
  5794.565 	     -0.223
  5795.522 	     -0.225
  5796.480 	     -0.229
  5797.438 	     -0.218
  5798.396 	     -0.173
  5799.354 	     -0.286
  5800.312 	     -0.256
  5801.270 	     -0.244
  5802.229 	     -0.252
  5803.188 	     -0.194
  5804.147 	     -0.186
  5805.106 	     -0.206
  5806.065 	     -0.186
  5807.024 	     -0.239
  5807.984 	     -0.224
  5808.944 	     -0.215
  5809.904 	     -0.140
  5810.864 	     -0.185
  5811.824 	     -0.221
  5812.784 	     -0.146
  5813.745 	     -0.131
  5814.705 	     -0.180
  5815.666 	     -0.127
  5816.627 	     -0.126
  5817.588 	     -0.183
  5818.550 	     -0.162
  5819.511 	     -0.217
  5820.473 	     -0.188
  5821.435 	     -0.152
  5822.397 	     -0.158
  5823.359 	     -0.204
  5824.321 	     -0.204
  5825.283 	     -0.199
  5826.246 	     -0.185
  5827.209 	     -0.202
  5828.172 	     -0.221
  5829.135 	     -0.195
  5830.098 	     -0.192
  5831.061 	     -0.165
  5832.025 	     -0.182
  5832.988 	     -0.137
  5833.952 	     -0.146
  5834.916 	     -0.180
  5835.880 	     -0.192
  5836.845 	     -0.181
  5837.809 	     -0.221
  5838.774 	     -0.193
  5839.739 	     -0.137
  5840.704 	     -0.202
  5841.669 	     -0.222
  5842.634 	     -0.196
  5843.600 	     -0.185
  5844.565 	     -0.106
  5845.531 	     -0.051
  5846.497 	     -0.114
  5847.463 	     -0.197
  5848.429 	     -0.202
  5849.396 	     -0.218
  5850.362 	     -0.150
  5851.329 	     -0.173
  5852.296 	     -0.203
  5853.263 	     -0.210
  5854.230 	     -0.187
  5855.197 	     -0.157
  5856.165 	     -0.164
  5857.133 	     -0.084
  5858.100 	     -0.093
  5859.068 	     -0.130
  5860.037 	     -0.142
  5861.005 	     -0.175
  5861.973 	     -0.176
  5862.942 	     -0.116
  5863.911 	     -0.029
  5864.880 	      0.021
  5865.849 	      0.080
  5866.818 	      0.130
  5867.788 	      0.137
  5868.757 	      0.135
  5869.727 	      0.144
  5870.697 	      0.141
  5871.667 	      0.058
  5872.637 	     -0.083
  5873.608 	     -0.129
  5874.578 	     -0.097
  5875.549 	     -0.116
  5876.520 	     -0.074
  5877.491 	     -0.097
  5878.462 	     -0.143
  5879.434 	     -0.170
  5880.405 	     -0.104
  5881.377 	     -0.071
  5882.349 	     -0.084
  5883.321 	     -0.073
  5884.293 	     -0.079
  5903.770 	     -0.089
  5904.746 	      0.010
  5905.721 	      0.021
  5906.697 	      0.003
  5907.673 	     -0.025
  5908.649 	     -0.055
  5909.626 	     -0.077
  5910.602 	     -0.095
  5911.579 	     -0.058
  5912.556 	     -0.064
  5913.533 	     -0.020
  5914.510 	      0.122
  5915.487 	      0.186
  5916.465 	      0.176
  5917.442 	      0.193
  5918.420 	      0.170
  5919.398 	      0.037
  5920.376 	     -0.031
  5921.355 	     -0.019
  5922.333 	     -0.010
  5923.312 	      0.066
  5924.290 	      0.085
  5925.269 	      0.072
  5926.248 	      0.052
  5927.228 	      0.027
  5928.207 	      0.018
  5929.187 	     -0.055
  5930.166 	     -0.050
  5931.146 	      0.068
  5932.126 	      0.129
  5933.107 	      0.180
  5934.087 	      0.266
  5935.068 	      0.325
  5936.048 	      0.314
  5937.029 	      0.165
  5938.010 	      0.081
  5938.992 	     -0.017
  5939.973 	     -0.092
  5940.954 	     -0.105
  5941.936 	     -0.085
  5942.918 	     -0.094
  5943.900 	     -0.050
  5944.882 	     -0.002
  5945.865 	     -0.001
  5946.847 	      0.009
  5947.830 	      0.030
  5948.813 	     -0.001
  5949.796 	     -0.007
  5950.779 	     -0.083
  5951.762 	     -0.021
  5952.745 	      0.047
  5953.729 	      0.069
  5954.713 	      0.032
  5955.697 	      0.069
  5956.681 	      0.047
  5957.665 	     -0.043
  5958.650 	     -0.148
  5959.634 	     -0.151
  5960.619 	     -0.173
  5961.604 	     -0.169
  5962.589 	     -0.126
  5963.574 	     -0.081
  5964.560 	     -0.090
  5965.546 	      0.003
  5966.531 	     -0.167
  5967.517 	     -0.159
  5968.503 	     -0.364
  5969.490 	     -0.403
  5970.476 	     -0.091
  5971.463 	     -0.055
  5972.449 	     -0.052
  5973.436 	     -0.061
  5974.423 	     -0.017
  5975.410 	     -0.045
  5976.398 	     -0.044
  5977.385 	      0.003
  5978.373 	      0.059
  5979.361 	      0.032
  5980.349 	      0.011
  5981.337 	     -0.015
  5982.326 	     -0.094
  5983.314 	     -0.075
  5984.303 	     -0.089
  5985.292 	     -0.099
  5986.281 	     -0.078
  5987.270 	     -0.091
  5988.259 	     -0.101
  5989.249 	     -0.064
  5990.238 	     -0.135
  5991.228 	     -0.092
  5992.218 	     -0.068
  5993.208 	     -0.112
  5994.199 	     -0.038
  5995.189 	     -0.074
  5996.180 	     -0.035
  5997.171 	     -0.033
  5998.162 	     -0.031
  5999.153 	     -0.064
  6000.144 	     -0.071
  6001.136 	     -0.078
  6002.127 	     -0.103
  6003.119 	     -0.037
  6004.111 	     -0.003
  6005.103 	     -0.003
  6006.095 	     -0.074
  6007.088 	     -0.024
  6008.081 	     -0.079
  6009.073 	     -0.162
  6010.066 	     -0.144
  6011.059 	     -0.121
  6012.053 	     -0.130
  6013.046 	     -0.104
  6014.040 	     -0.114
  6015.033 	     -0.128
  6016.027 	     -0.138
  6017.022 	     -0.139
  6018.016 	     -0.121
  6019.010 	     -0.154
  6020.005 	     -0.193
  6021.000 	     -0.186
  6021.994 	     -0.159
  6022.990 	     -0.178
  6023.985 	     -0.186
  6024.980 	     -0.168
  6025.976 	     -0.100
  6026.972 	     -0.120
  6027.967 	     -0.149
  6028.964 	     -0.128
  6029.960 	     -0.112
  6030.956 	     -0.068
  6031.953 	     -0.059
  6032.949 	     -0.063
  6033.946 	     -0.130
  6034.943 	     -0.147
  6035.941 	     -0.136
  6036.938 	     -0.162
  6037.936 	     -0.139
  6038.933 	     -0.096
  6039.931 	     -0.098
  6040.929 	     -0.163
  6041.927 	     -0.180
  6042.926 	     -0.130
  6043.924 	     -0.114
  6044.923 	     -0.086
  6045.922 	     -0.092
  6046.921 	     -0.163
  6047.920 	     -0.167
  6048.920 	     -0.176
  6049.919 	     -0.212
  6050.919 	     -0.150
  6051.919 	     -0.123
  6052.919 	     -0.139
  6053.919 	     -0.113
  6054.919 	     -0.122
  6055.920 	     -0.153
  6056.920 	     -0.171
  6057.921 	     -0.144
  6058.922 	     -0.139
  6059.924 	     -0.168
  6060.925 	     -0.162
  6061.926 	     -0.157
  6062.928 	     -0.124
  6063.930 	     -0.145
  6064.932 	     -0.185
  6065.934 	     -0.114
  6066.937 	     -0.105
  6067.939 	     -0.094
  6068.942 	     -0.095
  6069.945 	     -0.099
  6070.948 	     -0.117
  6071.951 	     -0.155
  6072.954 	     -0.124
  6073.958 	     -0.158
  6074.961 	     -0.123
  6075.965 	     -0.082
  6076.969 	     -0.106
  6077.973 	     -0.125
  6078.978 	     -0.114
  6079.982 	     -0.112
  6080.987 	     -0.138
  6081.992 	     -0.124
  6082.997 	     -0.104
  6084.002 	     -0.104
  6085.007 	     -0.114
  6086.013 	     -0.140
  6087.018 	     -0.108
  6088.024 	     -0.134
  6089.030 	     -0.156
  6090.036 	     -0.120
  6091.043 	     -0.124
  6092.049 	     -0.079
  6093.056 	     -0.075
  6094.063 	     -0.124
  6095.070 	     -0.076
  6096.077 	      0.008
  6097.084 	     -0.075
  6098.092 	     -0.069
  6099.099 	     -0.087
  6100.107 	      0.003
  6101.115 	     -0.055
  6102.123 	     -0.037
  6103.132 	     -0.062
  6104.140 	     -0.059
  6105.149 	     -0.084
  6106.157 	      0.016
  6107.166 	     -0.044
  6108.176 	      0.007
  6109.185 	     -0.109
  6110.194 	     -0.054
  6111.204 	     -0.011
  6112.214 	     -0.122
  6113.224 	     -0.123
  6114.234 	     -0.077
  6115.244 	     -0.102
  6116.255 	     -0.002
  6117.266 	     -0.002
  6118.276 	     -0.101
  6119.287 	     -0.006
  6120.299 	     -0.049
  6121.310 	     -0.065
  6122.321 	     -0.027
  6123.333 	     -0.043
  6124.345 	     -0.098
  6125.357 	     -0.061
  6126.369 	     -0.033
  6127.381 	     -0.004
  6128.394 	     -0.087
  6129.407 	     -0.055
  6130.419 	      0.035
  6131.432 	      0.039
  6132.446 	     -0.034
  6133.459 	     -0.018
  6134.472 	     -0.019
  6135.486 	      0.016
  6136.500 	      0.002
  6137.514 	     -0.046
  6138.528 	      0.054
  6139.542 	      0.058
  6140.557 	      0.053
  6141.572 	      0.066
  6142.586 	      0.063
  6143.601 	      0.118
  6144.617 	      0.147
  6145.632 	      0.086
  6146.648 	      0.035
  6147.663 	      0.017
  6148.679 	      0.025
  6149.695 	      0.032
  6150.711 	      0.057
  6151.728 	      0.063
  6152.744 	      0.040
  6153.761 	      0.026
  6154.778 	      0.028
  6155.795 	      0.026
  6156.812 	      0.025
  6157.829 	      0.025
  6158.847 	      0.027
  6159.865 	      0.030
  6160.882 	      0.031
  6161.900 	      0.031
  6162.919 	      0.033
  6163.937 	      0.041
  6164.956 	      0.055
  6165.974 	      0.066
  6166.993 	      0.067
  6168.012 	      0.060
  6169.031 	      0.053
  6170.051 	      0.054
  6171.070 	      0.059
  6172.090 	      0.062
  6173.110 	      0.063
  6174.130 	      0.063
  6175.150 	      0.063
  6176.171 	      0.064
  6177.191 	      0.065
  6178.212 	      0.067
  6179.233 	      0.070
  6180.254 	      0.094
  6181.275 	      0.113
  6182.296 	      0.067
  6183.318 	      0.041
  6184.340 	      0.023
  6185.362 	      0.005
  6186.384 	      0.058
  6187.406 	      0.049
  6188.428 	      0.049
  6189.451 	      0.065
  6190.474 	      0.054
  6191.497 	      0.058
  6192.520 	      0.053
  6193.543 	      0.062
  6194.567 	      0.039
  6195.590 	      0.042
  6196.614 	      0.031
  6197.638 	      0.021
  6198.662 	      0.072
  6199.686 	      0.065
  6200.711 	      0.079
  6201.735 	      0.192
  6202.760 	      0.205
  6203.785 	      0.195
  6204.810 	      0.188
  6205.835 	      0.166
  6206.861 	      0.165
  6207.887 	      0.106
  6208.912 	      0.119
  6209.938 	      0.048
  6210.964 	      0.071
  6211.991 	      0.128
  6213.017 	      0.098
  6214.044 	      0.041
  6215.071 	      0.091
  6216.098 	      0.056
  6217.125 	      0.057
  6218.152 	     -0.000
  6354.211 	     -0.042
  6355.261 	      0.136
  6356.311 	      0.264
  6357.361 	      0.341
  6358.412 	      0.452
  6359.462 	      0.408
  6360.513 	      0.307
  6361.564 	      0.576
  6362.615 	      2.184
  6363.667 	      3.578
  6364.718 	      3.957
  6365.770 	      3.995
  6366.822 	      3.578
  6367.874 	      1.994
  6368.926 	      0.415
  6369.979 	      0.084
  6371.031 	      0.048
  6372.084 	      0.060
  6373.137 	      0.095
  6374.190 	      0.049
  6375.243 	     -0.002
  6376.297 	      0.018
  6377.350 	      0.009
  6378.404 	      0.074
  6379.458 	      0.060
  6380.512 	     -0.024
  6381.567 	      0.020
  6382.621 	      0.132
  6383.676 	      0.141
  6384.731 	      0.076
  6385.786 	      0.147
  6386.841 	      0.194
  6387.896 	      0.188
  6388.952 	      0.228
  6390.008 	      0.133
  6391.063 	      0.034
  6392.120 	      0.032
  6393.176 	      0.003
  6394.232 	     -0.019
  6395.289 	      0.024
  6396.346 	      0.014
  6397.403 	      0.031
  6398.460 	      0.033
  6399.517 	      0.002
  6400.574 	     -0.046
  6401.632 	      0.050
  6402.690 	      0.057
  6403.748 	      0.033
  6404.806 	      0.037
  6405.864 	      0.038
  6406.923 	      0.036
  6407.982 	     -0.011
  6409.040 	     -0.045
  6410.099 	     -0.001
  6411.159 	     -0.032
  6412.218 	      0.031
  6413.278 	      0.056
  6414.337 	      0.013
  6415.397 	      0.021
  6416.457 	      0.008
  6417.518 	      0.020
  6418.578 	      0.032
  6419.639 	      0.038
  6420.700 	      0.075
  6421.760 	      0.092
  6422.822 	      0.063
  6423.883 	      0.056
  6424.944 	      0.025
  6426.006 	     -0.028
  6427.068 	      0.019
  6428.130 	      0.070
  6429.192 	      0.045
  6430.255 	     -0.001
  6431.317 	     -0.008
  6432.380 	      0.039
  6433.443 	      0.017
  6434.506 	     -0.025
  6435.569 	     -0.038
  6436.632 	      0.052
  6437.696 	      0.064
  6438.760 	     -0.008
  6439.824 	     -0.011
  6440.888 	     -0.004
  6441.952 	     -0.013
  6443.017 	      0.029
  6444.081 	      0.016
  6445.146 	     -0.003
  6446.211 	     -0.001
  6447.276 	     -0.019
  6448.342 	      0.035
  6449.407 	      0.043
  6450.473 	      0.044
  6451.539 	      0.079
  6452.605 	      0.054
  6453.671 	      0.063
  6454.738 	     -0.000
  6455.804 	     -0.025
  6456.871 	      0.031
  6457.938 	      0.053
  6459.005 	      0.081
  6460.072 	      0.031
  6461.140 	      0.061
  6462.207 	      0.130
  6463.275 	      0.365
  6464.343 	      0.340
  6610.156 	      0.041
  6611.248 	      0.046
  6612.341 	      0.201
  6613.433 	      0.450
  6614.526 	      0.692
  6615.619 	      0.789
  6616.712 	      0.670
  6617.806 	      0.436
  6618.899 	      0.214
  6619.993 	      0.088
  6621.087 	      0.041
  6622.181 	      0.087
  6623.275 	      0.079
  6624.370 	      0.113
  6625.464 	      0.283
  6626.559 	      0.659
  6627.654 	      1.451
  6628.749 	      3.011
  6629.844 	      4.220
  6630.940 	      4.134
  6632.036 	      3.296
  6633.132 	      2.018
  6634.228 	      0.891
  6635.324 	      0.325
  6636.420 	      0.173
  6637.517 	      0.140
  6638.614 	      0.074
  6639.711 	      0.035
  6640.808 	      0.046
  6641.905 	      0.045
  6643.003 	      0.005
  6644.100 	     -0.036
  6645.198 	      0.025
  6646.296 	      0.099
  6647.395 	      0.245
  6648.493 	      0.696
  6649.592 	      1.423
  6650.691 	      2.009
  6651.789 	      2.223
  6652.889 	      1.793
  6653.988 	      1.121
  6655.087 	      0.440
  6656.187 	      0.142
  6657.287 	      0.077
  6658.387 	     -0.046
  6659.487 	     -0.058
  6660.588 	     -0.001
  6661.688 	      0.039
  6662.789 	     -0.010
  6663.890 	      0.009
  6664.991 	     -0.044
  6666.093 	     -0.073
  6667.194 	     -0.060
  6668.296 	     -0.016
  6669.398 	     -0.025
  6670.500 	     -0.058
  6671.602 	     -0.069
  6672.705 	     -0.101
  6673.807 	     -0.077
  6674.910 	     -0.016
  6676.013 	     -0.047
  6677.116 	     -0.070
  6678.219 	     -0.043
  6679.323 	     -0.022
  6680.427 	     -0.095
  6681.530 	     -0.111
  6682.635 	     -0.069
  6683.739 	     -0.022
  6684.843 	     -0.024
  6685.948 	     -0.074
  6687.053 	     -0.139
  6688.158 	     -0.149
  6689.263 	     -0.098
  6690.368 	     -0.056
  6691.474 	     -0.104
  6692.579 	     -0.091
  6693.685 	     -0.096
  6694.791 	     -0.125
  6695.898 	     -0.080
  6697.004 	     -0.069
  6698.111 	     -0.045
  6699.217 	     -0.042
  6700.324 	     -0.047
  6701.432 	     -0.065
  6702.539 	     -0.070
  6703.647 	     -0.039
  6704.754 	     -0.050
  6705.862 	     -0.102
  6706.970 	     -0.065
  6708.079 	     -0.118
  6709.187 	     -0.149
  6710.296 	     -0.192
  6711.404 	     -0.122
  6712.513 	     -0.101
  6713.623 	     -0.134
  6714.732 	     -0.117
  6715.842 	     -0.105
  6716.951 	     -0.110
  6718.061 	     -0.114
  6719.171 	     -0.125
  6720.282 	     -0.079
  6721.392 	     -0.109
  6722.503 	     -0.095
  6723.614 	     -0.079
  6724.725 	     -0.134
  6725.836 	     -0.112
  6726.947 	     -0.132
  6728.059 	     -0.152
  6729.171 	     -0.069
  6730.283 	     -0.082
  6731.395 	     -0.128
  6732.507 	     -0.150
  6733.619 	     -0.085
  6734.732 	     -0.121
  6735.845 	     -0.153
  6736.958 	     -0.148
  6738.071 	     -0.159
  6739.185 	     -0.148
  6740.298 	     -0.136
  6741.412 	     -0.104
  6742.526 	     -0.107
  6743.640 	     -0.175
  6744.754 	     -0.147
  6745.869 	     -0.048
  6746.984 	     -0.020
  6748.099 	     -0.050
  6749.214 	     -0.100
  6750.329 	     -0.137
  6751.444 	     -0.127
  6752.560 	     -0.142
  6753.676 	     -0.174
  6754.792 	     -0.197
  6755.908 	     -0.207
  6757.024 	     -0.179
  6758.141 	     -0.187
  6759.258 	     -0.180
  6760.374 	     -0.122
  6761.492 	     -0.113
  6762.609 	     -0.125
  6763.726 	     -0.138
  6764.844 	     -0.134
  6765.962 	     -0.145
  6767.080 	     -0.176
  6768.198 	     -0.191
  6769.316 	     -0.170
  6770.435 	     -0.110
  6771.554 	     -0.192
  6772.673 	     -0.185
  6773.792 	     -0.198
  6774.911 	     -0.171
  6776.031 	     -0.162
  6777.150 	     -0.193
  6778.270 	     -0.158
  6779.390 	     -0.138
  6780.510 	     -0.097
  6781.631 	      0.001
  6782.752 	      0.099
  6783.872 	      0.342
  6784.993 	      0.479
  6786.114 	      0.558
  6787.236 	      0.459
  6788.357 	      0.223
  6789.479 	     -0.079
  6790.601 	     -0.152
  6791.723 	     -0.212
  6792.845 	     -0.172
  6793.968 	     -0.102
  6795.090 	     -0.123
  6796.213 	     -0.149
  6797.336 	     -0.046
  6798.459 	      0.188
  6799.583 	      0.370
  6800.706 	      0.344
  6801.830 	      0.211
  6802.954 	      0.056
  6804.078 	     -0.045
  6805.203 	     -0.129
  6806.327 	     -0.220
  6807.452 	     -0.220
  6808.577 	     -0.197
  6809.702 	     -0.184
  6810.827 	     -0.177
  6811.952 	     -0.195
  6813.078 	     -0.199
  6814.204 	     -0.191
  6815.330 	     -0.213
  6816.456 	     -0.199
  6817.582 	     -0.178
  6818.709 	     -0.131
  6819.836 	     -0.196
  6820.963 	     -0.203
  6822.090 	     -0.180
  6823.217 	     -0.209
  6869.597 	     -0.347
  6870.732 	     -0.319
  6871.867 	     -0.334
  6873.003 	     -0.345
  6874.139 	     -0.345
  6875.274 	     -0.420
  6876.411 	     -0.445
  6877.547 	     -0.433
  6878.683 	     -0.384
  6879.820 	     -0.247
  6880.957 	     -0.132
  6882.094 	     -0.106
  6883.231 	     -0.096
  6884.368 	     -0.073
  6885.506 	     -0.235
  6886.644 	     -0.283
  6887.782 	     -0.187
  6888.920 	     -0.085
  6890.058 	     -0.128
  6891.197 	     -0.093
  6892.335 	     -0.075
  6893.474 	     -0.202
  6894.613 	     -0.310
  6895.753 	     -0.257
  6896.892 	     -0.206
  6898.032 	     -0.242
  6899.172 	     -0.253
  6900.312 	     -0.083
  6901.452 	     -0.008
  6902.592 	     -0.023
  6903.733 	     -0.080
  6904.874 	     -0.183
  6906.015 	     -0.223
  6907.156 	     -0.267
  6908.297 	     -0.312
  6909.439 	     -0.280
  6910.580 	     -0.165
  6911.722 	      0.049
  6912.864 	      0.171
  6914.007 	      0.196
  6915.149 	      0.145
  6916.292 	     -0.060
  6917.435 	     -0.212
  6918.578 	     -0.192
  6919.721 	     -0.194
  6920.865 	     -0.093
  6922.008 	      0.266
  6923.152 	      0.518
  6924.296 	      0.551
  6925.440 	      0.530
  6926.584 	      0.337
  6927.729 	     -0.091
  6928.874 	     -0.181
  6930.019 	     -0.202
  6931.164 	     -0.201
  6932.309 	     -0.248
  6933.455 	     -0.253
  6934.600 	     -0.216
  6935.746 	     -0.205
  6936.892 	     -0.181
  6938.039 	      0.019
  6939.185 	      0.162
  6940.332 	      0.137
  6941.479 	      0.169
  6942.626 	      0.084
  6943.773 	     -0.171
  6944.920 	     -0.218
  6946.068 	     -0.167
  6947.216 	      0.163
  6948.364 	      0.581
  6949.512 	      0.719
  6950.660 	      0.669
  6951.809 	      0.593
  6952.957 	      0.243
  6954.106 	     -0.055
  6955.255 	     -0.163
  6956.405 	     -0.217
  6957.554 	     -0.208
  6958.704 	     -0.212
  6959.854 	     -0.221
  6961.004 	     -0.186
  6962.154 	     -0.177
  6963.304 	     -0.200
  6964.455 	     -0.185
  6965.606 	     -0.209
  6966.757 	     -0.197
  6967.908 	     -0.141
  6969.059 	      0.001
  6970.211 	      0.134
  6971.363 	      0.107
  6972.515 	     -0.019
  6973.667 	     -0.173
  6974.819 	     -0.230
  6975.972 	     -0.131
  6977.125 	      0.144
  6978.277 	      0.299
  6979.431 	      0.326
  6980.584 	      0.299
  6981.737 	      0.121
  6982.891 	     -0.180
  6984.045 	     -0.206
  6985.199 	     -0.204
  6986.353 	     -0.228
  6987.508 	     -0.226
  6988.662 	     -0.259
  6989.817 	     -0.203
  6990.972 	     -0.183
  6992.127 	     -0.280
  6993.283 	     -0.315
  6994.438 	     -0.238
  6995.594 	     -0.181
  6996.750 	     -0.183
  6997.906 	     -0.193
  6999.063 	     -0.183
  7000.219 	     -0.226
  7001.376 	     -0.218
  7002.533 	     -0.119
  7003.690 	     -0.075
  7004.847 	     -0.097
  7006.005 	     -0.129
  7007.162 	     -0.202
  7008.320 	     -0.247
  7009.478 	     -0.186
  7010.636 	     -0.004
  7011.795 	      0.038
  7012.954 	      0.063
  7014.112 	      0.064
  7015.271 	     -0.145
  7016.431 	     -0.220
  7017.590 	     -0.251
  7018.750 	     -0.304
  7019.909 	     -0.267
  7021.069 	     -0.220
  7022.230 	     -0.214
  7023.390 	     -0.245
  7024.551 	     -0.340
  7025.711 	     -0.374
  7026.872 	     -0.272
  7028.033 	      0.018
  7029.195 	      0.195
  7030.356 	     -0.067
  7031.518 	     -0.245
  7032.680 	     -0.286
  7033.842 	     -0.286
  7035.004 	     -0.267
  7036.167 	     -0.275
  7037.329 	     -0.248
  7038.492 	     -0.242
  7039.655 	     -0.239
  7040.819 	     -0.248
  7041.982 	     -0.184
  7043.146 	     -0.157
  7044.309 	     -0.207
  7045.473 	     -0.209
  7046.638 	     -0.139
  7047.802 	     -0.123
  7048.967 	     -0.098
  7050.131 	     -0.073
  7051.296 	     -0.132
  7052.462 	     -0.180
  7053.627 	     -0.183
  7054.792 	     -0.195
  7055.958 	     -0.220
  7057.124 	     -0.226
  7058.290 	     -0.254
  7059.457 	     -0.293
  7060.623 	     -0.249
  7061.790 	     -0.217
  7062.957 	     -0.230
  7064.124 	     -0.232
  7065.291 	     -0.220
  7066.459 	     -0.196
  7067.626 	     -0.209
  7068.794 	     -0.271
  7069.962 	     -0.251
  7071.130 	     -0.251
  7072.299 	     -0.308
  7073.468 	     -0.298
  7074.636 	     -0.259
  7075.805 	     -0.233
  7076.975 	     -0.237
  7078.144 	     -0.233
  7079.314 	     -0.250
  7080.483 	     -0.262
  7081.653 	     -0.254
  7082.824 	     -0.225
  7083.994 	     -0.261
  7085.165 	     -0.248
  7086.335 	     -0.239
  7087.506 	     -0.230
  7088.677 	     -0.174
  7089.849 	     -0.179
  7091.020 	     -0.218
  7092.192 	     -0.231
  7093.364 	     -0.278
  7094.536 	     -0.289
  7095.708 	     -0.286
  7096.881 	     -0.283
  7098.054 	     -0.272
  7099.227 	     -0.206
  7100.400 	     -0.210
  7101.573 	     -0.291
  7102.746 	     -0.307
  7103.920 	     -0.284
  7105.094 	     -0.304
  7106.268 	     -0.327
  7107.442 	     -0.311
  7108.617 	     -0.242
  7109.791 	     -0.207
  7110.966 	     -0.207
  7112.141 	     -0.246
  7113.316 	     -0.250
  7114.492 	     -0.278
  7115.667 	     -0.266
  7116.843 	     -0.295
  7118.019 	     -0.293
