WV      	 Sigma   
4176.646	    0.155
4177.397	    0.150
4178.147	    0.146
4178.898	    0.140
4179.649	    0.130
4180.400	    0.119
4181.151	    0.107
4181.902	    0.094
4182.653	    0.076
4183.405	    0.067
4184.157	    0.058
4184.908	    0.044
4185.660	    0.041
4186.412	    0.064
4187.164	    0.088
4187.917	    0.117
4188.669	    0.113
4189.422	    0.090
4190.174	    0.041
4190.927	    0.088
4191.680	    0.116
4192.433	    0.035
4193.186	    0.112
4193.940	    0.147
4194.693	    0.056
4195.447	    0.061
4196.201	    0.045
4196.955	    0.112
4197.709	    0.141
4198.463	    0.158
4199.217	    0.163
4199.972	    0.136
4200.726	    0.075
4201.481	    0.042
4202.236	    0.087
4202.991	    0.074
4203.746	    0.135
4204.501	    0.132
4205.257	    0.108
4206.012	    0.034
4206.768	    0.118
4207.524	    0.094
4208.280	    0.056
4209.036	    0.069
4209.792	    0.038
4210.548	    0.072
4211.305	    0.087
4212.061	    0.087
4212.818	    0.058
4213.575	    0.082
4214.332	    0.108
4215.089	    0.025
4215.846	    0.101
4216.604	    0.111
4217.361	    0.117
4218.119	    0.126
4218.877	    0.075
4219.635	    0.112
4220.393	    0.120
4221.151	    0.032
4221.910	    0.083
4222.668	    0.063
4223.427	    0.055
4224.186	    0.086
4224.945	    0.101
4225.704	    0.029
4226.463	    0.070
4227.222	    0.057
4227.982	    0.118
4228.741	    0.097
4229.501	    0.038
4230.261	    0.100
4231.021	    0.092
4231.781	    0.109
4232.542	    0.110
4233.302	    0.094
4234.063	    0.023
4234.823	    0.063
4235.584	    0.094
4236.345	    0.118
4237.106	    0.051
4237.868	    0.055
4238.629	    0.091
4239.390	    0.114
4240.152	    0.091
4240.914	    0.045
4241.676	    0.086
4242.438	    0.088
4243.200	    0.102
4243.963	    0.020
4244.725	    0.072
4245.488	    0.084
4246.250	    0.061
4247.013	    0.077
4247.776	    0.056
4248.540	    0.056
4249.303	    0.135
4250.066	    0.152
4250.830	    0.099
4251.594	    0.056
4252.357	    0.070
4253.121	    0.084
4253.886	    0.078
4254.650	    0.059
4255.414	    0.035
4256.179	    0.056
4256.944	    0.064
4257.708	    0.056
4258.473	    0.092
4259.238	    0.035
4260.004	    0.064
4260.769	    0.084
4261.535	    0.080
4262.300	    0.145
4263.066	    0.133
4263.832	    0.085
4264.598	    0.080
4265.364	    0.104
4266.130	    0.074
4266.897	    0.063
4267.664	    0.077
4268.430	    0.130
4269.197	    0.061
4269.964	    0.050
4270.731	    0.056
4271.499	    0.075
4272.266	    0.099
4273.034	    0.067
4273.801	    0.071
4274.569	    0.130
4275.337	    0.139
4276.105	    0.126
4276.874	    0.092
4277.642	    0.048
4278.411	    0.091
4279.179	    0.112
4279.948	    0.103
4280.717	    0.077
4281.486	    0.092
4282.255	    0.106
4283.025	    0.128
4283.794	    0.131
4284.564	    0.014
4285.334	    0.053
4286.104	    0.041
4286.874	    0.042
4287.644	    0.075
4288.414	    0.020
4289.185	    0.081
4289.955	    0.064
4290.726	    0.092
4291.497	    0.170
4292.268	    0.120
4293.039	    0.063
4293.811	    0.056
4294.582	    0.081
4295.354	    0.061
4296.125	    0.046
4296.897	    0.038
4297.669	    0.113
4298.441	    0.146
4299.214	    0.069
4299.986	    0.049
4300.759	    0.105
4301.531	    0.099
4302.304	    0.143
4303.077	    0.154
4303.850	    0.136
4304.623	    0.085
4305.397	    0.157
4306.170	    0.123
4306.944	    0.042
4307.718	    0.053
4308.492	    0.061
4309.266	    0.113
4310.040	    0.144
4310.814	    0.152
4311.589	    0.111
4312.364	    0.066
4313.138	    0.068
4313.913	    0.108
4314.688	    0.067
4315.464	    0.032
4316.239	    0.085
4317.014	    0.111
4317.790	    0.107
4318.566	    0.089
4319.342	    0.045
4320.118	    0.091
4320.894	    0.072
4321.670	    0.149
4322.447	    0.130
4323.223	    0.077
4324.000	    0.084
4324.777	    0.071
4325.554	    0.085
4326.331	    0.025
4327.108	    0.106
4327.886	    0.076
4328.663	    0.086
4329.441	    0.039
4330.219	    0.091
4330.997	    0.084
4331.775	    0.161
4332.553	    0.090
4333.332	    0.066
4334.110	    0.099
4334.889	    0.130
4335.668	    0.068
4336.447	    0.085
4337.226	    0.118
4338.005	    0.103
4338.784	    0.020
4339.564	    0.095
4340.344	    0.068
4341.123	    0.096
4341.903	    0.048
4342.683	    0.078
4343.464	    0.093
4344.244	    0.094
4345.024	    0.059
4345.805	    0.057
4346.586	    0.079
4347.367	    0.075
4348.148	    0.023
4348.929	    0.081
4349.710	    0.089
4350.492	    0.079
4351.274	    0.038
4352.055	    0.095
4352.837	    0.070
4353.619	    0.067
4354.402	    0.119
4355.184	    0.147
4355.966	    0.010
4356.749	    0.098
4357.532	    0.113
4358.315	    0.110
4359.098	    0.094
4359.881	    0.018
4360.664	    0.048
4361.448	    0.052
4362.231	    0.120
4363.015	    0.138
4363.799	    0.104
4364.583	    0.072
4365.367	    0.010
4366.151	    0.090
4366.936	    0.067
4367.720	    0.079
4368.505	    0.104
4369.290	    0.084
4370.075	    0.042
4370.860	    0.046
4371.645	    0.090
4372.431	    0.120
4373.216	    0.081
4374.002	    0.099
4374.788	    0.050
4375.574	    0.034
4376.360	    0.084
4377.146	    0.096
4377.933	    0.090
4378.719	    0.112
4379.506	    0.136
4380.293	    0.148
4381.080	    0.073
4381.867	    0.058
4382.654	    0.054
4383.442	    0.070
4384.229	    0.084
4385.017	    0.144
4385.805	    0.201
4386.593	    0.234
4387.381	    0.239
4388.169	    0.125
4388.958	    0.091
4389.746	    0.059
4390.535	    0.020
4391.324	    0.037
4392.113	    0.110
4392.902	    0.102
4393.691	    0.064
4394.480	    0.068
4395.270	    0.073
4396.059	    0.064
4396.849	    0.068
4397.639	    0.077
4398.429	    0.083
4399.220	    0.037
4400.010	    0.045
4400.801	    0.054
4401.591	    0.072
4402.382	    0.159
4403.173	    0.075
4403.964	    0.010
4404.755	    0.035
4405.547	    0.111
4406.338	    0.065
4407.130	    0.109
4407.922	    0.049
4408.714	    0.115
4409.506	    0.083
4410.298	    0.087
4411.090	    0.077
4411.883	    0.079
4412.675	    0.049
4413.468	    0.037
4414.261	    0.092
4415.054	    0.084
4415.848	    0.055
4416.641	    0.039
4417.434	    0.025
4418.228	    0.104
4419.022	    0.083
4419.816	    0.035
4420.610	    0.045
4421.404	    0.102
4422.199	    0.106
4422.993	    0.061
4423.788	    0.079
4424.583	    0.095
4425.377	    0.082
4426.173	    0.097
4426.968	    0.075
4427.763	    0.049
4428.559	    0.077
4429.354	    0.106
4430.150	    0.066
4430.946	    0.014
4431.742	    0.062
4432.538	    0.123
4433.335	    0.071
4434.131	    0.045
4434.928	    0.076
4435.725	    0.070
4436.522	    0.141
4437.319	    0.144
4438.116	    0.109
4438.913	    0.025
4439.711	    0.095
4440.509	    0.067
4441.306	    0.116
4442.104	    0.117
4442.902	    0.096
4443.701	    0.126
4444.499	    0.123
4445.298	    0.046
4446.096	    0.042
4446.895	    0.126
4447.694	    0.146
4448.493	    0.023
4449.292	    0.075
4450.092	    0.083
4450.891	    0.071
4451.691	    0.092
4452.491	    0.127
4453.291	    0.085
4454.091	    0.032
4454.891	    0.074
4455.691	    0.103
4456.492	    0.109
4457.293	    0.110
4458.093	    0.102
4458.894	    0.075
4459.695	    0.073
4460.497	    0.057
4461.298	    0.092
4462.100	    0.129
4462.901	    0.152
4463.703	    0.105
4464.505	    0.056
4465.307	    0.032
4466.109	    0.059
4466.912	    0.095
4467.714	    0.077
4468.517	    0.039
4469.320	    0.071
4470.123	    0.112
4470.926	    0.130
4471.729	    0.156
4472.533	    0.187
4473.336	    0.197
4474.140	    0.194
4474.944	    0.190
4475.748	    0.186
4476.552	    0.182
4477.356	    0.178
4478.161	    0.173
4478.965	    0.167
4479.770	    0.161
4480.575	    0.157
4481.380	    0.154
4482.185	    0.152
4482.990	    0.151
4483.796	    0.149
4484.601	    0.147
4485.407	    0.143
4486.213	    0.137
4487.019	    0.129
4487.825	    0.121
4488.631	    0.114
4489.438	    0.110
4490.244	    0.107
4491.051	    0.104
4491.858	    0.100
4492.665	    0.096
4493.472	    0.091
4494.280	    0.084
4495.087	    0.076
4495.895	    0.064
4496.702	    0.078
4497.510	    0.072
4498.318	    0.069
4499.127	    0.116
4499.935	    0.081
4500.743	    0.056
4501.552	    0.094
4502.361	    0.128
4503.170	    0.117
4503.979	    0.074
4504.788	    0.115
4505.597	    0.118
4506.407	    0.090
4507.216	    0.049
4508.026	    0.023
4508.836	    0.092
4509.646	    0.118
4510.456	    0.120
4511.267	    0.090
4512.077	    0.052
4512.888	    0.079
4513.699	    0.088
4514.510	    0.072
4515.321	    0.037
4516.132	    0.025
4516.943	    0.034
4517.755	    0.038
4518.567	    0.050
4519.379	    0.101
4520.191	    0.023
4521.003	    0.018
4521.815	    0.060
4522.627	    0.085
4523.440	    0.093
4524.253	    0.020
4525.065	    0.052
4525.878	    0.069
4526.692	    0.111
4527.505	    0.147
4528.318	    0.142
4529.132	    0.082
4529.946	    0.072
4530.759	    0.069
4531.573	    0.120
4532.388	    0.085
4533.202	    0.056
4534.016	    0.094
4534.831	    0.102
4535.646	    0.070
4536.461	    0.099
4537.276	    0.154
4538.091	    0.104
4538.906	    0.082
4539.722	    0.073
4540.537	    0.071
4541.353	    0.131
4542.169	    0.138
4542.985	    0.150
4543.801	    0.131
4544.618	    0.059
4545.434	    0.099
4546.251	    0.070
4547.068	    0.084
4547.885	    0.061
4548.702	    0.034
4549.519	    0.046
4550.336	    0.092
4551.154	    0.058
4551.972	    0.054
4552.789	    0.070
4553.607	    0.080
4554.425	    0.050
4555.244	    0.089
4556.062	    0.095
4556.881	    0.096
4557.699	    0.097
4558.518	    0.097
4559.337	    0.109
4560.156	    0.116
4560.976	    0.107
4561.795	    0.086
4562.615	    0.065
4563.435	    0.014
4564.254	    0.074
4565.074	    0.094
4565.895	    0.083
4566.715	    0.037
4567.535	    0.067
4568.356	    0.018
4569.177	    0.057
4569.998	    0.069
4570.819	    0.059
4571.640	    0.018
4572.461	    0.052
4573.283	    0.030
4574.105	    0.060
4574.926	    0.083
4575.748	    0.020
4576.570	    0.101
4577.393	    0.082
4578.215	    0.094
4579.038	    0.051
4579.860	    0.095
4580.683	    0.076
4581.506	    0.067
4582.329	    0.060
4583.153	    0.023
4583.976	    0.046
4584.800	    0.078
4585.623	    0.119
4586.447	    0.114
4587.271	    0.113
4588.095	    0.090
4588.920	    0.038
4589.744	    0.096
4590.569	    0.037
4591.394	    0.067
4592.219	    0.075
4593.044	    0.085
4593.869	    0.107
4594.694	    0.133
4595.520	    0.111
4596.345	    0.096
4597.171	    0.083
4597.997	    0.065
4598.823	    0.037
4599.649	    0.060
4600.476	    0.044
4601.302	    0.055
4602.129	    0.046
4602.956	    0.059
4603.783	    0.110
4604.610	    0.115
4605.437	    0.107
4606.265	    0.102
4607.092	    0.107
4607.920	    0.117
4608.748	    0.070
4609.576	    0.034
4610.404	    0.037
4611.232	    0.044
4612.061	    0.029
4612.890	    0.014
4613.718	    0.032
4614.547	    0.088
4615.376	    0.098
4616.206	    0.072
4617.035	    0.010
4617.864	    0.065
4618.694	    0.054
4619.524	    0.018
4620.354	    0.056
4621.184	    0.071
4622.014	    0.087
4622.845	    0.065
4623.675	    0.091
4624.506	    0.070
4625.337	    0.053
4626.168	    0.075
4626.999	    0.056
4627.830	    0.051
4628.662	    0.038
4629.493	    0.069
4630.325	    0.096
4631.157	    0.104
4631.989	    0.101
4646.992	    0.110
4647.827	    0.125
4648.662	    0.081
4649.497	    0.046
4650.332	    0.042
4651.168	    0.102
4652.003	    0.084
4652.839	    0.063
4653.675	    0.050
4654.511	    0.067
4655.347	    0.100
4656.184	    0.122
4657.020	    0.057
4657.857	    0.034
4658.694	    0.039
4659.531	    0.063
4660.368	    0.025
4661.205	    0.039
4662.043	    0.045
4662.881	    0.051
4663.718	    0.045
4664.556	    0.084
4665.394	    0.067
4666.232	    0.079
4667.071	    0.081
4667.909	    0.096
4668.748	    0.092
4669.587	    0.067
4670.426	    0.056
4671.265	    0.059
4672.104	    0.120
4672.944	    0.092
4673.783	    0.057
4674.623	    0.064
4675.463	    0.090
4676.303	    0.090
4677.143	    0.118
4677.983	    0.133
4678.824	    0.134
4679.664	    0.132
4680.505	    0.138
4681.346	    0.063
4682.187	    0.063
4683.028	    0.048
4683.870	    0.069
4684.711	    0.056
4685.553	    0.045
4686.395	    0.057
4687.237	    0.027
4688.079	    0.055
4688.921	    0.072
4689.764	    0.020
4690.606	    0.109
4691.449	    0.127
4692.292	    0.010
4693.135	    0.081
4693.978	    0.072
4694.821	    0.076
4695.665	    0.121
4696.508	    0.075
4697.352	    0.088
4698.196	    0.032
4699.040	    0.092
4699.885	    0.102
4700.729	    0.068
4701.574	    0.101
4702.418	    0.052
4703.263	    0.067
4704.108	    0.079
4704.953	    0.086
4705.799	    0.089
4706.644	    0.091
4707.490	    0.079
4708.335	    0.045
4709.181	    0.044
4710.027	    0.070
4710.874	    0.081
4711.720	    0.079
4712.567	    0.025
4713.413	    0.054
4714.260	    0.045
4715.107	    0.020
4715.954	    0.025
4716.802	    0.059
4717.649	    0.037
4718.497	    0.085
4719.344	    0.035
4720.192	    0.023
4721.040	    0.027
4721.888	    0.023
4722.737	    0.090
4723.585	    0.093
4724.434	    0.020
4725.283	    0.063
4726.132	    0.072
4726.981	    0.041
4727.830	    0.105
4728.680	    0.146
4729.529	    0.086
4730.379	    0.080
4731.229	    0.088
4732.079	    0.087
4732.929	    0.109
4733.779	    0.111
4734.630	    0.066
4735.480	    0.083
4736.331	    0.070
4737.182	    0.010
4738.033	    0.034
4738.885	    0.010
4739.736	    0.095
4740.588	    0.064
4741.439	    0.072
4742.291	    0.105
4743.143	    0.085
4743.995	    0.039
4744.848	    0.043
4745.700	    0.095
4746.553	    0.030
4747.406	    0.068
4748.259	    0.030
4749.112	    0.078
4749.965	    0.030
4750.818	    0.095
4751.672	    0.049
4752.526	    0.082
4753.379	    0.106
4754.233	    0.102
4755.088	    0.097
4755.942	    0.052
4756.796	    0.075
4757.651	    0.035
4758.506	    0.020
4759.361	    0.010
4760.216	    0.052
4761.071	    0.079
4761.926	    0.034
4762.782	    0.030
4763.638	    0.045
4764.494	    0.080
4765.350	    0.067
4766.206	    0.072
4767.062	    0.112
4767.919	    0.030
4768.775	    0.079
4769.632	    0.101
4770.489	    0.091
4771.346	    0.066
4772.203	    0.052
4773.061	    0.041
4773.918	    0.059
4774.776	    0.101
4775.634	    0.099
4776.492	    0.082
4777.350	    0.070
4778.208	    0.074
4779.067	    0.067
4779.925	    0.067
4780.784	    0.061
4781.643	    0.074
4782.502	    0.046
4783.361	    0.020
4784.221	    0.067
4785.080	    0.112
4785.940	    0.113
4786.800	    0.079
4787.660	    0.023
4788.520	    0.061
4789.381	    0.103
4790.241	    0.051
4791.102	    0.044
4791.962	    0.039
4792.823	    0.077
4793.684	    0.109
4794.546	    0.101
4795.407	    0.027
4796.269	    0.070
4797.130	    0.084
4797.992	    0.034
4798.854	    0.067
4799.717	    0.074
4800.579	    0.059
4801.441	    0.025
4802.304	    0.085
4803.167	    0.107
4804.030	    0.054
4804.893	    0.114
4805.756	    0.066
4806.620	    0.086
4807.483	    0.042
4808.347	    0.054
4809.211	    0.092
4810.075	    0.095
4810.939	    0.087
4811.803	    0.069
4812.668	    0.084
4813.533	    0.115
4814.397	    0.063
4815.262	    0.084
4816.128	    0.061
4816.993	    0.112
4817.858	    0.125
4818.724	    0.097
4819.590	    0.048
4820.456	    0.056
4821.322	    0.023
4822.188	    0.089
4823.054	    0.101
4823.921	    0.092
4824.787	    0.056
4825.654	    0.023
4826.521	    0.064
4827.388	    0.056
4828.256	    0.099
4829.123	    0.059
4829.991	    0.063
4830.859	    0.079
4831.727	    0.050
4832.595	    0.056
4833.463	    0.051
4834.331	    0.039
4835.200	    0.070
4836.069	    0.055
4836.937	    0.043
4837.806	    0.061
4838.676	    0.030
4839.545	    0.052
4840.415	    0.061
4841.284	    0.096
4842.154	    0.087
4843.024	    0.054
4843.894	    0.025
4844.764	    0.025
4845.635	    0.090
4846.505	    0.041
4847.376	    0.025
4848.247	    0.087
4849.118	    0.104
4849.989	    0.037
4850.861	    0.100
4851.732	    0.014
4852.604	    0.034
4853.476	    0.097
4854.348	    0.066
4855.220	    0.063
4856.092	    0.082
4856.965	    0.066
4857.837	    0.051
4858.710	    0.046
4859.583	    0.060
4860.456	    0.082
4861.329	    0.046
4862.203	    0.062
4863.076	    0.037
4863.950	    0.111
4864.824	    0.048
4865.698	    0.110
4866.572	    0.070
4867.447	    0.045
4868.321	    0.091
4869.196	    0.113
4870.071	    0.037
4870.946	    0.127
4871.821	    0.045
4872.696	    0.055
4873.571	    0.023
4874.447	    0.029
4875.323	    0.093
4876.199	    0.085
4877.075	    0.042
4877.951	    0.067
4878.827	    0.025
4879.704	    0.046
4880.581	    0.071
4881.458	    0.110
4882.335	    0.102
4883.212	    0.108
4884.089	    0.126
4884.967	    0.061
4885.844	    0.117
4886.722	    0.046
4887.600	    0.059
4888.478	    0.043
4889.356	    0.043
4890.235	    0.063
4891.114	    0.067
4891.992	    0.057
4892.871	    0.166
4893.750	    0.128
4894.630	    0.113
4895.509	    0.027
4896.388	    0.095
4897.268	    0.081
4898.148	    0.029
4899.028	    0.020
4899.908	    0.074
4900.789	    0.070
4901.669	    0.091
4902.550	    0.065
4903.431	    0.050
4904.312	    0.096
4905.193	    0.117
4906.074	    0.084
4906.955	    0.020
4907.837	    0.082
4908.719	    0.107
4909.601	    0.147
4910.483	    0.169
4911.365	    0.174
4912.247	    0.177
4913.130	    0.180
4914.013	    0.163
4914.896	    0.143
4915.779	    0.105
4916.662	    0.041
4917.545	    0.099
4918.429	    0.131
4919.312	    0.126
4920.196	    0.114
4921.080	    0.038
4921.964	    0.055
4922.849	    0.052
4923.733	    0.020
4924.618	    0.062
4925.502	    0.096
4926.387	    0.099
4927.273	    0.075
4928.158	    0.044
4929.043	    0.074
4929.929	    0.079
4930.815	    0.111
4931.700	    0.086
4932.586	    0.042
4933.473	    0.064
4934.359	    0.044
4935.246	    0.117
4936.132	    0.063
4937.019	    0.055
4937.906	    0.082
4938.793	    0.060
4939.681	    0.078
4940.568	    0.108
4941.456	    0.086
4942.344	    0.084
4943.232	    0.078
4944.120	    0.107
4945.008	    0.050
4945.896	    0.030
4946.785	    0.081
4947.674	    0.094
4948.563	    0.051
4949.452	    0.082
4950.341	    0.089
4951.230	    0.102
4952.120	    0.018
4953.010	    0.020
4953.900	    0.049
4954.790	    0.046
4955.680	    0.082
4956.570	    0.114
4957.461	    0.084
4958.351	    0.075
4959.242	    0.087
4960.133	    0.037
4961.024	    0.071
4961.916	    0.104
4962.807	    0.131
4963.699	    0.119
4964.591	    0.119
4965.483	    0.020
4966.375	    0.049
4967.267	    0.090
4968.159	    0.085
4969.052	    0.100
4969.945	    0.086
4970.838	    0.087
4971.731	    0.084
4972.624	    0.037
4973.518	    0.064
4974.411	    0.081
4975.305	    0.042
4976.199	    0.061
4977.093	    0.088
4977.987	    0.094
4978.881	    0.079
4979.776	    0.038
4980.671	    0.049
4981.565	    0.088
4982.460	    0.058
4983.356	    0.061
4984.251	    0.055
4985.146	    0.065
4986.042	    0.098
4986.938	    0.119
4987.834	    0.124
4988.730	    0.136
4989.626	    0.128
4990.523	    0.084
4991.419	    0.095
4992.316	    0.108
4993.213	    0.101
4994.110	    0.097
4995.007	    0.091
4995.905	    0.025
4996.802	    0.115
4997.700	    0.106
4998.598	    0.042
4999.496	    0.014
5000.394	    0.084
5001.293	    0.064
5002.191	    0.078
5003.090	    0.084
5003.989	    0.045
5004.888	    0.067
5005.787	    0.057
5006.687	    0.027
5007.586	    0.043
5008.486	    0.042
5009.386	    0.077
5010.286	    0.074
5011.186	    0.078
5012.086	    0.072
5012.987	    0.030
5013.887	    0.018
5014.788	    0.096
5015.689	    0.092
5016.590	    0.070
5017.492	    0.051
5018.393	    0.085
5019.295	    0.058
5020.197	    0.070
5021.098	    0.087
5022.001	    0.106
5022.903	    0.053
5023.805	    0.070
5024.708	    0.081
5025.611	    0.117
5026.514	    0.082
5027.417	    0.051
5028.320	    0.079
5029.223	    0.099
5030.127	    0.098
5031.031	    0.115
5031.935	    0.063
5032.839	    0.057
5033.743	    0.084
5034.647	    0.089
5035.552	    0.069
5036.456	    0.099
5037.361	    0.073
5038.266	    0.018
5039.172	    0.050
5040.077	    0.044
5040.982	    0.032
5041.888	    0.046
5042.794	    0.046
5043.700	    0.115
5044.606	    0.136
5045.513	    0.077
5046.419	    0.046
5047.326	    0.044
5048.233	    0.067
5049.140	    0.095
5050.047	    0.102
5050.954	    0.053
5051.861	    0.073
5052.769	    0.067
5053.677	    0.092
5054.585	    0.105
5055.493	    0.081
5056.401	    0.037
5057.310	    0.056
5058.218	    0.027
5059.127	    0.153
5060.036	    0.129
5060.945	    0.099
5061.855	    0.048
5062.764	    0.081
5063.674	    0.092
5064.583	    0.094
5065.493	    0.103
5066.403	    0.105
5067.314	    0.096
5068.224	    0.082
5069.135	    0.056
5070.045	    0.030
5070.956	    0.063
5071.867	    0.092
5072.779	    0.081
5073.690	    0.046
5074.602	    0.037
5075.513	    0.057
5076.425	    0.056
5077.337	    0.048
5078.249	    0.102
5079.162	    0.102
5080.074	    0.084
5080.987	    0.101
5081.900	    0.107
5082.813	    0.043
5083.726	    0.060
5084.640	    0.046
5085.553	    0.090
5086.467	    0.063
5087.381	    0.025
5088.295	    0.027
5089.209	    0.056
5090.123	    0.087
5091.038	    0.053
5091.952	    0.055
5092.867	    0.023
5093.782	    0.087
5094.697	    0.108
5095.613	    0.082
5096.528	    0.038
5097.444	    0.041
5098.360	    0.088
5099.276	    0.084
5100.192	    0.044
5101.108	    0.034
5102.025	    0.042
5102.941	    0.053
5103.858	    0.056
5104.775	    0.079
5105.692	    0.094
5106.610	    0.068
5107.527	    0.046
5108.445	    0.068
5109.363	    0.043
5110.281	    0.043
5111.199	    0.023
5112.117	    0.038
5113.036	    0.037
5113.954	    0.029
5114.873	    0.041
5115.792	    0.034
5116.711	    0.032
5117.630	    0.050
5118.550	    0.055
5119.469	    0.079
5120.389	    0.077
5121.309	    0.079
5122.229	    0.054
5123.150	    0.014
5124.070	    0.075
5124.991	    0.025
5125.911	    0.082
5126.832	    0.041
5127.753	    0.053
5128.675	    0.069
5129.596	    0.124
5130.518	    0.141
5131.440	    0.070
5132.362	    0.014
5133.284	    0.023
5134.206	    0.077
5135.128	    0.067
5136.051	    0.070
5136.974	    0.075
5137.897	    0.055
5138.820	    0.075
5139.743	    0.087
5140.666	    0.063
5141.590	    0.077
5142.514	    0.059
5143.438	    0.082
5144.362	    0.054
5145.286	    0.094
5146.211	    0.085
5147.135	    0.052
5148.060	    0.063
5148.985	    0.066
5149.910	    0.109
5150.835	    0.070
5151.761	    0.045
5152.686	    0.077
5153.612	    0.120
5154.538	    0.162
5155.464	    0.095
5156.390	    0.038
5157.317	    0.065
5158.243	    0.094
5159.170	    0.092
5160.097	    0.085
5161.024	    0.108
5161.951	    0.044
5162.879	    0.084
5163.806	    0.103
5164.734	    0.094
5165.662	    0.070
5166.590	    0.098
5167.518	    0.080
5168.447	    0.054
5169.375	    0.086
5170.304	    0.072
5171.233	    0.065
5172.162	    0.077
5173.091	    0.010
5174.021	    0.111
5174.950	    0.096
5175.880	    0.106
5176.810	    0.029
5177.740	    0.041
5178.670	    0.097
5179.601	    0.077
5180.531	    0.067
5181.462	    0.087
5182.393	    0.097
5183.324	    0.087
5184.255	    0.070
5185.187	    0.075
5186.118	    0.044
5187.050	    0.010
5187.982	    0.067
5188.914	    0.023
5189.846	    0.037
5190.779	    0.043
5191.712	    0.048
5192.644	    0.051
5193.577	    0.052
5194.510	    0.052
5195.444	    0.051
5196.377	    0.050
5197.311	    0.049
5198.244	    0.048
5199.178	    0.046
5200.112	    0.044
5201.047	    0.043
5201.981	    0.043
5202.916	    0.044
5203.851	    0.046
5204.786	    0.046
5205.721	    0.045
5206.656	    0.041
5207.591	    0.030
5208.527	    0.010
5209.463	    0.035
5210.399	    0.046
5211.335	    0.054
5212.271	    0.057
5213.208	    0.057
5214.144	    0.056
5215.081	    0.050
5216.018	    0.035
5216.955	    0.025
5217.892	    0.056
5218.830	    0.077
5219.768	    0.091
5220.705	    0.099
5221.643	    0.101
5222.582	    0.102
5223.520	    0.102
5224.458	    0.101
5225.397	    0.098
5226.336	    0.091
5227.275	    0.079
5228.214	    0.061
5229.153	    0.035
5230.093	    0.025
5231.032	    0.041
5231.972	    0.042
5232.912	    0.027
5233.852	    0.037
5234.793	    0.062
5235.733	    0.077
5236.674	    0.083
5237.615	    0.085
5238.556	    0.082
5239.497	    0.010
5240.438	    0.051
5241.380	    0.037
5242.322	    0.074
5243.263	    0.098
5244.205	    0.112
5245.148	    0.110
5246.090	    0.115
5247.033	    0.112
5247.975	    0.112
5248.918	    0.123
5249.861	    0.123
5250.804	    0.107
5251.748	    0.095
5252.691	    0.092
5253.635	    0.098
5254.579	    0.115
5255.523	    0.100
5256.467	    0.056
5257.412	    0.071
5258.356	    0.100
5259.301	    0.083
5260.246	    0.063
5261.191	    0.070
5262.136	    0.075
5263.082	    0.077
5264.027	    0.077
5264.973	    0.064
5265.919	    0.029
5266.865	    0.035
5267.811	    0.010
5268.758	    0.035
5269.704	    0.064
5270.651	    0.023
5271.598	    0.079
5272.545	    0.056
5273.493	    0.056
5274.440	    0.052
5275.388	    0.039
5276.335	    0.085
5277.283	    0.063
5278.232	    0.056
5279.180	    0.032
5280.128	    0.073
5281.077	    0.056
5282.026	    0.074
5282.975	    0.077
5283.924	    0.035
5284.873	    0.049
5285.823	    0.056
5286.773	    0.100
5287.722	    0.081
5288.672	    0.101
5289.623	    0.081
5290.573	    0.075
5291.523	    0.082
5292.474	    0.060
5293.425	    0.058
5294.376	    0.067
5295.327	    0.083
5296.279	    0.072
5297.230	    0.072
5298.182	    0.042
5299.134	    0.067
5300.086	    0.034
5301.038	    0.039
5301.991	    0.077
5302.943	    0.073
5303.896	    0.070
5304.849	    0.067
5305.802	    0.052
5306.755	    0.113
5307.709	    0.042
5308.662	    0.079
5309.616	    0.061
5310.570	    0.095
5311.524	    0.085
5312.478	    0.075
5313.433	    0.058
5314.388	    0.063
5315.342	    0.067
5316.297	    0.068
5317.252	    0.074
5318.208	    0.042
5319.163	    0.049
5320.119	    0.023
5321.075	    0.091
5322.031	    0.061
5322.987	    0.051
5323.943	    0.014
5324.900	    0.072
5325.857	    0.051
5326.813	    0.061
5327.770	    0.056
5328.728	    0.030
5329.685	    0.020
5330.643	    0.027
5331.600	    0.052
5332.558	    0.041
5333.516	    0.069
5334.475	    0.067
5335.433	    0.091
5336.392	    0.025
5337.350	    0.044
5338.309	    0.088
5339.268	    0.101
5340.228	    0.144
5341.187	    0.096
5342.147	    0.038
5343.107	    0.039
5344.067	    0.067
5345.027	    0.111
5345.987	    0.041
5346.947	    0.048
5347.908	    0.081
5348.869	    0.087
5349.830	    0.081
5350.791	    0.081
5351.752	    0.023
5352.714	    0.066
5353.676	    0.056
5354.638	    0.029
5355.600	    0.082
5356.562	    0.097
5357.524	    0.092
5358.487	    0.082
5359.449	    0.078
5360.412	    0.063
5361.375	    0.039
5362.339	    0.084
5363.302	    0.035
5364.266	    0.115
5365.230	    0.049
5366.193	    0.056
5367.158	    0.058
5368.122	    0.037
5369.086	    0.087
5370.051	    0.010
5371.016	    0.064
5371.981	    0.041
5372.946	    0.041
5373.911	    0.037
5374.877	    0.014
5375.842	    0.082
5376.808	    0.043
5377.774	    0.082
5378.741	    0.029
5379.707	    0.093
5380.673	    0.097
5381.640	    0.100
5382.607	    0.100
5383.574	    0.095
5384.541	    0.084
5385.509	    0.067
5386.476	    0.042
5387.444	    0.025
5388.412	    0.052
5389.380	    0.066
5390.348	    0.074
5391.317	    0.078
5392.286	    0.079
5393.254	    0.079
5394.223	    0.079
5395.192	    0.082
5396.162	    0.078
5397.131	    0.062
5398.101	    0.050
5399.071	    0.055
5400.041	    0.064
5401.011	    0.072
5401.981	    0.054
5402.952	    0.025
5403.923	    0.039
5404.894	    0.068
5405.865	    0.041
5406.836	    0.051
5407.807	    0.075
5408.779	    0.061
5409.751	    0.085
5410.723	    0.082
5411.695	    0.074
5412.667	    0.075
5413.639	    0.048
5414.612	    0.020
5415.585	    0.020
5416.558	    0.070
5417.531	    0.038
5418.504	    0.032
5419.478	    0.112
5420.452	    0.056
5421.426	    0.041
5422.400	    0.101
5423.374	    0.098
5424.348	    0.100
5425.323	    0.052
5426.297	    0.041
5427.272	    0.037
5428.247	    0.056
5429.223	    0.087
5430.198	    0.075
5431.174	    0.037
5432.150	    0.055
5433.126	    0.050
5434.102	    0.079
5435.078	    0.121
5436.055	    0.096
5437.031	    0.082
5438.008	    0.115
5438.985	    0.020
5439.962	    0.075
5440.940	    0.020
5441.917	    0.079
5442.895	    0.010
5443.873	    0.010
5444.851	    0.066
5445.829	    0.066
5446.808	    0.070
5447.786	    0.045
5448.765	    0.069
5449.744	    0.068
5450.723	    0.014
5451.702	    0.089
5452.682	    0.087
5453.661	    0.067
5454.641	    0.048
5455.621	    0.061
5456.601	    0.035
5457.582	    0.051
5458.562	    0.083
5459.543	    0.029
5460.524	    0.058
5461.505	    0.049
5462.486	    0.018
5463.468	    0.067
5464.449	    0.050
5465.431	    0.075
5466.413	    0.096
5467.395	    0.075
5468.377	    0.045
5469.360	    0.075
5470.343	    0.038
5471.325	    0.072
5472.308	    0.062
5473.292	    0.053
5474.275	    0.042
5475.258	    0.060
5476.242	    0.088
5477.226	    0.075
5478.210	    0.042
5479.194	    0.010
5480.179	    0.051
5481.163	    0.025
5482.148	    0.048
5483.133	    0.067
5484.118	    0.085
5485.104	    0.062
5486.089	    0.049
5487.075	    0.057
5488.060	    0.077
5489.047	    0.112
5490.033	    0.097
5491.019	    0.055
5492.006	    0.052
5492.992	    0.052
5493.979	    0.052
5494.966	    0.038
5495.954	    0.072
5496.941	    0.067
5497.929	    0.050
5498.916	    0.039
5499.904	    0.049
5500.892	    0.049
5501.881	    0.046
5502.869	    0.045
5503.858	    0.067
5504.847	    0.038
5505.836	    0.043
5506.825	    0.034
5507.814	    0.010
5508.804	    0.082
5509.794	    0.060
5510.784	    0.084
5511.774	    0.084
5512.764	    0.018
5513.754	    0.050
5514.745	    0.058
5515.736	    0.081
5516.727	    0.042
5517.718	    0.098
5518.709	    0.094
5519.701	    0.030
5520.693	    0.043
5521.684	    0.046
5522.677	    0.056
5523.669	    0.061
5524.661	    0.057
5525.654	    0.035
5526.647	    0.020
5527.639	    0.052
5528.633	    0.090
5529.626	    0.070
5530.619	    0.071
5531.613	    0.092
5532.607	    0.088
5533.601	    0.061
5534.595	    0.034
5535.589	    0.043
5536.584	    0.038
5537.579	    0.045
5538.574	    0.051
5539.569	    0.058
5540.564	    0.078
5541.559	    0.065
5542.555	    0.037
5543.551	    0.020
5544.547	    0.027
5545.543	    0.067
5546.539	    0.041
5547.536	    0.095
5548.533	    0.034
5549.529	    0.039
5550.527	    0.082
5551.524	    0.067
5552.521	    0.062
5553.519	    0.070
5554.517	    0.029
5555.514	    0.027
5556.513	    0.056
5557.511	    0.075
5558.509	    0.088
5559.508	    0.088
5560.507	    0.073
5561.506	    0.041
5562.505	    0.037
5563.505	    0.067
5564.504	    0.064
5565.504	    0.052
5566.504	    0.067
5567.504	    0.059
5568.504	    0.052
5569.505	    0.069
5570.505	    0.072
5571.506	    0.043
5572.507	    0.023
5573.508	    0.078
5574.510	    0.116
5575.511	    0.134
5576.513	    0.098
5577.515	    0.122
5578.517	    0.091
5579.519	    0.058
5580.522	    0.063
5581.524	    0.070
5582.527	    0.039
5583.530	    0.059
5584.533	    0.051
5585.537	    0.056
5586.540	    0.067
5587.544	    0.051
5588.548	    0.025
5589.552	    0.048
5590.556	    0.076
5591.560	    0.076
5592.565	    0.050
5593.570	    0.030
5594.575	    0.057
5595.580	    0.068
5596.585	    0.087
5597.591	    0.087
5598.596	    0.061
5599.602	    0.071
5600.608	    0.055
5601.615	    0.044
5602.621	    0.025
5603.628	    0.090
5604.634	    0.081
5605.641	    0.045
5606.649	    0.070
5607.656	    0.082
5608.663	    0.109
5609.671	    0.105
5610.679	    0.087
5611.687	    0.067
5612.695	    0.103
5613.704	    0.119
5614.712	    0.090
5615.721	    0.023
5616.730	    0.010
5617.739	    0.055
5618.748	    0.043
5619.758	    0.034
5620.767	    0.014
5621.777	    0.072
5622.787	    0.045
5623.798	    0.027
5624.808	    0.034
5625.819	    0.042
5626.829	    0.052
5627.840	    0.023
5628.851	    0.010
5629.863	    0.048
5630.874	    0.081
5631.886	    0.079
5632.898	    0.067
5633.910	    0.020
5634.922	    0.055
5635.934	    0.113
5636.947	    0.114
5637.960	    0.088
5638.973	    0.044
5639.986	    0.075
5640.999	    0.105
5642.013	    0.102
5643.026	    0.072
5644.040	    0.035
5645.054	    0.063
5646.068	    0.102
5647.083	    0.107
5648.097	    0.083
5649.112	    0.046
5650.127	    0.032
5651.142	    0.065
5652.157	    0.080
5653.173	    0.077
5654.189	    0.091
5655.205	    0.096
5656.221	    0.096
5657.237	    0.041
5658.253	    0.102
5659.270	    0.094
5660.287	    0.010
5661.304	    0.039
5662.321	    0.045
5663.338	    0.092
5664.355	    0.102
5665.373	    0.114
5666.391	    0.105
5667.409	    0.076
5668.427	    0.041
5669.446	    0.087
5670.464	    0.059
5671.483	    0.094
5672.502	    0.065
5673.521	    0.061
5674.541	    0.092
5675.560	    0.101
5676.580	    0.133
5677.600	    0.082
5678.620	    0.074
5679.640	    0.113
5680.660	    0.097
5681.681	    0.114
5682.702	    0.114
5683.723	    0.092
5684.744	    0.070
5685.765	    0.096
5686.787	    0.118
5687.809	    0.125
5688.830	    0.099
5689.853	    0.072
5690.875	    0.106
5691.897	    0.131
5692.920	    0.116
5693.943	    0.108
5694.966	    0.096
5695.989	    0.102
5697.012	    0.119
5698.036	    0.125
5699.060	    0.109
5700.084	    0.108
5701.108	    0.118
5702.132	    0.143
5703.156	    0.146
5704.181	    0.112
5705.206	    0.106
5706.231	    0.121
5707.256	    0.122
5708.282	    0.134
5709.307	    0.141
5710.333	    0.140
5711.359	    0.105
5712.385	    0.100
5713.411	    0.096
5714.438	    0.109
5715.464	    0.096
5716.491	    0.125
5717.518	    0.107
5718.546	    0.072
5719.573	    0.102
5720.601	    0.138
5721.628	    0.141
5722.656	    0.106
5723.685	    0.113
5724.713	    0.117
5725.741	    0.130
5726.770	    0.127
5727.799	    0.133
5728.828	    0.142
5729.857	    0.124
5730.887	    0.125
5731.916	    0.081
5732.946	    0.122
5733.976	    0.143
5735.007	    0.149
5736.037	    0.143
5737.067	    0.095
5738.098	    0.075
5739.129	    0.051
5740.160	    0.107
5741.192	    0.129
5742.223	    0.133
5743.255	    0.109
5744.287	    0.124
5745.319	    0.143
5746.351	    0.154
5747.383	    0.136
5748.416	    0.124
5749.449	    0.127
5750.482	    0.127
5751.515	    0.121
5752.548	    0.130
5753.582	    0.121
5754.615	    0.140
5755.649	    0.152
5756.683	    0.140
5757.718	    0.132
5758.752	    0.143
5759.787	    0.121
5760.822	    0.121
5761.857	    0.125
5762.892	    0.113
5763.927	    0.121
5764.963	    0.115
5765.999	    0.130
5767.035	    0.138
5768.071	    0.124
5769.107	    0.142
5770.143	    0.119
5771.180	    0.148
5772.217	    0.142
5773.254	    0.137
5774.291	    0.131
5775.329	    0.153
5776.366	    0.142
5777.404	    0.131
5778.442	    0.143
5779.480	    0.145
5780.519	    0.141
5781.557	    0.137
5782.596	    0.125
5783.635	    0.160
5784.674	    0.138
5785.713	    0.126
5786.753	    0.138
5787.793	    0.128
5788.832	    0.113
5789.873	    0.135
5790.913	    0.108
5791.953	    0.128
5792.994	    0.138
5794.035	    0.091
5795.076	    0.117
5796.117	    0.149
5797.158	    0.152
5798.200	    0.103
5799.241	    0.090
5800.283	    0.158
5801.325	    0.121
5802.368	    0.152
5803.410	    0.169
5804.453	    0.107
5805.496	    0.142
5806.539	    0.117
5807.582	    0.128
5808.625	    0.125
5809.669	    0.113
5810.713	    0.123
5811.757	    0.146
5812.801	    0.124
5813.845	    0.097
5814.890	    0.136
5815.935	    0.144
5816.980	    0.136
5818.025	    0.133
5819.070	    0.120
5820.115	    0.102
5821.161	    0.119
5822.207	    0.112
5823.253	    0.115
5824.299	    0.122
5825.346	    0.116
5826.392	    0.136
5827.439	    0.130
5828.486	    0.140
5829.533	    0.141
5830.581	    0.112
5831.628	    0.103
5832.676	    0.149
5833.724	    0.138
5834.772	    0.127
5835.820	    0.143
5836.869	    0.148
5837.917	    0.140
5838.966	    0.112
5840.015	    0.116
5841.065	    0.134
5842.114	    0.138
5843.164	    0.133
5844.213	    0.112
5845.263	    0.104
5846.314	    0.105
5847.364	    0.108
5848.415	    0.082
5849.465	    0.112
5850.516	    0.150
5851.567	    0.121
5852.619	    0.116
5853.670	    0.120
5854.722	    0.106
5855.774	    0.114
5856.826	    0.123
5857.878	    0.116
5858.931	    0.096
5859.983	    0.102
5861.036	    0.110
5862.089	    0.134
5863.142	    0.133
5864.196	    0.129
5865.249	    0.139
5866.303	    0.140
5867.357	    0.117
5868.411	    0.081
5869.466	    0.020
5870.520	    0.032
5871.575	    0.084
5872.630	    0.080
5873.685	    0.081
5874.740	    0.104
5875.796	    0.119
5876.851	    0.126
5877.907	    0.105
5878.963	    0.091
5880.019	    0.100
5881.076	    0.111
5882.133	    0.121
5883.189	    0.138
5884.246	    0.135
5885.304	    0.110
5886.361	    0.103
5887.419	    0.092
5888.476	    0.069
5889.534	    0.067
5890.592	    0.119
5891.651	    0.122
5892.709	    0.088
5893.768	    0.084
5894.827	    0.085
5895.886	    0.050
5896.945	    0.067
5898.005	    0.109
5899.064	    0.106
5900.124	    0.060
5901.184	    0.079
5902.245	    0.096
5903.305	    0.093
5904.366	    0.095
5905.426	    0.092
5906.487	    0.107
5907.549	    0.118
5908.610	    0.135
5909.671	    0.141
5910.733	    0.110
5911.795	    0.067
5912.857	    0.091
5913.920	    0.100
5914.982	    0.069
5916.045	    0.029
5917.108	    0.018
5918.171	    0.046
5919.234	    0.039
5920.298	    0.072
5921.361	    0.078
5922.425	    0.096
5923.489	    0.116
5924.554	    0.113
5925.618	    0.023
5926.683	    0.045
5927.747	    0.064
5928.812	    0.056
5929.878	    0.063
5930.943	    0.050
5932.009	    0.042
5933.074	    0.023
5934.140	    0.030
5935.206	    0.051
5936.273	    0.072
5937.339	    0.117
5938.406	    0.102
5939.473	    0.071
5940.540	    0.062
5941.607	    0.070
5942.675	    0.055
5943.743	    0.060
5944.811	    0.085
5945.879	    0.035
5946.947	    0.086
5948.015	    0.014
5949.084	    0.069
5950.153	    0.073
5951.222	    0.085
5952.291	    0.075
5953.360	    0.134
5954.430	    0.063
5955.500	    0.053
5956.570	    0.070
5957.640	    0.070
5958.710	    0.027
5959.781	    0.075
5960.852	    0.042
5961.923	    0.046
5962.994	    0.068
5964.065	    0.097
5965.137	    0.045
5966.209	    0.055
5967.280	    0.078
5968.353	    0.010
5969.425	    0.079
5970.497	    0.117
5971.570	    0.088
5972.643	    0.080
5973.716	    0.081
5974.789	    0.065
5975.863	    0.023
5976.936	    0.048
5978.010	    0.082
5979.084	    0.077
5980.158	    0.070
5981.233	    0.081
5982.308	    0.088
5983.382	    0.063
5984.457	    0.039
5985.533	    0.030
5986.608	    0.053
5987.684	    0.038
5988.759	    0.056
5989.835	    0.095
5990.911	    0.051
5991.988	    0.038
5993.064	    0.067
5994.141	    0.095
5995.218	    0.124
5996.295	    0.122
5997.372	    0.042
5998.450	    0.042
5999.528	    0.023
6000.606	    0.034
6001.684	    0.048
6002.762	    0.099
6003.840	    0.018
6004.919	    0.053
6005.998	    0.079
6007.077	    0.074
6008.156	    0.076
6009.236	    0.035
6010.315	    0.037
6011.395	    0.041
6012.475	    0.029
6013.556	    0.018
6014.636	    0.029
6015.717	    0.027
6016.797	    0.014
6017.878	    0.070
6018.960	    0.053
6020.041	    0.056
6021.123	    0.087
6022.204	    0.032
6023.286	    0.071
6024.369	    0.037
6025.451	    0.076
6026.534	    0.061
6027.616	    0.046
6028.699	    0.062
6029.782	    0.054
6030.866	    0.054
6031.949	    0.078
6033.033	    0.029
6034.117	    0.023
6035.201	    0.064
6036.285	    0.023
6037.370	    0.098
6038.455	    0.089
6039.539	    0.046
6040.625	    0.063
6041.710	    0.070
6042.795	    0.087
6043.881	    0.025
6044.967	    0.054
6046.053	    0.102
6047.139	    0.087
6048.226	    0.062
6049.312	    0.030
6050.399	    0.057
6051.486	    0.027
6052.573	    0.037
6053.661	    0.086
6054.749	    0.046
6055.836	    0.069
6056.924	    0.072
6058.013	    0.034
6059.101	    0.023
6060.190	    0.056
6061.278	    0.056
6062.367	    0.096
6063.457	    0.133
6064.546	    0.090
6065.636	    0.032
6066.725	    0.059
6067.815	    0.052
6068.906	    0.054
6069.996	    0.035
6071.086	    0.072
6072.177	    0.099
6073.268	    0.064
6074.359	    0.034
6075.451	    0.044
6076.542	    0.044
6077.634	    0.056
6078.726	    0.054
6079.818	    0.076
6080.910	    0.066
6082.003	    0.070
6083.096	    0.065
6084.189	    0.041
6085.282	    0.092
6086.375	    0.070
6087.468	    0.066
6088.562	    0.068
6089.656	    0.087
6090.750	    0.045
6091.844	    0.077
6092.939	    0.051
6094.034	    0.063
6095.129	    0.105
6096.224	    0.103
6097.319	    0.096
6098.414	    0.129
6099.510	    0.111
6100.606	    0.082
6101.702	    0.063
6102.798	    0.052
6103.895	    0.096
6104.991	    0.156
6106.088	    0.148
6107.185	    0.131
6108.282	    0.145
6109.380	    0.143
6110.478	    0.177
6111.575	    0.161
6112.673	    0.151
6113.772	    0.187
6114.870	    0.243
6115.969	    0.204
6117.068	    0.196
6118.167	    0.212
6119.266	    0.225
6120.365	    0.204
6121.465	    0.198
6122.565	    0.269
6123.665	    0.302
6124.765	    0.241
6125.865	    0.231
6126.966	    0.221
6128.067	    0.212
6129.168	    0.203
6130.269	    0.194
6131.370	    0.185
6132.472	    0.175
6133.574	    0.163
6134.676	    0.150
6135.778	    0.133
6136.880	    0.115
6137.983	    0.092
6139.086	    0.061
6140.189	    0.035
6141.292	    0.078
6142.395	    0.104
6143.499	    0.124
6144.602	    0.141
6145.706	    0.156
6146.811	    0.140
6147.915	    0.128
6149.020	    0.129
6150.124	    0.108
6151.229	    0.107
6152.334	    0.072
6153.440	    0.073
6154.545	    0.120
6155.651	    0.127
6156.757	    0.125
6157.863	    0.129
6158.970	    0.138
6160.076	    0.121
6161.183	    0.112
6162.290	    0.130
6163.397	    0.131
6164.504	    0.133
6165.612	    0.116
6166.720	    0.110
6167.828	    0.100
6168.936	    0.059
6170.044	    0.074
6171.153	    0.081
6172.261	    0.117
6173.370	    0.116
6174.479	    0.095
6175.589	    0.120
6176.698	    0.113
6177.808	    0.093
6178.918	    0.131
6180.028	    0.146
6181.138	    0.131
6182.249	    0.121
6183.360	    0.117
6184.471	    0.103
6185.582	    0.107
6186.693	    0.059
6187.805	    0.109
6188.916	    0.145
6190.028	    0.154
6191.140	    0.100
6192.253	    0.080
6193.365	    0.106
6194.478	    0.097
6195.591	    0.087
6196.704	    0.085
6197.817	    0.136
6198.931	    0.133
6200.045	    0.082
6201.159	    0.041
6202.273	    0.081
6203.387	    0.070
6204.502	    0.081
6205.616	    0.089
6206.731	    0.098
6207.846	    0.063
6208.962	    0.025
6210.077	    0.137
6211.193	    0.119
6212.309	    0.136
6213.425	    0.082
6214.541	    0.065
6215.658	    0.125
6216.775	    0.076
6217.892	    0.075
6219.009	    0.092
6220.126	    0.116
6221.244	    0.063
6222.361	    0.102
6223.479	    0.041
6224.597	    0.059
6225.716	    0.113
6226.834	    0.123
6227.953	    0.104
6229.072	    0.085
6230.191	    0.098
6231.310	    0.125
6232.430	    0.162
6233.550	    0.068
6234.670	    0.102
6235.790	    0.101
6236.910	    0.090
6238.031	    0.114
6239.152	    0.122
6240.272	    0.099
6241.394	    0.143
6242.515	    0.120
6243.637	    0.090
6244.758	    0.108
6245.880	    0.113
6247.002	    0.100
6248.125	    0.058
6249.247	    0.077
6250.370	    0.139
6251.493	    0.165
6252.616	    0.150
6253.740	    0.108
6254.863	    0.082
6255.987	    0.081
6257.111	    0.077
6258.235	    0.073
6259.360	    0.070
6260.484	    0.071
6261.609	    0.075
6262.734	    0.079
6263.859	    0.081
6264.985	    0.081
6266.110	    0.081
6267.236	    0.080
6268.362	    0.079
6269.488	    0.080
6270.615	    0.081
6271.741	    0.084
6272.868	    0.087
6273.995	    0.092
6275.122	    0.099
6276.250	    0.105
6277.377	    0.111
6278.505	    0.115
6279.633	    0.118
6280.761	    0.119
6281.890	    0.120
6283.018	    0.120
6284.147	    0.121
6285.276	    0.121
6286.406	    0.121
6287.535	    0.121
6288.665	    0.121
6289.795	    0.122
6290.925	    0.125
6292.055	    0.129
6293.185	    0.134
6294.316	    0.137
6295.447	    0.138
6296.578	    0.137
6297.709	    0.135
6298.841	    0.133
6299.972	    0.132
6301.104	    0.148
6302.236	    0.169
6303.369	    0.123
6304.501	    0.084
6305.634	    0.091
6306.767	    0.096
6307.900	    0.112
6309.033	    0.093
6310.167	    0.102
6311.300	    0.080
6312.434	    0.138
6313.568	    0.133
6314.703	    0.108
6315.837	    0.108
6316.972	    0.077
6318.107	    0.099
6319.242	    0.118
6320.377	    0.106
6321.513	    0.114
6322.649	    0.088
6323.785	    0.078
6324.921	    0.063
6326.057	    0.027
6327.194	    0.103
6328.331	    0.094
6329.468	    0.134
6330.605	    0.123
6331.742	    0.111
6332.880	    0.119
6334.017	    0.118
6335.155	    0.041
6336.294	    0.073
6337.432	    0.111
6338.571	    0.095
6339.710	    0.082
6340.849	    0.090
6341.988	    0.127
6343.127	    0.156
6344.267	    0.132
6345.407	    0.084
6346.547	    0.082
6347.687	    0.110
6348.827	    0.131
6349.968	    0.145
6351.109	    0.152
6352.250	    0.131
6353.391	    0.096
6354.533	    0.118
6355.674	    0.125
6356.816	    0.098
6357.958	    0.053
6359.101	    0.069
6360.243	    0.098
6361.386	    0.110
6362.529	    0.128
6363.672	    0.140
6364.815	    0.151
6365.959	    0.185
6367.103	    0.206
6368.247	    0.191
6369.391	    0.141
6370.535	    0.136
6371.680	    0.113
6372.824	    0.111
6373.969	    0.117
6375.115	    0.120
6376.260	    0.116
6377.406	    0.109
6378.551	    0.100
6379.697	    0.086
6380.844	    0.083
6381.990	    0.063
6383.137	    0.082
6384.283	    0.112
6385.430	    0.104
6386.578	    0.073
6387.725	    0.095
6388.873	    0.056
6390.021	    0.118
6391.169	    0.112
6392.317	    0.094
6393.465	    0.068
6394.614	    0.027
6395.763	    0.081
6396.912	    0.117
6398.061	    0.117
6399.211	    0.095
6400.361	    0.126
6401.511	    0.121
6402.661	    0.111
6403.811	    0.100
6404.962	    0.079
6406.112	    0.075
6407.263	    0.111
6408.414	    0.131
6409.566	    0.086
6410.717	    0.030
6411.869	    0.120
6413.021	    0.085
6414.173	    0.049
6415.326	    0.043
6416.478	    0.039
6417.631	    0.064
6418.784	    0.116
6419.937	    0.124
6421.091	    0.145
6422.245	    0.131
6423.398	    0.130
6424.552	    0.111
6425.707	    0.098
6426.861	    0.136
6428.016	    0.138
6429.171	    0.131
6430.326	    0.135
6431.481	    0.145
6432.637	    0.130
6433.792	    0.052
6434.948	    0.046
6436.104	    0.057
6437.261	    0.081
6438.417	    0.070
6439.574	    0.059
6440.731	    0.083
6441.888	    0.052
6443.046	    0.057
6444.203	    0.078
6445.361	    0.032
6446.519	    0.032
6447.677	    0.067
6448.836	    0.075
6449.994	    0.097
6451.153	    0.112
6452.312	    0.128
6453.471	    0.128
6454.631	    0.104
6455.791	    0.105
6456.950	    0.068
6458.111	    0.099
6459.271	    0.106
6460.431	    0.108
6461.592	    0.091
6462.753	    0.091
6463.914	    0.107
6465.075	    0.106
6466.237	    0.105
6467.399	    0.070
6468.561	    0.058
6469.723	    0.056
6470.885	    0.065
6472.048	    0.096
6473.211	    0.050
6474.374	    0.073
6475.537	    0.061
6476.700	    0.037
6477.864	    0.071
6479.028	    0.071
6480.192	    0.098
6481.356	    0.025
6482.521	    0.107
6483.685	    0.114
6484.850	    0.100
6486.015	    0.112
6487.181	    0.098
6488.346	    0.065
6489.512	    0.060
6490.678	    0.052
6491.844	    0.034
6493.010	    0.091
6494.177	    0.092
6495.344	    0.029
6496.511	    0.056
6497.678	    0.044
6498.845	    0.023
6500.013	    0.025
6501.181	    0.039
6502.349	    0.081
6503.517	    0.082
6504.685	    0.020
6505.854	    0.044
6507.023	    0.056
6508.192	    0.042
6509.361	    0.037
6510.531	    0.073
6511.700	    0.059
6512.870	    0.044
6514.041	    0.053
6515.211	    0.039
6516.381	    0.020
6517.552	    0.032
6518.723	    0.064
6519.894	    0.055
6521.066	    0.027
6522.237	    0.029
6523.409	    0.085
6524.581	    0.023
6525.753	    0.043
6526.926	    0.043
6528.099	    0.049
6529.271	    0.056
6530.445	    0.127
6531.618	    0.129
6532.791	    0.096
6533.965	    0.080
6535.139	    0.010
6536.313	    0.088
6537.487	    0.039
6538.662	    0.094
6539.837	    0.074
6541.012	    0.072
6542.187	    0.072
6543.362	    0.055
6544.538	    0.079
6545.714	    0.020
6546.890	    0.049
6548.066	    0.020
6549.243	    0.010
6550.419	    0.046
6551.596	    0.032
6552.773	    0.067
6553.950	    0.039
6555.128	    0.048
6556.306	    0.039
6557.484	    0.077
6558.662	    0.056
6559.840	    0.018
6561.019	    0.041
6562.198	    0.065
6563.377	    0.066
6564.556	    0.063
6565.735	    0.063
6566.915	    0.075
6568.095	    0.084
6569.275	    0.091
6570.455	    0.096
6571.635	    0.098
6572.816	    0.099
6573.997	    0.099
6575.178	    0.099
6576.359	    0.099
6577.541	    0.099
6578.723	    0.099
6579.905	    0.097
6581.087	    0.095
6582.269	    0.091
6583.452	    0.088
6584.635	    0.087
6585.818	    0.088
6587.001	    0.090
6588.184	    0.093
6589.368	    0.091
6590.552	    0.064
6591.736	    0.079
6592.920	    0.111
6594.105	    0.117
6595.290	    0.122
6596.475	    0.103
6597.660	    0.054
6598.845	    0.030
6600.031	    0.023
6601.216	    0.064
6602.402	    0.100
6603.589	    0.066
6604.775	    0.032
6605.962	    0.096
6607.149	    0.110
6608.336	    0.103
6609.523	    0.086
6610.710	    0.117
6611.898	    0.121
6613.086	    0.113
6614.274	    0.131
6615.463	    0.175
6616.651	    0.227
6617.840	    0.251
6619.029	    0.217
6620.218	    0.151
6621.408	    0.108
6622.597	    0.128
6623.787	    0.156
6624.977	    0.139
6626.167	    0.152
6627.358	    0.168
6628.549	    0.237
6629.740	    0.297
6630.931	    0.391
6632.122	    0.458
6633.314	    0.443
6634.505	    0.352
6635.697	    0.243
6636.890	    0.170
6638.082	    0.148
6639.275	    0.138
6640.467	    0.113
6641.660	    0.113
6642.854	    0.106
6644.047	    0.131
6645.241	    0.137
6646.435	    0.127
6647.629	    0.124
6648.823	    0.160
6650.018	    0.214
6651.213	    0.311
6652.408	    0.387
6653.603	    0.392
6654.798	    0.327
6655.994	    0.215
6657.190	    0.127
6658.386	    0.110
6659.582	    0.104
6660.779	    0.109
6661.975	    0.120
6663.172	    0.109
6664.369	    0.095
6665.567	    0.118
6666.764	    0.097
6667.962	    0.085
6669.160	    0.096
6670.358	    0.079
6671.557	    0.072
6672.755	    0.064
6673.954	    0.096
6675.153	    0.090
6676.353	    0.088
6677.552	    0.106
6678.752	    0.081
6679.952	    0.078
6681.152	    0.094
6682.352	    0.128
6683.553	    0.131
6684.754	    0.103
6685.955	    0.041
6687.156	    0.045
6688.357	    0.118
6689.559	    0.130
6690.761	    0.076
6691.963	    0.096
6693.165	    0.078
6694.368	    0.053
6695.571	    0.037
6696.774	    0.072
6697.977	    0.054
6699.180	    0.059
6700.384	    0.010
6701.588	    0.030
6702.792	    0.077
6703.996	    0.054
6705.200	    0.027
6706.405	    0.038
6707.610	    0.050
6708.815	    0.014
6710.020	    0.025
6711.226	    0.081
6712.432	    0.084
6713.638	    0.117
6714.844	    0.098
6716.050	    0.081
6717.257	    0.092
6718.464	    0.103
6719.671	    0.061
6720.878	    0.070
6728.127	    0.038
6729.335	    0.010
6730.544	    0.035
6731.754	    0.023
6732.963	    0.059
6734.173	    0.046
6735.383	    0.080
6736.593	    0.070
6737.803	    0.059
6739.014	    0.065
6740.224	    0.046
6741.435	    0.014
6742.647	    0.042
6743.858	    0.073
6745.070	    0.096
6746.281	    0.064
6747.494	    0.055
6748.706	    0.069
6749.918	    0.057
6751.131	    0.014
6752.344	    0.027
6753.557	    0.066
6754.771	    0.082
6755.984	    0.089
6757.198	    0.063
6758.412	    0.060
6759.626	    0.116
6760.841	    0.032
6762.055	    0.063
6763.270	    0.056
6764.485	    0.085
6765.701	    0.053
6766.916	    0.060
6768.132	    0.054
6769.348	    0.066
6770.564	    0.071
6771.781	    0.032
6772.997	    0.038
6774.214	    0.032
6775.431	    0.042
6776.649	    0.050
6777.866	    0.023
6779.084	    0.039
6780.302	    0.034
6781.520	    0.050
6782.738	    0.070
6783.957	    0.101
6785.176	    0.174
6786.395	    0.239
6787.614	    0.249
6788.834	    0.206
6790.053	    0.131
6791.273	    0.071
6792.494	    0.079
6793.714	    0.010
6794.935	    0.085
6796.155	    0.090
6797.376	    0.050
6798.598	    0.095
6799.819	    0.154
6801.041	    0.211
6802.263	    0.230
6803.485	    0.195
6804.707	    0.140
6805.930	    0.113
6807.153	    0.094
6808.376	    0.079
6820.618	    0.037
6821.843	    0.044
6823.069	    0.058
6824.295	    0.074
6825.521	    0.082
6826.747	    0.088
6827.974	    0.150
6829.200	    0.086
6830.427	    0.075
6831.654	    0.077
6832.882	    0.055
6834.109	    0.018
6835.337	    0.082
6836.565	    0.070
6837.794	    0.051
6839.022	    0.086
6840.251	    0.075
6841.480	    0.066
6842.709	    0.043
6843.938	    0.053
6845.168	    0.050
6846.398	    0.050
6847.628	    0.052
6848.858	    0.059
6850.089	    0.025
6851.319	    0.056
6852.550	    0.018
6853.782	    0.014
6855.013	    0.053
6856.245	    0.049
6857.476	    0.056
6858.708	    0.048
6859.941	    0.067
6861.173	    0.118
6862.406	    0.112
6863.639	    0.068
6864.872	    0.084
6866.105	    0.134
6867.339	    0.164
6868.573	    0.169
6869.807	    0.173
6871.041	    0.166
6872.276	    0.145
6873.510	    0.143
6874.745	    0.161
6875.980	    0.144
6877.216	    0.115
6878.451	    0.107
6879.687	    0.116
6880.923	    0.112
6882.159	    0.065
6883.396	    0.086
6884.633	    0.103
6885.870	    0.106
6887.107	    0.102
6888.344	    0.111
6889.582	    0.056
6890.820	    0.083
6892.058	    0.099
6893.296	    0.141
6894.534	    0.143
6895.773	    0.118
6897.012	    0.044
6898.251	    0.091
6899.490	    0.094
6900.730	    0.062
6901.970	    0.072
6903.210	    0.073
6904.450	    0.096
6905.691	    0.124
6906.931	    0.123
6908.172	    0.116
6909.413	    0.084
6910.655	    0.057
6911.896	    0.099
6913.138	    0.095
6914.380	    0.082
6915.623	    0.079
6916.865	    0.045
6918.108	    0.059
6919.351	    0.077
6920.594	    0.018
6921.837	    0.018
6923.081	    0.014
6924.325	    0.051
6925.569	    0.082
6926.813	    0.089
6928.058	    0.087
6929.302	    0.087
6930.547	    0.082
6931.792	    0.083
6933.038	    0.079
6934.284	    0.056
6935.529	    0.118
6936.775	    0.063
6938.022	    0.056
6939.268	    0.049
6940.515	    0.010
6941.762	    0.072
6943.009	    0.084
6944.257	    0.067
6945.504	    0.053
6946.752	    0.084
6948.000	    0.092
6949.248	    0.101
6950.497	    0.093
6951.746	    0.085
6952.995	    0.081
6954.244	    0.076
6955.493	    0.038
6956.743	    0.087
6957.993	    0.107
6959.243	    0.093
6960.493	    0.078
6961.744	    0.051
6962.995	    0.030
6964.246	    0.072
6965.497	    0.054
6966.748	    0.041
6968.000	    0.018
6969.252	    0.054
6970.504	    0.090
6971.756	    0.063
6973.009	    0.023
6974.262	    0.032
6975.515	    0.057
6976.768	    0.048
6978.022	    0.039
6979.275	    0.032
6980.529	    0.063
6981.783	    0.088
6983.038	    0.027
6984.292	    0.043
6985.547	    0.043
6986.802	    0.074
6988.058	    0.062
6989.313	    0.041
6990.569	    0.059
6991.825	    0.014
6993.081	    0.086
6994.337	    0.056
6995.594	    0.056
6996.851	    0.066
6998.108	    0.057
6999.365	    0.039
7000.623	    0.077
7001.881	    0.072
7003.139	    0.071
7004.397	    0.090
7005.655	    0.067
7006.914	    0.043
7008.173	    0.100
7022.036	    0.095
7023.297	    0.046
7024.559	    0.062
7025.821	    0.078
7027.083	    0.042
7028.346	    0.054
7029.609	    0.068
7030.872	    0.058
7032.135	    0.056
7033.398	    0.037
7034.662	    0.067
7035.926	    0.091
7037.190	    0.073
7038.454	    0.083
7039.719	    0.113
7040.984	    0.076
7042.249	    0.029
7043.514	    0.054
7044.779	    0.029
7046.045	    0.041
7047.311	    0.035
7048.577	    0.090
7049.844	    0.079
7057.447	    0.053
7058.715	    0.035
7059.983	    0.025
7061.251	    0.046
7062.520	    0.048
7063.789	    0.034
7065.058	    0.027
7066.327	    0.049
7067.597	    0.072
7068.867	    0.020
7070.137	    0.029
7071.407	    0.081
7072.677	    0.072
7073.948	    0.027
7075.219	    0.085
7076.490	    0.097
7077.762	    0.067
7079.033	    0.070
7080.305	    0.090
7081.577	    0.070
7082.850	    0.054
7084.122	    0.080
7085.395	    0.087
7086.668	    0.010
7087.941	    0.065
7089.214	    0.059
7090.488	    0.051
7091.762	    0.076
7093.036	    0.075
7094.311	    0.084
7095.585	    0.060
7096.860	    0.032
7098.135	    0.068
7099.410	    0.091
7100.686	    0.075
7101.962	    0.052
7103.238	    0.059
7104.514	    0.039
7105.790	    0.082
7107.067	    0.060
7108.344	    0.084
7109.621	    0.027
7110.898	    0.063
7112.176	    0.041
7113.454	    0.092
7114.732	    0.055
7116.010	    0.052
7117.288	    0.050
7118.567	    0.059
7119.846	    0.084
7121.125	    0.091
7122.405	    0.068
7123.684	    0.072
7124.964	    0.072
7126.244	    0.065
7127.525	    0.080
7128.805	    0.104
7130.086	    0.088
7131.367	    0.063
7132.648	    0.092
7133.930	    0.105
7135.212	    0.109
7136.494	    0.051
7137.776	    0.051
7139.058	    0.085
7140.341	    0.102
7141.624	    0.084
7142.907	    0.035
7144.190	    0.069
7145.474	    0.044
7146.757	    0.034
7148.041	    0.075
7149.326	    0.079
7154.465	    0.039
7155.750	    0.029
7157.036	    0.044
7158.322	    0.049
7159.608	    0.048
7160.894	    0.074
7162.181	    0.077
7163.468	    0.067
7164.755	    0.093
7166.042	    0.112
7167.329	    0.100
7168.617	    0.090
7169.905	    0.088
7171.193	    0.125
7172.482	    0.135
7173.770	    0.100
7175.059	    0.122
7176.348	    0.115
7177.638	    0.102
7178.927	    0.108
7180.217	    0.115
7181.507	    0.137
7182.797	    0.158
7184.088	    0.142
7185.379	    0.142
7186.670	    0.150
7187.961	    0.133
7189.252	    0.127
7190.544	    0.141
7191.836	    0.165
7193.128	    0.167
7194.420	    0.137
7195.713	    0.122
7197.006	    0.121
7198.299	    0.120
7199.592	    0.123
7200.885	    0.117
7202.179	    0.130
7203.473	    0.143
7204.767	    0.138
7206.062	    0.124
7207.356	    0.092
7208.651	    0.055
7209.947	    0.052
7211.242	    0.062
7212.538	    0.102
7213.833	    0.106
7215.129	    0.124
7216.426	    0.111
7217.722	    0.121
7219.019	    0.105
7220.316	    0.081
7221.613	    0.122
7222.911	    0.092
7224.208	    0.111
7225.506	    0.114
7226.805	    0.100
7228.103	    0.084
7229.402	    0.118
7230.700	    0.139
7232.000	    0.120
7233.299	    0.131
7234.599	    0.153
7235.898	    0.131
7237.198	    0.094
7238.499	    0.084
7239.799	    0.103
7241.100	    0.116
7242.401	    0.117
7243.702	    0.085
7245.003	    0.107
7246.305	    0.127
7247.607	    0.113
7248.909	    0.099
7250.212	    0.127
7251.514	    0.135
7252.817	    0.114
7254.120	    0.099
7255.423	    0.095
7256.727	    0.128
7258.031	    0.133
7259.335	    0.119
7260.639	    0.136
7261.943	    0.148
7263.248	    0.147
7264.553	    0.127
7265.858	    0.102
7267.164	    0.124
7268.469	    0.121
7269.775	    0.091
7271.081	    0.163
7277.616	    0.150
7278.923	    0.106
7280.231	    0.100
7281.539	    0.104
7282.847	    0.032
7284.156	    0.084
7285.464	    0.126
7286.773	    0.149
7288.082	    0.135
7289.392	    0.152
7290.701	    0.158
7292.011	    0.151
7293.321	    0.111
7294.632	    0.081
7295.942	    0.103
7297.253	    0.141
7298.564	    0.130
7299.876	    0.133
7301.187	    0.150
7302.499	    0.141
7303.811	    0.113
7305.123	    0.106
7306.436	    0.119
7307.748	    0.124
7309.061	    0.113
7310.374	    0.109
7311.688	    0.104
7313.002	    0.086
7314.315	    0.020
7315.630	    0.106
7316.944	    0.135
7318.259	    0.156
7319.573	    0.147
7320.888	    0.129
7322.204	    0.142
7323.519	    0.107
7324.835	    0.096
7326.151	    0.090
7327.467	    0.075
7328.784	    0.068
7330.101	    0.134
