1 1 997.53 1002.22
39.8144 
0.4783 
name    flux    f_err    vel    sig
Hgamma      	   2.47287	      0.13	 3164.4285	     63.09
Hbeta       	   1.95177	      0.13	 3164.4285	     63.09
Halpha      	   9.05018	      0.12	 3164.4285	     63.09
[SII]6716   	   1.51953	      0.10	 3731.5544	      0.54
[SII]6731   	  41.01664	      0.10	 3731.5544	      0.54
[OIII]5007_d	   0.00000	      0.15	 3731.5544	      0.54
[OI]6300_d  	   0.61021	      0.13	 3731.5544	      0.54
[NII]6583_d 	   0.67107	      0.13	 3731.5544	      0.54
