wlen 	 newgal_spectrum 
  4176.646 	      0.119
  4177.397 	      0.116
  4178.147 	      0.112
  4178.898 	      0.107
  4179.649 	      0.095
  4180.400 	      0.083
  4181.151 	      0.070
  4181.902 	      0.054
  4182.653 	      0.036
  4183.405 	      0.022
  4184.157 	      0.009
  4184.908 	     -0.007
  4185.660 	     -0.031
  4186.412 	     -0.047
  4187.164 	     -0.065
  4187.917 	     -0.090
  4188.669 	     -0.006
  4189.422 	     -0.021
  4190.174 	     -0.029
  4190.927 	     -0.005
  4191.680 	      0.000
  4192.433 	     -0.048
  4193.186 	     -0.096
  4193.940 	     -0.129
  4194.693 	     -0.045
  4195.447 	     -0.029
  4196.201 	      0.022
  4199.217 	      0.027
  4199.972 	      0.047
  4200.726 	      0.060
  4201.481 	      0.026
  4202.236 	      0.010
  4202.991 	      0.069
  4203.746 	      0.104
  4204.501 	      0.064
  4205.257 	      0.030
  4206.012 	      0.046
  4206.768 	     -0.026
  4207.524 	     -0.012
  4208.280 	      0.006
  4209.036 	     -0.006
  4209.792 	      0.012
  4210.548 	      0.017
  4211.305 	      0.013
  4212.061 	     -0.014
  4212.818 	     -0.052
  4213.575 	     -0.051
  4214.332 	     -0.029
  4215.089 	      0.030
  4215.846 	      0.056
  4216.604 	      0.034
  4217.361 	      0.013
  4218.119 	      0.009
  4218.877 	      0.110
  4219.635 	      0.085
  4220.393 	      0.062
  4221.151 	      0.072
  4221.910 	      0.114
  4222.668 	      0.060
  4223.427 	      0.001
  4224.186 	     -0.053
  4224.945 	     -0.008
  4225.704 	      0.003
  4226.463 	     -0.031
  4227.222 	     -0.133
  4227.982 	     -0.030
  4228.741 	     -0.020
  4229.501 	     -0.022
  4230.261 	     -0.034
  4231.021 	      0.026
  4231.781 	      0.085
  4232.542 	      0.097
  4233.302 	      0.058
  4234.063 	     -0.058
  4234.823 	      0.062
  4235.584 	      0.087
  4236.345 	      0.028
  4237.106 	      0.083
  4237.868 	      0.112
  4238.629 	      0.059
  4239.390 	     -0.049
  4240.152 	     -0.122
  4240.914 	     -0.084
  4241.676 	     -0.036
  4242.438 	      0.012
  4243.200 	      0.012
  4243.963 	      0.006
  4244.725 	      0.010
  4245.488 	      0.011
  4246.250 	     -0.022
  4247.013 	     -0.033
  4247.776 	     -0.033
  4248.540 	     -0.018
  4249.303 	      0.044
  4250.066 	      0.049
  4250.830 	      0.062
  4251.594 	      0.052
  4252.357 	     -0.024
  4253.121 	     -0.042
  4253.886 	      0.048
  4254.650 	      0.097
  4255.414 	      0.047
  4256.179 	      0.001
  4256.944 	      0.018
  4257.708 	      0.036
  4258.473 	      0.050
  4259.238 	     -0.014
  4260.004 	      0.024
  4260.769 	      0.041
  4261.535 	      0.043
  4262.300 	      0.085
  4263.066 	      0.086
  4263.832 	      0.067
  4264.598 	      0.038
  4265.364 	      0.016
  4266.130 	      0.027
  4266.897 	      0.011
  4267.664 	     -0.019
  4268.430 	     -0.063
  4269.197 	     -0.000
  4269.964 	     -0.021
  4270.731 	     -0.032
  4271.499 	      0.028
  4272.266 	      0.048
  4273.034 	      0.012
  4273.801 	      0.005
  4274.569 	      0.054
  4275.337 	      0.106
  4276.105 	      0.079
  4276.874 	      0.048
  4277.642 	      0.016
  4278.411 	      0.009
  4279.179 	      0.001
  4279.948 	      0.044
  4280.717 	      0.107
  4281.486 	      0.103
  4282.255 	      0.078
  4283.025 	      0.081
  4283.794 	      0.093
  4284.564 	      0.111
  4285.334 	      0.133
  4286.104 	      0.188
  4286.874 	      0.213
  4287.644 	      0.168
  4288.414 	      0.040
  4289.185 	      0.020
  4289.955 	     -0.009
  4290.726 	     -0.051
  4291.497 	     -0.024
  4292.268 	      0.025
  4293.039 	      0.006
  4293.811 	     -0.042
  4294.582 	     -0.000
  4295.354 	      0.090
  4296.125 	      0.044
  4296.897 	     -0.014
  4297.669 	      0.030
  4298.441 	      0.141
  4299.214 	      0.075
  4299.986 	      0.032
  4300.759 	      0.065
  4301.531 	     -0.062
  4302.304 	     -0.046
  4303.077 	      0.016
  4303.850 	      0.108
  4304.623 	      0.133
  4305.397 	      0.175
  4306.170 	      0.154
  4306.944 	      0.096
  4307.718 	     -0.002
  4308.492 	      0.018
  4309.266 	      0.038
  4310.040 	      0.057
  4310.814 	      0.071
  4311.589 	      0.059
  4312.364 	      0.060
  4313.138 	      0.073
  4313.913 	      0.091
  4314.688 	      0.037
  4315.464 	     -0.007
  4316.239 	      0.008
  4317.014 	      0.040
  4317.790 	      0.038
  4318.566 	      0.003
  4319.342 	      0.008
  4320.118 	      0.028
  4320.894 	      0.059
  4321.670 	      0.058
  4322.447 	      0.061
  4323.223 	      0.054
  4324.000 	      0.040
  4324.777 	      0.046
  4325.554 	      0.106
  4326.331 	      0.114
  4327.108 	      0.077
  4327.886 	     -0.042
  4328.663 	      0.044
  4329.441 	      0.017
  4330.219 	      0.023
  4330.997 	      0.095
  4331.775 	      0.000
  4332.553 	     -0.039
  4333.332 	     -0.041
  4334.110 	     -0.010
  4334.889 	      0.064
  4335.668 	      0.071
  4336.447 	      0.056
  4337.226 	      0.044
  4338.005 	      0.049
  4338.784 	      0.107
  4339.564 	      0.036
  4340.344 	     -0.022
  4341.123 	     -0.053
  4341.903 	     -0.020
  4342.683 	      0.013
  4343.464 	      0.023
  4344.244 	      0.009
  4345.024 	     -0.044
  4345.805 	     -0.108
  4346.586 	     -0.037
  4347.367 	      0.021
  4348.148 	      0.044
  4348.929 	      0.041
  4349.710 	      0.006
  4350.492 	     -0.011
  4351.274 	     -0.009
  4352.055 	      0.034
  4352.837 	      0.019
  4353.619 	      0.008
  4354.402 	      0.002
  4355.184 	      0.001
  4355.966 	      0.026
  4356.749 	      0.065
  4357.532 	      0.095
  4358.315 	      0.128
  4359.098 	      0.197
  4359.881 	      0.118
  4360.664 	      0.098
  4361.448 	      0.096
  4362.231 	      0.105
  4363.015 	      0.058
  4363.799 	      0.049
  4364.583 	      0.038
  4365.367 	      0.033
  4366.151 	      0.047
  4366.936 	      0.136
  4367.720 	      0.062
  4368.505 	      0.006
  4369.290 	      0.010
  4370.075 	      0.137
  4370.860 	      0.110
  4371.645 	      0.088
  4372.431 	      0.081
  4373.216 	      0.115
  4374.002 	      0.145
  4374.788 	      0.093
  4375.574 	      0.075
  4376.360 	      0.095
  4377.146 	      0.021
  4377.933 	      0.043
  4378.719 	      0.072
  4379.506 	      0.095
  4380.293 	      0.096
  4385.017 	      0.216
  4385.805 	      0.157
  4386.593 	      0.171
  4387.381 	      0.221
  4388.169 	      0.125
  4388.958 	      0.137
  4389.746 	      0.141
  4390.535 	      0.133
  4391.324 	      0.101
  4392.113 	      0.083
  4392.902 	      0.051
  4393.691 	      0.026
  4394.480 	      0.015
  4395.270 	      0.025
  4396.059 	      0.003
  4396.849 	     -0.018
  4397.639 	     -0.013
  4398.429 	      0.050
  4399.220 	      0.170
  4400.010 	      0.156
  4400.801 	      0.117
  4401.591 	      0.070
  4402.382 	      0.067
  4403.173 	      0.140
  4403.964 	      0.117
  4404.755 	      0.133
  4405.547 	      0.218
  4406.338 	      0.169
  4407.130 	      0.107
  4407.922 	      0.150
  4408.714 	      0.191
  4409.506 	      0.120
  4410.298 	      0.058
  4411.090 	      0.116
  4411.883 	      0.099
  4412.675 	      0.052
  4413.468 	      0.159
  4414.261 	      0.151
  4415.054 	      0.164
  4415.848 	      0.126
  4416.641 	      0.040
  4417.434 	      0.129
  4418.228 	      0.055
  4419.022 	      0.032
  4419.816 	      0.080
  4420.610 	      0.230
  4421.404 	      0.162
  4422.199 	      0.068
  4422.993 	      0.052
  4423.788 	      0.075
  4424.583 	      0.069
  4425.377 	      0.101
  4426.173 	      0.031
  4426.968 	     -0.037
  4427.763 	     -0.076
  4428.559 	     -0.025
  4429.354 	      0.002
  4430.150 	      0.022
  4430.946 	      0.017
  4431.742 	     -0.016
  4432.538 	      0.019
  4433.335 	      0.092
  4434.131 	      0.085
  4434.928 	      0.045
  4435.725 	     -0.003
  4436.522 	      0.049
  4437.319 	      0.009
  4438.116 	     -0.039
  4438.913 	     -0.069
  4439.711 	     -0.041
  4440.509 	      0.019
  4441.306 	      0.032
  4442.104 	      0.034
  4442.902 	      0.022
  4443.701 	     -0.014
  4444.499 	     -0.078
  4445.298 	     -0.037
  4446.096 	     -0.008
  4446.895 	     -0.017
  4447.694 	     -0.100
  4448.493 	     -0.091
  4449.292 	     -0.036
  4450.092 	      0.010
  4450.891 	      0.027
  4451.691 	      0.018
  4452.491 	     -0.044
  4453.291 	      0.016
  4454.091 	      0.046
  4454.891 	     -0.020
  4455.691 	     -0.005
  4456.492 	      0.004
  4457.293 	     -0.016
  4458.093 	     -0.051
  4458.894 	     -0.093
  4459.695 	     -0.123
  4460.497 	     -0.079
  4461.298 	     -0.015
  4462.100 	      0.024
  4462.901 	     -0.015
  4463.703 	      0.013
  4464.505 	     -0.034
  4465.307 	     -0.036
  4466.109 	     -0.022
  4466.912 	     -0.039
  4467.714 	     -0.012
  4468.517 	     -0.046
  4469.320 	     -0.071
  4470.123 	     -0.094
  4470.926 	     -0.135
  4471.729 	     -0.176
  4472.533 	     -0.175
  4473.336 	     -0.172
  4474.140 	     -0.168
  4474.944 	     -0.164
  4475.748 	     -0.159
  4476.552 	     -0.155
  4477.356 	     -0.151
  4478.161 	     -0.147
  4478.965 	     -0.142
  4479.770 	     -0.137
  4480.575 	     -0.133
  4481.380 	     -0.129
  4482.185 	     -0.125
  4482.990 	     -0.121
  4483.796 	     -0.116
  4484.601 	     -0.112
  4485.407 	     -0.108
  4486.213 	     -0.104
  4487.019 	     -0.099
  4487.825 	     -0.094
  4488.631 	     -0.090
  4489.438 	     -0.086
  4490.244 	     -0.082
  4491.051 	     -0.077
  4491.858 	     -0.072
  4492.665 	     -0.068
  4493.472 	     -0.064
  4494.280 	     -0.059
  4495.087 	     -0.055
  4495.895 	     -0.049
  4496.702 	     -0.045
  4497.510 	     -0.041
  4498.318 	     -0.038
  4499.127 	     -0.039
  4499.935 	     -0.026
  4500.743 	     -0.092
  4501.552 	     -0.093
  4502.361 	     -0.057
  4503.170 	     -0.048
  4503.979 	     -0.057
  4504.788 	     -0.045
  4505.597 	     -0.038
  4506.407 	     -0.029
  4507.216 	     -0.011
  4508.026 	     -0.031
  4508.836 	     -0.068
  4509.646 	     -0.083
  4510.456 	     -0.074
  4511.267 	     -0.040
  4512.077 	     -0.068
  4512.888 	     -0.107
  4513.699 	     -0.106
  4514.510 	     -0.063
  4515.321 	      0.017
  4516.132 	      0.088
  4516.943 	      0.084
  4517.755 	      0.049
  4518.567 	      0.023
  4519.379 	      0.025
  4520.191 	      0.047
  4521.003 	      0.048
  4521.815 	      0.025
  4522.627 	     -0.021
  4523.440 	     -0.077
  4524.253 	     -0.075
  4525.065 	     -0.072
  4525.878 	     -0.050
  4526.692 	     -0.017
  4527.505 	      0.007
  4528.318 	     -0.028
  4529.132 	     -0.020
  4529.946 	     -0.017
  4530.759 	      0.018
  4531.573 	      0.035
  4532.388 	     -0.051
  4533.202 	     -0.066
  4534.016 	     -0.001
  4534.831 	      0.037
  4535.646 	      0.075
  4536.461 	      0.135
  4537.276 	      0.041
  4538.091 	     -0.018
  4538.906 	     -0.021
  4539.722 	     -0.019
  4540.537 	     -0.033
  4541.353 	     -0.025
  4542.169 	     -0.070
  4542.985 	     -0.062
  4543.801 	     -0.060
  4544.618 	     -0.064
  4545.434 	     -0.032
  4546.251 	      0.041
  4547.068 	      0.024
  4547.885 	      0.031
  4548.702 	      0.051
  4549.519 	      0.049
  4550.336 	     -0.041
  4551.154 	     -0.027
  4551.972 	     -0.023
  4552.789 	     -0.015
  4553.607 	      0.009
  4554.425 	      0.033
  4555.244 	      0.022
  4556.062 	      0.042
  4556.881 	      0.017
  4557.699 	     -0.054
  4558.518 	     -0.076
  4559.337 	     -0.038
  4560.156 	     -0.048
  4560.976 	     -0.045
  4561.795 	     -0.024
  4562.615 	      0.010
  4563.435 	      0.006
  4564.254 	     -0.010
  4565.074 	     -0.013
  4565.895 	     -0.008
  4566.715 	     -0.005
  4567.535 	     -0.053
  4568.356 	     -0.047
  4569.177 	     -0.029
  4569.998 	     -0.010
  4570.819 	     -0.012
  4571.640 	     -0.081
  4572.461 	     -0.122
  4573.283 	     -0.022
  4574.105 	      0.020
  4574.926 	      0.003
  4575.748 	     -0.048
  4576.570 	     -0.061
  4577.393 	     -0.081
  4578.215 	     -0.099
  4579.038 	     -0.100
  4579.860 	     -0.080
  4580.683 	     -0.044
  4581.506 	     -0.050
  4582.329 	     -0.065
  4583.153 	     -0.050
  4583.976 	     -0.024
  4584.800 	     -0.014
  4585.623 	     -0.037
  4586.447 	     -0.061
  4587.271 	     -0.028
  4588.095 	      0.006
  4588.920 	      0.012
  4589.744 	     -0.017
  4590.569 	     -0.030
  4591.394 	     -0.019
  4592.219 	     -0.012
  4593.044 	     -0.010
  4593.869 	     -0.013
  4594.694 	     -0.048
  4595.520 	     -0.084
  4596.345 	     -0.067
  4597.171 	     -0.042
  4597.997 	     -0.032
  4598.823 	     -0.047
  4599.649 	     -0.096
  4600.476 	     -0.082
  4601.302 	     -0.064
  4602.129 	     -0.061
  4602.956 	     -0.086
  4603.783 	     -0.089
  4604.610 	     -0.055
  4605.437 	      0.003
  4606.265 	      0.037
  4607.092 	      0.037
  4607.920 	      0.015
  4608.748 	     -0.014
  4609.576 	     -0.038
  4610.404 	     -0.035
  4611.232 	     -0.031
  4612.061 	     -0.038
  4612.890 	     -0.009
  4613.718 	      0.023
  4614.547 	      0.020
  4615.376 	     -0.011
  4616.206 	     -0.044
  4617.035 	     -0.049
  4617.864 	     -0.026
  4618.694 	     -0.024
  4619.524 	     -0.024
  4620.354 	     -0.040
  4621.184 	     -0.063
  4622.014 	     -0.061
  4622.845 	      0.007
  4623.675 	     -0.012
  4624.506 	     -0.027
  4625.337 	     -0.035
  4626.168 	     -0.036
  4626.999 	     -0.031
  4627.830 	      0.027
  4628.662 	     -0.021
  4629.493 	     -0.041
  4630.325 	     -0.025
  4631.157 	      0.006
  4631.989 	      0.033
  4632.821 	     -0.009
  4633.654 	      0.006
  4634.486 	      0.010
  4635.319 	     -0.012
  4636.152 	     -0.057
  4636.985 	     -0.058
  4637.818 	     -0.047
  4638.651 	     -0.039
  4639.484 	     -0.031
  4640.318 	     -0.038
  4641.152 	     -0.100
  4641.985 	     -0.088
  4642.819 	     -0.088
  4643.654 	     -0.101
  4644.488 	     -0.109
  4645.322 	     -0.096
  4646.157 	     -0.056
  4646.992 	     -0.010
  4647.827 	     -0.040
  4648.662 	     -0.053
  4649.497 	     -0.048
  4650.332 	     -0.035
  4651.168 	     -0.006
  4652.003 	     -0.084
  4652.839 	     -0.087
  4653.675 	     -0.037
  4654.511 	      0.013
  4655.347 	      0.018
  4656.184 	     -0.009
  4657.020 	     -0.056
  4657.857 	     -0.077
  4658.694 	     -0.075
  4659.531 	     -0.050
  4660.368 	     -0.010
  4661.205 	      0.010
  4662.043 	     -0.017
  4662.881 	     -0.025
  4663.718 	     -0.027
  4664.556 	     -0.021
  4665.394 	     -0.004
  4666.232 	     -0.010
  4667.071 	     -0.040
  4667.909 	     -0.034
  4668.748 	     -0.027
  4669.587 	     -0.036
  4670.426 	     -0.065
  4671.265 	     -0.068
  4672.104 	     -0.044
  4672.944 	     -0.034
  4673.783 	     -0.075
  4674.623 	     -0.101
  4675.463 	     -0.028
  4676.303 	     -0.052
  4677.143 	     -0.061
  4677.983 	     -0.080
  4678.824 	     -0.081
  4679.664 	     -0.071
  4680.505 	     -0.072
  4681.346 	     -0.109
  4682.187 	     -0.051
  4683.028 	     -0.058
  4683.870 	     -0.059
  4684.711 	     -0.048
  4685.553 	     -0.039
  4686.395 	     -0.087
  4687.237 	      0.008
  4688.079 	      0.052
  4688.921 	      0.055
  4689.764 	      0.014
  4690.606 	     -0.056
  4691.449 	     -0.068
  4692.292 	      0.038
  4693.135 	     -0.051
  4693.978 	     -0.072
  4694.821 	     -0.028
  4695.665 	      0.028
  4696.508 	      0.042
  4697.352 	      0.071
  4698.196 	      0.031
  4699.040 	      0.049
  4699.885 	      0.071
  4700.729 	      0.055
  4701.574 	      0.020
  4702.418 	      0.045
  4703.263 	      0.037
  4704.108 	      0.027
  4704.953 	      0.018
  4705.799 	      0.008
  4706.644 	     -0.014
  4707.490 	     -0.058
  4708.335 	     -0.005
  4709.181 	      0.033
  4710.027 	      0.026
  4710.874 	     -0.016
  4711.720 	     -0.055
  4712.567 	     -0.015
  4713.413 	      0.001
  4714.260 	     -0.025
  4715.107 	     -0.029
  4715.954 	     -0.041
  4716.802 	     -0.082
  4717.649 	     -0.051
  4718.497 	     -0.028
  4719.344 	     -0.009
  4720.192 	      0.006
  4721.040 	      0.025
  4721.888 	      0.054
  4722.737 	      0.101
  4723.585 	      0.097
  4724.434 	      0.062
  4725.283 	      0.011
  4726.132 	     -0.009
  4726.981 	      0.006
  4727.830 	      0.035
  4728.680 	      0.083
  4729.529 	      0.028
  4730.379 	      0.025
  4731.229 	      0.032
  4732.079 	      0.031
  4732.929 	      0.020
  4733.779 	      0.038
  4734.630 	      0.107
  4735.480 	      0.077
  4736.331 	      0.043
  4737.182 	      0.015
  4738.033 	     -0.005
  4738.885 	     -0.014
  4739.736 	     -0.044
  4740.588 	      0.063
  4741.439 	      0.033
  4742.291 	      0.004
  4743.143 	     -0.004
  4743.995 	     -0.014
  4744.848 	     -0.037
  4745.700 	     -0.021
  4746.553 	     -0.057
  4747.406 	     -0.058
  4748.259 	     -0.044
  4749.112 	     -0.033
  4749.965 	     -0.034
  4750.818 	     -0.081
  4751.672 	      0.006
  4752.526 	      0.018
  4753.379 	      0.000
  4754.233 	     -0.014
  4755.088 	     -0.010
  4755.942 	     -0.028
  4756.796 	      0.057
  4757.651 	      0.036
  4758.506 	      0.008
  4759.361 	      0.030
  4760.216 	      0.054
  4761.071 	     -0.022
  4761.926 	     -0.047
  4762.782 	     -0.047
  4763.638 	     -0.034
  4764.494 	      0.006
  4765.350 	      0.036
  4766.206 	      0.042
  4767.062 	      0.076
  4767.919 	      0.006
  4768.775 	     -0.035
  4769.632 	     -0.056
  4770.489 	     -0.046
  4771.346 	     -0.053
  4772.203 	     -0.099
  4773.061 	     -0.052
  4773.918 	     -0.046
  4774.776 	     -0.056
  4775.634 	     -0.071
  4776.492 	     -0.085
  4777.350 	     -0.081
  4778.208 	     -0.045
  4779.067 	     -0.020
  4779.925 	     -0.024
  4780.784 	     -0.035
  4781.643 	     -0.043
  4782.502 	     -0.024
  4783.361 	      0.007
  4784.221 	     -0.013
  4785.080 	     -0.073
  4785.940 	     -0.057
  4786.800 	     -0.056
  4787.660 	     -0.063
  4788.520 	     -0.069
  4789.381 	     -0.065
  4790.241 	     -0.032
  4791.102 	      0.014
  4791.962 	      0.066
  4792.823 	      0.071
  4793.684 	      0.060
  4794.546 	      0.044
  4795.407 	      0.023
  4796.269 	     -0.015
  4797.130 	      0.066
  4797.992 	     -0.015
  4798.854 	     -0.058
  4799.717 	     -0.058
  4800.579 	     -0.047
  4801.441 	     -0.038
  4802.304 	      0.017
  4803.167 	     -0.045
  4804.030 	     -0.061
  4804.893 	      0.006
  4805.756 	      0.008
  4806.620 	     -0.003
  4807.483 	      0.020
  4808.347 	     -0.087
  4809.211 	     -0.021
  4810.075 	     -0.038
  4810.939 	     -0.002
  4811.803 	     -0.032
  4812.668 	     -0.073
  4813.533 	     -0.041
  4814.397 	      0.029
  4815.262 	     -0.022
  4816.128 	     -0.005
  4816.993 	      0.042
  4817.858 	      0.035
  4818.724 	     -0.008
  4819.590 	     -0.041
  4820.456 	     -0.048
  4821.322 	      0.007
  4822.188 	      0.008
  4823.054 	     -0.013
  4823.921 	     -0.019
  4824.787 	     -0.032
  4825.654 	     -0.060
  4826.521 	     -0.062
  4827.388 	     -0.038
  4828.256 	      0.060
  4829.123 	      0.024
  4829.991 	     -0.017
  4830.859 	     -0.024
  4831.727 	     -0.010
  4832.595 	     -0.022
  4833.463 	     -0.102
  4834.331 	     -0.077
  4835.200 	      0.022
  4836.069 	      0.050
  4836.937 	     -0.005
  4837.806 	     -0.067
  4838.676 	     -0.054
  4839.545 	     -0.025
  4840.415 	     -0.048
  4841.284 	     -0.036
  4842.154 	      0.004
  4843.024 	     -0.021
  4843.894 	     -0.075
  4844.764 	     -0.076
  4845.635 	      0.008
  4846.505 	      0.013
  4847.376 	     -0.004
  4848.247 	     -0.019
  4849.118 	     -0.009
  4849.989 	      0.010
  4850.861 	      0.010
  4851.732 	     -0.022
  4852.604 	     -0.009
  4853.476 	      0.048
  4854.348 	      0.017
  4855.220 	      0.010
  4856.092 	     -0.006
  4856.965 	     -0.023
  4857.837 	     -0.022
  4858.710 	     -0.040
  4859.583 	     -0.059
  4860.456 	     -0.029
  4861.329 	     -0.016
  4862.203 	     -0.003
  4863.076 	      0.001
  4863.950 	     -0.019
  4864.824 	     -0.054
  4865.698 	      0.034
  4866.572 	      0.006
  4867.447 	     -0.002
  4868.321 	      0.022
  4869.196 	      0.011
  4870.071 	     -0.028
  4870.946 	     -0.063
  4871.821 	     -0.116
  4872.696 	     -0.072
  4873.571 	     -0.072
  4874.447 	     -0.025
  4875.323 	     -0.044
  4876.199 	     -0.074
  4877.075 	     -0.082
  4877.951 	     -0.083
  4878.827 	     -0.046
  4879.704 	     -0.047
  4880.581 	     -0.094
  4881.458 	     -0.088
  4882.335 	     -0.046
  4883.212 	     -0.004
  4884.089 	      0.007
  4884.967 	     -0.018
  4885.844 	     -0.060
  4886.722 	     -0.088
  4887.600 	     -0.053
  4888.478 	     -0.068
  4889.356 	     -0.083
  4890.235 	     -0.060
  4891.114 	     -0.008
  4891.992 	      0.021
  4892.871 	      0.093
  4893.750 	      0.046
  4894.630 	      0.022
  4895.509 	      0.002
  4896.388 	     -0.002
  4897.268 	      0.007
  4898.148 	      0.002
  4899.028 	     -0.057
  4899.908 	     -0.093
  4900.789 	     -0.115
  4901.669 	     -0.131
  4902.550 	     -0.144
  4903.431 	     -0.120
  4904.312 	     -0.049
  4905.193 	      0.087
  4906.074 	      0.375
  4906.955 	      0.942
  4907.837 	      1.540
  4908.719 	      1.813
  4909.601 	      1.601
  4910.483 	      1.023
  4911.365 	      0.406
  4912.247 	      0.038
  4913.130 	     -0.092
  4914.013 	     -0.104
  4914.896 	     -0.108
  4915.779 	     -0.091
  4916.662 	     -0.039
  4917.545 	     -0.023
  4918.429 	     -0.041
  4919.312 	     -0.046
  4920.196 	     -0.024
  4921.080 	     -0.057
  4921.964 	     -0.002
  4922.849 	      0.021
  4923.733 	      0.003
  4924.618 	     -0.009
  4925.502 	     -0.000
  4926.387 	      0.011
  4927.273 	     -0.002
  4928.158 	      0.021
  4929.043 	      0.023
  4929.929 	      0.027
  4930.815 	     -0.007
  4931.700 	     -0.046
  4932.586 	     -0.040
  4933.473 	     -0.006
  4934.359 	     -0.001
  4935.246 	      0.030
  4936.132 	     -0.005
  4937.019 	     -0.046
  4937.906 	     -0.120
  4938.793 	     -0.118
  4939.681 	     -0.067
  4940.568 	     -0.035
  4941.456 	     -0.043
  4942.344 	     -0.016
  4943.232 	      0.002
  4944.120 	     -0.004
  4945.008 	      0.017
  4945.896 	     -0.015
  4946.785 	     -0.045
  4947.674 	     -0.035
  4948.563 	      0.007
  4949.452 	      0.038
  4950.341 	     -0.011
  4951.230 	     -0.000
  4952.120 	      0.002
  4953.010 	     -0.002
  4953.900 	      0.051
  4954.790 	      0.020
  4955.680 	     -0.061
  4956.570 	     -0.064
  4957.461 	     -0.049
  4958.351 	     -0.017
  4959.242 	     -0.064
  4960.133 	     -0.039
  4961.024 	     -0.032
  4961.916 	      0.010
  4962.807 	      0.034
  4963.699 	      0.031
  4964.591 	      0.039
  4965.483 	     -0.080
  4966.375 	     -0.095
  4967.267 	     -0.146
  4968.159 	     -0.098
  4969.052 	     -0.096
  4969.945 	     -0.095
  4970.838 	     -0.066
  4971.731 	     -0.027
  4972.624 	     -0.009
  4973.518 	      0.012
  4974.411 	     -0.025
  4975.305 	      0.006
  4976.199 	     -0.004
  4977.093 	     -0.009
  4977.987 	      0.002
  4978.881 	      0.006
  4979.776 	     -0.008
  4980.671 	     -0.014
  4981.565 	     -0.029
  4982.460 	     -0.096
  4983.356 	     -0.049
  4984.251 	     -0.033
  4985.146 	     -0.027
  4986.042 	     -0.055
  4986.938 	     -0.091
  4987.834 	     -0.089
  4988.730 	     -0.056
  4989.626 	     -0.031
  4990.523 	     -0.001
  4991.419 	     -0.055
  4992.316 	     -0.046
  4993.213 	     -0.044
  4994.110 	     -0.077
  4995.007 	     -0.084
  4995.905 	     -0.019
  4996.802 	      0.046
  4997.700 	     -0.009
  4998.598 	     -0.050
  4999.496 	     -0.004
  5000.394 	     -0.010
  5001.293 	     -0.045
  5002.191 	     -0.075
  5003.090 	     -0.048
  5003.989 	      0.016
  5004.888 	      0.046
  5005.787 	      0.082
  5006.687 	      0.108
  5007.586 	      0.095
  5008.486 	      0.069
  5009.386 	      0.040
  5010.286 	      0.014
  5011.186 	     -0.021
  5012.086 	     -0.052
  5012.987 	     -0.052
  5013.887 	     -0.033
  5014.788 	     -0.066
  5015.689 	     -0.077
  5016.590 	     -0.067
  5017.492 	     -0.095
  5018.393 	     -0.088
  5019.295 	     -0.043
  5020.197 	     -0.027
  5021.098 	     -0.054
  5022.001 	     -0.060
  5022.903 	     -0.065
  5023.805 	     -0.049
  5024.708 	     -0.046
  5025.611 	     -0.045
  5026.514 	     -0.022
  5027.417 	     -0.046
  5028.320 	     -0.065
  5029.223 	     -0.074
  5030.127 	     -0.102
  5031.031 	     -0.095
  5031.935 	     -0.040
  5032.839 	     -0.097
  5033.743 	     -0.074
  5034.647 	     -0.071
  5035.552 	     -0.061
  5036.456 	     -0.039
  5037.361 	     -0.018
  5038.266 	     -0.013
  5039.172 	     -0.016
  5040.077 	     -0.018
  5040.982 	     -0.095
  5041.888 	     -0.061
  5042.794 	     -0.040
  5043.700 	     -0.041
  5044.606 	     -0.039
  5045.513 	     -0.014
  5046.419 	     -0.031
  5047.326 	     -0.036
  5048.233 	      0.031
  5049.140 	     -0.037
  5050.047 	     -0.124
  5050.954 	     -0.059
  5051.861 	     -0.025
  5052.769 	      0.082
  5053.677 	      0.266
  5054.585 	      0.436
  5055.493 	      0.545
  5056.401 	      0.515
  5057.310 	      0.328
  5058.218 	      0.180
  5059.127 	      0.151
  5060.036 	      0.028
  5060.945 	     -0.033
  5061.855 	     -0.082
  5062.764 	     -0.102
  5063.674 	     -0.083
  5064.583 	     -0.031
  5065.493 	     -0.026
  5066.403 	     -0.078
  5067.314 	     -0.062
  5068.224 	     -0.088
  5069.135 	     -0.042
  5070.045 	     -0.033
  5070.956 	     -0.036
  5071.867 	     -0.036
  5072.779 	     -0.049
  5073.690 	     -0.001
  5074.602 	      0.025
  5075.513 	     -0.002
  5076.425 	     -0.006
  5077.337 	     -0.077
  5078.249 	     -0.029
  5079.162 	     -0.054
  5080.074 	     -0.053
  5080.987 	     -0.019
  5081.900 	      0.025
  5082.813 	      0.022
  5083.726 	      0.012
  5084.640 	      0.018
  5085.553 	      0.023
  5086.467 	      0.022
  5087.381 	     -0.010
  5088.295 	      0.032
  5089.209 	     -0.056
  5090.123 	     -0.054
  5091.038 	     -0.075
  5091.952 	     -0.062
  5092.867 	     -0.014
  5093.782 	      0.012
  5094.697 	      0.001
  5095.613 	     -0.020
  5096.528 	     -0.038
  5097.444 	     -0.007
  5098.360 	      0.007
  5099.276 	      0.004
  5100.192 	      0.004
  5101.108 	     -0.051
  5102.025 	     -0.063
  5102.941 	     -0.035
  5103.858 	      0.013
  5104.775 	      0.041
  5105.692 	      0.022
  5106.610 	     -0.010
  5107.527 	     -0.027
  5108.445 	     -0.013
  5109.363 	      0.010
  5110.281 	      0.003
  5111.199 	      0.002
  5112.117 	     -0.006
  5113.036 	     -0.031
  5113.954 	     -0.045
  5114.873 	     -0.035
  5115.792 	     -0.017
  5116.711 	     -0.013
  5117.630 	     -0.017
  5118.550 	     -0.020
  5119.469 	     -0.021
  5120.389 	     -0.031
  5121.309 	     -0.019
  5122.229 	     -0.035
  5123.150 	     -0.024
  5124.070 	     -0.033
  5124.991 	     -0.052
  5125.911 	     -0.036
  5126.832 	     -0.013
  5127.753 	     -0.050
  5128.675 	     -0.065
  5129.596 	     -0.106
  5130.518 	     -0.115
  5131.440 	     -0.070
  5132.362 	     -0.045
  5133.284 	     -0.018
  5134.206 	     -0.008
  5135.128 	     -0.019
  5136.051 	     -0.035
  5136.974 	     -0.017
  5137.897 	      0.025
  5138.820 	      0.010
  5139.743 	     -0.009
  5140.666 	     -0.087
  5141.590 	     -0.022
  5142.514 	     -0.017
  5143.438 	     -0.013
  5144.362 	     -0.020
  5145.286 	     -0.034
  5146.211 	     -0.065
  5147.135 	     -0.077
  5148.060 	     -0.047
  5148.985 	     -0.013
  5149.910 	     -0.005
  5150.835 	      0.001
  5151.761 	      0.002
  5152.686 	     -0.059
  5153.612 	      0.011
  5154.538 	      0.003
  5155.464 	     -0.020
  5156.390 	     -0.009
  5157.317 	     -0.042
  5158.243 	     -0.040
  5159.170 	      0.005
  5160.097 	     -0.007
  5161.024 	     -0.055
  5161.951 	     -0.053
  5162.879 	      0.037
  5163.806 	     -0.006
  5164.734 	     -0.015
  5165.662 	     -0.004
  5166.590 	     -0.025
  5167.518 	      0.047
  5168.447 	      0.051
  5169.375 	      0.010
  5170.304 	      0.002
  5171.233 	      0.027
  5172.162 	      0.039
  5173.091 	      0.009
  5174.021 	     -0.059
  5174.950 	     -0.059
  5175.880 	     -0.023
  5176.810 	     -0.024
  5177.740 	     -0.051
  5178.670 	     -0.066
  5179.601 	      0.005
  5180.531 	     -0.009
  5181.462 	     -0.014
  5182.393 	      0.014
  5183.324 	      0.021
  5184.255 	      0.021
  5185.187 	      0.020
  5186.118 	      0.013
  5187.050 	     -0.080
  5187.982 	     -0.052
  5188.914 	      0.004
  5189.846 	      0.067
  5190.779 	      0.077
  5191.712 	      0.046
  5192.644 	      0.061
  5193.577 	      0.101
  5194.510 	      0.110
  5195.444 	      0.090
  5196.377 	      0.075
  5197.311 	      0.075
  5198.244 	      0.075
  5199.178 	      0.075
  5200.112 	      0.076
  5201.047 	      0.076
  5201.981 	      0.076
  5202.916 	      0.077
  5203.851 	      0.077
  5204.786 	      0.078
  5205.721 	      0.078
  5206.656 	      0.079
  5207.591 	      0.080
  5208.527 	      0.080
  5209.463 	      0.081
  5210.399 	      0.082
  5211.335 	      0.083
  5212.271 	      0.084
  5213.208 	      0.085
  5214.144 	      0.086
  5215.081 	      0.087
  5216.018 	      0.088
  5216.955 	      0.089
  5217.892 	      0.091
  5218.830 	      0.092
  5219.768 	      0.093
  5220.705 	      0.093
  5221.643 	      0.094
  5222.582 	      0.095
  5223.520 	      0.096
  5224.458 	      0.096
  5225.397 	      0.096
  5226.336 	      0.097
  5227.275 	      0.097
  5228.214 	      0.097
  5229.153 	      0.097
  5230.093 	      0.097
  5231.032 	      0.096
  5231.972 	      0.096
  5232.912 	      0.096
  5233.852 	      0.095
  5234.793 	      0.094
  5235.733 	      0.094
  5236.674 	      0.093
  5237.615 	      0.085
  5238.556 	      0.065
  5239.497 	      0.063
  5240.438 	      0.091
  5241.380 	      0.051
  5242.322 	      0.025
  5255.523 	     -0.003
  5256.467 	      0.002
  5257.412 	      0.063
  5258.356 	      0.023
  5259.301 	     -0.030
  5260.246 	     -0.012
  5261.191 	      0.023
  5262.136 	      0.034
  5263.082 	      0.035
  5264.027 	      0.045
  5264.973 	      0.055
  5265.919 	      0.041
  5266.865 	      0.015
  5267.811 	      0.021
  5268.758 	      0.045
  5269.704 	      0.041
  5270.651 	      0.052
  5271.598 	      0.062
  5272.545 	      0.073
  5273.493 	      0.047
  5274.440 	      0.009
  5275.388 	      0.000
  5276.335 	     -0.010
  5277.283 	      0.000
  5278.232 	      0.003
  5279.180 	     -0.019
  5280.128 	     -0.036
  5281.077 	     -0.012
  5282.026 	      0.025
  5282.975 	      0.015
  5283.924 	     -0.012
  5284.873 	     -0.028
  5285.823 	     -0.037
  5286.773 	     -0.018
  5287.722 	      0.023
  5288.672 	      0.049
  5289.623 	      0.125
  5290.573 	      0.076
  5291.523 	      0.110
  5292.474 	      0.061
  5293.425 	      0.007
  5294.376 	      0.037
  5295.327 	      0.029
  5296.279 	      0.012
  5297.230 	      0.030
  5298.182 	      0.042
  5299.134 	      0.028
  5300.086 	      0.004
  5301.038 	      0.010
  5301.991 	      0.065
  5302.943 	      0.041
  5303.896 	      0.031
  5304.849 	     -0.029
  5305.802 	     -0.022
  5306.755 	      0.006
  5307.709 	      0.042
  5308.662 	      0.007
  5309.616 	     -0.007
  5310.570 	      0.016
  5311.524 	     -0.028
  5312.478 	      0.013
  5313.433 	      0.043
  5314.388 	     -0.018
  5315.342 	     -0.060
  5316.297 	     -0.053
  5317.252 	     -0.061
  5318.208 	     -0.071
  5319.163 	     -0.072
  5320.119 	     -0.078
  5321.075 	     -0.076
  5322.031 	     -0.067
  5322.987 	      0.014
  5323.943 	     -0.010
  5324.900 	     -0.048
  5325.857 	     -0.020
  5326.813 	     -0.073
  5327.770 	     -0.008
  5328.728 	     -0.043
  5329.685 	     -0.008
  5330.643 	     -0.030
  5331.600 	     -0.024
  5332.558 	      0.023
  5333.516 	      0.078
  5334.475 	      0.060
  5335.433 	     -0.003
  5336.392 	     -0.008
  5337.350 	     -0.010
  5338.309 	      0.032
  5339.268 	      0.041
  5340.228 	      0.079
  5341.187 	      0.001
  5342.147 	     -0.018
  5343.107 	      0.034
  5344.067 	      0.043
  5345.027 	      0.070
  5345.987 	     -0.028
  5346.947 	     -0.078
  5347.908 	     -0.061
  5348.869 	     -0.079
  5349.830 	     -0.058
  5350.791 	     -0.023
  5351.752 	      0.011
  5352.714 	      0.029
  5353.676 	      0.045
  5354.638 	      0.063
  5355.600 	      0.025
  5356.562 	      0.024
  5357.524 	      0.111
  5358.487 	      0.068
  5359.449 	      0.030
  5360.412 	     -0.034
  5361.375 	      0.035
  5362.339 	      0.057
  5363.302 	      0.076
  5364.266 	     -0.033
  5365.230 	      0.041
  5366.193 	     -0.050
  5367.158 	      0.015
  5368.122 	     -0.072
  5369.086 	     -0.007
  5370.051 	     -0.002
  5371.016 	     -0.051
  5371.981 	     -0.023
  5372.946 	     -0.026
  5373.911 	      0.016
  5374.877 	     -0.005
  5375.842 	     -0.037
  5376.808 	     -0.014
  5377.774 	      0.005
  5378.741 	      0.005
  5379.707 	     -0.031
  5380.673 	     -0.084
  5381.640 	     -0.098
  5382.607 	     -0.096
  5383.574 	     -0.041
  5394.223 	     -0.044
  5395.192 	     -0.045
  5396.162 	     -0.049
  5397.131 	     -0.028
  5398.101 	     -0.023
  5399.071 	      0.026
  5400.041 	      0.006
  5401.011 	     -0.045
  5401.981 	     -0.045
  5402.952 	     -0.019
  5403.923 	      0.014
  5404.894 	      0.010
  5405.865 	     -0.011
  5406.836 	     -0.028
  5407.807 	     -0.000
  5408.779 	      0.004
  5409.751 	      0.001
  5410.723 	      0.050
  5411.695 	     -0.040
  5412.667 	     -0.000
  5413.639 	      0.037
  5414.612 	     -0.117
  5415.585 	     -0.023
  5416.558 	     -0.035
  5417.531 	      0.012
  5418.504 	     -0.044
  5419.478 	     -0.061
  5420.452 	     -0.028
  5421.426 	     -0.065
  5422.400 	     -0.096
  5423.374 	     -0.082
  5424.348 	     -0.054
  5425.323 	     -0.037
  5426.297 	     -0.006
  5427.272 	      0.022
  5428.247 	      0.021
  5429.223 	      0.033
  5430.198 	      0.041
  5431.174 	      0.007
  5432.150 	     -0.044
  5433.126 	     -0.060
  5434.102 	     -0.022
  5435.078 	      0.001
  5436.055 	      0.011
  5437.031 	      0.031
  5438.008 	      0.050
  5438.985 	     -0.003
  5439.962 	      0.010
  5440.940 	     -0.036
  5441.917 	     -0.038
  5442.895 	     -0.022
  5443.873 	      0.024
  5444.851 	     -0.062
  5445.829 	     -0.098
  5446.808 	     -0.032
  5447.786 	     -0.065
  5448.765 	     -0.041
  5449.744 	     -0.042
  5450.723 	     -0.024
  5451.702 	     -0.076
  5452.682 	     -0.023
  5453.661 	     -0.049
  5454.641 	     -0.069
  5455.621 	     -0.041
  5456.601 	      0.006
  5457.582 	     -0.005
  5458.562 	     -0.032
  5459.543 	     -0.048
  5460.524 	     -0.039
  5461.505 	     -0.014
  5462.486 	     -0.001
  5463.468 	     -0.035
  5464.449 	     -0.043
  5465.431 	     -0.032
  5466.413 	     -0.041
  5467.395 	     -0.023
  5468.377 	     -0.005
  5469.360 	      0.019
  5470.343 	      0.051
  5471.325 	      0.056
  5472.308 	      0.025
  5480.179 	      0.037
  5481.163 	      0.010
  5482.148 	     -0.025
  5483.133 	     -0.082
  5484.118 	     -0.052
  5485.104 	      0.004
  5486.089 	      0.029
  5487.075 	      0.011
  5488.060 	     -0.061
  5489.047 	     -0.065
  5490.033 	     -0.033
  5491.019 	     -0.046
  5492.006 	      0.015
  5492.992 	      0.052
  5493.979 	     -0.002
  5494.966 	      0.014
  5495.954 	     -0.020
  5496.941 	     -0.005
  5497.929 	      0.040
  5498.916 	      0.012
  5499.904 	     -0.003
  5500.892 	      0.016
  5501.881 	      0.028
  5502.869 	      0.017
  5503.858 	     -0.014
  5504.847 	     -0.032
  5505.836 	     -0.059
  5506.825 	     -0.086
  5507.814 	     -0.093
  5508.804 	     -0.072
  5509.794 	     -0.041
  5510.784 	     -0.037
  5511.774 	     -0.026
  5512.764 	     -0.004
  5513.754 	     -0.007
  5514.745 	     -0.008
  5515.736 	      0.004
  5516.727 	      0.014
  5517.718 	      0.030
  5518.709 	      0.038
  5519.701 	      0.007
  5520.693 	      0.001
  5521.684 	     -0.009
  5522.677 	     -0.003
  5523.669 	      0.040
  5524.661 	      0.076
  5525.654 	      0.040
  5526.647 	     -0.003
  5527.639 	     -0.038
  5528.633 	     -0.024
  5529.626 	     -0.024
  5530.619 	     -0.013
  5531.613 	     -0.028
  5532.607 	     -0.036
  5533.601 	     -0.006
  5534.595 	     -0.039
  5535.589 	     -0.039
  5536.584 	     -0.032
  5537.579 	      0.002
  5538.574 	      0.021
  5539.569 	      0.021
  5540.564 	     -0.006
  5541.559 	      0.020
  5542.555 	     -0.003
  5543.551 	     -0.005
  5544.547 	     -0.017
  5545.543 	     -0.020
  5546.539 	     -0.029
  5547.536 	     -0.012
  5548.533 	      0.054
  5549.529 	      0.012
  5550.527 	     -0.022
  5551.524 	     -0.012
  5552.521 	      0.025
  5553.519 	      0.018
  5554.517 	     -0.000
  5555.514 	     -0.034
  5556.513 	     -0.018
  5557.511 	      0.001
  5558.509 	     -0.002
  5559.508 	     -0.045
  5560.507 	     -0.044
  5561.506 	     -0.012
  5562.505 	      0.006
  5563.505 	      0.005
  5564.504 	      0.030
  5565.504 	     -0.010
  5566.504 	     -0.037
  5567.504 	     -0.002
  5568.504 	      0.013
  5569.505 	      0.037
  5570.505 	      0.071
  5571.506 	      0.065
  5572.507 	     -0.010
  5573.508 	      0.035
  5574.510 	     -0.014
  5575.511 	      0.055
  5576.513 	      0.099
  5577.515 	      0.073
  5578.517 	      0.100
  5579.519 	      0.018
  5580.522 	     -0.067
  5581.524 	     -0.090
  5582.527 	     -0.055
  5583.530 	     -0.051
  5584.533 	     -0.019
  5585.537 	     -0.015
  5586.540 	     -0.031
  5587.544 	     -0.060
  5588.548 	     -0.030
  5589.552 	     -0.050
  5590.556 	     -0.040
  5591.560 	      0.005
  5592.565 	      0.013
  5593.570 	      0.009
  5594.575 	      0.008
  5595.580 	     -0.000
  5596.585 	     -0.023
  5597.591 	     -0.029
  5598.596 	     -0.037
  5599.602 	     -0.059
  5600.608 	     -0.033
  5601.615 	     -0.037
  5602.621 	     -0.035
  5603.628 	     -0.023
  5604.634 	      0.003
  5605.641 	      0.022
  5606.649 	     -0.002
  5607.656 	     -0.027
  5608.663 	     -0.074
  5609.671 	     -0.097
  5610.679 	     -0.078
  5611.687 	     -0.072
  5612.695 	     -0.051
  5613.704 	     -0.037
  5614.712 	     -0.082
  5615.721 	     -0.073
  5616.730 	     -0.040
  5617.739 	     -0.060
  5618.748 	     -0.049
  5619.758 	     -0.059
  5620.767 	     -0.051
  5621.777 	     -0.026
  5622.787 	      0.016
  5623.798 	     -0.012
  5624.808 	     -0.046
  5625.819 	     -0.055
  5626.829 	     -0.041
  5627.840 	     -0.019
  5628.851 	     -0.042
  5629.863 	     -0.054
  5630.874 	     -0.047
  5631.886 	     -0.058
  5632.898 	     -0.034
  5633.910 	     -0.037
  5634.922 	     -0.064
  5635.934 	     -0.056
  5636.947 	     -0.030
  5637.960 	     -0.069
  5638.973 	     -0.098
  5639.986 	     -0.097
  5640.999 	     -0.068
  5642.013 	     -0.093
  5643.026 	     -0.118
  5644.040 	     -0.090
  5645.054 	     -0.100
  5646.068 	     -0.094
  5647.083 	     -0.082
  5648.097 	     -0.069
  5649.112 	     -0.087
  5650.127 	     -0.044
  5651.142 	     -0.037
  5652.157 	     -0.059
  5653.173 	     -0.085
  5654.189 	     -0.028
  5655.205 	     -0.021
  5656.221 	     -0.073
  5657.237 	     -0.143
  5658.253 	     -0.065
  5659.270 	     -0.040
  5660.287 	     -0.030
  5661.304 	     -0.017
  5662.321 	     -0.040
  5663.338 	     -0.046
  5664.355 	     -0.006
  5665.373 	     -0.047
  5666.391 	     -0.083
  5667.409 	     -0.069
  5668.427 	     -0.053
  5669.446 	     -0.074
  5670.464 	     -0.150
  5671.483 	     -0.097
  5672.502 	     -0.063
  5673.521 	     -0.083
  5674.541 	     -0.107
  5675.560 	     -0.129
  5676.580 	     -0.044
  5677.600 	     -0.055
  5678.620 	     -0.090
  5679.640 	     -0.126
  5680.660 	     -0.088
  5681.681 	     -0.095
  5682.702 	     -0.086
  5683.723 	     -0.118
  5684.744 	     -0.074
  5685.765 	     -0.095
  5686.787 	     -0.068
  5687.809 	     -0.064
  5688.830 	     -0.087
  5689.853 	     -0.117
  5690.875 	     -0.095
  5691.897 	     -0.094
  5692.920 	     -0.118
  5693.943 	     -0.135
  5694.966 	     -0.146
  5695.989 	     -0.128
  5697.012 	     -0.127
  5698.036 	     -0.099
  5699.060 	     -0.099
  5700.084 	     -0.131
  5701.108 	     -0.106
  5702.132 	     -0.084
  5703.156 	     -0.124
  5704.181 	     -0.133
  5705.206 	     -0.074
  5706.231 	     -0.091
  5707.256 	     -0.108
  5708.282 	     -0.109
  5709.307 	     -0.127
  5710.333 	     -0.162
  5711.359 	     -0.135
  5712.385 	     -0.095
  5713.411 	     -0.084
  5714.438 	     -0.105
  5715.464 	     -0.130
  5716.491 	     -0.149
  5717.518 	     -0.152
  5718.546 	     -0.166
  5719.573 	     -0.150
  5720.601 	     -0.164
  5721.628 	     -0.163
  5722.656 	     -0.190
  5723.685 	     -0.190
  5724.713 	     -0.150
  5725.741 	     -0.159
  5726.770 	     -0.126
  5727.799 	     -0.093
  5728.828 	     -0.124
  5729.857 	     -0.119
  5730.887 	     -0.112
  5731.916 	     -0.102
  5732.946 	     -0.165
  5733.976 	     -0.120
  5735.007 	     -0.135
  5736.037 	     -0.118
  5737.067 	     -0.141
  5738.098 	     -0.118
  5739.129 	     -0.162
  5740.160 	     -0.160
  5741.192 	     -0.159
  5742.223 	     -0.134
  5743.255 	     -0.128
  5744.287 	     -0.138
  5745.319 	     -0.158
  5746.351 	     -0.143
  5747.383 	     -0.133
  5748.416 	     -0.130
  5749.449 	     -0.133
  5750.482 	     -0.136
  5751.515 	     -0.130
  5752.548 	     -0.133
  5753.582 	     -0.116
  5754.615 	     -0.119
  5755.649 	     -0.146
  5756.683 	     -0.187
  5757.718 	     -0.183
  5758.752 	     -0.150
  5759.787 	     -0.155
  5760.822 	     -0.165
  5761.857 	     -0.171
  5762.892 	     -0.179
  5763.927 	     -0.151
  5764.963 	     -0.152
  5765.999 	     -0.198
  5767.035 	     -0.213
  5768.071 	     -0.174
  5769.107 	     -0.183
  5770.143 	     -0.064
  5771.180 	     -0.126
  5772.217 	     -0.185
  5773.254 	     -0.173
  5774.291 	     -0.069
  5775.329 	     -0.080
  5776.366 	     -0.111
  5777.404 	     -0.139
  5778.442 	     -0.138
  5779.480 	     -0.137
  5780.519 	     -0.155
  5781.557 	     -0.124
  5782.596 	     -0.153
  5783.635 	     -0.145
  5784.674 	     -0.138
  5785.713 	     -0.186
  5786.753 	     -0.175
  5787.793 	     -0.155
  5788.832 	     -0.157
  5789.873 	     -0.137
  5790.913 	     -0.142
  5791.953 	     -0.174
  5792.994 	     -0.147
  5794.035 	     -0.161
  5795.076 	     -0.168
  5796.117 	     -0.135
  5797.158 	     -0.125
  5798.200 	     -0.117
  5799.241 	     -0.109
  5800.283 	     -0.146
  5801.325 	     -0.200
  5802.368 	     -0.185
  5803.410 	     -0.187
  5804.453 	     -0.184
  5805.496 	     -0.150
  5806.539 	     -0.141
  5807.582 	     -0.150
  5808.625 	     -0.159
  5809.669 	     -0.135
  5810.713 	     -0.131
  5811.757 	     -0.140
  5812.801 	     -0.133
  5813.845 	     -0.126
  5814.890 	     -0.140
  5815.935 	     -0.148
  5816.980 	     -0.162
  5818.025 	     -0.168
  5819.070 	     -0.129
  5820.115 	     -0.120
  5821.161 	     -0.099
  5822.207 	     -0.095
  5823.253 	     -0.122
  5824.299 	     -0.106
  5825.346 	     -0.124
  5826.392 	     -0.136
  5827.439 	     -0.166
  5828.486 	     -0.135
  5829.533 	     -0.152
  5830.581 	     -0.126
  5831.628 	     -0.090
  5832.676 	     -0.130
  5833.724 	     -0.141
  5834.772 	     -0.148
  5835.820 	     -0.207
  5836.869 	     -0.187
  5837.917 	     -0.196
  5838.966 	     -0.213
  5840.015 	     -0.208
  5841.065 	     -0.183
  5842.114 	     -0.167
  5843.164 	     -0.160
  5844.213 	     -0.146
  5845.263 	     -0.135
  5846.314 	     -0.093
  5847.364 	     -0.099
  5848.415 	     -0.148
  5849.465 	     -0.139
  5850.516 	     -0.093
  5851.567 	     -0.100
  5852.619 	     -0.110
  5853.670 	     -0.109
  5854.722 	     -0.154
  5855.774 	     -0.147
  5856.826 	     -0.111
  5857.878 	     -0.088
  5858.931 	     -0.097
  5859.983 	     -0.126
  5861.036 	     -0.179
  5862.089 	     -0.201
  5863.142 	     -0.167
  5864.196 	     -0.106
  5865.249 	     -0.092
  5866.303 	     -0.108
  5867.357 	     -0.084
  5868.411 	     -0.052
  5869.466 	     -0.025
  5870.520 	     -0.016
  5871.575 	     -0.034
  5872.630 	     -0.111
  5873.685 	     -0.192
  5874.740 	     -0.137
  5875.796 	     -0.033
  5876.851 	     -0.029
  5877.907 	     -0.063
  5878.963 	     -0.057
  5880.019 	     -0.051
  5881.076 	     -0.059
  5882.133 	     -0.101
  5883.189 	     -0.083
  5884.246 	     -0.033
  5885.304 	     -0.025
  5886.361 	     -0.055
  5887.419 	     -0.086
  5888.476 	     -0.118
  5889.534 	     -0.130
  5890.592 	     -0.117
  5891.651 	     -0.066
  5892.709 	     -0.048
  5893.768 	     -0.094
  5894.827 	     -0.149
  5895.886 	     -0.118
  5896.945 	     -0.083
  5898.005 	     -0.099
  5899.064 	     -0.071
  5900.124 	     -0.061
  5901.184 	     -0.065
  5902.245 	     -0.064
  5903.305 	     -0.088
  5904.366 	     -0.078
  5905.426 	     -0.038
  5906.487 	     -0.040
  5907.549 	     -0.039
  5908.610 	     -0.039
  5909.671 	     -0.084
  5910.733 	     -0.089
  5911.795 	     -0.050
  5912.857 	     -0.073
  5913.920 	     -0.065
  5914.982 	     -0.084
  5916.045 	     -0.040
  5917.108 	     -0.066
  5918.171 	     -0.010
  5919.234 	     -0.019
  5920.298 	      0.010
  5921.361 	     -0.020
  5922.425 	     -0.028
  5923.489 	     -0.020
  5924.554 	      0.039
  5925.618 	      0.036
  5926.683 	      0.002
  5927.747 	     -0.002
  5928.812 	      0.006
  5959.781 	      0.013
  5960.852 	      0.012
  5961.923 	     -0.003
  5962.994 	     -0.044
  5964.065 	      0.017
  5965.137 	      0.010
  5966.209 	     -0.019
  5967.280 	      0.001
  5968.353 	     -0.014
  5969.425 	      0.057
  5970.497 	     -0.001
  5971.570 	     -0.024
  5972.643 	      0.008
  5973.716 	      0.011
  5974.789 	      0.022
  5975.863 	      0.002
  5976.936 	      0.011
  5978.010 	      0.021
  5979.084 	      0.056
  5980.158 	      0.075
  5981.233 	      0.110
  5982.308 	      0.053
  5983.382 	      0.008
  5984.457 	      0.036
  5985.533 	      0.027
  5986.608 	      0.030
  5987.684 	      0.013
  5988.759 	      0.008
  5989.835 	      0.042
  5990.911 	      0.071
  5991.988 	      0.043
  5993.064 	      0.026
  5994.141 	      0.019
  5995.218 	      0.026
  5996.295 	      0.029
  5997.372 	      0.046
  5998.450 	      0.075
  5999.528 	      0.029
  6000.606 	      0.040
  6001.684 	      0.038
  6002.762 	      0.068
  6003.840 	      0.030
  6004.919 	      0.039
  6005.998 	      0.023
  6007.077 	     -0.011
  6008.156 	     -0.033
  6009.236 	     -0.012
  6010.315 	     -0.011
  6011.395 	     -0.026
  6012.475 	     -0.015
  6013.556 	     -0.028
  6014.636 	     -0.007
  6015.717 	      0.022
  6016.797 	      0.039
  6017.878 	      0.026
  6018.960 	      0.031
  6020.041 	      0.011
  6021.123 	      0.018
  6022.204 	      0.043
  6023.286 	      0.032
  6024.369 	      0.023
  6025.451 	      0.020
  6026.534 	      0.012
  6027.616 	      0.000
  6028.699 	      0.014
  6029.782 	      0.013
  6030.866 	      0.008
  6031.949 	      0.021
  6033.033 	      0.006
  6034.117 	     -0.010
  6035.201 	     -0.007
  6036.285 	      0.014
  6037.370 	     -0.013
  6038.455 	     -0.032
  6039.539 	     -0.001
  6040.625 	      0.048
  6041.710 	      0.054
  6042.795 	      0.018
  6043.881 	      0.009
  6044.967 	     -0.022
  6046.053 	      0.011
  6047.139 	      0.002
  6048.226 	     -0.025
  6049.312 	     -0.034
  6050.399 	     -0.033
  6051.486 	     -0.010
  6052.573 	      0.039
  6053.661 	      0.013
  6054.749 	     -0.011
  6055.836 	     -0.001
  6056.924 	     -0.009
  6058.013 	      0.031
  6059.101 	      0.032
  6060.190 	      0.040
  6061.278 	      0.012
  6062.367 	      0.055
  6063.457 	      0.072
  6064.546 	      0.072
  6065.636 	      0.047
  6066.725 	      0.030
  6067.815 	      0.040
  6068.906 	      0.077
  6069.996 	      0.025
  6071.086 	      0.005
  6072.177 	      0.019
  6073.268 	     -0.032
  6074.359 	      0.071
  6075.451 	      0.086
  6076.542 	      0.011
  6077.634 	     -0.002
  6078.726 	      0.029
  6079.818 	      0.035
  6080.910 	      0.051
  6082.003 	      0.058
  6083.096 	      0.045
  6084.189 	      0.075
  6085.282 	      0.060
  6086.375 	      0.028
  6087.468 	      0.074
  6088.562 	      0.044
  6089.656 	      0.096
  6090.750 	      0.103
  6091.844 	      0.130
  6092.939 	      0.121
  6094.034 	      0.110
  6095.129 	      0.027
  6096.224 	      0.005
  6097.319 	      0.082
  6098.414 	      0.047
  6099.510 	      0.027
  6100.606 	      0.005
  6101.702 	     -0.036
  6102.798 	     -0.041
  6103.895 	     -0.043
  6104.991 	     -0.052
  6106.088 	      0.004
  6107.185 	     -0.024
  6108.282 	     -0.079
  6109.380 	     -0.018
  6110.478 	     -0.114
  6111.575 	     -0.031
  6112.673 	     -0.073
  6113.772 	     -0.055
  6114.870 	     -0.206
  6115.969 	     -0.181
  6117.068 	     -0.112
  6118.167 	     -0.098
  6119.266 	     -0.160
  6120.365 	     -0.173
  6121.465 	     -0.130
  6122.565 	     -0.307
  6123.665 	     -0.385
  6124.765 	     -0.243
  6125.865 	     -0.222
  6126.966 	     -0.201
  6128.067 	     -0.179
  6129.168 	     -0.158
  6130.269 	     -0.137
  6131.370 	     -0.115
  6132.472 	     -0.094
  6133.574 	     -0.072
  6134.676 	     -0.051
  6135.778 	     -0.027
  6136.880 	     -0.006
  6137.983 	      0.016
  6139.086 	      0.038
  6140.189 	      0.060
  6141.292 	      0.082
  6142.395 	      0.104
  6143.499 	      0.125
  6144.602 	      0.147
  6145.706 	      0.170
  6146.811 	      0.130
  6147.915 	      0.134
  6149.020 	      0.142
  6150.124 	      0.158
  6151.229 	      0.120
  6152.334 	      0.087
  6153.440 	      0.121
  6154.545 	      0.146
  6155.651 	      0.131
  6156.757 	      0.147
  6157.863 	      0.165
  6162.290 	      0.075
  6163.397 	      0.086
  6164.504 	      0.079
  6165.612 	      0.078
  6166.720 	      0.083
  6167.828 	      0.106
  6168.936 	      0.152
  6170.044 	      0.136
  6171.153 	      0.115
  6172.261 	      0.124
  6173.370 	      0.150
  6174.479 	      0.163
  6175.589 	      0.124
  6176.698 	      0.098
  6177.808 	      0.120
  6178.918 	      0.093
  6180.028 	      0.165
  6183.360 	      0.090
  6184.471 	      0.112
  6185.582 	      0.115
  6186.693 	      0.099
  6187.805 	      0.155
  6188.916 	      0.141
  6190.028 	      0.090
  6191.140 	      0.181
  6192.253 	      0.137
  6193.365 	      0.211
  6194.478 	      0.169
  6195.591 	      0.123
  6196.704 	      0.085
  6197.817 	      0.058
  6198.931 	      0.111
  6200.045 	      0.079
  6201.159 	      0.145
  6202.273 	      0.149
  6203.387 	      0.127
  6204.502 	      0.155
  6205.616 	      0.198
  6206.731 	      0.219
  6207.846 	      0.144
  6208.962 	      0.118
  6210.077 	      0.113
  6211.193 	      0.164
  6212.309 	      0.220
  6213.425 	      0.112
  6214.541 	      0.092
  6215.658 	      0.105
  6216.775 	      0.112
  6217.892 	      0.071
  6219.009 	      0.107
  6220.126 	      0.139
  6221.244 	      0.127
  6222.361 	     -0.001
  6223.479 	      0.000
  6224.597 	      0.084
  6225.716 	      0.071
  6226.834 	      0.079
  6227.953 	      0.051
  6229.072 	      0.034
  6230.191 	      0.087
  6231.310 	      0.094
  6232.430 	      0.097
  6233.550 	      0.102
  6234.670 	      0.122
  6235.790 	      0.096
  6236.910 	      0.067
  6238.031 	      0.102
  6239.152 	      0.158
  6240.272 	      0.207
  6241.394 	      0.189
  6242.515 	      0.138
  6243.637 	      0.122
  6244.758 	      0.158
  6245.880 	      0.108
  6247.002 	      0.076
  6248.125 	      0.084
  6249.247 	      0.103
  6250.370 	      0.149
  6251.493 	      0.126
  6252.616 	      0.051
  6253.740 	      0.092
  6254.863 	      0.126
  6255.987 	      0.125
  6257.111 	      0.124
  6258.235 	      0.123
  6259.360 	      0.123
  6260.484 	      0.122
  6261.609 	      0.121
  6262.734 	      0.121
  6263.859 	      0.120
  6264.985 	      0.120
  6266.110 	      0.119
  6267.236 	      0.119
  6268.362 	      0.118
  6269.488 	      0.118
  6270.615 	      0.117
  6271.741 	      0.117
  6272.868 	      0.116
  6273.995 	      0.116
  6275.122 	      0.115
  6276.250 	      0.115
  6277.377 	      0.115
  6278.505 	      0.114
  6279.633 	      0.114
  6280.761 	      0.113
  6281.890 	      0.113
  6283.018 	      0.112
  6284.147 	      0.112
  6285.276 	      0.111
  6286.406 	      0.111
  6287.535 	      0.110
  6288.665 	      0.110
  6289.795 	      0.109
  6290.925 	      0.109
  6292.055 	      0.108
  6293.185 	      0.107
  6294.316 	      0.107
  6295.447 	      0.106
  6296.578 	      0.105
  6297.709 	      0.104
  6298.841 	      0.104
  6299.972 	      0.103
  6301.104 	      0.135
  6302.236 	      0.156
  6303.369 	      0.044
  6304.501 	      0.003
  6305.634 	      0.063
  6306.767 	      0.093
  6307.900 	      0.098
  6309.033 	      0.153
  6310.167 	      0.150
  6311.300 	      0.271
  6312.434 	      0.260
  6313.568 	      0.160
  6314.703 	      0.164
  6315.837 	      0.150
  6316.972 	      0.158
  6318.107 	      0.157
  6319.242 	      0.149
  6320.377 	      0.196
  6321.513 	      0.194
  6322.649 	      0.191
  6323.785 	      0.188
  6324.921 	      0.158
  6326.057 	      0.144
  6327.194 	      0.167
  6328.331 	      0.225
  6329.468 	      0.230
  6330.605 	      0.191
  6331.742 	      0.167
  6332.880 	      0.152
  6334.017 	      0.154
  6335.155 	      0.187
  6336.294 	      0.168
  6337.432 	      0.158
  6338.571 	      0.140
  6339.710 	      0.102
  6340.849 	      0.126
  6341.988 	      0.147
  6343.127 	      0.109
  6344.267 	      0.075
  6345.407 	      0.088
  6346.547 	      0.124
  6347.687 	      0.125
  6348.827 	      0.137
  6349.968 	      0.156
  6351.109 	      0.158
  6352.250 	      0.172
  6353.391 	      0.186
  6354.533 	      0.189
  6355.674 	      0.190
  6356.816 	      0.210
  6357.958 	      0.239
  6359.101 	      0.311
  6360.243 	      0.458
  6361.386 	      0.644
  6362.529 	      0.650
  6363.672 	      0.479
  6364.815 	      0.298
  6365.959 	      0.194
  6367.103 	      0.169
  6368.247 	      0.164
  6369.391 	      0.138
  6370.535 	      0.158
  6371.680 	      0.178
  6372.824 	      0.155
  6373.969 	      0.149
  6375.115 	      0.202
  6376.260 	      0.197
  6377.406 	      0.167
  6378.551 	      0.116
  6379.697 	      0.070
  6380.844 	      0.101
  6381.990 	      0.093
  6383.137 	      0.069
  6384.283 	      0.072
  6385.430 	      0.128
  6386.578 	      0.149
  6387.725 	      0.184
  6388.873 	      0.209
  6390.021 	      0.212
  6391.169 	      0.209
  6392.317 	      0.173
  6393.465 	      0.133
  6394.614 	      0.129
  6395.763 	      0.076
  6396.912 	      0.134
  6398.061 	      0.086
  6399.211 	      0.050
  6400.361 	      0.066
  6401.511 	      0.111
  6402.661 	      0.109
  6403.811 	      0.063
  6404.962 	      0.065
  6406.112 	      0.089
  6407.263 	      0.123
  6408.414 	      0.169
  6409.566 	      0.130
  6410.717 	      0.133
  6411.869 	      0.154
  6413.021 	      0.159
  6414.173 	      0.154
  6415.326 	      0.118
  6416.478 	      0.104
  6417.631 	      0.096
  6418.784 	      0.108
  6419.937 	      0.128
  6421.091 	      0.112
  6422.245 	      0.131
  6423.398 	      0.170
  6424.552 	      0.215
  6425.707 	      0.234
  6426.861 	      0.195
  6428.016 	      0.132
  6429.171 	      0.113
  6430.326 	      0.135
  6431.481 	      0.148
  6432.637 	      0.139
  6433.792 	      0.123
  6434.948 	      0.109
  6436.104 	      0.116
  6437.261 	      0.134
  6438.417 	      0.150
  6439.574 	      0.137
  6440.731 	      0.127
  6441.888 	      0.141
  6443.046 	      0.130
  6444.203 	      0.113
  6445.361 	      0.100
  6446.519 	      0.082
  6447.677 	      0.073
  6448.836 	      0.115
  6449.994 	      0.149
  6451.153 	      0.138
  6452.312 	      0.122
  6453.471 	      0.083
  6454.631 	      0.090
  6455.791 	      0.076
  6456.950 	      0.048
  6458.111 	      0.066
  6459.271 	      0.095
  6460.431 	      0.091
  6461.592 	      0.028
  6462.753 	      0.029
  6463.914 	      0.031
  6465.075 	      0.098
  6466.237 	      0.097
  6467.399 	      0.124
  6468.561 	      0.093
  6469.723 	      0.058
  6470.885 	      0.060
  6472.048 	      0.069
  6473.211 	      0.002
  6474.374 	      0.042
  6475.537 	      0.014
  6476.700 	      0.019
  6477.864 	      0.041
  6479.028 	      0.064
  6480.192 	     -0.001
  6481.356 	      0.002
  6482.521 	      0.027
  6483.685 	      0.029
  6484.850 	      0.034
  6486.015 	      0.061
  6487.181 	      0.033
  6488.346 	      0.010
  6489.512 	      0.041
  6490.678 	      0.097
  6491.844 	      0.051
  6493.010 	      0.038
  6494.177 	     -0.007
  6495.344 	      0.045
  6496.511 	      0.095
  6497.678 	      0.080
  6498.845 	      0.057
  6500.013 	      0.048
  6501.181 	      0.046
  6502.349 	      0.054
  6503.517 	      0.065
  6504.685 	      0.034
  6505.854 	      0.012
  6507.023 	      0.035
  6508.192 	      0.038
  6509.361 	      0.034
  6510.531 	      0.020
  6511.700 	      0.000
  6512.870 	     -0.017
  6514.041 	      0.001
  6515.211 	      0.022
  6516.381 	      0.012
  6517.552 	      0.005
  6518.723 	     -0.008
  6519.894 	     -0.034
  6521.066 	     -0.018
  6522.237 	      0.028
  6523.409 	      0.040
  6524.581 	      0.036
  6525.753 	     -0.023
  6526.926 	     -0.019
  6528.099 	      0.025
  6529.271 	      0.032
  6530.445 	      0.130
  6531.618 	      0.183
  6532.791 	      0.047
  6533.965 	      0.007
  6535.139 	     -0.001
  6536.313 	      0.016
  6537.487 	      0.046
  6538.662 	      0.072
  6539.837 	      0.030
  6541.012 	      0.046
  6542.187 	      0.073
  6543.362 	      0.028
  6544.538 	      0.016
  6545.714 	     -0.022
  6546.890 	      0.014
  6548.066 	      0.046
  6549.243 	      0.097
  6550.419 	      0.078
  6551.596 	      0.093
  6552.773 	      0.093
  6553.950 	      0.053
  6555.128 	      0.044
  6556.306 	     -0.008
  6557.484 	     -0.036
  6558.662 	     -0.053
  6559.840 	     -0.084
  6561.019 	     -0.026
  6562.198 	     -0.021
  6563.377 	     -0.023
  6564.556 	     -0.046
  6565.735 	     -0.180
  6566.915 	     -0.187
  6568.095 	     -0.174
  6569.275 	     -0.162
  6570.455 	     -0.149
  6571.635 	     -0.137
  6572.816 	     -0.124
  6573.997 	     -0.110
  6575.178 	     -0.098
  6576.359 	     -0.085
  6577.541 	     -0.073
  6578.723 	     -0.061
  6579.905 	     -0.047
  6581.087 	     -0.034
  6582.269 	     -0.022
  6583.452 	     -0.009
  6584.635 	      0.003
  6585.818 	      0.016
  6587.001 	      0.030
  6588.184 	      0.043
  6589.368 	      0.066
  6590.552 	      0.098
  6591.736 	      0.068
  6592.920 	      0.050
  6594.105 	      0.061
  6595.290 	      0.035
  6596.475 	      0.033
  6597.660 	      0.059
  6598.845 	      0.064
  6600.031 	      0.063
  6601.216 	      0.083
  6602.402 	      0.106
  6603.589 	      0.151
  6604.775 	      0.144
  6605.962 	      0.175
  6607.149 	      0.268
  6608.336 	      0.641
  6609.523 	      1.700
  6610.710 	      2.963
  6611.898 	      3.451
  6613.086 	      2.459
  6614.274 	      1.104
  6615.463 	      0.521
  6616.651 	      0.317
  6617.840 	      0.212
  6619.029 	      0.197
  6620.218 	      0.264
  6621.408 	      0.326
  6622.597 	      1.021
  6623.787 	      5.357
  6624.977 	     13.456
  6626.167 	     19.577
  6627.358 	     17.052
  6628.549 	      8.342
  6629.740 	      2.792
  6630.931 	      0.945
  6632.122 	      0.469
  6633.314 	      0.298
  6634.505 	      0.225
  6635.697 	      0.229
  6636.890 	      0.238
  6638.082 	      0.231
  6639.275 	      0.211
  6640.467 	      0.245
  6641.660 	      0.282
  6642.854 	      0.440
  6644.047 	      1.642
  6645.241 	      5.055
  6646.435 	      9.503
  6647.629 	     10.455
  6648.823 	      7.296
  6650.018 	      3.324
  6651.213 	      1.249
  6652.408 	      0.581
  6653.603 	      0.350
  6654.798 	      0.228
  6655.994 	      0.177
  6657.190 	      0.176
  6658.386 	      0.179
  6659.582 	      0.159
  6660.779 	      0.126
  6661.975 	      0.148
  6663.172 	      0.148
  6664.369 	      0.135
  6665.567 	      0.167
  6666.764 	      0.165
  6667.962 	      0.143
  6669.160 	      0.104
  6670.358 	      0.099
  6671.557 	      0.092
  6672.755 	      0.153
  6673.954 	      0.125
  6675.153 	      0.095
  6676.353 	      0.078
  6677.552 	      0.101
  6678.752 	      0.073
  6679.952 	      0.125
  6681.152 	      0.136
  6682.352 	      0.128
  6683.553 	      0.124
  6684.754 	      0.196
  6685.955 	      0.155
  6687.156 	      0.150
  6688.357 	      0.080
  6689.559 	      0.066
  6690.761 	      0.074
  6691.963 	      0.100
  6693.165 	      0.144
  6694.368 	      0.158
  6695.571 	      0.094
  6696.774 	      0.076
  6697.977 	      0.106
  6699.180 	      0.115
  6700.384 	      0.082
  6701.588 	      0.077
  6702.792 	      0.110
  6703.996 	      0.071
  6705.200 	      0.091
  6706.405 	      0.132
  6707.610 	      0.114
  6708.815 	      0.094
  6710.020 	      0.094
  6711.226 	      0.079
  6712.432 	      0.069
  6713.638 	      0.099
  6714.844 	      0.084
  6716.050 	      0.061
  6717.257 	      0.073
  6718.464 	      0.088
  6719.671 	      0.076
  6720.878 	      0.073
  6722.086 	      0.075
  6723.293 	      0.088
  6724.501 	      0.071
  6725.710 	      0.035
  6726.918 	      0.041
  6728.127 	      0.061
  6729.335 	      0.064
  6730.544 	      0.076
  6731.754 	      0.084
  6732.963 	      0.101
  6734.173 	      0.115
  6740.224 	      0.077
  6741.435 	      0.109
  6742.647 	      0.131
  6743.858 	      0.132
  6745.070 	      0.100
  6746.281 	      0.075
  6747.494 	      0.076
  6748.706 	      0.057
  6749.918 	      0.052
  6751.131 	      0.104
  6752.344 	      0.077
  6753.557 	      0.012
  6754.771 	      0.031
  6755.984 	      0.050
  6757.198 	      0.084
  6758.412 	      0.098
  6759.626 	      0.075
  6760.841 	      0.063
  6762.055 	      0.098
  6763.270 	      0.042
  6764.485 	      0.033
  6765.701 	      0.036
  6766.916 	      0.043
  6768.132 	      0.057
  6769.348 	      0.074
  6770.564 	      0.136
  6771.781 	      0.092
  6772.997 	      0.069
  6774.214 	      0.079
  6775.431 	      0.088
  6776.649 	      0.125
  6777.866 	      0.338
  6779.084 	      1.124
  6780.302 	      2.432
  6781.520 	      3.078
  6782.738 	      2.466
  6783.957 	      1.302
  6785.176 	      0.489
  6786.395 	      0.193
  6787.614 	      0.062
  6788.834 	      0.011
  6790.053 	      0.062
  6791.273 	      0.071
  6792.494 	      0.251
  6793.714 	      0.946
  6794.935 	      1.880
  6796.155 	      2.351
  6797.376 	      1.889
  6798.598 	      0.814
  6799.819 	      0.319
  6801.041 	      0.145
  6802.263 	      0.086
  6803.485 	      0.057
  6804.707 	      0.020
  6805.930 	      0.044
  6807.153 	      0.100
  6808.376 	      0.080
  6809.599 	      0.027
  6810.822 	      0.023
  6812.046 	      0.022
  6813.270 	      0.037
  6814.494 	      0.024
  6815.718 	      0.015
  6816.943 	      0.039
  6818.168 	      0.042
  6819.392 	      0.023
  6820.618 	      0.017
  6821.843 	      0.056
  6823.069 	      0.050
  6824.295 	      0.054
  6825.521 	      0.015
  6826.747 	      0.026
  6827.974 	      0.020
  6829.200 	      0.031
  6830.427 	      0.097
  6831.654 	      0.074
  6832.882 	      0.028
  6834.109 	      0.017
  6835.337 	      0.018
  6836.565 	      0.030
  6837.794 	      0.042
  6839.022 	      0.037
  6840.251 	      0.074
  6841.480 	      0.063
  6842.709 	      0.046
  6843.938 	      0.061
  6845.168 	      0.054
  6846.398 	      0.001
  6847.628 	      0.012
  6848.858 	      0.028
  6850.089 	     -0.009
  6851.319 	      0.000
  6852.550 	      0.037
  6853.782 	      0.042
  6855.013 	     -0.006
  6856.245 	     -0.001
  6857.476 	      0.034
  6858.708 	      0.089
  6859.941 	      0.066
  6861.173 	      0.019
  6862.406 	      0.048
  6863.639 	      0.062
  6864.872 	      0.008
  6866.105 	     -0.090
  6867.339 	     -0.252
  6868.573 	     -0.354
  6869.807 	     -0.371
  6871.041 	     -0.315
  6872.276 	     -0.260
  6873.510 	     -0.275
  6874.745 	     -0.288
  6875.980 	     -0.196
  6877.216 	     -0.188
  6878.451 	     -0.148
  6879.687 	     -0.071
  6880.923 	     -0.052
  6882.159 	     -0.038
  6883.396 	     -0.046
  6884.633 	     -0.117
  6885.870 	     -0.128
  6887.107 	     -0.135
  6888.344 	     -0.097
  6889.582 	     -0.052
  6890.820 	     -0.137
  6892.058 	     -0.139
  6893.296 	     -0.106
  6894.534 	     -0.132
  6895.773 	     -0.101
  6897.012 	     -0.093
  6898.251 	     -0.022
  6899.490 	     -0.058
  6900.730 	     -0.086
  6901.970 	     -0.081
  6903.210 	     -0.107
  6904.450 	     -0.079
  6905.691 	     -0.062
  6906.931 	     -0.077
  6908.172 	     -0.082
  6909.413 	     -0.079
  6910.655 	     -0.081
  6911.896 	     -0.071
  6913.138 	     -0.063
  6914.380 	     -0.034
  6915.623 	     -0.002
  6916.865 	      0.000
  6918.108 	     -0.003
  6919.351 	     -0.037
  6920.594 	     -0.025
  6921.837 	     -0.034
  6923.081 	     -0.056
  6924.325 	     -0.066
  6925.569 	     -0.047
  6926.813 	     -0.071
  6928.058 	     -0.055
  6929.302 	     -0.101
  6930.547 	     -0.077
  6931.792 	     -0.016
  6933.038 	     -0.014
  6934.284 	     -0.023
  6935.529 	     -0.033
  6936.775 	      0.042
  6938.022 	      0.025
  6939.268 	     -0.027
  6940.515 	     -0.069
  6941.762 	     -0.084
  6943.009 	     -0.056
  6944.257 	     -0.045
  6945.504 	     -0.011
  6946.752 	     -0.005
  6948.000 	      0.020
  6949.248 	      0.019
  6950.497 	      0.037
  6951.746 	     -0.018
  6952.995 	     -0.048
  6954.244 	     -0.058
  6955.493 	     -0.038
  6956.743 	     -0.018
  6957.993 	     -0.051
  6959.243 	     -0.027
  6960.493 	     -0.000
  6961.744 	     -0.013
  6962.995 	     -0.016
  6964.246 	      0.026
  6965.497 	      0.023
  6966.748 	      0.032
  6968.000 	      0.027
  6969.252 	     -0.008
  6970.504 	     -0.015
  6971.756 	      0.026
  6973.009 	      0.027
  6974.262 	      0.028
  6975.515 	      0.034
  6976.768 	      0.039
  6978.022 	      0.041
  6979.275 	     -0.020
  6980.529 	     -0.062
  6981.783 	     -0.006
  6983.038 	      0.007
  6984.292 	      0.002
  6985.547 	      0.002
  6986.802 	     -0.066
  6988.058 	     -0.046
  6989.313 	     -0.038
  6990.569 	     -0.033
  6991.825 	      0.008
  6993.081 	     -0.027
  6994.337 	     -0.031
  6995.594 	      0.006
  6996.851 	     -0.001
  6998.108 	     -0.027
  6999.365 	     -0.033
  7000.623 	     -0.016
  7001.881 	     -0.001
  7003.139 	     -0.042
  7004.397 	     -0.028
  7005.655 	     -0.020
  7006.914 	      0.004
  7008.173 	      0.056
  7009.432 	      0.021
  7010.691 	      0.011
  7011.951 	     -0.011
  7013.211 	     -0.014
  7014.471 	     -0.016
  7015.731 	     -0.040
  7016.991 	     -0.063
  7018.252 	     -0.069
  7019.513 	     -0.044
  7020.774 	     -0.040
  7022.036 	     -0.031
  7023.297 	     -0.022
  7024.559 	     -0.028
  7025.821 	     -0.046
  7027.083 	     -0.056
  7028.346 	     -0.024
  7029.609 	      0.001
  7030.872 	      0.004
  7032.135 	     -0.007
  7033.398 	      0.002
  7034.662 	      0.007
  7035.926 	      0.006
  7037.190 	      0.024
  7038.454 	     -0.020
  7039.719 	     -0.047
  7040.984 	     -0.019
  7042.249 	     -0.016
  7043.514 	     -0.016
  7044.779 	     -0.066
  7046.045 	     -0.044
  7047.311 	     -0.045
  7048.577 	     -0.032
  7049.844 	     -0.020
  7051.110 	     -0.046
  7052.377 	     -0.080
  7053.644 	      0.029
  7054.911 	      0.119
  7056.179 	      0.021
  7057.447 	      0.002
  7058.715 	      0.045
  7059.983 	      0.079
  7061.251 	      0.055
  7062.520 	     -0.002
  7063.789 	      0.017
  7065.058 	      0.021
  7066.327 	      0.015
  7067.597 	      0.039
  7068.867 	      0.005
  7070.137 	     -0.027
  7071.407 	     -0.004
  7072.677 	      0.003
  7073.948 	     -0.024
  7075.219 	     -0.004
  7076.490 	      0.011
  7077.762 	      0.010
  7079.033 	      0.000
  7080.305 	      0.005
  7081.577 	     -0.031
  7082.850 	     -0.033
  7084.122 	     -0.012
  7085.395 	     -0.018
  7086.668 	     -0.039
  7087.941 	     -0.023
  7089.214 	      0.012
  7090.488 	     -0.011
  7091.762 	     -0.015
  7093.036 	     -0.037
  7094.311 	     -0.032
  7095.585 	     -0.013
  7096.860 	     -0.002
  7098.135 	      0.021
  7099.410 	      0.003
  7100.686 	     -0.047
  7101.962 	     -0.032
  7103.238 	     -0.043
  7104.514 	     -0.026
  7105.790 	      0.003
  7107.067 	     -0.017
  7108.344 	      0.022
  7109.621 	      0.061
  7110.898 	      0.022
  7112.176 	     -0.044
  7113.454 	     -0.018
  7114.732 	      0.017
  7116.010 	      0.058
  7117.288 	      0.024
  7118.567 	     -0.000
  7119.846 	     -0.044
  7121.125 	     -0.058
  7122.405 	     -0.037
  7123.684 	     -0.017
  7124.964 	     -0.027
  7126.244 	     -0.021
  7127.525 	     -0.055
  7128.805 	     -0.027
  7130.086 	     -0.020
  7131.367 	      0.039
  7132.648 	      0.044
  7133.930 	     -0.003
  7135.212 	     -0.053
  7136.494 	     -0.087
  7137.776 	     -0.087
  7139.058 	     -0.094
  7140.341 	     -0.068
  7141.624 	     -0.038
  7142.907 	      0.000
  7144.190 	     -0.014
  7145.474 	     -0.049
  7146.757 	     -0.018
  7148.041 	      0.005
  7149.326 	     -0.054
  7150.610 	     -0.060
  7151.895 	     -0.036
  7153.180 	     -0.011
  7154.465 	     -0.026
  7155.750 	     -0.073
  7157.036 	     -0.090
  7158.322 	     -0.093
  7159.608 	     -0.047
  7160.894 	     -0.077
  7162.181 	     -0.126
  7163.468 	     -0.124
  7164.755 	     -0.117
  7166.042 	     -0.152
  7167.329 	     -0.161
  7168.617 	     -0.146
  7169.905 	     -0.127
  7171.193 	     -0.190
  7172.482 	     -0.151
  7173.770 	     -0.146
  7175.059 	     -0.168
  7176.348 	     -0.178
  7177.638 	     -0.211
  7178.927 	     -0.166
  7180.217 	     -0.161
  7181.507 	     -0.154
  7182.797 	     -0.179
  7184.088 	     -0.216
  7185.379 	     -0.262
  7186.670 	     -0.267
  7187.961 	     -0.232
  7189.252 	     -0.216
  7190.544 	     -0.223
  7191.836 	     -0.247
  7193.128 	     -0.243
  7194.420 	     -0.203
  7195.713 	     -0.198
  7197.006 	     -0.199
  7198.299 	     -0.238
  7199.592 	     -0.290
  7200.885 	     -0.288
  7202.179 	     -0.218
  7203.473 	     -0.050
  7204.767 	     -0.035
  7206.062 	     -0.091
  7207.356 	     -0.116
  7208.651 	     -0.100
  7209.947 	     -0.099
  7211.242 	     -0.064
  7212.538 	     -0.076
  7213.833 	     -0.100
  7215.129 	     -0.117
  7216.426 	     -0.110
  7217.722 	     -0.083
  7219.019 	     -0.079
  7220.316 	     -0.064
  7221.613 	     -0.126
  7222.911 	     -0.094
  7224.208 	     -0.140
  7225.506 	     -0.076
  7226.805 	     -0.059
  7228.103 	     -0.090
  7229.402 	     -0.074
  7230.700 	     -0.131
  7232.000 	     -0.190
  7233.299 	     -0.267
  7234.599 	     -0.255
  7235.898 	     -0.177
  7237.198 	     -0.104
  7238.499 	     -0.094
  7239.799 	     -0.139
  7241.100 	     -0.120
  7242.401 	     -0.106
  7243.702 	     -0.135
  7245.003 	     -0.144
  7246.305 	     -0.144
  7247.607 	     -0.161
  7248.909 	     -0.146
  7250.212 	     -0.156
  7251.514 	     -0.209
  7252.817 	     -0.232
  7254.120 	     -0.199
  7255.423 	     -0.170
  7256.727 	     -0.179
  7258.031 	     -0.149
  7259.335 	     -0.144
  7260.639 	     -0.133
  7261.943 	     -0.197
  7263.248 	     -0.227
  7264.553 	     -0.206
  7265.858 	     -0.156
  7267.164 	     -0.115
  7268.469 	     -0.113
  7269.775 	     -0.172
  7271.081 	     -0.179
  7272.388 	     -0.196
  7273.694 	     -0.100
  7275.001 	     -0.196
  7276.308 	     -0.238
  7277.616 	     -0.319
  7278.923 	     -0.192
  7280.231 	     -0.141
  7281.539 	     -0.078
  7282.847 	     -0.054
  7284.156 	     -0.101
  7285.464 	     -0.182
  7286.773 	     -0.195
  7288.082 	     -0.199
  7289.392 	     -0.138
  7290.701 	     -0.154
  7292.011 	     -0.206
  7293.321 	     -0.173
  7294.632 	     -0.161
  7295.942 	     -0.161
  7297.253 	     -0.126
  7298.564 	     -0.125
  7299.876 	     -0.118
  7301.187 	     -0.188
  7302.499 	     -0.233
  7303.811 	     -0.204
  7305.123 	     -0.107
  7306.436 	     -0.111
  7307.748 	     -0.141
  7309.061 	     -0.180
  7310.374 	     -0.198
  7311.688 	     -0.133
  7313.002 	     -0.116
  7314.315 	     -0.103
  7315.630 	     -0.131
  7316.944 	     -0.132
  7318.259 	     -0.132
  7319.573 	     -0.110
  7320.888 	     -0.076
  7322.204 	     -0.113
  7323.519 	     -0.089
  7324.835 	     -0.115
  7326.151 	     -0.093
  7327.467 	     -0.070
  7328.784 	     -0.047
  7330.101 	     -0.108
