WV      	 Sigma   
4259.984	    0.056
4260.688	    0.056
4261.392	    0.055
4262.096	    0.055
4262.800	    0.055
4263.505	    0.054
4264.209	    0.053
4264.914	    0.053
4265.618	    0.052
4266.323	    0.052
4267.028	    0.051
4267.733	    0.051
4268.439	    0.050
4269.144	    0.049
4269.849	    0.049
4270.555	    0.048
4271.261	    0.048
4271.966	    0.050
4272.672	    0.046
4273.378	    0.054
4274.084	    0.073
4274.791	    0.111
4275.497	    0.113
4276.204	    0.136
4276.910	    0.154
4277.617	    0.155
4278.324	    0.125
4279.031	    0.145
4279.738	    0.168
4280.445	    0.189
4281.152	    0.147
4281.860	    0.151
4282.567	    0.130
4283.275	    0.091
4283.983	    0.100
4284.691	    0.113
4285.399	    0.095
4286.107	    0.059
4286.815	    0.052
4287.523	    0.051
4288.232	    0.065
4288.940	    0.057
4289.649	    0.014
4290.358	    0.064
4291.067	    0.081
4291.776	    0.079
4292.485	    0.065
4293.194	    0.032
4293.904	    0.052
4294.613	    0.052
4295.323	    0.043
4296.033	    0.043
4296.743	    0.050
4297.453	    0.090
4298.163	    0.100
4298.873	    0.088
4299.583	    0.035
4300.294	    0.046
4301.004	    0.038
4301.715	    0.022
4302.426	    0.034
4303.137	    0.060
4303.848	    0.051
4304.559	    0.031
4305.270	    0.028
4305.982	    0.024
4306.693	    0.058
4307.405	    0.061
4308.117	    0.017
4308.829	    0.108
4309.541	    0.040
4310.253	    0.063
4310.965	    0.074
4311.677	    0.029
4312.390	    0.075
4313.102	    0.024
4313.815	    0.046
4314.528	    0.035
4315.241	    0.091
4315.954	    0.091
4316.667	    0.070
4317.380	    0.045
4318.094	    0.063
4318.807	    0.103
4319.521	    0.099
4320.235	    0.087
4320.949	    0.067
4321.663	    0.034
4322.377	    0.014
4323.091	    0.024
4323.805	    0.049
4324.520	    0.071
4325.234	    0.063
4325.949	    0.096
4326.664	    0.111
4327.379	    0.106
4328.094	    0.059
4328.809	    0.024
4329.524	    0.049
4330.240	    0.071
4330.955	    0.081
4331.671	    0.058
4332.387	    0.051
4333.103	    0.077
4333.819	    0.074
4334.535	    0.039
4335.251	    0.083
4335.968	    0.090
4336.684	    0.082
4337.401	    0.045
4338.117	    0.067
4338.834	    0.014
4339.551	    0.052
4340.268	    0.039
4340.985	    0.038
4341.703	    0.057
4342.420	    0.045
4343.138	    0.026
4343.855	    0.047
4344.573	    0.039
4345.291	    0.040
4346.009	    0.022
4346.727	    0.063
4347.445	    0.067
4348.164	    0.066
4348.882	    0.077
4349.601	    0.079
4350.320	    0.049
4351.039	    0.020
4351.758	    0.055
4352.477	    0.061
4353.196	    0.048
4353.915	    0.020
4354.635	    0.035
4355.354	    0.065
4356.074	    0.085
4356.794	    0.096
4357.514	    0.116
4358.234	    0.142
4358.954	    0.148
4359.674	    0.152
4360.394	    0.177
4361.115	    0.168
4361.836	    0.155
4362.556	    0.144
4363.277	    0.136
4363.998	    0.123
4364.719	    0.103
4365.441	    0.090
4366.162	    0.082
4366.883	    0.080
4367.605	    0.078
4368.327	    0.064
4369.049	    0.072
4369.771	    0.085
4370.493	    0.077
4371.215	    0.063
4371.937	    0.088
4372.660	    0.120
4373.382	    0.151
4374.105	    0.163
4374.828	    0.145
4375.550	    0.133
4376.273	    0.124
4376.997	    0.122
4377.720	    0.135
4378.443	    0.131
4379.167	    0.124
4379.890	    0.117
4380.614	    0.122
4381.338	    0.086
4382.062	    0.058
4382.786	    0.075
4383.510	    0.118
4384.235	    0.149
4384.959	    0.157
4385.684	    0.163
4386.408	    0.162
4387.133	    0.150
4387.858	    0.115
4388.583	    0.126
4389.308	    0.139
4390.034	    0.142
4390.759	    0.110
4391.485	    0.083
4392.210	    0.090
4392.936	    0.097
4393.662	    0.104
4394.388	    0.116
4395.114	    0.101
4395.840	    0.099
4396.567	    0.109
4397.293	    0.123
4398.020	    0.109
4398.747	    0.106
4399.473	    0.113
4400.200	    0.125
4400.928	    0.139
4401.655	    0.146
4402.382	    0.131
4403.110	    0.110
4403.837	    0.089
4404.565	    0.092
4405.293	    0.100
4406.021	    0.073
4406.749	    0.066
4407.477	    0.087
4408.205	    0.125
4408.934	    0.134
4409.662	    0.130
4410.391	    0.129
4411.119	    0.133
4411.848	    0.128
4412.577	    0.117
4413.307	    0.116
4414.036	    0.116
4414.765	    0.115
4415.495	    0.102
4416.224	    0.097
4416.954	    0.101
4417.684	    0.110
4418.414	    0.120
4419.144	    0.114
4419.874	    0.109
4420.605	    0.110
4421.335	    0.104
4422.066	    0.075
4422.796	    0.087
4423.527	    0.114
4424.258	    0.121
4424.989	    0.114
4425.720	    0.094
4426.452	    0.060
4427.183	    0.024
4427.915	    0.059
4428.646	    0.095
4429.378	    0.096
4430.110	    0.084
4430.842	    0.071
4431.574	    0.045
4432.307	    0.028
4433.039	    0.026
4433.772	    0.032
4434.504	    0.022
4435.237	    0.010
4435.970	    0.029
4436.703	    0.072
4437.436	    0.109
4438.169	    0.084
4438.903	    0.059
4439.636	    0.059
4440.370	    0.048
4441.103	    0.010
4441.837	    0.029
4442.571	    0.024
4443.305	    0.063
4444.040	    0.060
4444.774	    0.052
4445.508	    0.028
4446.243	    0.020
4446.978	    0.017
4447.713	    0.058
4448.447	    0.047
4449.183	    0.037
4449.918	    0.051
4450.653	    0.051
4451.388	    0.069
4452.124	    0.055
4452.860	    0.040
4453.596	    0.049
4454.331	    0.077
4455.067	    0.091
4455.804	    0.055
4456.540	    0.020
4457.276	    0.028
4458.013	    0.026
4458.750	    0.063
4459.486	    0.056
4460.223	    0.031
4460.960	    0.072
4461.697	    0.089
4462.435	    0.081
4463.172	    0.052
4463.909	    0.051
4464.647	    0.066
4465.385	    0.087
4466.123	    0.120
4466.861	    0.117
4467.599	    0.107
4468.337	    0.094
4469.075	    0.078
4469.814	    0.037
4470.552	    0.080
4471.291	    0.082
4472.030	    0.062
4472.769	    0.010
4473.508	    0.062
4474.247	    0.083
4474.987	    0.055
4475.726	    0.024
4476.466	    0.010
4477.205	    0.035
4477.945	    0.026
4478.685	    0.090
4479.425	    0.116
4480.165	    0.115
4480.906	    0.048
4481.646	    0.078
4482.387	    0.028
4483.127	    0.063
4483.868	    0.083
4484.609	    0.090
4485.350	    0.032
4486.091	    0.073
4486.833	    0.070
4487.574	    0.051
4488.316	    0.048
4489.057	    0.095
4489.799	    0.107
4490.541	    0.089
4491.283	    0.051
4492.025	    0.034
4492.767	    0.038
4493.510	    0.082
4494.252	    0.113
4494.995	    0.120
4495.738	    0.106
4496.481	    0.075
4497.224	    0.048
4497.967	    0.040
4498.710	    0.047
4499.453	    0.058
4500.197	    0.058
4500.940	    0.047
4501.684	    0.045
4502.428	    0.048
4503.172	    0.050
4503.916	    0.043
4504.660	    0.072
4505.405	    0.064
4506.149	    0.044
4506.894	    0.049
4507.639	    0.095
4508.383	    0.123
4509.128	    0.105
4509.873	    0.073
4510.619	    0.044
4511.364	    0.046
4512.109	    0.032
4512.855	    0.064
4513.601	    0.078
4514.347	    0.084
4515.093	    0.086
4515.839	    0.087
4516.585	    0.071
4517.331	    0.083
4518.078	    0.092
4518.824	    0.101
4519.571	    0.120
4520.318	    0.110
4521.065	    0.090
4521.812	    0.099
4522.559	    0.107
4523.306	    0.093
4524.054	    0.078
4524.801	    0.090
4525.549	    0.100
4526.297	    0.108
4527.045	    0.108
4527.793	    0.066
4528.541	    0.068
4529.289	    0.117
4530.038	    0.169
4530.786	    0.205
4531.535	    0.212
4532.284	    0.151
4533.033	    0.139
4533.782	    0.125
4534.531	    0.107
4535.280	    0.085
4536.030	    0.102
4536.779	    0.105
4537.529	    0.092
4538.279	    0.085
4539.028	    0.085
4539.779	    0.084
4540.529	    0.065
4541.279	    0.047
4542.029	    0.061
4542.780	    0.090
4543.531	    0.117
4544.281	    0.107
4545.032	    0.105
4545.783	    0.099
4546.534	    0.091
4547.286	    0.081
4548.037	    0.080
4548.789	    0.070
4549.540	    0.064
4550.292	    0.085
4551.044	    0.110
4551.796	    0.125
4552.548	    0.125
4553.300	    0.119
4554.053	    0.110
4554.805	    0.089
4555.558	    0.059
4556.311	    0.100
4557.064	    0.159
4557.817	    0.166
4558.570	    0.161
4559.323	    0.151
4560.076	    0.142
4560.830	    0.122
4561.584	    0.088
4562.337	    0.079
4563.091	    0.081
4563.845	    0.075
4564.599	    0.028
4565.354	    0.055
4566.108	    0.093
4566.863	    0.105
4567.617	    0.099
4568.372	    0.084
4569.127	    0.088
4569.882	    0.097
4570.637	    0.084
4571.392	    0.077
4572.148	    0.078
4572.903	    0.049
4573.659	    0.059
4574.415	    0.029
4575.170	    0.046
4575.926	    0.024
4576.683	    0.084
4577.439	    0.085
4578.195	    0.026
4578.952	    0.034
4579.708	    0.044
4580.465	    0.071
4581.222	    0.064
4581.979	    0.051
4582.736	    0.046
4583.493	    0.045
4584.251	    0.079
4585.008	    0.089
4585.766	    0.064
4586.524	    0.051
4587.282	    0.082
4588.040	    0.095
4588.798	    0.106
4589.556	    0.115
4590.314	    0.062
4591.073	    0.046
4591.832	    0.087
4592.590	    0.100
4593.349	    0.092
4594.108	    0.071
4594.867	    0.068
4595.627	    0.048
4596.386	    0.035
4597.146	    0.051
4597.905	    0.075
4598.665	    0.086
4599.425	    0.082
4600.185	    0.073
4600.945	    0.073
4601.705	    0.071
4602.466	    0.058
4603.226	    0.038
4603.987	    0.060
4604.748	    0.035
4605.508	    0.064
4606.269	    0.093
4607.031	    0.095
4607.792	    0.072
4608.553	    0.071
4609.315	    0.059
4610.076	    0.031
4610.838	    0.040
4611.600	    0.054
4612.362	    0.054
4613.124	    0.069
4613.887	    0.073
4614.649	    0.058
4615.412	    0.029
4616.174	    0.040
4616.937	    0.077
4617.700	    0.022
4618.463	    0.040
4619.226	    0.035
4619.989	    0.032
4620.753	    0.074
4621.516	    0.065
4622.280	    0.070
4623.044	    0.061
4623.808	    0.051
4624.572	    0.049
4625.336	    0.062
4626.100	    0.072
4626.865	    0.074
4627.629	    0.061
4628.394	    0.065
4629.159	    0.081
4629.924	    0.034
4630.689	    0.043
4631.454	    0.075
4632.219	    0.065
4632.985	    0.026
4633.750	    0.032
4634.516	    0.063
4635.282	    0.067
4636.048	    0.035
4636.814	    0.056
4637.580	    0.073
4638.346	    0.066
4639.113	    0.046
4639.879	    0.044
4640.646	    0.045
4641.413	    0.010
4642.180	    0.014
4642.947	    0.055
4643.714	    0.088
4644.481	    0.069
4645.249	    0.020
4646.016	    0.052
4646.784	    0.069
4647.552	    0.076
4648.320	    0.064
4649.088	    0.022
4649.856	    0.059
4650.625	    0.055
4651.393	    0.028
4652.162	    0.037
4652.930	    0.038
4653.699	    0.080
4654.468	    0.086
4655.237	    0.087
4656.007	    0.083
4656.776	    0.071
4657.546	    0.040
4658.315	    0.047
4659.085	    0.020
4659.855	    0.034
4660.625	    0.037
4661.395	    0.055
4662.165	    0.096
4662.936	    0.109
4663.706	    0.098
4664.477	    0.089
4665.247	    0.088
4666.018	    0.087
4666.789	    0.071
4667.561	    0.029
4668.332	    0.051
4669.103	    0.066
4669.875	    0.073
4670.646	    0.075
4671.418	    0.074
4672.190	    0.087
4672.962	    0.060
4673.734	    0.058
4674.507	    0.074
4675.279	    0.078
4676.052	    0.055
4676.824	    0.034
4677.597	    0.065
4678.370	    0.088
4679.143	    0.091
4679.916	    0.092
4680.690	    0.092
4681.463	    0.071
4682.237	    0.057
4683.010	    0.010
4683.784	    0.020
4684.558	    0.014
4685.332	    0.045
4686.106	    0.100
4686.881	    0.058
4687.655	    0.010
4688.430	    0.053
4689.205	    0.064
4689.979	    0.069
4690.754	    0.083
4691.529	    0.086
4692.305	    0.078
4693.080	    0.093
4693.856	    0.077
4694.631	    0.042
4695.407	    0.024
4696.183	    0.026
4696.959	    0.042
4697.735	    0.074
4698.511	    0.079
4699.288	    0.069
4700.064	    0.051
4700.841	    0.042
4701.618	    0.060
4702.394	    0.010
4703.171	    0.069
4703.949	    0.089
4704.726	    0.098
4705.503	    0.102
4706.281	    0.099
4707.059	    0.084
4707.836	    0.071
4708.614	    0.069
4709.392	    0.069
4710.171	    0.060
4710.949	    0.014
4711.727	    0.049
4712.506	    0.035
4713.285	    0.043
4714.063	    0.032
4714.842	    0.017
4715.621	    0.017
4716.401	    0.048
4717.180	    0.075
4717.960	    0.035
4718.739	    0.055
4719.519	    0.067
4720.299	    0.056
4721.079	    0.043
4721.859	    0.071
4722.639	    0.090
4723.419	    0.083
4724.200	    0.080
4724.981	    0.068
4725.761	    0.038
4726.542	    0.051
4727.323	    0.070
4728.104	    0.091
4728.886	    0.086
4729.667	    0.046
4730.449	    0.056
4731.230	    0.064
4732.012	    0.076
4732.794	    0.088
4733.576	    0.081
4734.358	    0.051
4735.141	    0.031
4735.923	    0.042
4736.706	    0.014
4737.488	    0.065
4738.271	    0.062
4739.054	    0.082
4739.837	    0.078
4740.620	    0.066
4741.404	    0.047
4742.187	    0.040
4742.971	    0.029
4743.755	    0.044
4744.538	    0.051
4745.322	    0.049
4746.107	    0.056
4746.891	    0.067
4747.675	    0.038
4748.460	    0.031
4749.244	    0.024
4750.029	    0.060
4750.814	    0.094
4751.599	    0.109
4752.384	    0.101
4753.170	    0.045
4753.955	    0.051
4754.741	    0.032
4755.526	    0.040
4756.312	    0.065
4757.098	    0.063
4757.884	    0.063
4758.670	    0.078
4759.457	    0.087
4760.243	    0.069
4761.030	    0.035
4761.816	    0.024
4762.603	    0.066
4763.390	    0.101
4764.177	    0.091
4764.965	    0.060
4765.752	    0.050
4766.539	    0.060
4767.327	    0.058
4768.115	    0.034
4768.903	    0.028
4769.691	    0.037
4770.479	    0.046
4771.267	    0.068
4772.056	    0.047
4772.844	    0.029
4773.633	    0.029
4774.422	    0.048
4775.211	    0.055
4776.000	    0.054
4776.789	    0.039
4777.578	    0.040
4778.368	    0.051
4779.157	    0.058
4779.947	    0.063
4780.737	    0.088
4781.527	    0.077
4782.317	    0.053
4783.107	    0.071
4783.897	    0.063
4784.688	    0.058
4785.479	    0.056
4786.269	    0.028
4787.060	    0.043
4787.851	    0.063
4788.642	    0.076
4789.434	    0.071
4790.225	    0.039
4791.017	    0.046
4791.808	    0.028
4792.600	    0.043
4793.392	    0.061
4794.184	    0.064
4794.976	    0.049
4795.769	    0.026
4796.561	    0.060
4797.354	    0.057
4798.146	    0.052
4798.939	    0.042
4799.732	    0.075
4800.525	    0.071
4801.319	    0.057
4802.112	    0.069
4802.906	    0.071
4803.699	    0.037
4804.493	    0.010
4805.287	    0.064
4806.081	    0.084
4806.875	    0.096
4807.669	    0.090
4808.464	    0.039
4809.258	    0.057
4810.053	    0.080
4810.848	    0.099
4811.643	    0.084
4812.438	    0.052
4813.233	    0.052
4814.028	    0.022
4814.824	    0.103
4815.620	    0.109
4816.415	    0.014
4817.211	    0.061
4818.007	    0.056
4818.803	    0.010
4819.600	    0.054
4820.396	    0.029
4821.192	    0.103
4821.989	    0.102
4822.786	    0.073
4823.583	    0.038
4824.380	    0.024
4825.177	    0.039
4825.974	    0.029
4826.772	    0.064
4827.569	    0.045
4828.367	    0.073
4829.165	    0.055
4829.963	    0.052
4830.761	    0.075
4831.559	    0.063
4832.358	    0.057
4833.156	    0.055
4833.955	    0.063
4834.754	    0.069
4835.553	    0.056
4836.352	    0.032
4837.151	    0.034
4837.950	    0.066
4838.750	    0.087
4839.549	    0.067
4840.349	    0.043
4841.149	    0.026
4841.949	    0.046
4842.749	    0.031
4843.549	    0.044
4844.349	    0.054
4845.150	    0.035
4845.950	    0.061
4846.751	    0.073
4847.552	    0.072
4848.353	    0.060
4849.154	    0.022
4849.955	    0.061
4850.757	    0.088
4851.558	    0.043
4852.360	    0.086
4853.162	    0.082
4853.964	    0.028
4854.766	    0.062
4855.568	    0.073
4856.370	    0.078
4857.173	    0.081
4857.976	    0.060
4858.778	    0.063
4859.581	    0.081
4860.384	    0.080
4861.187	    0.029
4861.991	    0.069
4862.794	    0.066
4863.598	    0.060
4864.401	    0.028
4865.205	    0.039
4866.009	    0.057
4866.813	    0.051
4867.617	    0.031
4868.422	    0.014
4869.226	    0.029
4870.031	    0.044
4870.835	    0.109
4871.640	    0.081
4872.445	    0.022
4873.250	    0.035
4874.056	    0.042
4874.861	    0.067
4875.667	    0.074
4876.472	    0.058
4877.278	    0.024
4878.084	    0.051
4878.890	    0.034
4879.696	    0.026
4880.503	    0.032
4881.309	    0.014
4882.116	    0.058
4882.922	    0.028
4883.729	    0.044
4884.536	    0.083
4885.343	    0.071
4886.151	    0.024
4886.958	    0.032
4887.766	    0.028
4888.573	    0.043
4889.381	    0.046
4890.189	    0.043
4890.997	    0.020
4891.805	    0.047
4892.613	    0.069
4893.422	    0.060
4894.231	    0.022
4895.039	    0.046
4895.848	    0.080
4896.657	    0.053
4897.466	    0.058
4898.276	    0.069
4899.085	    0.059
4899.894	    0.042
4900.704	    0.034
4901.514	    0.046
4902.324	    0.064
4903.134	    0.047
4903.944	    0.059
4904.754	    0.073
4905.565	    0.071
4906.376	    0.067
4907.186	    0.073
4907.997	    0.101
4908.808	    0.147
4909.619	    0.190
4910.431	    0.230
4911.242	    0.251
4912.054	    0.252
4912.865	    0.233
4913.677	    0.204
4914.489	    0.177
4915.301	    0.153
4916.113	    0.118
4916.926	    0.083
4917.738	    0.074
4918.551	    0.072
4919.363	    0.067
4920.176	    0.073
4920.989	    0.081
4921.803	    0.079
4922.616	    0.055
4923.429	    0.010
4924.243	    0.028
4925.057	    0.078
4925.870	    0.095
4926.684	    0.095
4927.498	    0.087
4928.313	    0.072
4929.127	    0.055
4929.941	    0.059
4930.756	    0.088
4931.571	    0.082
4932.386	    0.073
4933.201	    0.061
4934.016	    0.034
4934.831	    0.069
4935.647	    0.066
4936.462	    0.045
4937.278	    0.032
4938.094	    0.022
4938.910	    0.038
4939.726	    0.040
4940.542	    0.043
4941.359	    0.079
4942.175	    0.079
4942.992	    0.063
4943.809	    0.050
4944.625	    0.022
4945.443	    0.020
4946.260	    0.044
4947.077	    0.078
4947.895	    0.014
4948.712	    0.045
4949.530	    0.045
4950.348	    0.031
4951.166	    0.031
4951.984	    0.038
4952.802	    0.045
4953.621	    0.037
4954.439	    0.037
4955.258	    0.031
4956.077	    0.034
4956.896	    0.044
4957.715	    0.035
4958.534	    0.073
4959.353	    0.071
4960.173	    0.071
4960.992	    0.073
4961.812	    0.045
4962.632	    0.045
4963.452	    0.051
4964.272	    0.074
4965.093	    0.084
4965.913	    0.075
4966.734	    0.070
4967.554	    0.061
4968.375	    0.057
4969.196	    0.051
4970.017	    0.024
4970.838	    0.017
4971.660	    0.020
4972.481	    0.028
4973.303	    0.026
4974.125	    0.053
4974.947	    0.040
4975.769	    0.042
4976.591	    0.074
4977.413	    0.047
4978.236	    0.045
4979.058	    0.064
4979.881	    0.053
4980.704	    0.032
4981.527	    0.052
4982.350	    0.050
4983.174	    0.062
4983.997	    0.048
4984.821	    0.084
4985.644	    0.076
4986.468	    0.061
4987.292	    0.055
4988.116	    0.056
4988.940	    0.055
4989.765	    0.040
4990.589	    0.043
4991.414	    0.063
4992.239	    0.038
4993.064	    0.046
4993.889	    0.017
4994.714	    0.014
4995.539	    0.047
4996.365	    0.043
4997.190	    0.010
4998.016	    0.053
4998.842	    0.095
4999.668	    0.099
5000.494	    0.069
5001.320	    0.024
5002.147	    0.024
5002.973	    0.034
5003.800	    0.037
5004.627	    0.029
5005.454	    0.072
5006.281	    0.083
5007.108	    0.076
5007.936	    0.066
5008.763	    0.078
5009.591	    0.067
5010.419	    0.020
5011.247	    0.048
5012.075	    0.022
5012.903	    0.050
5013.731	    0.066
5014.560	    0.067
5015.388	    0.066
5016.217	    0.071
5017.046	    0.071
5017.875	    0.043
5018.704	    0.046
5019.533	    0.099
5020.363	    0.120
5021.192	    0.104
5022.022	    0.071
5022.852	    0.077
5023.682	    0.089
5024.512	    0.052
5025.342	    0.055
5026.173	    0.100
5027.003	    0.121
5027.834	    0.117
5028.665	    0.088
5029.496	    0.072
5030.327	    0.089
5031.158	    0.085
5031.989	    0.061
5032.821	    0.057
5033.653	    0.102
5034.484	    0.118
5035.316	    0.113
5036.148	    0.113
5036.980	    0.117
5037.813	    0.092
5038.645	    0.055
5039.478	    0.071
5040.311	    0.080
5041.143	    0.078
5041.976	    0.089
5042.810	    0.090
5043.643	    0.080
5044.476	    0.083
5045.310	    0.072
5046.144	    0.082
5046.977	    0.108
5047.811	    0.117
5048.645	    0.096
5049.480	    0.069
5050.314	    0.058
5051.149	    0.055
5051.983	    0.035
5052.818	    0.022
5053.653	    0.070
5054.488	    0.093
5055.323	    0.089
5056.159	    0.054
5056.994	    0.055
5057.830	    0.086
5058.666	    0.092
5059.501	    0.104
5060.337	    0.080
5061.174	    0.050
5062.010	    0.070
5062.846	    0.081
5063.683	    0.084
5064.520	    0.089
5065.357	    0.088
5066.194	    0.080
5067.031	    0.076
5067.868	    0.075
5068.706	    0.064
5069.543	    0.072
5070.381	    0.096
5071.219	    0.107
5072.057	    0.110
5072.895	    0.108
5073.733	    0.087
5074.571	    0.052
5075.410	    0.028
5076.249	    0.024
5077.087	    0.050
5077.926	    0.020
5078.765	    0.059
5079.605	    0.061
5080.444	    0.056
5081.283	    0.032
5082.123	    0.028
5082.963	    0.022
5083.803	    0.047
5084.643	    0.050
5085.483	    0.040
5086.323	    0.028
5087.164	    0.020
5088.004	    0.010
5088.845	    0.051
5089.686	    0.083
5090.527	    0.088
5091.368	    0.081
5092.210	    0.083
5093.051	    0.065
5093.893	    0.024
5094.734	    0.029
5095.576	    0.061
5096.418	    0.058
5097.260	    0.029
5098.103	    0.093
5098.945	    0.116
5099.788	    0.089
5100.630	    0.059
5101.473	    0.040
5102.316	    0.017
5103.159	    0.031
5104.003	    0.079
5104.846	    0.096
5105.689	    0.077
5106.533	    0.049
5107.377	    0.071
5108.221	    0.078
5109.065	    0.077
5109.909	    0.086
5110.754	    0.085
5111.598	    0.075
5112.443	    0.069
5113.288	    0.066
5114.132	    0.061
5114.978	    0.048
5115.823	    0.017
5116.668	    0.034
5117.514	    0.049
5118.359	    0.048
5119.205	    0.061
5120.051	    0.053
5120.897	    0.049
5121.743	    0.035
5122.589	    0.050
5123.436	    0.046
5124.283	    0.020
5125.129	    0.010
5125.976	    0.024
5126.823	    0.031
5127.670	    0.066
5128.518	    0.070
5129.365	    0.066
5130.213	    0.091
5131.060	    0.109
5131.908	    0.096
5132.756	    0.082
5133.604	    0.084
5134.453	    0.090
5135.301	    0.095
5136.150	    0.094
5136.998	    0.087
5137.847	    0.077
5138.696	    0.046
5139.545	    0.049
5140.395	    0.054
5141.244	    0.082
5142.094	    0.070
5142.943	    0.057
5143.793	    0.065
5144.643	    0.058
5145.493	    0.055
5146.343	    0.066
5147.194	    0.072
5148.044	    0.065
5148.895	    0.031
5149.746	    0.043
5150.597	    0.075
5151.448	    0.097
5152.299	    0.081
5153.151	    0.084
5154.002	    0.073
5154.854	    0.065
5155.706	    0.049
5156.557	    0.062
5157.410	    0.072
5158.262	    0.064
5159.114	    0.069
5159.967	    0.091
5160.819	    0.095
5161.672	    0.083
5162.525	    0.094
5163.378	    0.020
5164.231	    0.017
5165.085	    0.066
5165.938	    0.084
5166.792	    0.084
5167.645	    0.091
5168.499	    0.101
5169.353	    0.101
5170.208	    0.095
5171.062	    0.081
5171.916	    0.053
5172.771	    0.087
5173.626	    0.110
5174.481	    0.099
5175.336	    0.082
5176.191	    0.088
5177.046	    0.094
5177.902	    0.085
5178.757	    0.089
5179.613	    0.096
5180.469	    0.084
5181.325	    0.056
5182.181	    0.066
5183.037	    0.097
5183.894	    0.103
5184.751	    0.110
5185.607	    0.122
5186.464	    0.101
5187.321	    0.042
5188.178	    0.082
5189.036	    0.075
5189.893	    0.074
5190.751	    0.090
5191.608	    0.084
5192.466	    0.086
5193.324	    0.099
5194.182	    0.094
5195.041	    0.078
5195.899	    0.078
5196.758	    0.078
5197.616	    0.077
5198.475	    0.077
5199.334	    0.077
5200.194	    0.077
5201.053	    0.077
5201.912	    0.077
5202.772	    0.077
5203.632	    0.077
5204.491	    0.077
5205.351	    0.076
5206.212	    0.076
5207.072	    0.076
5207.932	    0.076
5208.793	    0.076
5209.654	    0.076
5210.514	    0.075
5211.375	    0.075
5212.236	    0.075
5213.098	    0.075
5213.959	    0.075
5214.821	    0.075
5215.682	    0.074
5216.544	    0.074
5217.406	    0.073
5218.268	    0.091
5219.131	    0.101
5219.993	    0.103
5220.856	    0.087
5221.718	    0.079
5222.581	    0.099
5223.444	    0.087
5224.307	    0.084
5225.171	    0.110
5226.034	    0.122
5226.898	    0.100
5227.761	    0.094
5228.625	    0.093
5229.489	    0.105
5230.353	    0.097
5231.218	    0.078
5232.082	    0.074
5232.947	    0.087
5233.811	    0.091
5234.676	    0.081
5235.541	    0.087
5236.406	    0.105
5237.271	    0.106
5238.137	    0.108
5239.002	    0.108
5239.868	    0.072
5240.734	    0.076
5241.600	    0.049
5242.466	    0.040
5243.332	    0.069
5244.199	    0.105
5245.065	    0.127
5245.932	    0.109
5246.799	    0.085
5247.666	    0.075
5248.533	    0.082
5249.400	    0.099
5250.268	    0.091
5251.135	    0.044
5252.003	    0.029
5252.871	    0.054
5253.739	    0.029
5254.607	    0.034
5255.475	    0.010
5256.344	    0.044
5257.212	    0.048
5258.081	    0.076
5258.950	    0.090
5259.819	    0.094
5260.688	    0.095
5261.557	    0.104
5262.427	    0.121
5263.296	    0.126
5264.166	    0.129
5265.036	    0.131
5265.906	    0.122
5266.776	    0.109
5267.646	    0.107
5268.517	    0.113
5269.387	    0.109
5270.258	    0.097
5271.129	    0.089
5272.000	    0.116
5272.871	    0.110
5273.742	    0.096
5274.614	    0.112
5275.485	    0.112
5276.357	    0.112
5280.718	    0.118
5281.591	    0.122
5282.463	    0.123
5283.336	    0.122
5284.209	    0.120
5285.082	    0.119
5285.956	    0.111
5286.829	    0.088
5287.703	    0.119
5288.577	    0.093
5289.450	    0.101
5290.324	    0.100
5291.199	    0.088
5292.073	    0.098
5292.947	    0.108
5293.822	    0.084
5294.697	    0.063
5295.572	    0.093
5296.447	    0.111
5297.322	    0.111
5298.197	    0.096
5299.073	    0.089
5299.948	    0.089
5300.824	    0.072
5301.700	    0.073
5302.576	    0.110
5303.452	    0.130
5304.329	    0.083
5305.205	    0.094
5306.082	    0.101
5306.959	    0.109
5307.836	    0.115
5308.713	    0.119
5309.590	    0.092
5310.467	    0.077
5311.345	    0.097
5312.222	    0.069
5313.100	    0.083
5313.978	    0.073
5314.856	    0.063
5315.734	    0.072
5316.613	    0.089
5317.491	    0.118
5318.370	    0.147
5319.249	    0.153
5320.128	    0.146
5321.007	    0.146
5321.886	    0.136
5322.766	    0.128
5323.645	    0.134
5324.525	    0.150
5325.405	    0.148
5326.285	    0.143
5327.165	    0.145
5328.045	    0.137
5328.925	    0.120
5329.806	    0.124
5330.687	    0.121
5331.568	    0.084
5332.449	    0.123
5333.330	    0.107
5334.211	    0.087
5335.092	    0.114
5335.974	    0.124
5344.798	    0.123
5345.681	    0.118
5346.564	    0.098
5347.448	    0.083
5348.331	    0.105
5349.215	    0.128
5350.099	    0.127
5350.983	    0.101
5351.867	    0.107
5352.752	    0.108
5353.636	    0.107
5354.521	    0.129
5355.406	    0.110
5356.291	    0.124
5357.176	    0.102
5358.061	    0.103
5358.946	    0.101
5359.832	    0.108
5360.718	    0.123
5361.603	    0.100
5362.489	    0.068
5363.375	    0.084
5364.262	    0.101
5365.148	    0.110
5366.035	    0.096
5366.921	    0.101
5367.808	    0.135
5368.695	    0.100
5369.582	    0.104
5370.470	    0.084
5371.357	    0.114
5372.245	    0.086
5373.132	    0.102
5374.020	    0.130
5374.908	    0.076
5375.796	    0.118
5376.685	    0.129
5377.573	    0.106
5378.462	    0.121
5379.350	    0.091
5380.239	    0.109
5381.128	    0.125
5382.018	    0.123
5382.907	    0.122
5383.796	    0.124
5384.686	    0.124
5385.576	    0.122
5386.466	    0.108
5387.356	    0.098
5388.246	    0.100
5389.136	    0.108
5390.027	    0.124
5390.918	    0.116
5391.808	    0.122
5392.699	    0.126
5393.590	    0.112
5394.482	    0.111
5395.373	    0.123
5396.265	    0.134
5397.156	    0.130
5398.048	    0.143
5398.940	    0.140
5399.832	    0.136
5400.724	    0.110
5401.617	    0.118
5402.509	    0.108
5403.402	    0.107
5404.295	    0.138
5405.188	    0.119
5406.081	    0.140
5406.975	    0.126
5407.868	    0.119
5408.762	    0.120
5409.655	    0.113
5410.549	    0.118
5411.443	    0.131
5412.338	    0.134
5413.232	    0.121
5414.126	    0.101
5415.021	    0.100
5415.916	    0.112
5416.811	    0.104
5417.706	    0.092
5418.601	    0.110
5419.496	    0.125
5420.392	    0.126
5421.288	    0.118
5422.183	    0.126
5423.079	    0.141
5423.976	    0.141
5424.872	    0.136
5425.768	    0.143
5426.665	    0.151
5427.561	    0.133
5428.458	    0.125
5429.355	    0.141
5430.253	    0.142
5431.150	    0.115
5432.047	    0.118
5432.945	    0.119
5433.843	    0.142
5434.741	    0.119
5435.639	    0.133
5436.537	    0.111
5437.435	    0.115
5438.334	    0.129
5439.232	    0.125
5440.131	    0.128
5441.030	    0.086
5441.929	    0.092
5442.828	    0.133
5443.728	    0.134
5444.627	    0.110
5445.527	    0.116
5446.427	    0.117
5447.327	    0.126
5448.227	    0.133
5449.127	    0.122
5450.028	    0.130
5450.928	    0.127
5451.829	    0.114
5452.730	    0.125
5453.631	    0.127
5454.532	    0.120
5455.433	    0.130
5456.335	    0.131
5457.236	    0.118
5458.138	    0.120
5459.040	    0.123
5459.942	    0.120
5460.844	    0.100
5461.747	    0.068
5462.649	    0.063
5463.552	    0.077
5464.455	    0.095
5465.358	    0.123
5466.261	    0.133
5467.164	    0.127
5468.067	    0.118
5468.971	    0.121
5469.875	    0.136
5470.778	    0.135
5471.682	    0.097
5472.587	    0.090
5473.491	    0.108
5474.395	    0.096
5475.300	    0.094
5476.205	    0.097
5477.110	    0.092
5478.015	    0.122
5478.920	    0.115
5479.825	    0.106
5480.731	    0.134
5481.636	    0.136
5482.542	    0.101
5483.448	    0.079
5484.354	    0.104
5485.260	    0.111
5486.167	    0.112
5487.073	    0.119
5487.980	    0.125
5488.887	    0.132
5489.794	    0.119
5490.701	    0.109
5491.608	    0.128
5492.516	    0.119
5493.423	    0.107
5494.331	    0.104
5495.239	    0.100
5496.147	    0.083
5497.055	    0.081
5497.964	    0.090
5498.872	    0.099
5499.781	    0.099
5500.689	    0.117
5501.598	    0.121
5502.507	    0.121
5503.417	    0.139
5504.326	    0.144
5505.236	    0.131
5506.145	    0.122
5507.055	    0.108
5507.965	    0.104
5508.875	    0.118
5509.786	    0.129
5510.696	    0.135
5511.607	    0.134
5512.517	    0.130
5513.428	    0.115
5514.339	    0.096
5515.251	    0.108
5516.162	    0.123
5517.073	    0.125
5517.985	    0.133
5518.897	    0.136
5519.809	    0.122
5520.721	    0.110
5521.633	    0.116
5522.546	    0.119
5523.458	    0.120
5524.371	    0.124
5525.284	    0.131
5526.197	    0.133
5527.110	    0.125
5528.023	    0.123
5528.937	    0.125
5529.850	    0.115
5530.764	    0.118
5531.678	    0.125
5532.592	    0.125
5533.506	    0.124
5534.421	    0.130
5535.335	    0.139
5536.250	    0.134
5537.165	    0.131
5538.080	    0.129
5538.995	    0.129
5539.910	    0.136
5540.825	    0.132
5541.741	    0.119
5542.657	    0.107
5543.573	    0.091
5544.489	    0.088
5545.405	    0.113
5546.321	    0.117
5547.238	    0.106
5548.154	    0.101
5549.071	    0.113
5549.988	    0.116
5550.905	    0.123
5551.822	    0.141
5552.740	    0.140
5553.657	    0.136
5554.575	    0.143
5555.493	    0.141
5556.411	    0.128
5557.329	    0.123
5558.247	    0.133
5559.166	    0.125
5560.084	    0.127
5561.003	    0.134
5561.922	    0.126
5562.841	    0.104
5563.760	    0.088
5564.680	    0.098
5565.599	    0.097
5566.519	    0.095
5567.439	    0.107
5568.359	    0.126
5569.279	    0.129
5570.199	    0.122
5571.119	    0.130
5572.040	    0.125
5583.099	    0.137
5584.021	    0.139
5584.944	    0.138
5585.867	    0.141
5586.790	    0.119
5587.713	    0.106
5588.637	    0.105
5589.560	    0.098
5590.484	    0.115
5591.407	    0.129
5592.331	    0.134
5593.255	    0.141
5594.180	    0.141
5595.104	    0.133
5596.029	    0.118
5596.953	    0.126
5597.878	    0.133
5598.803	    0.123
5599.728	    0.121
5600.654	    0.130
5601.579	    0.141
5602.505	    0.140
5603.431	    0.133
5604.356	    0.125
5605.283	    0.118
5606.209	    0.134
5607.135	    0.146
5608.062	    0.127
5608.988	    0.126
5609.915	    0.138
5610.842	    0.136
5611.769	    0.141
5612.697	    0.134
5613.624	    0.127
5614.552	    0.146
5615.479	    0.153
5616.407	    0.134
5617.335	    0.125
5618.264	    0.141
5619.192	    0.150
5620.121	    0.137
5621.049	    0.135
5621.978	    0.139
5622.907	    0.135
5623.836	    0.134
5624.765	    0.127
5625.695	    0.118
5626.625	    0.130
5627.554	    0.152
5628.484	    0.158
5629.414	    0.149
5630.344	    0.142
5631.275	    0.146
5632.205	    0.143
5633.136	    0.138
5634.067	    0.150
5634.998	    0.159
5635.929	    0.143
5636.860	    0.128
5637.792	    0.138
5638.723	    0.148
5639.655	    0.149
5640.587	    0.154
5641.519	    0.151
5642.451	    0.142
5643.384	    0.144
5644.316	    0.144
5645.249	    0.145
5646.182	    0.142
5647.115	    0.137
5648.048	    0.142
5648.981	    0.142
5649.915	    0.134
5650.848	    0.154
5651.782	    0.156
5652.716	    0.155
5653.650	    0.168
5654.584	    0.200
5655.518	    0.219
5656.453	    0.172
5657.388	    0.156
5658.322	    0.154
5659.257	    0.156
5660.193	    0.167
5661.128	    0.163
5662.063	    0.160
5662.999	    0.153
5663.935	    0.146
5664.871	    0.148
5665.807	    0.154
5666.743	    0.147
5667.679	    0.137
5668.616	    0.140
5669.553	    0.140
5670.489	    0.125
5671.426	    0.128
5672.364	    0.147
5673.301	    0.155
5674.238	    0.154
5675.176	    0.152
5676.114	    0.151
5677.052	    0.152
5677.990	    0.152
5678.928	    0.148
5679.866	    0.142
5680.805	    0.146
5681.744	    0.159
5682.683	    0.162
5683.622	    0.152
5684.561	    0.138
5685.500	    0.134
5686.440	    0.129
5687.379	    0.119
5688.319	    0.116
5689.259	    0.105
5690.199	    0.095
5691.139	    0.104
5692.080	    0.112
5693.020	    0.129
5693.961	    0.122
5694.902	    0.137
5695.843	    0.144
5696.784	    0.149
5697.725	    0.155
5698.667	    0.143
5699.609	    0.138
5700.550	    0.153
5701.492	    0.151
5702.435	    0.159
5703.377	    0.141
5704.319	    0.146
5705.262	    0.155
5706.205	    0.149
5707.147	    0.147
5708.091	    0.151
5709.034	    0.169
5709.977	    0.162
5710.921	    0.154
5711.864	    0.164
5712.808	    0.174
5713.752	    0.168
5714.696	    0.151
5715.641	    0.148
5716.585	    0.156
5717.530	    0.165
5718.475	    0.159
5719.419	    0.156
5720.365	    0.152
5721.310	    0.156
5722.255	    0.163
5723.201	    0.159
5724.146	    0.152
5725.092	    0.148
5726.038	    0.154
5726.985	    0.157
5727.931	    0.165
5728.877	    0.161
5729.824	    0.157
5730.771	    0.154
5731.718	    0.158
5732.665	    0.169
5733.612	    0.155
5734.560	    0.151
5735.507	    0.151
5736.455	    0.164
5737.403	    0.156
5738.351	    0.167
5739.299	    0.169
5740.247	    0.134
5741.196	    0.127
5742.145	    0.141
5743.094	    0.150
5744.043	    0.156
5744.992	    0.165
5745.941	    0.152
5746.890	    0.152
5747.840	    0.150
5748.790	    0.135
5749.740	    0.145
5750.690	    0.151
5751.640	    0.153
5752.591	    0.159
5753.541	    0.144
5754.492	    0.132
5755.443	    0.137
5756.394	    0.145
5757.345	    0.163
5758.296	    0.154
5759.248	    0.159
5760.200	    0.159
5761.151	    0.158
5762.103	    0.163
5763.055	    0.151
5764.008	    0.163
5764.960	    0.161
5765.913	    0.148
5766.866	    0.165
5767.819	    0.142
5768.772	    0.139
5769.725	    0.134
5770.678	    0.150
5771.632	    0.148
5772.586	    0.128
5773.539	    0.150
5774.493	    0.164
5775.448	    0.150
5776.402	    0.148
5777.357	    0.153
5778.311	    0.148
5779.266	    0.138
5780.221	    0.157
5781.176	    0.146
5782.131	    0.144
5783.087	    0.136
5784.042	    0.147
5784.998	    0.152
5785.954	    0.147
5786.910	    0.135
5787.866	    0.158
5788.823	    0.131
5789.779	    0.134
5790.736	    0.150
5791.693	    0.125
5792.650	    0.118
5793.607	    0.152
5794.565	    0.127
5795.522	    0.137
5796.480	    0.119
5797.438	    0.144
5798.396	    0.148
5799.354	    0.138
5800.312	    0.148
5801.270	    0.157
5802.229	    0.147
5803.188	    0.148
5804.147	    0.140
5805.106	    0.134
5806.065	    0.124
5807.024	    0.116
5807.984	    0.119
5808.944	    0.138
5809.904	    0.127
5810.864	    0.124
5811.824	    0.141
5812.784	    0.151
5813.745	    0.121
5814.705	    0.135
5815.666	    0.106
5816.627	    0.109
5817.588	    0.100
5818.550	    0.122
5819.511	    0.135
5820.473	    0.119
5821.435	    0.123
5822.397	    0.118
5823.359	    0.127
5824.321	    0.124
5825.283	    0.103
5826.246	    0.101
5827.209	    0.119
5828.172	    0.145
5829.135	    0.123
5830.098	    0.097
5831.061	    0.095
5832.025	    0.130
5832.988	    0.112
5833.952	    0.121
5834.916	    0.102
5835.880	    0.120
5836.845	    0.083
5837.809	    0.127
5838.774	    0.117
5839.739	    0.115
5840.704	    0.133
5841.669	    0.120
5842.634	    0.139
5843.600	    0.140
5844.565	    0.129
5845.531	    0.110
5846.497	    0.110
5847.463	    0.120
5848.429	    0.121
5849.396	    0.121
5850.362	    0.105
5851.329	    0.118
5852.296	    0.128
5853.263	    0.128
5854.230	    0.113
5855.197	    0.103
5856.165	    0.107
5857.133	    0.112
5858.100	    0.119
5859.068	    0.116
5860.037	    0.134
5861.005	    0.101
5861.973	    0.035
5862.942	    0.032
5863.911	    0.039
5864.880	    0.069
5865.849	    0.080
5866.818	    0.111
5867.788	    0.124
5868.757	    0.094
5869.727	    0.116
5870.697	    0.092
5871.667	    0.032
5872.637	    0.042
5873.608	    0.077
5874.578	    0.054
5875.549	    0.053
5876.520	    0.073
5877.491	    0.073
5878.462	    0.078
5879.434	    0.088
5880.405	    0.078
5881.377	    0.089
5882.349	    0.101
5904.746	    0.085
5905.721	    0.074
5906.697	    0.050
5907.673	    0.047
5908.649	    0.065
5909.626	    0.060
5910.602	    0.073
5911.579	    0.107
5912.556	    0.113
5913.533	    0.058
5914.510	    0.089
5915.487	    0.095
5916.465	    0.089
5917.442	    0.083
5918.420	    0.046
5919.398	    0.034
5920.376	    0.087
5921.355	    0.077
5922.333	    0.058
5923.312	    0.029
5924.290	    0.039
5925.269	    0.073
5926.248	    0.083
5927.228	    0.080
5928.207	    0.081
5929.187	    0.048
5930.166	    0.042
5931.146	    0.093
5932.126	    0.111
5933.107	    0.144
5934.087	    0.152
5935.068	    0.143
5936.048	    0.140
5937.029	    0.119
5938.010	    0.035
5938.992	    0.022
5939.973	    0.055
5940.954	    0.060
5941.936	    0.053
5942.918	    0.077
5943.900	    0.072
5944.882	    0.014
5945.865	    0.035
5946.847	    0.046
5947.830	    0.032
5948.813	    0.079
5949.796	    0.097
5950.779	    0.151
5951.762	    0.144
5952.745	    0.104
5953.729	    0.091
5954.713	    0.081
5955.697	    0.051
5956.681	    0.066
5957.665	    0.109
5958.650	    0.129
5959.634	    0.139
5960.619	    0.135
5961.604	    0.118
5962.589	    0.107
5963.574	    0.054
5964.560	    0.093
5965.546	    0.093
5966.531	    0.070
5967.517	    0.104
5968.503	    0.207
5969.490	    0.211
5970.476	    0.080
5971.463	    0.035
5972.449	    0.022
5973.436	    0.074
5974.423	    0.088
5975.410	    0.085
5976.398	    0.077
5977.385	    0.022
5978.373	    0.079
5979.361	    0.067
5980.349	    0.059
5981.337	    0.071
5982.326	    0.091
5983.314	    0.089
5984.303	    0.073
5985.292	    0.075
5986.281	    0.090
5987.270	    0.093
5988.259	    0.117
5989.249	    0.075
5990.238	    0.063
5991.228	    0.078
5992.218	    0.081
5993.208	    0.097
5994.199	    0.094
5995.189	    0.116
5996.180	    0.075
5997.171	    0.087
5998.162	    0.096
5999.153	    0.105
6000.144	    0.095
6001.136	    0.093
6002.127	    0.058
6003.119	    0.089
6004.111	    0.056
6005.103	    0.039
6006.095	    0.059
6007.088	    0.073
6008.081	    0.090
6009.073	    0.089
6010.066	    0.107
6011.059	    0.116
6012.053	    0.116
6013.046	    0.107
6014.040	    0.098
6015.033	    0.117
6016.027	    0.122
6017.022	    0.080
6018.016	    0.067
6019.010	    0.091
6020.005	    0.091
6021.000	    0.110
6021.994	    0.124
6022.990	    0.128
6023.985	    0.122
6024.980	    0.098
6025.976	    0.073
6026.972	    0.083
6027.967	    0.073
6028.964	    0.059
6029.960	    0.075
6030.956	    0.093
6031.953	    0.057
6032.949	    0.077
6033.946	    0.090
6034.943	    0.066
6035.941	    0.073
6036.938	    0.093
6037.936	    0.111
6038.933	    0.126
6039.931	    0.107
6040.929	    0.107
6041.927	    0.118
6042.926	    0.103
6043.924	    0.105
6044.923	    0.099
6045.922	    0.087
6046.921	    0.098
6047.920	    0.110
6048.920	    0.113
6049.919	    0.101
6050.919	    0.105
6051.919	    0.126
6052.919	    0.112
6053.919	    0.081
6054.919	    0.068
6055.920	    0.080
6056.920	    0.109
6057.921	    0.100
6058.922	    0.080
6059.924	    0.084
6060.925	    0.075
6061.926	    0.078
6062.928	    0.081
6063.930	    0.085
6064.932	    0.093
6065.934	    0.111
6066.937	    0.117
6067.939	    0.102
6068.942	    0.093
6069.945	    0.097
6070.948	    0.099
6071.951	    0.105
6072.954	    0.114
6073.958	    0.090
6074.961	    0.022
6075.965	    0.069
6076.969	    0.069
6077.973	    0.096
6078.978	    0.099
6079.982	    0.092
6080.987	    0.088
6081.992	    0.097
6082.997	    0.099
6084.002	    0.091
6085.007	    0.110
6086.013	    0.111
6087.018	    0.106
6088.024	    0.104
6089.030	    0.085
6090.036	    0.087
6091.043	    0.101
6092.049	    0.103
6093.056	    0.105
6094.063	    0.080
6095.070	    0.049
6096.077	    0.065
6097.084	    0.074
6098.092	    0.032
6099.099	    0.050
6100.107	    0.079
6101.115	    0.049
6102.123	    0.014
6103.132	    0.068
6104.140	    0.097
6105.149	    0.053
6106.157	    0.062
6107.166	    0.022
6108.176	    0.052
6109.185	    0.049
6110.194	    0.043
6111.204	    0.028
6112.214	    0.078
6113.224	    0.099
6114.234	    0.071
6115.244	    0.058
6116.255	    0.068
6117.266	    0.053
6118.276	    0.059
6119.287	    0.022
6120.299	    0.055
6121.310	    0.052
6122.321	    0.017
6123.333	    0.028
6124.345	    0.028
6125.357	    0.038
6126.369	    0.039
6127.381	    0.076
6128.394	    0.073
6129.407	    0.040
6130.419	    0.080
6131.432	    0.077
6132.446	    0.028
6133.459	    0.045
6134.472	    0.076
6135.486	    0.092
6136.500	    0.097
6137.514	    0.082
6138.528	    0.097
6139.542	    0.110
6140.557	    0.102
6141.572	    0.078
6142.586	    0.085
6143.601	    0.066
6144.617	    0.091
6145.632	    0.116
6146.648	    0.105
6147.663	    0.094
6148.679	    0.078
6149.695	    0.069
6150.711	    0.073
6151.728	    0.066
6152.744	    0.084
6153.761	    0.110
6154.778	    0.114
6155.795	    0.113
6156.812	    0.113
6157.829	    0.113
6158.847	    0.114
6159.865	    0.115
6160.882	    0.115
6161.900	    0.116
6162.919	    0.116
6163.937	    0.117
6164.956	    0.117
6165.974	    0.118
6166.993	    0.118
6168.012	    0.119
6169.031	    0.119
6170.051	    0.120
6171.070	    0.120
6172.090	    0.121
6173.110	    0.121
6174.130	    0.122
6175.150	    0.122
6176.171	    0.123
6177.191	    0.124
6178.212	    0.122
6179.233	    0.101
6180.254	    0.063
6181.275	    0.038
6182.296	    0.038
6183.318	    0.077
6184.340	    0.088
6185.362	    0.104
6186.384	    0.103
6187.406	    0.105
6188.428	    0.105
6189.451	    0.108
6190.474	    0.099
6191.497	    0.083
6192.520	    0.094
6193.543	    0.084
6194.567	    0.075
6195.590	    0.088
6196.614	    0.090
6197.638	    0.069
6198.662	    0.091
6199.686	    0.089
6200.711	    0.058
6201.735	    0.088
6202.760	    0.123
6203.785	    0.131
6204.810	    0.133
6205.835	    0.127
6206.861	    0.131
6207.887	    0.106
6208.912	    0.104
6209.938	    0.115
6210.964	    0.113
6211.991	    0.122
6213.017	    0.092
6214.044	    0.116
6215.071	    0.110
6216.098	    0.094
6217.125	    0.100
6218.152	    0.095
6219.180	    0.069
6220.207	    0.106
6221.235	    0.128
6222.263	    0.115
6223.291	    0.120
6224.320	    0.131
6225.348	    0.126
6226.377	    0.086
6227.406	    0.048
6228.435	    0.045
6229.464	    0.085
6230.493	    0.106
6231.523	    0.070
6335.341	    0.078
6336.388	    0.112
6337.435	    0.107
6338.482	    0.107
6339.529	    0.094
6340.577	    0.112
6341.624	    0.119
6342.672	    0.071
6343.720	    0.073
6344.769	    0.102
6345.817	    0.113
6346.866	    0.097
6347.914	    0.081
6348.963	    0.077
6350.012	    0.099
6351.062	    0.132
6352.111	    0.122
6353.161	    0.095
6354.211	    0.100
6355.261	    0.149
6356.311	    0.176
6357.361	    0.174
6358.412	    0.184
6359.462	    0.192
6360.513	    0.155
6361.564	    0.206
6362.615	    0.406
6363.667	    0.531
6364.718	    0.558
6365.770	    0.545
6366.822	    0.523
6367.874	    0.409
6368.926	    0.213
6369.979	    0.129
6371.031	    0.111
6372.084	    0.093
6373.137	    0.087
6374.190	    0.092
6375.243	    0.078
6376.297	    0.089
6377.350	    0.113
6378.404	    0.151
6379.458	    0.144
6380.512	    0.122
6381.567	    0.115
6382.621	    0.100
6383.676	    0.081
6384.731	    0.091
6385.786	    0.130
6386.841	    0.110
6387.896	    0.110
6388.952	    0.117
6390.008	    0.106
6391.063	    0.069
6392.120	    0.075
6393.176	    0.110
6394.232	    0.107
6395.289	    0.104
6396.346	    0.044
6397.403	    0.044
6398.460	    0.068
6399.517	    0.069
6400.574	    0.098
6401.632	    0.081
6402.690	    0.098
6403.748	    0.092
6404.806	    0.085
6405.864	    0.067
6406.923	    0.059
6407.982	    0.017
6409.040	    0.063
6410.099	    0.065
6411.159	    0.026
6412.218	    0.069
6413.278	    0.094
6414.337	    0.097
6415.397	    0.081
6416.457	    0.075
6417.518	    0.085
6418.578	    0.108
6419.639	    0.116
6420.700	    0.117
6421.760	    0.123
6422.822	    0.116
6423.883	    0.102
6424.944	    0.081
6426.006	    0.047
6427.068	    0.020
6428.130	    0.093
6429.192	    0.113
6430.255	    0.104
6431.317	    0.086
6432.380	    0.080
6433.443	    0.075
6434.506	    0.093
6435.569	    0.088
6436.632	    0.105
6437.696	    0.098
6438.760	    0.090
6439.824	    0.106
6440.888	    0.108
6441.952	    0.092
6443.017	    0.081
6444.081	    0.081
6445.146	    0.110
6446.211	    0.072
6447.276	    0.049
6448.342	    0.095
6449.407	    0.101
6450.473	    0.081
6451.539	    0.071
6452.605	    0.087
6453.671	    0.092
6454.738	    0.088
6455.804	    0.106
6456.871	    0.118
6457.938	    0.109
6459.005	    0.103
6460.072	    0.107
6461.140	    0.107
6462.207	    0.114
6463.275	    0.151
6464.343	    0.167
6610.156	    0.091
6611.248	    0.135
6612.341	    0.184
6613.433	    0.249
6614.526	    0.300
6615.619	    0.311
6616.712	    0.299
6617.806	    0.252
6618.899	    0.191
6619.993	    0.160
6621.087	    0.129
6622.181	    0.089
6623.275	    0.089
6624.370	    0.124
6625.464	    0.195
6626.559	    0.315
6627.654	    0.458
6628.749	    0.637
6629.844	    0.744
6630.940	    0.721
6632.036	    0.618
6633.132	    0.470
6634.228	    0.324
6635.324	    0.216
6636.420	    0.176
6637.517	    0.171
6638.614	    0.162
6639.711	    0.138
6640.808	    0.118
6641.905	    0.113
6643.003	    0.114
6644.100	    0.122
6645.198	    0.135
6646.296	    0.180
6647.395	    0.250
6648.493	    0.340
6649.592	    0.452
6650.691	    0.533
6651.789	    0.543
6652.889	    0.468
6653.988	    0.345
6655.087	    0.232
6656.187	    0.177
6657.287	    0.121
6658.387	    0.070
6659.487	    0.086
6660.588	    0.068
6661.688	    0.046
6662.789	    0.073
6663.890	    0.077
6664.991	    0.088
6666.093	    0.081
6667.194	    0.081
6668.296	    0.046
6669.398	    0.073
6670.500	    0.085
6671.602	    0.077
6672.705	    0.042
6673.807	    0.010
6674.910	    0.051
6676.013	    0.073
6677.116	    0.069
6678.219	    0.087
6679.323	    0.078
6680.427	    0.089
6681.530	    0.061
6682.635	    0.058
6683.739	    0.039
6684.843	    0.026
6685.948	    0.056
6687.053	    0.088
6688.158	    0.104
6689.263	    0.098
6690.368	    0.056
6691.474	    0.048
6692.579	    0.052
6693.685	    0.081
6694.791	    0.093
6695.898	    0.093
6697.004	    0.079
6698.111	    0.029
6699.217	    0.024
6700.324	    0.077
6701.432	    0.100
6702.539	    0.085
6703.647	    0.090
6704.754	    0.071
6705.862	    0.081
6706.970	    0.093
6708.079	    0.057
6709.187	    0.050
6710.296	    0.040
6711.404	    0.078
6712.513	    0.085
6713.623	    0.109
6714.732	    0.095
6715.842	    0.077
6716.951	    0.085
6718.061	    0.095
6719.171	    0.085
6720.282	    0.095
6721.392	    0.100
6722.503	    0.078
6723.614	    0.071
6724.725	    0.063
6725.836	    0.069
6726.947	    0.091
6728.059	    0.078
6729.171	    0.056
6730.283	    0.064
6731.395	    0.081
6732.507	    0.098
6733.619	    0.084
6734.732	    0.072
6735.845	    0.107
6736.958	    0.129
6738.071	    0.087
6739.185	    0.054
6740.298	    0.052
6741.412	    0.057
6742.526	    0.042
6743.640	    0.022
6744.754	    0.055
6745.869	    0.070
6746.984	    0.078
6748.099	    0.099
6749.214	    0.107
6750.329	    0.097
6751.444	    0.096
6752.560	    0.089
6753.676	    0.084
6754.792	    0.095
6755.908	    0.108
6757.024	    0.092
6758.141	    0.089
6759.258	    0.108
6760.374	    0.102
6761.492	    0.099
6762.609	    0.121
6763.726	    0.124
6764.844	    0.101
6765.962	    0.103
6767.080	    0.123
6768.198	    0.124
6769.316	    0.114
6770.435	    0.122
6771.554	    0.135
6772.673	    0.125
6773.792	    0.101
6774.911	    0.120
6776.031	    0.132
6777.150	    0.106
6778.270	    0.118
6779.390	    0.130
6780.510	    0.115
6781.631	    0.066
6782.752	    0.149
6783.872	    0.237
6784.993	    0.274
6786.114	    0.273
6787.236	    0.234
6788.357	    0.154
6789.479	    0.032
6790.601	    0.111
6791.723	    0.135
6792.845	    0.122
6793.968	    0.125
6795.090	    0.108
6796.213	    0.044
6797.336	    0.114
6798.459	    0.190
6799.583	    0.236
6800.706	    0.225
6801.830	    0.162
6802.954	    0.085
6804.078	    0.058
6805.203	    0.109
6806.327	    0.144
6807.452	    0.122
6808.577	    0.115
6809.702	    0.136
6810.827	    0.134
6811.952	    0.120
6813.078	    0.110
6814.204	    0.118
6815.330	    0.141
6816.456	    0.140
6817.582	    0.131
6818.709	    0.122
6819.836	    0.106
6820.963	    0.133
6822.090	    0.142
6984.045	    0.172
6985.199	    0.158
6986.353	    0.162
6987.508	    0.157
6988.662	    0.147
6989.817	    0.148
6990.972	    0.149
6992.127	    0.160
6993.283	    0.151
6994.438	    0.137
6995.594	    0.143
6996.750	    0.165
6997.906	    0.159
6999.063	    0.146
7000.219	    0.159
7001.376	    0.153
7002.533	    0.149
7003.690	    0.127
7004.847	    0.133
7006.005	    0.138
7007.162	    0.144
7008.320	    0.162
7009.478	    0.138
7010.636	    0.101
7011.795	    0.055
7012.954	    0.061
7014.112	    0.010
7015.271	    0.144
7016.431	    0.168
7017.590	    0.165
7018.750	    0.155
7019.909	    0.160
7021.069	    0.167
7022.230	    0.172
7023.390	    0.175
7024.551	    0.168
7025.711	    0.165
7026.872	    0.156
7028.033	    0.147
7029.195	    0.147
7030.356	    0.145
7031.518	    0.162
7032.680	    0.168
7033.842	    0.171
7035.004	    0.160
7036.167	    0.165
7037.329	    0.158
7038.492	    0.153
7039.655	    0.169
7040.819	    0.153
7041.982	    0.112
7043.146	    0.121
7044.309	    0.143
7045.473	    0.143
7046.638	    0.139
7047.802	    0.136
7048.967	    0.132
7050.131	    0.131
7051.296	    0.147
7052.462	    0.138
7053.627	    0.141
7054.792	    0.166
7055.958	    0.162
7057.124	    0.158
7058.290	    0.161
7059.457	    0.170
7060.623	    0.158
7061.790	    0.154
7062.957	    0.160
7064.124	    0.155
7065.291	    0.146
7066.459	    0.143
7067.626	    0.168
7068.794	    0.158
7069.962	    0.151
7071.130	    0.165
7072.299	    0.172
7073.468	    0.156
7074.636	    0.162
7075.805	    0.168
7076.975	    0.158
7078.144	    0.144
7079.314	    0.138
7080.483	    0.139
7081.653	    0.130
7082.824	    0.138
7083.994	    0.147
7085.165	    0.160
7086.335	    0.175
7087.506	    0.161
7088.677	    0.131
7089.849	    0.144
7091.020	    0.138
7092.192	    0.161
7093.364	    0.171
7094.536	    0.157
7095.708	    0.170
7096.881	    0.176
7098.054	    0.178
7099.227	    0.169
7100.400	    0.155
7101.573	    0.172
7102.746	    0.171
7103.920	    0.169
7105.094	    0.163
7106.268	    0.149
7107.442	    0.146
7108.617	    0.146
7109.791	    0.152
7110.966	    0.172
7112.141	    0.181
7113.316	    0.171
7114.492	    0.160
7115.667	    0.160
7116.843	    0.163
7118.019	    0.155
