wlen 	 newgal_spectrum 
  4184.326 	      0.032
  4185.077 	      0.029
  4185.828 	      0.023
  4186.580 	      0.013
  4187.331 	      0.056
  4188.083 	      0.063
  4188.835 	      0.023
  4189.586 	     -0.080
  4190.339 	     -0.068
  4191.091 	      0.008
  4191.843 	      0.070
  4192.595 	      0.110
  4193.348 	      0.061
  4194.101 	      0.065
  4194.853 	      0.066
  4195.606 	      0.056
  4196.359 	      0.022
  4197.113 	      0.029
  4197.866 	      0.018
  4198.620 	     -0.041
  4199.373 	      0.044
  4200.127 	      0.069
  4200.881 	      0.086
  4201.635 	      0.100
  4202.389 	      0.016
  4203.143 	      0.002
  4203.898 	     -0.010
  4204.652 	     -0.039
  4205.407 	      0.154
  4206.162 	      0.123
  4206.917 	      0.082
  4207.672 	      0.096
  4208.427 	      0.052
  4209.183 	      0.027
  4209.938 	      0.034
  4210.694 	      0.115
  4211.450 	     -0.006
  4212.206 	      0.017
  4212.962 	      0.024
  4213.718 	     -0.073
  4214.474 	      0.089
  4215.231 	      0.050
  4215.987 	      0.008
  4216.744 	      0.031
  4217.501 	      0.107
  4218.258 	      0.111
  4219.015 	      0.107
  4219.773 	      0.110
  4220.530 	      0.019
  4221.288 	      0.030
  4222.045 	      0.052
  4222.803 	      0.069
  4223.561 	      0.120
  4224.319 	      0.152
  4225.077 	      0.158
  4225.836 	      0.116
  4226.594 	      0.101
  4227.353 	      0.068
  4228.112 	      0.017
  4228.871 	     -0.062
  4229.630 	     -0.025
  4230.389 	      0.048
  4231.148 	      0.088
  4231.908 	      0.075
  4232.667 	      0.050
  4233.427 	      0.011
  4234.187 	     -0.030
  4234.947 	     -0.074
  4235.707 	      0.002
  4236.468 	      0.030
  4237.228 	      0.051
  4237.989 	      0.066
  4238.749 	      0.059
  4239.510 	      0.037
  4240.271 	      0.027
  4241.032 	      0.026
  4241.793 	      0.012
  4242.555 	      0.068
  4243.316 	      0.030
  4244.078 	     -0.062
  4244.840 	      0.142
  4245.602 	      0.034
  4246.364 	      0.014
  4247.126 	      0.051
  4247.888 	      0.141
  4248.651 	      0.109
  4249.413 	      0.109
  4250.176 	      0.124
  4250.939 	      0.146
  4251.702 	      0.069
  4252.465 	      0.018
  4253.229 	     -0.017
  4253.992 	     -0.017
  4254.756 	     -0.008
  4255.519 	      0.017
  4256.283 	      0.051
  4257.047 	      0.101
  4257.811 	      0.079
  4258.575 	      0.048
  4259.340 	      0.043
  4260.104 	      0.096
  4260.869 	      0.165
  4261.634 	      0.128
  4262.399 	      0.088
  4263.164 	      0.056
  4263.929 	      0.052
  4264.695 	     -0.004
  4265.460 	     -0.027
  4266.226 	     -0.015
  4266.991 	      0.055
  4267.757 	      0.019
  4268.523 	     -0.014
  4269.290 	     -0.034
  4270.056 	      0.046
  4270.822 	     -0.001
  4271.589 	      0.004
  4272.356 	      0.023
  4273.123 	     -0.012
  4273.890 	      0.041
  4274.657 	      0.063
  4275.424 	      0.062
  4276.191 	      0.020
  4276.959 	      0.141
  4277.727 	      0.076
  4278.494 	      0.026
  4279.262 	      0.061
  4280.031 	      0.036
  4280.799 	      0.047
  4281.567 	      0.066
  4282.336 	      0.092
  4283.104 	      0.152
  4283.873 	      0.117
  4284.642 	      0.081
  4285.411 	      0.052
  4286.180 	      0.085
  4286.950 	      0.088
  4287.719 	      0.102
  4288.489 	      0.121
  4289.259 	      0.138
  4290.029 	      0.077
  4290.799 	      0.047
  4291.569 	      0.027
  4292.339 	      0.016
  4293.110 	      0.049
  4293.880 	      0.101
  4294.651 	      0.113
  4295.422 	      0.067
  4296.193 	      0.067
  4296.964 	      0.160
  4297.735 	      0.143
  4298.507 	      0.046
  4299.278 	      0.086
  4300.050 	      0.080
  4300.822 	      0.085
  4301.594 	      0.087
  4302.366 	      0.064
  4303.138 	     -0.053
  4303.910 	      0.042
  4304.683 	      0.135
  4305.456 	      0.118
  4306.229 	      0.186
  4307.001 	      0.156
  4307.775 	      0.118
  4308.548 	      0.080
  4309.321 	      0.062
  4310.095 	     -0.056
  4310.868 	     -0.054
  4311.642 	      0.013
  4312.416 	      0.011
  4313.190 	      0.052
  4313.964 	      0.053
  4314.739 	      0.035
  4315.513 	     -0.000
  4316.288 	      0.057
  4317.062 	      0.109
  4317.837 	      0.154
  4318.612 	      0.190
  4319.388 	      0.259
  4320.163 	      0.164
  4320.938 	      0.099
  4321.714 	      0.058
  4322.490 	      0.022
  4323.266 	      0.005
  4324.042 	      0.063
  4324.818 	      0.124
  4325.594 	      0.126
  4326.370 	      0.079
  4327.147 	      0.040
  4327.924 	      0.041
  4328.700 	      0.087
  4329.477 	      0.065
  4330.255 	      0.105
  4331.032 	      0.111
  4331.809 	      0.102
  4332.587 	      0.132
  4333.364 	      0.094
  4334.142 	      0.055
  4334.920 	      0.029
  4335.698 	      0.034
  4336.477 	      0.088
  4337.255 	      0.048
  4338.034 	      0.085
  4338.812 	      0.179
  4339.591 	      0.000
  4340.370 	     -0.048
  4341.149 	     -0.051
  4341.928 	     -0.031
  4342.708 	      0.004
  4343.487 	     -0.000
  4344.267 	     -0.003
  4345.046 	     -0.006
  4345.826 	     -0.008
  4346.606 	      0.027
  4347.387 	     -0.015
  4348.167 	     -0.036
  4348.947 	     -0.038
  4349.728 	     -0.011
  4350.509 	      0.012
  4351.290 	      0.014
  4352.071 	      0.018
  4352.852 	      0.036
  4353.633 	      0.054
  4354.415 	      0.071
  4355.196 	      0.098
  4355.978 	      0.120
  4356.760 	      0.067
  4357.542 	      0.142
  4358.324 	      0.153
  4359.106 	      0.125
  4359.889 	      0.058
  4360.671 	      0.120
  4361.454 	      0.126
  4362.237 	      0.108
  4363.020 	      0.078
  4363.803 	      0.095
  4364.587 	      0.091
  4365.370 	      0.058
  4366.153 	      0.041
  4366.937 	      0.079
  4367.721 	      0.114
  4368.505 	      0.014
  4369.289 	      0.024
  4370.073 	      0.134
  4370.858 	      0.215
  4371.642 	      0.178
  4372.427 	      0.162
  4373.212 	      0.163
  4373.997 	      0.186
  4374.782 	      0.032
  4375.567 	     -0.023
  4376.353 	      0.002
  4377.138 	      0.078
  4377.924 	      0.087
  4378.710 	      0.119
  4388.151 	     -0.071
  4388.938 	      0.029
  4389.726 	      0.065
  4390.514 	      0.083
  4391.302 	      0.097
  4392.090 	      0.135
  4392.879 	      0.019
  4393.667 	      0.043
  4394.456 	      0.082
  4395.245 	      0.113
  4396.033 	      0.090
  4396.823 	      0.077
  4397.612 	      0.092
  4398.401 	      0.123
  4399.191 	      0.162
  4399.980 	      0.177
  4400.770 	      0.115
  4401.560 	      0.112
  4402.350 	      0.158
  4403.140 	      0.210
  4403.931 	      0.225
  4404.721 	      0.232
  4405.512 	      0.236
  4406.302 	      0.243
  4407.093 	      0.328
  4407.884 	      0.322
  4408.676 	      0.277
  4409.467 	      0.224
  4410.258 	      0.195
  4411.050 	      0.180
  4411.842 	      0.263
  4412.634 	      0.307
  4413.426 	      0.288
  4414.218 	      0.131
  4415.010 	      0.257
  4415.803 	      0.249
  4416.595 	      0.197
  4417.388 	      0.132
  4418.181 	      0.232
  4418.974 	      0.243
  4419.767 	      0.233
  4420.561 	      0.206
  4421.354 	      0.157
  4422.148 	      0.186
  4422.941 	      0.182
  4423.735 	      0.105
  4424.529 	      0.005
  4425.324 	      0.044
  4426.118 	      0.050
  4426.912 	      0.040
  4427.707 	      0.059
  4428.502 	      0.109
  4429.297 	      0.094
  4430.092 	      0.044
  4430.887 	      0.033
  4431.682 	      0.052
  4432.478 	      0.101
  4433.273 	      0.027
  4434.069 	      0.014
  4434.865 	      0.046
  4435.661 	      0.080
  4436.457 	      0.055
  4437.253 	      0.021
  4438.050 	      0.032
  4438.847 	      0.046
  4439.643 	      0.057
  4440.440 	      0.055
  4441.237 	      0.035
  4442.034 	      0.011
  4442.832 	     -0.009
  4443.629 	     -0.018
  4444.427 	      0.008
  4445.225 	      0.041
  4446.023 	      0.045
  4446.821 	      0.036
  4447.619 	      0.021
  4448.417 	      0.044
  4449.216 	      0.025
  4450.014 	      0.003
  4450.813 	     -0.022
  4451.612 	     -0.048
  4452.411 	      0.007
  4453.210 	      0.045
  4454.009 	      0.037
  4454.809 	      0.005
  4455.609 	     -0.024
  4456.408 	      0.035
  4457.208 	      0.068
  4458.008 	      0.059
  4458.808 	      0.025
  4459.609 	      0.012
  4460.409 	      0.089
  4461.210 	      0.142
  4462.011 	      0.150
  4462.812 	      0.118
  4463.613 	      0.093
  4464.414 	      0.112
  4465.215 	      0.121
  4466.017 	      0.114
  4466.818 	      0.090
  4467.620 	      0.055
  4468.422 	      0.042
  4469.224 	      0.031
  4470.026 	      0.020
  4470.829 	      0.011
  4471.631 	      0.012
  4472.434 	      0.018
  4473.237 	      0.010
  4474.039 	     -0.005
  4474.843 	     -0.022
  4475.646 	     -0.015
  4476.449 	      0.001
  4477.253 	     -0.014
  4478.056 	     -0.053
  4478.860 	     -0.109
  4479.664 	     -0.098
  4480.468 	     -0.090
  4481.272 	     -0.082
  4482.077 	     -0.074
  4482.881 	     -0.065
  4483.686 	     -0.055
  4484.491 	     -0.046
  4485.296 	     -0.038
  4486.101 	     -0.030
  4486.906 	     -0.022
  4487.711 	     -0.011
  4488.517 	     -0.003
  4489.322 	      0.006
  4490.128 	      0.014
  4490.934 	      0.022
  4491.740 	      0.033
  4492.547 	      0.041
  4493.353 	      0.056
  4494.160 	      0.070
  4494.966 	      0.072
  4495.773 	      0.057
  4496.580 	     -0.040
  4497.387 	     -0.045
  4498.194 	     -0.022
  4499.002 	     -0.020
  4499.809 	     -0.004
  4500.617 	     -0.000
  4501.425 	     -0.010
  4502.233 	     -0.028
  4503.041 	     -0.053
  4503.849 	     -0.074
  4504.658 	     -0.039
  4505.466 	      0.015
  4506.275 	      0.056
  4507.084 	      0.062
  4507.893 	     -0.001
  4508.702 	     -0.014
  4509.511 	      0.007
  4510.321 	      0.033
  4511.130 	      0.044
  4511.940 	      0.031
  4512.750 	      0.042
  4513.560 	      0.060
  4514.370 	      0.072
  4515.180 	      0.068
  4515.991 	      0.044
  4516.802 	      0.031
  4517.612 	      0.032
  4518.423 	      0.033
  4519.234 	      0.033
  4520.045 	      0.034
  4520.857 	      0.055
  4521.668 	      0.059
  4522.480 	      0.039
  4523.292 	      0.002
  4524.103 	     -0.033
  4524.916 	     -0.012
  4525.728 	      0.016
  4526.540 	      0.028
  4527.353 	      0.020
  4528.165 	     -0.002
  4528.978 	     -0.018
  4529.791 	     -0.023
  4530.604 	     -0.025
  4531.417 	     -0.021
  4532.231 	     -0.001
  4533.044 	      0.051
  4533.858 	      0.055
  4534.672 	      0.033
  4535.486 	      0.005
  4536.300 	     -0.010
  4537.114 	      0.019
  4537.928 	      0.021
  4538.743 	     -0.001
  4539.558 	     -0.013
  4540.372 	      0.005
  4541.187 	      0.081
  4542.002 	      0.108
  4542.818 	      0.082
  4543.633 	      0.037
  4544.449 	     -0.008
  4545.264 	     -0.034
  4546.080 	     -0.020
  4546.896 	      0.008
  4547.712 	      0.040
  4548.529 	      0.069
  4549.345 	      0.078
  4550.162 	      0.048
  4550.979 	      0.031
  4551.795 	      0.041
  4552.612 	      0.072
  4553.430 	      0.110
  4554.247 	      0.083
  4555.064 	      0.018
  4555.882 	     -0.023
  4556.700 	     -0.038
  4557.518 	     -0.026
  4558.336 	      0.008
  4559.154 	      0.015
  4559.972 	     -0.004
  4560.791 	     -0.025
  4561.609 	     -0.034
  4562.428 	     -0.004
  4563.247 	      0.048
  4564.066 	      0.057
  4564.885 	      0.050
  4565.705 	      0.036
  4566.524 	      0.021
  4567.344 	      0.025
  4568.164 	      0.044
  4568.984 	      0.050
  4569.804 	      0.034
  4570.624 	     -0.005
  4571.445 	     -0.061
  4572.265 	     -0.096
  4573.086 	     -0.090
  4573.907 	     -0.066
  4574.728 	     -0.037
  4575.549 	     -0.027
  4576.370 	     -0.062
  4577.192 	     -0.076
  4578.013 	     -0.068
  4578.835 	     -0.035
  4579.657 	      0.018
  4580.479 	      0.064
  4581.301 	      0.045
  4582.123 	      0.000
  4582.946 	     -0.041
  4583.768 	     -0.062
  4584.591 	     -0.038
  4585.414 	     -0.013
  4586.237 	     -0.003
  4587.060 	      0.004
  4587.884 	      0.013
  4588.707 	      0.031
  4589.531 	      0.042
  4590.355 	      0.025
  4591.179 	     -0.001
  4592.003 	     -0.025
  4592.827 	     -0.039
  4593.651 	     -0.030
  4594.476 	     -0.004
  4595.301 	      0.012
  4596.125 	      0.018
  4596.950 	      0.011
  4597.776 	     -0.006
  4598.601 	     -0.026
  4599.426 	     -0.027
  4600.252 	     -0.019
  4601.078 	     -0.004
  4601.903 	      0.015
  4602.730 	      0.032
  4603.556 	      0.043
  4604.382 	      0.056
  4605.208 	      0.077
  4606.035 	      0.089
  4606.862 	      0.075
  4607.689 	      0.000
  4608.516 	     -0.043
  4609.343 	     -0.030
  4610.170 	     -0.000
  4610.998 	      0.024
  4611.826 	      0.020
  4612.653 	     -0.002
  4613.481 	     -0.002
  4614.309 	      0.010
  4615.138 	      0.026
  4615.966 	      0.038
  4616.795 	      0.041
  4617.623 	      0.031
  4618.452 	      0.032
  4619.281 	      0.041
  4620.110 	      0.045
  4620.940 	      0.023
  4621.769 	     -0.033
  4622.599 	     -0.047
  4623.428 	     -0.029
  4624.258 	     -0.011
  4625.088 	     -0.009
  4625.918 	     -0.029
  4626.749 	     -0.055
  4627.579 	     -0.062
  4628.410 	     -0.049
  4629.241 	     -0.027
  4630.072 	     -0.008
  4630.903 	     -0.019
  4631.734 	     -0.050
  4632.565 	     -0.040
  4633.397 	     -0.012
  4634.229 	      0.011
  4635.060 	      0.004
  4635.892 	     -0.058
  4636.724 	     -0.027
  4637.557 	      0.013
  4638.389 	      0.021
  4639.222 	     -0.008
  4640.054 	     -0.051
  4640.887 	     -0.038
  4641.720 	     -0.011
  4642.553 	     -0.016
  4643.387 	     -0.029
  4644.220 	     -0.027
  4645.054 	      0.021
  4645.888 	      0.026
  4646.722 	     -0.025
  4653.398 	     -0.089
  4654.234 	     -0.020
  4655.069 	     -0.016
  4655.905 	     -0.038
  4656.740 	     -0.018
  4657.576 	      0.012
  4658.412 	      0.036
  4659.248 	      0.039
  4660.085 	      0.041
  4660.921 	      0.042
  4661.758 	      0.019
  4662.594 	     -0.019
  4663.431 	     -0.055
  4664.268 	     -0.064
  4665.106 	     -0.011
  4665.943 	      0.043
  4666.781 	      0.076
  4667.618 	      0.068
  4668.456 	      0.021
  4669.294 	     -0.051
  4670.132 	     -0.076
  4670.970 	     -0.043
  4671.809 	     -0.010
  4672.647 	      0.005
  4673.486 	     -0.006
  4674.325 	     -0.040
  4675.164 	     -0.069
  4676.003 	     -0.035
  4676.843 	      0.011
  4677.682 	      0.022
  4678.522 	     -0.013
  4679.361 	     -0.071
  4680.201 	     -0.062
  4681.041 	     -0.024
  4681.882 	     -0.016
  4682.722 	     -0.026
  4683.563 	     -0.036
  4684.403 	     -0.018
  4685.244 	      0.003
  4686.085 	     -0.024
  4686.926 	     -0.043
  4687.767 	     -0.031
  4688.609 	      0.000
  4689.450 	      0.005
  4690.292 	      0.051
  4691.134 	      0.005
  4691.976 	     -0.035
  4692.818 	     -0.047
  4693.661 	     -0.052
  4694.503 	     -0.098
  4695.346 	      0.046
  4696.189 	     -0.043
  4697.032 	     -0.049
  4697.875 	     -0.059
  4698.718 	     -0.073
  4699.561 	     -0.044
  4700.405 	      0.097
  4701.249 	      0.032
  4702.092 	     -0.004
  4702.936 	      0.013
  4703.781 	      0.059
  4704.625 	      0.089
  4705.469 	      0.072
  4706.314 	      0.020
  4707.159 	      0.014
  4708.004 	      0.034
  4708.849 	      0.050
  4709.694 	      0.035
  4710.539 	     -0.001
  4711.385 	      0.001
  4712.231 	     -0.027
  4713.076 	     -0.034
  4713.922 	     -0.034
  4714.768 	     -0.032
  4715.615 	      0.005
  4716.461 	     -0.023
  4717.308 	     -0.035
  4718.154 	      0.012
  4719.001 	      0.048
  4719.848 	      0.044
  4720.696 	      0.023
  4721.543 	     -0.005
  4722.390 	     -0.009
  4723.238 	     -0.012
  4724.086 	     -0.030
  4724.934 	     -0.040
  4725.782 	     -0.001
  4726.630 	      0.053
  4727.479 	      0.092
  4728.327 	      0.006
  4729.176 	     -0.029
  4730.025 	      0.022
  4730.874 	      0.108
  4731.723 	      0.042
  4732.572 	      0.022
  4733.422 	      0.084
  4734.271 	      0.075
  4735.121 	      0.048
  4735.971 	      0.040
  4736.821 	      0.047
  4737.671 	      0.000
  4738.522 	     -0.043
  4739.372 	      0.004
  4740.223 	     -0.013
  4741.074 	     -0.035
  4741.925 	      0.038
  4742.776 	     -0.018
  4743.627 	     -0.140
  4744.479 	     -0.024
  4745.330 	     -0.028
  4746.182 	     -0.033
  4747.034 	      0.024
  4747.886 	     -0.007
  4748.738 	     -0.015
  4749.591 	      0.015
  4750.443 	      0.008
  4751.296 	     -0.004
  4752.149 	     -0.012
  4753.002 	     -0.019
  4753.855 	      0.030
  4754.708 	     -0.013
  4755.562 	      0.014
  4756.415 	      0.023
  4757.269 	     -0.006
  4758.123 	     -0.062
  4758.977 	     -0.103
  4759.831 	     -0.014
  4760.686 	     -0.011
  4761.540 	     -0.020
  4762.395 	      0.003
  4763.250 	      0.038
  4764.105 	      0.046
  4764.960 	      0.040
  4765.815 	     -0.008
  4766.671 	     -0.014
  4767.526 	     -0.005
  4768.382 	     -0.004
  4769.238 	     -0.012
  4770.094 	     -0.005
  4770.950 	      0.002
  4771.807 	      0.006
  4772.663 	     -0.028
  4773.520 	     -0.056
  4774.377 	     -0.071
  4775.234 	     -0.076
  4776.091 	     -0.069
  4776.948 	     -0.039
  4777.805 	     -0.054
  4778.663 	     -0.034
  4779.521 	     -0.004
  4780.379 	      0.019
  4781.237 	      0.015
  4782.095 	     -0.071
  4782.953 	     -0.037
  4783.812 	      0.005
  4784.670 	      0.038
  4785.529 	      0.019
  4786.388 	     -0.022
  4787.247 	     -0.008
  4788.107 	     -0.061
  4788.966 	     -0.079
  4789.826 	     -0.077
  4790.686 	     -0.025
  4791.545 	      0.043
  4792.405 	      0.092
  4793.266 	      0.110
  4794.126 	      0.004
  4794.987 	     -0.024
  4795.847 	      0.010
  4796.708 	      0.004
  4797.569 	     -0.020
  4798.430 	     -0.026
  4799.292 	     -0.024
  4800.153 	     -0.013
  4801.015 	      0.031
  4801.876 	     -0.007
  4802.738 	      0.056
  4803.600 	      0.082
  4804.463 	     -0.018
  4805.325 	      0.059
  4806.188 	     -0.050
  4807.050 	     -0.114
  4807.913 	     -0.114
  4808.776 	     -0.089
  4809.639 	     -0.034
  4810.503 	      0.043
  4811.366 	      0.045
  4812.230 	     -0.100
  4813.093 	     -0.032
  4813.957 	     -0.025
  4814.821 	      0.012
  4815.686 	      0.032
  4816.550 	     -0.011
  4817.415 	      0.011
  4818.279 	     -0.014
  4819.144 	     -0.034
  4820.009 	     -0.006
  4820.874 	      0.017
  4821.740 	      0.035
  4822.605 	      0.051
  4823.471 	      0.022
  4824.337 	      0.008
  4825.203 	     -0.006
  4826.069 	     -0.047
  4826.935 	     -0.060
  4827.801 	     -0.047
  4828.668 	     -0.034
  4829.535 	     -0.036
  4830.401 	      0.018
  4831.269 	     -0.003
  4832.136 	     -0.024
  4833.003 	     -0.010
  4833.871 	      0.006
  4834.738 	     -0.012
  4835.606 	     -0.053
  4836.474 	     -0.045
  4837.342 	     -0.031
  4838.210 	     -0.029
  4839.079 	     -0.009
  4839.947 	     -0.007
  4840.816 	     -0.016
  4841.685 	      0.007
  4842.554 	      0.011
  4843.423 	      0.032
  4844.293 	      0.016
  4845.162 	     -0.003
  4846.032 	     -0.027
  4846.902 	     -0.037
  4847.772 	     -0.014
  4848.642 	      0.021
  4849.512 	     -0.009
  4850.383 	      0.023
  4851.253 	      0.052
  4852.124 	      0.031
  4852.995 	     -0.004
  4853.866 	     -0.012
  4854.737 	     -0.012
  4855.609 	      0.023
  4856.480 	      0.047
  4857.352 	      0.053
  4858.224 	      0.065
  4859.096 	      0.071
  4859.968 	      0.033
  4860.841 	     -0.050
  4861.713 	      0.063
  4862.586 	      0.022
  4863.459 	     -0.024
  4864.332 	     -0.013
  4865.205 	     -0.010
  4866.078 	     -0.001
  4866.951 	      0.030
  4867.825 	     -0.009
  4868.699 	     -0.054
  4869.573 	     -0.030
  4870.447 	     -0.069
  4871.321 	     -0.025
  4872.195 	     -0.008
  4873.070 	     -0.049
  4873.945 	     -0.053
  4874.819 	     -0.085
  4875.694 	     -0.027
  4876.570 	     -0.006
  4877.445 	     -0.031
  4878.320 	     -0.047
  4879.196 	     -0.031
  4880.072 	     -0.014
  4880.948 	     -0.061
  4881.824 	     -0.034
  4882.700 	     -0.017
  4883.577 	     -0.063
  4884.453 	     -0.025
  4885.330 	      0.008
  4886.207 	     -0.006
  4887.084 	     -0.028
  4887.961 	     -0.008
  4888.838 	      0.010
  4889.716 	      0.005
  4890.594 	     -0.028
  4891.472 	     -0.002
  4892.350 	      0.018
  4893.228 	     -0.004
  4894.106 	     -0.021
  4894.984 	     -0.055
  4895.863 	     -0.084
  4896.742 	     -0.076
  4897.621 	     -0.070
  4898.500 	     -0.080
  4899.379 	     -0.090
  4900.259 	     -0.096
  4901.138 	     -0.121
  4902.018 	     -0.085
  4902.898 	     -0.042
  4903.778 	      0.005
  4904.658 	      0.349
  4905.538 	      1.196
  4906.419 	      2.439
  4907.300 	      3.628
  4908.180 	      4.114
  4909.061 	      3.438
  4909.943 	      2.040
  4910.824 	      0.913
  4911.705 	      0.273
  4912.587 	      0.014
  4913.469 	     -0.058
  4914.351 	     -0.078
  4915.233 	     -0.071
  4916.115 	     -0.073
  4916.998 	     -0.126
  4917.880 	     -0.147
  4918.763 	     -0.136
  4919.646 	     -0.117
  4920.529 	     -0.108
  4921.412 	     -0.107
  4922.295 	     -0.086
  4923.179 	     -0.014
  4924.063 	     -0.044
  4924.947 	     -0.027
  4925.831 	     -0.004
  4926.715 	     -0.011
  4927.599 	     -0.001
  4928.484 	      0.034
  4929.368 	      0.014
  4930.253 	      0.005
  4931.138 	      0.072
  4932.023 	     -0.019
  4932.908 	      0.046
  4933.794 	      0.017
  4934.679 	     -0.017
  4935.565 	      0.024
  4936.451 	      0.053
  4937.337 	      0.040
  4938.223 	     -0.020
  4939.110 	     -0.025
  4939.996 	      0.083
  4940.883 	      0.115
  4941.770 	      0.107
  4942.657 	      0.110
  4943.544 	      0.114
  4944.431 	      0.080
  4945.319 	      0.133
  4946.207 	      0.058
  4947.094 	      0.044
  4947.982 	      0.065
  4948.871 	      0.080
  4949.759 	      0.043
  4950.647 	      0.004
  4951.536 	      0.086
  4952.425 	      0.086
  4953.314 	      0.083
  4954.203 	      0.072
  4955.092 	      0.002
  4955.981 	     -0.026
  4956.871 	     -0.020
  4957.761 	      0.023
  4958.651 	      0.091
  4959.541 	      0.032
  4960.431 	      0.016
  4961.321 	     -0.005
  4962.212 	      0.038
  4963.103 	      0.047
  4963.993 	      0.023
  4964.884 	     -0.019
  4965.776 	     -0.058
  4966.667 	     -0.061
  4967.558 	     -0.019
  4968.450 	     -0.092
  4969.342 	     -0.082
  4970.234 	     -0.034
  4971.126 	     -0.042
  4972.018 	     -0.051
  4972.911 	     -0.033
  4973.803 	     -0.009
  4974.696 	     -0.007
  4975.589 	     -0.018
  4976.482 	     -0.034
  4977.375 	     -0.014
  4978.269 	      0.015
  4979.162 	      0.002
  4980.056 	     -0.037
  4980.950 	     -0.050
  4981.844 	     -0.021
  4982.738 	     -0.009
  4983.633 	     -0.039
  4984.527 	     -0.034
  4985.422 	     -0.030
  4986.317 	     -0.040
  4987.212 	     -0.053
  4988.107 	     -0.033
  4989.002 	     -0.016
  4989.898 	     -0.059
  4990.794 	     -0.062
  4991.689 	      0.002
  4992.585 	      0.014
  4993.482 	     -0.001
  4994.378 	      0.000
  4995.274 	     -0.002
  4996.171 	     -0.003
  4997.068 	     -0.022
  4997.965 	     -0.058
  4998.862 	     -0.017
  4999.759 	      0.007
  5000.657 	     -0.027
  5001.554 	     -0.009
  5002.452 	     -0.043
  5003.350 	     -0.041
  5004.248 	     -0.020
  5005.146 	      0.043
  5006.045 	      0.150
  5006.943 	      0.115
  5007.842 	      0.048
  5008.741 	     -0.020
  5009.640 	     -0.033
  5010.539 	     -0.042
  5011.438 	     -0.068
  5012.338 	     -0.077
  5013.238 	     -0.059
  5014.137 	     -0.047
  5015.037 	     -0.057
  5015.938 	     -0.032
  5016.838 	     -0.127
  5017.738 	     -0.088
  5018.639 	     -0.113
  5019.540 	     -0.027
  5020.441 	     -0.041
  5021.342 	     -0.061
  5022.243 	      0.003
  5023.145 	     -0.001
  5024.046 	     -0.072
  5024.948 	     -0.082
  5025.850 	     -0.016
  5026.752 	     -0.057
  5027.655 	     -0.060
  5028.557 	     -0.131
  5029.460 	     -0.149
  5030.362 	     -0.116
  5031.265 	     -0.130
  5032.168 	     -0.148
  5033.072 	     -0.119
  5033.975 	     -0.094
  5034.879 	     -0.070
  5035.782 	     -0.060
  5036.686 	     -0.087
  5037.590 	     -0.092
  5038.495 	     -0.070
  5039.399 	     -0.043
  5040.304 	     -0.020
  5041.208 	     -0.021
  5042.113 	     -0.060
  5043.018 	     -0.052
  5043.923 	     -0.053
  5044.829 	     -0.110
  5045.734 	     -0.098
  5046.640 	     -0.060
  5047.546 	     -0.035
  5048.452 	     -0.026
  5049.358 	     -0.027
  5050.264 	     -0.018
  5051.171 	     -0.010
  5052.078 	      0.100
  5052.984 	      0.181
  5053.891 	      0.291
  5054.799 	      0.365
  5055.706 	      0.332
  5056.613 	      0.229
  5057.521 	      0.110
  5058.429 	     -0.006
  5059.337 	     -0.018
  5060.245 	     -0.050
  5061.153 	     -0.129
  5062.062 	     -0.118
  5062.970 	     -0.072
  5063.879 	     -0.063
  5064.788 	     -0.052
  5065.697 	     -0.064
  5066.606 	     -0.087
  5067.516 	     -0.059
  5068.425 	     -0.054
  5069.335 	     -0.092
  5070.245 	     -0.091
  5071.155 	     -0.087
  5072.065 	     -0.082
  5072.976 	     -0.096
  5073.886 	     -0.120
  5074.797 	     -0.120
  5075.708 	     -0.103
  5076.619 	     -0.096
  5077.530 	     -0.071
  5078.442 	     -0.004
  5079.353 	      0.028
  5080.265 	     -0.022
  5081.177 	     -0.042
  5082.089 	     -0.054
  5083.001 	     -0.048
  5083.914 	     -0.037
  5084.826 	     -0.027
  5085.739 	     -0.032
  5086.652 	     -0.057
  5087.565 	     -0.052
  5088.478 	     -0.076
  5089.391 	     -0.009
  5090.305 	     -0.022
  5091.219 	     -0.068
  5092.132 	     -0.079
  5093.046 	     -0.074
  5093.961 	     -0.056
  5094.875 	     -0.037
  5095.789 	     -0.033
  5096.704 	     -0.035
  5097.619 	     -0.044
  5098.534 	     -0.070
  5099.449 	     -0.033
  5100.364 	     -0.044
  5101.280 	     -0.036
  5102.196 	     -0.005
  5103.111 	     -0.024
  5104.027 	     -0.048
  5104.944 	     -0.024
  5105.860 	      0.022
  5106.776 	      0.057
  5107.693 	      0.059
  5108.610 	     -0.045
  5109.527 	     -0.013
  5110.444 	      0.046
  5111.361 	      0.024
  5112.279 	      0.010
  5113.196 	      0.028
  5114.114 	      0.031
  5115.032 	      0.042
  5115.950 	      0.051
  5116.868 	     -0.014
  5117.787 	      0.064
  5118.706 	     -0.019
  5119.624 	      0.011
  5120.543 	      0.045
  5121.462 	     -0.004
  5122.382 	     -0.093
  5123.301 	     -0.102
  5124.221 	     -0.071
  5125.141 	     -0.052
  5126.060 	     -0.052
  5126.981 	     -0.060
  5127.901 	     -0.033
  5128.821 	     -0.007
  5129.742 	     -0.109
  5130.663 	     -0.026
  5131.584 	     -0.034
  5132.505 	     -0.039
  5133.426 	     -0.053
  5134.347 	     -0.071
  5135.269 	     -0.033
  5136.191 	      0.016
  5137.113 	     -0.017
  5138.035 	     -0.071
  5138.957 	     -0.005
  5139.879 	     -0.071
  5140.802 	     -0.057
  5141.725 	      0.010
  5142.648 	      0.034
  5143.571 	     -0.035
  5144.494 	     -0.063
  5145.417 	     -0.047
  5146.341 	     -0.025
  5147.265 	     -0.023
  5148.189 	     -0.044
  5149.113 	     -0.047
  5150.037 	     -0.002
  5150.961 	     -0.005
  5151.886 	     -0.098
  5152.811 	     -0.027
  5153.736 	     -0.040
  5154.661 	     -0.031
  5155.586 	     -0.007
  5156.511 	     -0.011
  5157.437 	     -0.057
  5158.363 	     -0.096
  5159.289 	     -0.072
  5160.215 	     -0.016
  5161.141 	     -0.024
  5162.067 	     -0.072
  5162.994 	     -0.080
  5163.921 	     -0.014
  5164.848 	      0.010
  5165.775 	     -0.011
  5166.702 	      0.021
  5167.629 	      0.007
  5168.557 	     -0.011
  5169.485 	     -0.012
  5170.412 	     -0.029
  5171.341 	     -0.046
  5172.269 	     -0.058
  5173.197 	     -0.077
  5174.126 	     -0.060
  5175.054 	     -0.031
  5175.983 	     -0.086
  5176.912 	     -0.105
  5177.842 	     -0.127
  5178.771 	     -0.118
  5179.701 	     -0.094
  5180.630 	     -0.065
  5181.560 	     -0.047
  5182.490 	     -0.047
  5183.421 	     -0.022
  5184.351 	      0.035
  5185.282 	      0.021
  5186.212 	     -0.050
  5187.143 	     -0.051
  5188.074 	     -0.080
  5189.006 	     -0.068
  5189.937 	     -0.073
  5190.868 	     -0.100
  5191.800 	     -0.100
  5192.732 	     -0.083
  5193.664 	     -0.090
  5194.596 	     -0.105
  5195.529 	     -0.089
  5196.461 	     -0.090
  5197.394 	     -0.090
  5198.327 	     -0.090
  5199.260 	     -0.091
  5200.193 	     -0.091
  5201.127 	     -0.091
  5202.060 	     -0.091
  5202.994 	     -0.092
  5203.928 	     -0.092
  5204.862 	     -0.092
  5205.796 	     -0.092
  5206.731 	     -0.092
  5207.665 	     -0.093
  5208.600 	     -0.093
  5209.535 	     -0.093
  5210.470 	     -0.093
  5211.405 	     -0.093
  5212.341 	     -0.093
  5213.276 	     -0.093
  5214.212 	     -0.094
  5215.148 	     -0.094
  5216.084 	     -0.094
  5217.021 	     -0.094
  5217.957 	     -0.094
  5218.894 	     -0.094
  5219.830 	     -0.094
  5220.767 	     -0.095
  5221.704 	     -0.095
  5222.642 	     -0.095
  5223.579 	     -0.095
  5224.517 	     -0.096
  5225.454 	     -0.096
  5226.392 	     -0.096
  5227.331 	     -0.097
  5228.269 	     -0.097
  5229.207 	     -0.097
  5230.146 	     -0.093
  5231.085 	     -0.083
  5232.024 	     -0.087
  5232.963 	     -0.114
  5233.902 	     -0.135
  5234.842 	     -0.111
  5235.781 	     -0.032
  5236.721 	      0.011
  5237.661 	      0.004
  5238.601 	     -0.027
  5239.541 	     -0.026
  5240.482 	     -0.012
  5241.423 	     -0.067
  5242.363 	     -0.072
  5243.304 	     -0.047
  5244.245 	      0.010
  5245.187 	      0.060
  5246.128 	      0.109
  5247.070 	      0.178
  5248.012 	      0.219
  5248.954 	      0.189
  5249.896 	      0.134
  5250.838 	      0.036
  5251.781 	      0.103
  5252.723 	      0.042
  5253.666 	     -0.051
  5254.609 	     -0.103
  5255.552 	     -0.106
  5256.496 	     -0.072
  5257.439 	     -0.066
  5258.383 	     -0.015
  5259.327 	     -0.008
  5260.271 	     -0.038
  5261.215 	     -0.023
  5262.159 	      0.005
  5263.104 	     -0.021
  5264.049 	     -0.034
  5264.994 	     -0.004
  5265.939 	      0.004
  5266.884 	     -0.032
  5267.829 	      0.091
  5268.775 	      0.024
  5269.721 	     -0.049
  5270.666 	      0.002
  5271.612 	      0.067
  5272.559 	     -0.017
  5273.505 	     -0.047
  5274.452 	     -0.032
  5275.398 	     -0.047
  5276.345 	     -0.063
  5277.292 	     -0.038
  5278.240 	     -0.002
  5279.187 	     -0.017
  5280.135 	     -0.097
  5281.082 	     -0.089
  5282.030 	     -0.038
  5282.979 	     -0.029
  5283.927 	     -0.016
  5284.875 	     -0.050
  5285.824 	      0.031
  5286.773 	      0.040
  5287.722 	      0.040
  5288.671 	     -0.014
  5289.620 	     -0.015
  5290.569 	      0.014
  5291.519 	      0.019
  5292.469 	      0.020
  5293.419 	      0.033
  5294.369 	      0.018
  5295.319 	     -0.036
  5296.270 	     -0.062
  5297.220 	     -0.012
  5298.171 	      0.009
  5299.122 	     -0.004
  5300.073 	     -0.035
  5301.025 	     -0.041
  5301.976 	     -0.013
  5302.928 	     -0.025
  5303.880 	     -0.019
  5304.832 	      0.027
  5305.784 	      0.000
  5306.736 	     -0.049
  5307.689 	     -0.011
  5308.642 	      0.032
  5309.595 	      0.009
  5310.548 	     -0.030
  5311.501 	     -0.055
  5312.454 	     -0.079
  5313.408 	     -0.117
  5314.362 	     -0.104
  5315.315 	     -0.101
  5316.270 	     -0.104
  5317.224 	     -0.076
  5318.178 	     -0.074
  5319.133 	     -0.095
  5320.088 	     -0.104
  5321.043 	     -0.074
  5321.998 	     -0.041
  5322.953 	     -0.023
  5323.908 	     -0.051
  5324.864 	     -0.069
  5325.820 	     -0.080
  5326.776 	     -0.067
  5327.732 	     -0.050
  5328.688 	     -0.054
  5329.645 	     -0.041
  5330.601 	     -0.038
  5331.558 	     -0.055
  5332.515 	     -0.072
  5333.472 	     -0.076
  5334.430 	     -0.095
  5335.387 	     -0.061
  5336.345 	     -0.014
  5337.303 	     -0.020
  5338.261 	      0.013
  5339.219 	     -0.002
  5340.177 	     -0.056
  5341.136 	     -0.027
  5342.094 	      0.048
  5343.053 	      0.042
  5344.012 	     -0.001
  5344.972 	     -0.004
  5345.931 	     -0.005
  5346.891 	     -0.039
  5347.850 	     -0.051
  5348.810 	     -0.025
  5349.770 	     -0.013
  5350.731 	     -0.017
  5351.691 	     -0.047
  5352.652 	     -0.055
  5353.612 	      0.001
  5354.573 	      0.016
  5355.535 	      0.027
  5356.496 	      0.021
  5357.457 	      0.017
  5358.419 	      0.010
  5359.381 	     -0.015
  5360.343 	      0.013
  5361.305 	      0.068
  5362.267 	      0.069
  5363.230 	      0.018
  5364.192 	     -0.024
  5365.155 	     -0.003
  5366.118 	      0.022
  5367.081 	      0.007
  5368.045 	     -0.020
  5369.008 	     -0.036
  5369.972 	     -0.020
  5370.936 	      0.005
  5371.900 	     -0.039
  5372.864 	     -0.083
  5373.829 	     -0.080
  5374.793 	     -0.071
  5375.758 	     -0.066
  5376.723 	     -0.081
  5377.688 	     -0.104
  5378.653 	     -0.088
  5379.619 	     -0.124
  5380.584 	     -0.129
  5381.550 	     -0.087
  5382.516 	     -0.042
  5383.482 	     -0.028
  5384.449 	     -0.037
  5385.415 	     -0.019
  5386.382 	     -0.033
  5387.349 	     -0.186
  5388.316 	     -0.198
  5389.283 	     -0.084
  5390.250 	     -0.096
  5391.218 	     -0.144
  5392.185 	     -0.103
  5393.153 	     -0.077
  5394.121 	     -0.079
  5395.090 	     -0.051
  5396.058 	     -0.038
  5397.027 	     -0.079
  5397.995 	     -0.063
  5398.964 	     -0.034
  5399.933 	     -0.021
  5400.903 	     -0.031
  5401.872 	     -0.036
  5402.842 	     -0.046
  5403.811 	      0.014
  5404.781 	      0.015
  5405.751 	     -0.021
  5406.722 	     -0.027
  5407.692 	     -0.029
  5408.663 	     -0.013
  5409.634 	      0.008
  5410.605 	      0.004
  5411.576 	      0.018
  5412.547 	      0.031
  5413.519 	      0.017
  5414.491 	     -0.022
  5415.462 	     -0.056
  5416.434 	     -0.055
  5417.407 	     -0.057
  5418.379 	     -0.071
  5419.352 	     -0.071
  5420.324 	     -0.112
  5421.297 	     -0.145
  5422.270 	     -0.125
  5423.244 	     -0.079
  5424.217 	     -0.039
  5425.191 	     -0.026
  5426.165 	     -0.014
  5427.139 	     -0.002
  5428.113 	      0.030
  5429.087 	     -0.032
  5430.062 	     -0.030
  5431.036 	     -0.037
  5432.011 	     -0.023
  5432.986 	     -0.043
  5433.961 	     -0.024
  5434.937 	      0.001
  5435.912 	      0.004
  5436.888 	     -0.001
  5437.864 	     -0.014
  5438.840 	     -0.025
  5439.816 	     -0.051
  5440.793 	     -0.034
  5441.769 	     -0.024
  5442.746 	     -0.058
  5443.723 	     -0.093
  5444.700 	     -0.082
  5445.677 	     -0.034
  5446.655 	     -0.033
  5447.632 	     -0.053
  5448.610 	     -0.036
  5449.588 	     -0.070
  5450.566 	     -0.069
  5451.545 	     -0.044
  5452.523 	     -0.074
  5453.502 	     -0.075
  5454.481 	     -0.072
  5455.460 	     -0.083
  5456.439 	     -0.090
  5457.419 	     -0.072
  5458.398 	     -0.078
  5459.378 	     -0.094
  5460.358 	     -0.097
  5461.338 	     -0.047
  5462.318 	     -0.078
  5463.299 	     -0.145
  5464.279 	     -0.045
  5465.260 	     -0.014
  5466.241 	     -0.022
  5467.222 	     -0.107
  5468.204 	     -0.004
  5469.185 	     -0.027
  5470.167 	     -0.039
  5471.149 	     -0.023
  5472.131 	      0.006
  5473.113 	      0.012
  5474.096 	      0.011
  5475.078 	      0.016
  5476.061 	     -0.010
  5477.044 	     -0.048
  5478.027 	     -0.035
  5479.010 	     -0.017
  5479.994 	     -0.012
  5480.977 	     -0.024
  5481.961 	     -0.051
  5482.945 	     -0.066
  5483.929 	     -0.085
  5484.914 	     -0.082
  5485.898 	     -0.042
  5486.883 	     -0.029
  5487.868 	     -0.024
  5488.853 	     -0.009
  5489.838 	     -0.029
  5490.823 	     -0.013
  5491.809 	     -0.003
  5492.795 	      0.015
  5493.781 	     -0.037
  5494.767 	     -0.034
  5495.753 	     -0.097
  5496.740 	     -0.035
  5497.726 	     -0.059
  5498.713 	     -0.037
  5499.700 	      0.002
  5500.687 	     -0.014
  5501.675 	     -0.012
  5502.662 	     -0.031
  5503.650 	      0.012
  5504.638 	     -0.124
  5505.626 	     -0.035
  5506.614 	     -0.082
  5507.602 	     -0.022
  5508.591 	     -0.062
  5509.580 	     -0.089
  5510.569 	     -0.039
  5511.558 	      0.076
  5512.547 	     -0.013
  5513.537 	     -0.081
  5514.526 	     -0.064
  5515.516 	     -0.038
  5516.506 	     -0.046
  5517.496 	     -0.015
  5518.487 	     -0.048
  5519.477 	     -0.047
  5520.468 	     -0.007
  5521.459 	      0.058
  5522.450 	      0.012
  5523.441 	      0.012
  5524.433 	      0.013
  5525.424 	     -0.010
  5526.416 	     -0.021
  5527.408 	     -0.027
  5528.400 	     -0.069
  5529.392 	     -0.063
  5530.385 	     -0.026
  5531.378 	     -0.033
  5532.370 	     -0.047
  5533.363 	     -0.053
  5534.357 	     -0.079
  5535.350 	     -0.057
  5536.344 	     -0.017
  5537.337 	     -0.049
  5538.331 	     -0.034
  5539.325 	     -0.002
  5540.320 	     -0.029
  5541.314 	     -0.032
  5542.309 	     -0.010
  5543.304 	     -0.063
  5544.299 	     -0.040
  5545.294 	      0.029
  5546.289 	     -0.012
  5547.285 	     -0.011
  5548.280 	     -0.029
  5549.276 	     -0.061
  5550.272 	     -0.002
  5551.269 	     -0.011
  5552.265 	     -0.024
  5553.262 	     -0.056
  5554.259 	     -0.074
  5555.255 	     -0.027
  5556.253 	     -0.025
  5557.250 	     -0.038
  5558.247 	     -0.015
  5559.245 	      0.027
  5560.243 	     -0.047
  5561.241 	     -0.023
  5562.239 	     -0.099
  5563.238 	     -0.109
  5564.236 	     -0.090
  5565.235 	     -0.061
  5566.234 	     -0.022
  5567.233 	      0.019
  5568.232 	      0.012
  5569.232 	      0.007
  5570.231 	      0.003
  5571.231 	     -0.002
  5572.231 	     -0.006
  5573.232 	     -0.011
  5574.232 	     -0.015
  5575.232 	     -0.020
  5576.233 	     -0.024
  5577.234 	     -0.029
  5578.235 	     -0.033
  5579.236 	     -0.038
  5580.238 	     -0.042
  5581.240 	     -0.047
  5582.241 	     -0.051
  5583.243 	     -0.055
  5584.246 	     -0.060
  5585.248 	     -0.064
  5586.250 	     -0.068
  5587.253 	     -0.073
  5588.256 	     -0.077
  5589.259 	     -0.057
  5590.262 	     -0.052
  5591.266 	      0.000
  5592.269 	     -0.092
  5593.273 	     -0.106
  5594.277 	     -0.052
  5595.281 	     -0.067
  5596.286 	     -0.064
  5597.290 	     -0.059
  5598.295 	     -0.033
  5599.300 	     -0.006
  5600.305 	     -0.089
  5601.310 	     -0.007
  5602.315 	      0.044
  5603.321 	     -0.032
  5604.327 	     -0.038
  5605.333 	      0.028
  5606.339 	      0.003
  5607.345 	     -0.020
  5608.352 	     -0.083
  5609.358 	     -0.083
  5610.365 	     -0.036
  5611.372 	     -0.043
  5612.379 	     -0.065
  5613.387 	     -0.059
  5614.394 	     -0.157
  5615.402 	     -0.103
  5616.410 	     -0.064
  5617.418 	     -0.069
  5618.427 	     -0.050
  5619.435 	     -0.037
  5620.444 	      0.043
  5621.453 	      0.007
  5622.462 	     -0.025
  5623.471 	     -0.111
  5624.480 	     -0.072
  5625.490 	     -0.025
  5626.499 	     -0.111
  5627.509 	     -0.144
  5628.520 	     -0.069
  5629.530 	     -0.075
  5630.540 	     -0.105
  5631.551 	     -0.069
  5632.562 	     -0.100
  5633.573 	     -0.086
  5634.584 	     -0.078
  5635.595 	     -0.069
  5636.607 	     -0.050
  5637.619 	     -0.094
  5638.631 	     -0.114
  5639.643 	     -0.121
  5640.655 	     -0.166
  5641.668 	     -0.127
  5642.680 	     -0.151
  5643.693 	     -0.114
  5644.706 	     -0.157
  5645.719 	     -0.151
  5646.733 	     -0.134
  5647.746 	     -0.056
  5648.760 	     -0.098
  5649.774 	     -0.107
  5650.788 	     -0.101
  5651.802 	     -0.086
  5652.817 	     -0.123
  5653.831 	     -0.075
  5654.846 	     -0.123
  5655.861 	     -0.114
  5656.876 	     -0.048
  5657.892 	     -0.051
  5658.907 	     -0.162
  5659.923 	     -0.108
  5660.939 	     -0.066
  5661.955 	     -0.071
  5662.972 	     -0.071
  5663.988 	     -0.081
  5665.005 	     -0.122
  5666.022 	     -0.064
  5667.039 	     -0.089
  5668.056 	     -0.098
  5669.073 	     -0.082
  5670.091 	     -0.108
  5671.109 	     -0.116
  5672.126 	     -0.092
  5673.145 	     -0.139
  5674.163 	     -0.151
  5675.181 	     -0.136
  5676.200 	     -0.129
  5677.219 	     -0.065
  5678.238 	     -0.058
  5679.257 	     -0.115
  5680.277 	     -0.152
  5681.296 	     -0.085
  5682.316 	     -0.111
  5683.336 	     -0.072
  5684.356 	     -0.077
  5685.376 	     -0.086
  5686.397 	     -0.080
  5687.418 	     -0.117
  5688.438 	     -0.146
  5689.459 	     -0.130
  5690.481 	     -0.112
  5691.502 	     -0.115
  5692.524 	     -0.139
  5693.545 	     -0.161
  5694.567 	     -0.159
  5695.590 	     -0.137
  5696.612 	     -0.134
  5697.634 	     -0.148
  5698.657 	     -0.173
  5699.680 	     -0.140
  5700.703 	     -0.115
  5701.726 	     -0.093
  5702.750 	     -0.105
  5703.773 	     -0.111
  5704.797 	     -0.117
  5705.821 	     -0.153
  5706.845 	     -0.176
  5707.870 	     -0.155
  5708.894 	     -0.116
  5709.919 	     -0.130
  5710.944 	     -0.141
  5711.969 	     -0.174
  5712.994 	     -0.155
  5714.020 	     -0.128
  5715.045 	     -0.149
  5716.071 	     -0.161
  5717.097 	     -0.095
  5718.123 	     -0.155
  5719.150 	     -0.166
  5720.176 	     -0.197
  5721.203 	     -0.160
  5722.230 	     -0.167
  5723.257 	     -0.115
  5724.284 	     -0.126
  5725.312 	     -0.120
  5726.340 	     -0.198
  5727.367 	     -0.197
  5728.396 	     -0.166
  5729.424 	     -0.137
  5730.452 	     -0.143
  5731.481 	     -0.131
  5732.510 	     -0.190
  5733.538 	     -0.155
  5734.568 	     -0.131
  5735.597 	     -0.165
  5736.626 	     -0.164
  5737.656 	     -0.160
  5738.686 	     -0.167
  5739.716 	     -0.212
  5740.746 	     -0.196
  5741.777 	     -0.168
  5742.807 	     -0.183
  5743.838 	     -0.168
  5744.869 	     -0.154
  5745.900 	     -0.157
  5746.932 	     -0.153
  5747.963 	     -0.137
  5748.995 	     -0.133
  5750.027 	     -0.129
  5751.059 	     -0.142
  5752.091 	     -0.164
  5753.124 	     -0.193
  5754.157 	     -0.188
  5755.189 	     -0.152
  5756.222 	     -0.144
  5757.256 	     -0.174
  5758.289 	     -0.167
  5759.323 	     -0.160
  5760.356 	     -0.181
  5761.390 	     -0.243
  5762.425 	     -0.218
  5763.459 	     -0.206
  5764.493 	     -0.175
  5765.528 	     -0.142
  5766.563 	     -0.169
  5767.598 	     -0.180
  5768.633 	     -0.185
  5769.669 	     -0.190
  5770.704 	     -0.175
  5771.740 	     -0.163
  5772.776 	     -0.120
  5773.812 	     -0.149
  5774.849 	     -0.185
  5775.885 	     -0.180
  5776.922 	     -0.176
  5777.959 	     -0.187
  5778.996 	     -0.197
  5780.033 	     -0.165
  5781.071 	     -0.163
  5782.109 	     -0.170
  5783.146 	     -0.141
  5784.185 	     -0.132
  5785.223 	     -0.129
  5786.261 	     -0.143
  5787.300 	     -0.166
  5788.339 	     -0.165
  5789.378 	     -0.188
  5790.417 	     -0.199
  5791.456 	     -0.182
  5792.496 	     -0.185
  5793.535 	     -0.184
  5794.575 	     -0.186
  5795.615 	     -0.204
  5796.656 	     -0.198
  5797.696 	     -0.188
  5798.737 	     -0.175
  5799.778 	     -0.193
  5800.819 	     -0.198
  5801.860 	     -0.177
  5802.901 	     -0.149
  5803.943 	     -0.169
  5804.985 	     -0.161
  5806.027 	     -0.159
  5807.069 	     -0.154
  5808.111 	     -0.155
  5809.154 	     -0.201
  5810.196 	     -0.199
  5811.239 	     -0.160
  5812.282 	     -0.113
  5813.326 	     -0.107
  5814.369 	     -0.135
  5815.413 	     -0.176
  5816.457 	     -0.181
  5817.501 	     -0.148
  5818.545 	     -0.152
  5819.589 	     -0.156
  5820.634 	     -0.129
  5821.679 	     -0.132
  5822.724 	     -0.159
  5823.769 	     -0.165
  5824.814 	     -0.167
  5825.860 	     -0.147
  5826.905 	     -0.134
  5827.951 	     -0.125
  5828.997 	     -0.139
  5830.044 	     -0.164
  5831.090 	     -0.170
  5832.137 	     -0.150
  5833.184 	     -0.147
  5834.231 	     -0.215
  5835.278 	     -0.258
  5836.325 	     -0.200
  5837.373 	     -0.198
  5838.421 	     -0.205
  5839.469 	     -0.179
  5840.517 	     -0.180
  5841.565 	     -0.176
  5842.614 	     -0.158
  5843.663 	     -0.048
  5844.711 	      0.056
  5845.761 	     -0.038
  5846.810 	     -0.131
  5847.859 	     -0.121
  5848.909 	     -0.133
  5849.959 	     -0.134
  5851.009 	     -0.139
  5852.059 	     -0.124
  5853.110 	     -0.135
  5854.160 	     -0.112
  5855.211 	     -0.132
  5856.262 	     -0.158
  5857.313 	     -0.121
  5858.364 	     -0.107
  5859.416 	     -0.094
  5860.468 	     -0.056
  5861.520 	     -0.054
  5862.572 	     -0.095
  5863.624 	     -0.098
  5864.677 	     -0.112
  5865.729 	     -0.128
  5866.782 	     -0.102
  5867.835 	     -0.071
  5868.888 	     -0.132
  5869.942 	     -0.181
  5870.996 	     -0.155
  5872.049 	     -0.119
  5873.103 	     -0.122
  5874.158 	     -0.117
  5875.212 	     -0.087
  5876.267 	     -0.086
  5877.321 	     -0.090
  5878.376 	     -0.089
  5879.431 	     -0.063
  5880.487 	     -0.076
  5881.542 	     -0.098
  5882.598 	     -0.083
  5883.654 	     -0.011
  5884.710 	      0.050
  5885.766 	      0.024
  5886.823 	     -0.071
  5887.879 	     -0.151
  5888.936 	     -0.176
  5889.993 	     -0.162
  5891.051 	     -0.139
  5892.108 	     -0.093
  5893.166 	     -0.094
  5894.223 	     -0.152
  5895.281 	     -0.158
  5896.340 	     -0.141
  5897.398 	     -0.100
  5898.456 	     -0.063
  5899.515 	     -0.037
  5900.574 	     -0.113
  5901.633 	     -0.074
  5902.693 	     -0.062
  5903.752 	     -0.092
  5904.812 	     -0.090
  5905.872 	     -0.124
  5906.932 	     -0.085
  5907.992 	     -0.072
  5909.052 	     -0.134
  5910.113 	     -0.128
  5911.174 	     -0.086
  5912.235 	     -0.072
  5913.296 	     -0.127
  5914.358 	     -0.131
  5915.419 	     -0.103
  5916.481 	     -0.086
  5917.543 	     -0.101
  5918.605 	     -0.077
  5919.668 	     -0.100
  5920.730 	     -0.084
  5921.793 	     -0.104
  5922.856 	     -0.123
  5954.833 	     -0.218
  5955.902 	     -0.183
  5956.971 	     -0.175
  5958.040 	     -0.080
  5959.109 	     -0.051
  5960.179 	     -0.000
  5961.249 	     -0.080
  5962.319 	     -0.060
  5963.389 	     -0.017
  5964.460 	     -0.005
  5965.530 	     -0.028
  5966.601 	     -0.020
  5967.672 	      0.053
  5968.743 	      0.077
  5969.814 	     -0.021
  5970.886 	     -0.082
  5971.958 	     -0.015
  5973.030 	      0.010
  5974.102 	      0.006
  5975.174 	      0.038
  5976.247 	     -0.005
  5977.319 	     -0.079
  5978.392 	      0.022
  5979.465 	     -0.019
  5980.539 	      0.018
  5981.612 	      0.010
  5982.686 	     -0.050
  5983.760 	     -0.045
  5984.834 	      0.007
  5985.908 	      0.008
  5986.982 	      0.009
  5988.057 	      0.030
  5989.132 	      0.028
  5990.207 	      0.029
  5991.282 	      0.041
  5992.358 	      0.019
  5993.433 	      0.013
  5994.509 	     -0.003
  5995.585 	      0.006
  5996.661 	      0.024
  5997.738 	      0.068
  5998.814 	      0.094
  5999.891 	      0.051
  6000.968 	      0.013
  6002.045 	      0.036
  6003.122 	      0.019
  6004.200 	     -0.020
  6005.278 	      0.005
  6006.356 	      0.047
  6007.434 	      0.050
  6008.512 	      0.025
  6009.590 	      0.002
  6010.669 	      0.003
  6011.748 	      0.014
  6012.827 	      0.018
  6013.906 	      0.025
  6014.986 	      0.042
  6016.066 	      0.056
  6017.145 	      0.053
  6018.225 	      0.047
  6019.306 	      0.049
  6020.386 	      0.044
  6021.467 	      0.023
  6022.548 	      0.004
  6023.629 	      0.004
  6024.710 	      0.032
  6025.791 	      0.056
  6026.873 	      0.045
  6027.955 	      0.017
  6029.037 	      0.006
  6030.119 	      0.008
  6031.201 	      0.006
  6032.284 	      0.006
  6033.367 	      0.020
  6034.450 	      0.028
  6035.533 	      0.022
  6036.616 	      0.029
  6037.700 	      0.052
  6038.783 	      0.028
  6039.867 	     -0.026
  6040.951 	     -0.023
  6042.036 	      0.011
  6043.120 	      0.010
  6044.205 	     -0.018
  6045.290 	     -0.014
  6046.375 	      0.033
  6047.460 	      0.085
  6048.546 	      0.102
  6049.631 	      0.068
  6050.717 	      0.030
  6051.803 	      0.018
  6052.890 	      0.018
  6053.976 	      0.021
  6055.063 	      0.012
  6056.150 	      0.011
  6057.237 	      0.026
  6058.324 	      0.042
  6059.411 	      0.037
  6060.499 	      0.024
  6061.587 	      0.027
  6062.675 	      0.042
  6063.763 	      0.041
  6064.852 	      0.032
  6065.940 	      0.031
  6067.029 	      0.031
  6068.118 	      0.050
  6069.207 	      0.052
  6070.297 	      0.035
  6071.386 	      0.026
  6072.476 	      0.027
  6073.566 	      0.019
  6074.656 	      0.011
  6075.747 	      0.030
  6076.837 	      0.036
  6077.928 	      0.016
  6079.019 	      0.005
  6080.110 	      0.036
  6081.201 	      0.054
  6082.293 	      0.046
  6083.385 	      0.062
  6084.477 	      0.086
  6085.569 	      0.060
  6086.661 	      0.022
  6087.754 	      0.039
  6088.846 	      0.076
  6089.939 	      0.079
  6091.032 	      0.063
  6092.126 	      0.055
  6093.219 	      0.088
  6094.313 	      0.151
  6095.407 	      0.160
  6096.501 	      0.119
  6097.595 	      0.100
  6098.690 	      0.108
  6099.784 	      0.109
  6100.879 	      0.099
  6101.974 	      0.097
  6103.070 	      0.097
  6104.165 	      0.084
  6105.261 	      0.114
  6106.357 	      0.183
  6107.453 	      0.219
  6108.549 	      0.173
  6109.646 	      0.155
  6110.742 	      0.157
  6111.839 	      0.123
  6112.936 	      0.047
  6114.033 	      0.066
  6115.131 	      0.068
  6116.228 	      0.074
  6117.326 	      0.113
  6118.424 	      0.193
  6155.875 	     -0.006
  6156.980 	      0.057
  6158.085 	      0.147
  6159.190 	      0.072
  6160.296 	      0.022
  6161.402 	      0.064
  6162.508 	      0.078
  6163.614 	      0.066
  6164.720 	      0.088
  6165.827 	      0.147
  6166.933 	      0.185
  6168.040 	      0.171
  6169.148 	      0.120
  6170.255 	      0.098
  6171.362 	      0.115
  6172.470 	      0.118
  6173.578 	      0.107
  6174.686 	      0.113
  6175.795 	      0.132
  6176.903 	      0.119
  6178.012 	      0.102
  6179.121 	      0.127
  6180.230 	      0.131
  6181.339 	      0.100
  6182.449 	      0.110
  6183.558 	      0.167
  6184.668 	      0.177
  6185.778 	      0.124
  6186.889 	      0.112
  6187.999 	      0.162
  6189.110 	      0.208
  6190.221 	      0.202
  6191.332 	      0.147
  6192.443 	      0.103
  6193.555 	      0.095
  6194.667 	      0.097
  6195.779 	      0.104
  6196.891 	      0.128
  6198.003 	      0.154
  6199.116 	      0.162
  6200.228 	      0.144
  6201.341 	      0.123
  6202.454 	      0.117
  6203.568 	      0.159
  6204.681 	      0.211
  6205.795 	      0.237
  6206.909 	      0.194
  6208.023 	      0.134
  6209.137 	      0.161
  6210.252 	      0.200
  6211.366 	      0.152
  6212.481 	      0.092
  6213.596 	      0.106
  6214.712 	      0.132
  6215.827 	      0.123
  6216.943 	      0.082
  6218.059 	      0.054
  6219.175 	      0.059
  6220.291 	      0.081
  6221.408 	      0.072
  6222.525 	      0.056
  6223.641 	      0.057
  6224.759 	      0.062
  6225.876 	      0.059
  6226.993 	      0.083
  6228.111 	      0.132
  6229.229 	      0.162
  6230.347 	      0.161
  6231.466 	      0.145
  6232.584 	      0.132
  6233.703 	      0.119
  6234.822 	      0.117
  6235.941 	      0.124
  6237.060 	      0.112
  6238.180 	      0.082
  6239.299 	      0.064
  6240.419 	      0.094
  6241.539 	      0.140
  6242.660 	      0.172
  6243.780 	      0.167
  6244.901 	      0.139
  6246.022 	      0.115
  6247.143 	      0.127
  6248.264 	      0.144
  6249.386 	      0.116
  6250.508 	      0.083
  6251.630 	      0.137
  6252.752 	      0.220
  6253.874 	      0.232
  6254.997 	      0.184
  6256.119 	      0.140
  6257.242 	      0.124
  6258.366 	      0.139
  6259.489 	      0.136
  6260.612 	      0.129
  6261.736 	      0.123
  6262.860 	      0.116
  6263.984 	      0.109
  6265.109 	      0.103
  6266.233 	      0.096
  6267.358 	      0.090
  6268.483 	      0.083
  6269.608 	      0.076
  6270.734 	      0.069
  6271.859 	      0.062
  6272.985 	      0.055
  6274.111 	      0.048
  6275.237 	      0.042
  6276.363 	      0.035
  6277.490 	      0.028
  6278.617 	      0.021
  6279.744 	      0.013
  6280.871 	      0.006
  6281.998 	     -0.001
  6283.126 	     -0.008
  6284.254 	     -0.015
  6285.382 	     -0.022
  6286.510 	     -0.029
  6287.638 	     -0.037
  6288.767 	     -0.044
  6289.896 	     -0.052
  6291.025 	     -0.059
  6292.154 	     -0.066
  6293.283 	     -0.073
  6294.413 	     -0.081
  6295.543 	     -0.088
  6296.673 	     -0.095
  6297.803 	     -0.103
  6298.933 	     -0.111
  6300.064 	     -0.101
  6301.195 	     -0.085
  6302.326 	     -0.021
  6303.457 	      0.026
  6304.589 	     -0.009
  6305.720 	     -0.068
  6306.852 	     -0.100
  6307.984 	      0.062
  6309.117 	      0.155
  6310.249 	      0.151
  6311.382 	      0.073
  6312.514 	      0.055
  6313.648 	      0.005
  6314.781 	     -0.027
  6315.914 	      0.059
  6317.048 	      0.099
  6318.182 	      0.070
  6319.316 	      0.078
  6320.450 	      0.058
  6321.585 	      0.044
  6322.719 	      0.128
  6323.854 	      0.242
  6324.989 	      0.285
  6326.125 	      0.242
  6327.260 	      0.180
  6328.396 	      0.170
  6329.532 	      0.105
  6330.668 	      0.087
  6331.804 	      0.094
  6332.941 	      0.103
  6334.078 	      0.088
  6335.215 	      0.127
  6336.352 	      0.166
  6337.489 	      0.159
  6338.627 	      0.119
  6339.764 	      0.087
  6340.902 	      0.099
  6342.041 	      0.116
  6343.179 	      0.065
  6344.317 	      0.060
  6345.456 	      0.062
  6346.595 	      0.047
  6347.734 	      0.068
  6348.874 	      0.132
  6350.013 	      0.175
  6351.153 	      0.179
  6352.293 	      0.197
  6353.433 	      0.180
  6354.574 	      0.137
  6355.714 	      0.173
  6356.855 	      0.239
  6357.996 	      0.349
  6359.138 	      0.491
  6360.279 	      0.582
  6361.421 	      0.509
  6362.563 	      0.323
  6363.705 	      0.168
  6364.847 	      0.107
  6365.989 	      0.095
  6367.132 	      0.072
  6368.275 	      0.065
  6369.418 	      0.093
  6370.561 	      0.146
  6371.705 	      0.188
  6372.848 	      0.130
  6373.992 	      0.094
  6375.136 	      0.130
  6376.281 	      0.108
  6377.425 	      0.050
  6378.570 	      0.082
  6379.715 	      0.102
  6380.860 	      0.096
  6382.005 	      0.105
  6383.151 	      0.130
  6384.297 	      0.157
  6385.443 	      0.202
  6386.589 	      0.139
  6387.735 	      0.175
  6388.882 	      0.190
  6390.028 	      0.172
  6391.175 	      0.125
  6392.323 	      0.144
  6393.470 	      0.101
  6394.618 	      0.105
  6395.765 	      0.116
  6396.913 	      0.136
  6398.062 	      0.109
  6399.210 	      0.105
  6400.359 	      0.087
  6401.508 	      0.139
  6402.657 	      0.091
  6403.806 	      0.073
  6404.955 	     -0.000
  6406.105 	      0.056
  6407.255 	      0.073
  6408.405 	      0.090
  6409.555 	      0.081
  6410.706 	      0.101
  6411.856 	      0.086
  6413.007 	      0.145
  6414.158 	      0.123
  6415.310 	      0.096
  6416.461 	      0.069
  6417.613 	      0.068
  6418.765 	      0.087
  6419.917 	      0.092
  6421.069 	      0.054
  6422.222 	      0.051
  6423.375 	      0.079
  6424.528 	      0.109
  6425.681 	      0.136
  6426.834 	      0.137
  6427.988 	      0.143
  6429.142 	      0.158
  6430.296 	      0.133
  6431.450 	      0.087
  6432.604 	      0.112
  6433.759 	      0.152
  6434.914 	      0.077
  6436.069 	      0.060
  6437.224 	      0.076
  6438.380 	      0.097
  6439.535 	      0.114
  6440.691 	      0.112
  6441.847 	      0.083
  6443.003 	      0.099
  6444.160 	      0.067
  6445.317 	      0.050
  6446.474 	      0.079
  6447.631 	      0.093
  6448.788 	      0.083
  6449.945 	      0.055
  6451.103 	      0.068
  6452.261 	      0.130
  6453.419 	      0.114
  6454.578 	      0.051
  6455.736 	      0.042
  6456.895 	      0.092
  6458.054 	      0.128
  6459.213 	      0.116
  6460.373 	      0.115
  6461.532 	      0.084
  6462.692 	      0.060
  6463.852 	      0.070
  6465.012 	      0.084
  6466.173 	      0.102
  6467.333 	      0.022
  6468.494 	     -0.005
  6469.655 	     -0.004
  6470.817 	     -0.022
  6471.978 	     -0.008
  6473.140 	     -0.050
  6474.302 	     -0.038
  6475.464 	     -0.043
  6476.626 	      0.001
  6477.789 	      0.032
  6478.951 	      0.037
  6480.114 	      0.036
  6481.277 	     -0.011
  6482.441 	      0.037
  6483.604 	      0.057
  6484.768 	      0.039
  6485.932 	     -0.010
  6487.096 	      0.003
  6488.261 	      0.056
  6489.425 	      0.032
  6490.590 	      0.065
  6491.755 	      0.062
  6492.921 	      0.086
  6494.086 	      0.094
  6495.252 	      0.138
  6496.418 	      0.076
  6497.584 	      0.004
  6498.750 	      0.007
  6499.916 	     -0.026
  6501.083 	     -0.044
  6502.250 	     -0.038
  6503.417 	     -0.021
  6504.584 	      0.003
  6505.752 	      0.020
  6506.920 	      0.008
  6508.088 	      0.012
  6509.256 	      0.032
  6510.424 	     -0.007
  6511.593 	     -0.014
  6512.762 	     -0.024
  6513.931 	     -0.021
  6515.100 	      0.020
  6516.269 	      0.011
  6517.439 	     -0.000
  6518.609 	      0.004
  6519.779 	      0.004
  6520.949 	      0.030
  6522.120 	      0.033
  6523.290 	      0.031
  6524.461 	      0.045
  6525.632 	      0.098
  6526.804 	      0.125
  6527.975 	      0.176
  6529.147 	      0.166
  6530.319 	      0.087
  6531.491 	     -0.012
  6532.664 	     -0.027
  6533.836 	     -0.004
  6535.009 	      0.003
  6536.182 	      0.019
  6537.355 	      0.033
  6538.529 	      0.051
  6539.702 	      0.054
  6540.876 	      0.057
  6542.050 	      0.024
  6543.224 	      0.034
  6544.399 	      0.029
  6545.574 	      0.008
  6546.748 	      0.032
  6547.924 	      0.074
  6549.099 	      0.107
  6550.274 	      0.137
  6551.450 	      0.109
  6552.626 	      0.008
  6553.802 	     -0.050
  6554.979 	     -0.100
  6556.155 	     -0.042
  6557.332 	      0.023
  6558.509 	      0.029
  6559.686 	     -0.052
  6560.864 	     -0.106
  6562.041 	     -0.090
  6563.219 	     -0.035
  6564.397 	      0.030
  6565.576 	      0.005
  6566.754 	     -0.019
  6567.933 	     -0.000
  6569.112 	     -0.010
  6570.291 	      0.041
  6571.470 	      0.109
  6572.650 	      0.097
  6573.830 	      0.087
  6575.010 	      0.088
  6576.190 	      0.089
  6577.370 	      0.090
  6578.551 	      0.090
  6579.732 	      0.091
  6580.913 	      0.092
  6582.094 	      0.092
  6583.275 	      0.093
  6584.457 	      0.094
  6585.639 	      0.095
  6586.821 	      0.096
  6588.003 	      0.099
  6589.186 	      0.152
  6590.368 	      0.131
  6591.551 	      0.123
  6592.735 	      0.102
  6593.918 	      0.074
  6595.102 	      0.046
  6596.285 	      0.043
  6597.469 	      0.036
  6598.654 	      0.117
  6599.838 	      0.119
  6601.023 	      0.115
  6602.207 	      0.119
  6603.393 	      0.089
  6604.578 	      0.127
  6605.763 	      0.154
  6606.949 	      0.270
  6608.135 	      0.514
  6609.321 	      1.328
  6610.507 	      2.832
  6611.694 	      3.778
  6612.881 	      3.307
  6614.068 	      1.975
  6615.255 	      0.733
  6616.442 	      0.277
  6617.630 	      0.216
  6618.818 	      0.210
  6620.006 	      0.322
  6621.194 	      0.644
  6622.383 	      1.925
  6623.571 	      5.789
  6624.760 	     15.249
  6625.949 	     26.502
  6627.139 	     28.733
  6628.328 	     20.109
  6629.518 	      8.148
  6630.708 	      2.337
  6631.898 	      0.674
  6633.089 	      0.329
  6634.279 	      0.220
  6635.470 	      0.156
  6636.661 	      0.182
  6637.852 	      0.184
  6639.044 	      0.224
  6640.235 	      0.260
  6641.427 	      0.398
  6642.619 	      0.686
  6643.812 	      1.563
  6645.004 	      4.097
  6646.197 	      8.914
  6647.390 	     12.296
  6648.583 	     10.418
  6649.777 	      5.779
  6650.970 	      2.244
  6652.164 	      0.735
  6653.358 	      0.307
  6654.552 	      0.188
  6655.747 	      0.150
  6656.941 	      0.132
  6658.136 	      0.131
  6659.331 	      0.174
  6660.527 	      0.160
  6661.722 	      0.162
  6662.918 	      0.166
  6664.114 	      0.197
  6665.310 	      0.178
  6666.507 	      0.141
  6667.703 	      0.162
  6668.900 	      0.162
  6670.097 	      0.121
  6671.294 	      0.128
  6672.492 	      0.154
  6673.689 	      0.181
  6674.887 	      0.208
  6676.086 	      0.161
  6677.284 	      0.143
  6678.482 	      0.144
  6679.681 	      0.142
  6680.880 	      0.182
  6682.079 	      0.167
  6683.279 	      0.132
  6684.478 	      0.120
  6685.678 	      0.144
  6686.878 	      0.200
  6688.079 	      0.189
  6689.279 	      0.200
  6690.480 	      0.197
  6691.681 	      0.185
  6692.882 	      0.145
  6694.083 	      0.134
  6695.285 	      0.150
  6696.486 	      0.133
  6697.688 	      0.137
  6698.891 	      0.109
  6700.093 	      0.112
  6701.296 	      0.090
  6702.499 	      0.103
  6703.702 	      0.114
  6704.905 	      0.096
  6706.108 	      0.100
  6707.312 	      0.108
  6708.516 	      0.094
  6709.720 	      0.094
  6710.925 	      0.137
  6712.129 	      0.096
  6713.334 	      0.107
  6714.539 	      0.152
  6715.744 	      0.127
  6716.950 	      0.055
  6718.155 	      0.076
  6719.361 	      0.126
  6720.567 	      0.104
  6721.774 	      0.084
  6722.980 	      0.056
  6724.187 	      0.085
  6725.394 	      0.102
  6726.601 	      0.088
  6727.808 	      0.071
  6729.016 	     -0.008
  6730.224 	     -0.012
  6731.432 	      0.041
  6732.640 	      0.085
  6733.849 	      0.093
  6735.057 	      0.094
  6736.266 	      0.058
  6737.475 	      0.047
  6738.685 	      0.090
  6739.894 	      0.111
  6741.104 	      0.152
  6742.314 	      0.213
  6743.524 	      0.182
  6744.735 	      0.139
  6745.945 	      0.095
  6747.156 	      0.033
  6748.367 	      0.046
  6749.579 	      0.083
  6750.790 	      0.099
  6752.002 	      0.090
  6753.214 	      0.031
  6754.426 	      0.048
  6755.638 	      0.074
  6756.851 	      0.051
  6758.064 	      0.043
  6759.277 	      0.034
  6760.490 	      0.016
  6761.704 	      0.041
  6762.917 	      0.068
  6764.131 	      0.074
  6765.345 	      0.064
  6766.560 	      0.044
  6767.774 	      0.060
  6768.989 	      0.008
  6770.204 	      0.055
  6771.419 	      0.082
  6772.635 	      0.079
  6773.851 	      0.023
  6775.066 	      0.077
  6776.282 	      0.081
  6777.499 	      0.271
  6778.715 	      0.668
  6779.932 	      1.765
  6781.149 	      3.059
  6782.366 	      3.275
  6783.584 	      2.045
  6784.801 	      0.810
  6786.019 	      0.279
  6787.237 	      0.106
  6788.455 	      0.071
  6789.674 	      0.094
  6790.893 	      0.093
  6792.112 	      0.196
  6793.331 	      0.597
  6794.550 	      1.547
  6795.770 	      2.595
  6796.990 	      2.489
  6798.210 	      1.630
  6799.430 	      0.749
  6800.650 	      0.245
  6801.871 	      0.088
  6803.092 	      0.057
  6804.313 	      0.038
  6805.534 	      0.028
  6806.756 	      0.049
  6807.978 	      0.056
  6809.200 	      0.012
  6810.422 	      0.011
  6811.644 	      0.045
  6812.867 	      0.060
  6814.090 	      0.028
  6815.313 	     -0.007
  6816.536 	      0.023
  6817.760 	      0.047
  6818.984 	      0.044
  6820.208 	      0.060
  6821.432 	      0.077
  6822.656 	      0.097
  6823.881 	      0.191
  6825.106 	      0.164
  6826.331 	      0.095
  6827.556 	      0.068
  6828.782 	      0.091
  6830.007 	      0.143
  6831.233 	      0.077
  6832.460 	     -0.036
  6833.686 	     -0.075
  6834.913 	     -0.079
  6836.139 	     -0.059
  6837.366 	     -0.019
  6838.594 	      0.020
  6839.821 	     -0.005
  6841.049 	      0.027
  6842.277 	      0.028
  6843.505 	      0.007
  6844.733 	     -0.041
  6845.962 	     -0.023
  6847.191 	      0.045
  6848.420 	      0.031
  6849.649 	      0.001
  6850.879 	     -0.047
  6852.108 	     -0.045
  6853.338 	     -0.030
  6854.568 	      0.026
  6855.799 	      0.054
  6857.029 	      0.087
  6858.260 	      0.155
  6859.491 	      0.196
  6860.722 	      0.125
  6861.954 	     -0.112
  6863.186 	     -0.332
  6864.418 	     -0.412
  6865.650 	     -0.411
  6866.882 	     -0.382
  6868.115 	     -0.328
  6869.347 	     -0.294
  6870.580 	     -0.270
  6871.814 	     -0.224
  6873.047 	     -0.151
  6874.281 	     -0.122
  6875.515 	     -0.098
  6876.749 	     -0.054
  6877.983 	     -0.019
  6879.218 	     -0.045
  6880.453 	     -0.076
  6881.688 	     -0.091
  6882.923 	     -0.083
  6884.158 	     -0.104
  6885.394 	     -0.103
  6886.630 	     -0.110
  6887.866 	     -0.135
  6889.102 	     -0.130
  6890.339 	     -0.158
  6891.576 	     -0.121
  6892.813 	     -0.111
  6894.050 	     -0.097
  6895.287 	     -0.095
  6896.525 	     -0.098
  6897.763 	     -0.072
  6899.001 	     -0.093
  6900.239 	     -0.119
  6901.478 	     -0.095
  6902.717 	     -0.086
  6903.956 	     -0.108
  6905.195 	     -0.119
  6906.434 	     -0.033
  6907.674 	     -0.021
  6908.914 	     -0.029
  6910.154 	     -0.038
  6911.395 	     -0.040
  6912.635 	     -0.052
  6913.876 	     -0.068
  6915.117 	     -0.075
  6916.358 	     -0.014
  6917.600 	      0.052
  6918.841 	      0.079
  6920.083 	      0.072
  6921.325 	      0.007
  6922.568 	     -0.060
  6923.810 	     -0.097
  6925.053 	     -0.124
  6926.296 	     -0.106
  6927.539 	     -0.080
  6928.783 	     -0.053
  6930.026 	     -0.017
  6931.270 	      0.004
  6932.514 	      0.010
  6933.759 	      0.033
  6935.003 	      0.033
  6936.248 	      0.004
  6937.493 	     -0.012
  6938.739 	     -0.026
  6939.984 	     -0.048
  6941.230 	     -0.034
  6942.476 	      0.051
  6943.722 	      0.133
  6944.968 	      0.090
  6946.215 	      0.030
  6947.462 	     -0.062
  6948.709 	     -0.075
  6949.956 	     -0.068
  6951.203 	     -0.058
  6952.451 	     -0.067
  6953.699 	     -0.061
  6954.947 	     -0.049
  6956.196 	     -0.000
  6957.444 	      0.022
  6958.693 	      0.042
  6959.942 	      0.008
  6961.191 	      0.025
  6962.441 	     -0.004
  6963.691 	      0.052
  6964.941 	      0.046
  6966.191 	      0.033
  6967.441 	      0.045
  6968.692 	      0.037
  6969.943 	      0.019
  6971.194 	      0.073
  6972.445 	      0.133
  6973.696 	      0.092
  6974.948 	      0.005
  6976.200 	      0.006
  6977.452 	     -0.003
  6978.705 	     -0.017
  6979.957 	     -0.030
  6981.210 	      0.034
  6982.463 	      0.017
  6983.717 	     -0.006
  6984.970 	     -0.011
  6986.224 	      0.008
  6987.478 	      0.004
  6988.732 	      0.002
  6989.987 	      0.016
  6991.241 	      0.015
  6992.496 	      0.044
  6993.751 	      0.048
  6995.007 	      0.033
  6996.262 	      0.003
  6997.518 	      0.025
  6998.774 	      0.038
  7000.030 	      0.049
  7001.287 	      0.040
  7002.544 	     -0.018
  7003.801 	     -0.033
  7005.058 	      0.015
  7006.315 	      0.056
  7007.573 	      0.052
  7008.831 	      0.032
  7010.089 	      0.031
  7011.347 	     -0.017
  7012.605 	     -0.047
  7013.864 	     -0.017
  7015.123 	     -0.005
  7016.382 	     -0.027
  7017.642 	     -0.060
  7018.901 	     -0.063
  7020.161 	     -0.012
  7021.421 	     -0.021
  7022.682 	     -0.035
  7023.942 	     -0.033
  7025.203 	     -0.002
  7026.464 	     -0.007
  7027.725 	      0.027
  7028.987 	      0.035
  7030.248 	     -0.001
  7031.510 	      0.017
  7032.772 	      0.003
  7034.035 	      0.006
  7035.297 	      0.027
  7036.560 	      0.019
  7037.823 	      0.006
  7039.086 	      0.036
  7040.350 	      0.020
  7041.614 	      0.034
  7042.877 	      0.016
  7044.142 	     -0.023
  7045.406 	     -0.021
  7046.671 	      0.005
  7047.936 	      0.006
  7049.201 	     -0.003
  7050.466 	     -0.009
  7051.731 	      0.042
  7052.997 	      0.046
  7054.263 	      0.004
  7055.529 	      0.015
  7056.796 	      0.045
  7058.062 	      0.046
  7059.329 	      0.051
  7060.596 	      0.044
  7061.864 	      0.004
  7063.131 	      0.018
  7064.399 	      0.024
  7065.667 	      0.035
  7066.936 	      0.017
  7068.204 	      0.001
  7069.473 	      0.014
  7070.742 	      0.044
  7072.011 	      0.027
  7073.280 	      0.030
  7074.550 	      0.025
  7075.820 	      0.035
  7077.090 	     -0.000
  7078.360 	     -0.044
  7079.631 	     -0.010
  7080.901 	     -0.001
  7082.172 	      0.035
  7083.444 	      0.031
  7084.715 	     -0.035
  7085.987 	     -0.038
  7087.259 	     -0.018
  7088.531 	     -0.015
  7089.803 	     -0.007
  7091.076 	      0.027
  7092.349 	      0.002
  7093.622 	     -0.028
  7094.895 	     -0.028
  7096.168 	     -0.008
  7097.442 	      0.030
  7098.716 	     -0.025
  7099.990 	     -0.028
  7101.265 	      0.052
  7102.539 	      0.044
  7103.814 	      0.042
  7105.089 	      0.020
  7106.365 	      0.027
  7107.640 	      0.050
  7108.916 	      0.040
  7110.192 	      0.055
  7111.468 	      0.051
  7112.745 	      0.049
  7114.021 	      0.058
  7115.298 	      0.016
  7116.576 	     -0.005
  7117.853 	      0.010
  7119.131 	     -0.010
  7120.408 	      0.017
  7121.687 	      0.050
  7122.965 	      0.005
  7124.243 	     -0.030
  7125.522 	     -0.034
  7126.801 	     -0.025
  7128.080 	     -0.011
  7129.360 	     -0.039
  7130.640 	      0.018
  7131.919 	      0.004
  7133.200 	      0.068
  7134.480 	      0.029
  7135.761 	     -0.005
  7137.041 	     -0.008
  7138.323 	     -0.036
  7139.604 	     -0.022
  7140.885 	     -0.044
  7142.167 	     -0.020
  7143.449 	     -0.007
  7144.731 	      0.008
  7146.014 	      0.027
  7147.296 	      0.011
  7148.579 	      0.029
  7149.863 	      0.019
  7151.146 	     -0.025
  7152.430 	     -0.048
  7153.713 	     -0.076
  7154.997 	     -0.086
  7156.282 	     -0.056
  7157.566 	     -0.023
  7158.851 	     -0.045
  7160.136 	     -0.068
  7161.421 	     -0.044
  7162.707 	     -0.032
  7163.992 	     -0.057
  7165.278 	     -0.054
  7166.564 	     -0.080
  7167.851 	     -0.074
  7169.137 	     -0.033
  7170.424 	     -0.071
  7171.711 	     -0.110
  7172.998 	     -0.111
  7174.286 	     -0.089
  7175.574 	     -0.088
  7176.862 	     -0.099
  7178.150 	     -0.115
  7179.438 	     -0.120
  7180.727 	     -0.168
  7182.016 	     -0.149
  7183.305 	     -0.126
  7184.595 	     -0.093
  7185.884 	     -0.078
  7187.174 	     -0.115
  7188.464 	     -0.136
  7189.754 	     -0.083
  7191.045 	     -0.088
  7192.336 	     -0.100
  7193.627 	     -0.085
  7194.918 	     -0.082
  7196.209 	     -0.064
  7197.501 	     -0.116
  7198.793 	     -0.151
  7200.085 	     -0.199
  7201.377 	     -0.139
  7202.670 	     -0.037
  7203.963 	      0.074
  7205.256 	      0.078
  7206.549 	      0.034
  7207.843 	     -0.021
  7209.137 	     -0.019
  7210.431 	     -0.006
  7211.725 	     -0.029
  7213.019 	      0.004
  7214.314 	     -0.002
  7215.609 	     -0.022
  7216.904 	     -0.066
  7218.200 	     -0.096
  7219.495 	     -0.094
  7220.791 	     -0.080
  7222.087 	     -0.049
  7223.384 	     -0.032
  7224.680 	     -0.033
  7225.977 	     -0.031
  7227.274 	     -0.068
  7228.571 	     -0.111
  7229.869 	     -0.112
  7231.166 	     -0.082
  7232.464 	     -0.027
  7233.763 	      0.119
  7235.061 	      0.188
  7236.360 	      0.156
  7237.659 	      0.073
  7238.958 	      0.068
  7240.257 	      0.075
  7241.557 	     -0.036
  7242.857 	     -0.258
  7244.157 	     -0.285
  7245.457 	     -0.202
  7246.757 	     -0.226
  7248.058 	     -0.177
  7249.359 	     -0.120
  7250.660 	     -0.110
  7251.962 	     -0.101
  7253.264 	     -0.167
  7254.566 	     -0.137
  7255.868 	     -0.121
  7257.170 	     -0.106
  7258.473 	     -0.113
  7259.776 	     -0.143
  7261.079 	     -0.150
  7262.382 	     -0.069
  7263.686 	     -0.025
  7264.989 	     -0.038
  7266.293 	     -0.083
  7267.598 	     -0.077
  7268.902 	      0.035
  7270.207 	      0.259
  7271.512 	      0.311
  7272.817 	      0.158
  7274.123 	     -0.145
  7275.428 	     -0.281
  7276.734 	     -0.223
  7278.040 	     -0.135
  7279.347 	     -0.056
  7280.653 	     -0.086
  7281.960 	     -0.198
  7283.267 	     -0.221
  7284.575 	     -0.189
  7285.882 	     -0.166
  7287.190 	     -0.158
  7288.498 	     -0.126
  7289.806 	     -0.056
  7291.115 	     -0.005
  7292.423 	     -0.000
  7293.732 	     -0.088
  7295.042 	     -0.073
  7296.351 	     -0.046
  7297.661 	      0.034
  7298.971 	      0.029
  7300.281 	      0.034
  7301.591 	     -0.025
  7302.902 	     -0.086
  7304.212 	     -0.068
  7305.524 	     -0.002
  7306.835 	     -0.113
  7308.146 	     -0.095
  7309.458 	      0.124
  7310.770 	      0.257
  7312.082 	      0.224
  7313.395 	      0.005
  7314.708 	     -0.237
  7316.021 	     -0.190
  7317.334 	     -0.160
  7318.647 	     -0.136
  7319.961 	     -0.153
  7321.275 	     -0.114
  7322.589 	     -0.005
  7323.903 	      0.043
  7325.218 	      0.018
  7326.533 	     -0.051
  7327.848 	     -0.124
  7329.163 	     -0.072
  7330.479 	     -0.069
  7331.795 	     -0.048
  7333.111 	      0.079
  7334.427 	      0.304
  7335.743 	      0.362
  7337.060 	      0.189
  7338.377 	     -0.084
  7339.694 	     -0.163
