1 1 1063.05 1067.73
15.4138 
0.5273 
name    flux    f_err    vel    sig
Hgamma      	   7.39430	      0.12	 2906.3607	     10.45
Hbeta       	  14.47378	      0.12	 2906.3607	     10.45
Halpha      	  92.89380	      0.10	 2906.3607	     10.45
[SII]6716   	  12.25194	      0.11	 2908.7476	     31.49
[SII]6731   	  10.02182	      0.11	 2908.7476	     31.49
[OIII]5007_d	   2.68005	      0.15	 2908.7476	     31.49
[OI]6300_d  	   3.14223	      0.14	 2908.7476	     31.49
[NII]6583_d 	  51.97194	      0.13	 2908.7476	     31.49
