WV      	 Sigma   
4259.984	    0.065
4260.688	    0.066
4261.392	    0.069
4262.096	    0.074
4262.800	    0.079
4263.505	    0.083
4264.209	    0.086
4264.914	    0.086
4265.618	    0.085
4266.323	    0.082
4267.028	    0.076
4267.733	    0.067
4268.439	    0.054
4269.144	    0.037
4269.849	    0.012
4270.555	    0.033
4271.261	    0.038
4271.966	    0.054
4272.672	    0.037
4273.378	    0.023
4274.084	    0.045
4274.791	    0.037
4275.497	    0.038
4276.204	    0.040
4276.910	    0.038
4277.617	    0.017
4278.324	    0.031
4279.031	    0.031
4279.738	    0.030
4280.445	    0.029
4281.152	    0.026
4281.860	    0.026
4282.567	    0.012
4283.275	    0.021
4283.983	    0.033
4284.691	    0.052
4285.399	    0.052
4286.107	    0.047
4286.815	    0.044
4287.523	    0.047
4288.232	    0.057
4288.940	    0.059
4289.649	    0.051
4290.358	    0.044
4291.067	    0.041
4291.776	    0.037
4292.485	    0.032
4293.194	    0.033
4293.904	    0.046
4294.613	    0.050
4295.323	    0.050
4296.033	    0.040
4296.743	    0.038
4297.453	    0.046
4298.163	    0.047
4298.873	    0.046
4299.583	    0.045
4300.294	    0.045
4301.004	    0.046
4301.715	    0.046
4302.426	    0.048
4303.137	    0.052
4303.848	    0.046
4304.559	    0.040
4305.270	    0.045
4305.982	    0.019
4306.693	    0.009
4307.405	    0.021
4308.117	    0.038
4308.829	    0.061
4309.541	    0.068
4310.253	    0.066
4310.965	    0.061
4311.677	    0.058
4312.390	    0.061
4313.102	    0.061
4313.815	    0.058
4314.528	    0.052
4315.241	    0.031
4315.954	    0.031
4316.667	    0.037
4317.380	    0.047
4318.094	    0.043
4318.807	    0.032
4319.521	    0.032
4320.235	    0.023
4320.949	    0.019
4321.663	    0.034
4322.377	    0.009
4323.091	    0.034
4323.805	    0.044
4324.520	    0.038
4325.234	    0.023
4325.949	    0.017
4326.664	    0.030
4327.379	    0.046
4328.094	    0.059
4328.809	    0.054
4329.524	    0.052
4330.240	    0.049
4330.955	    0.045
4331.671	    0.017
4332.387	    0.038
4333.103	    0.040
4333.819	    0.029
4334.535	    0.026
4335.251	    0.031
4335.968	    0.027
4336.684	    0.017
4337.401	    0.017
4338.117	    0.039
4338.834	    0.029
4339.551	    0.009
4340.268	    0.021
4340.985	    0.015
4341.703	    0.024
4342.420	    0.034
4343.138	    0.045
4343.855	    0.057
4344.573	    0.056
4345.291	    0.049
4346.009	    0.048
4346.727	    0.053
4347.445	    0.056
4348.164	    0.061
4348.882	    0.065
4349.601	    0.068
4350.320	    0.069
4351.039	    0.052
4351.758	    0.056
4352.477	    0.061
4353.196	    0.063
4353.915	    0.050
4354.635	    0.055
4355.354	    0.068
4356.074	    0.077
4356.794	    0.080
4357.514	    0.078
4358.234	    0.074
4358.954	    0.071
4359.674	    0.066
4360.394	    0.051
4361.115	    0.029
4361.836	    0.009
4362.556	    0.029
4363.277	    0.044
4363.998	    0.049
4364.719	    0.041
4365.441	    0.039
4366.162	    0.039
4366.883	    0.037
4367.605	    0.009
4368.327	    0.021
4369.049	    0.034
4369.771	    0.045
4370.493	    0.058
4371.215	    0.058
4371.937	    0.049
4372.660	    0.032
4373.382	    0.017
4374.105	    0.043
4374.828	    0.054
4375.550	    0.059
4376.273	    0.058
4376.997	    0.054
4377.720	    0.061
4378.443	    0.066
4379.167	    0.068
4379.890	    0.068
4380.614	    0.065
4390.759	    0.049
4391.485	    0.033
4392.210	    0.042
4392.936	    0.046
4393.662	    0.048
4394.388	    0.063
4395.114	    0.063
4395.840	    0.064
4396.567	    0.056
4397.293	    0.035
4398.020	    0.038
4398.747	    0.031
4399.473	    0.038
4400.200	    0.041
4400.928	    0.023
4401.655	    0.009
4402.382	    0.027
4403.110	    0.024
4403.837	    0.017
4404.565	    0.033
4405.293	    0.026
4406.021	    0.019
4406.749	    0.038
4407.477	    0.048
4408.205	    0.039
4408.934	    0.012
4409.662	    0.029
4410.391	    0.035
4411.119	    0.035
4411.848	    0.044
4412.577	    0.021
4413.307	    0.031
4414.036	    0.038
4414.765	    0.027
4415.495	    0.009
4416.224	    0.012
4416.954	    0.031
4417.684	    0.038
4418.414	    0.034
4419.144	    0.021
4419.874	    0.021
4420.605	    0.015
4421.335	    0.034
4422.066	    0.042
4422.796	    0.032
4423.527	    0.033
4424.258	    0.035
4424.989	    0.038
4425.720	    0.037
4426.452	    0.035
4427.183	    0.030
4427.915	    0.021
4428.646	    0.021
4429.378	    0.015
4430.110	    0.031
4430.842	    0.023
4431.574	    0.012
4432.307	    0.024
4433.039	    0.017
4433.772	    0.027
4434.504	    0.026
4435.237	    0.040
4435.970	    0.044
4436.703	    0.040
4437.436	    0.046
4438.169	    0.045
4438.903	    0.040
4439.636	    0.032
4440.370	    0.030
4441.103	    0.021
4441.837	    0.015
4442.571	    0.021
4443.305	    0.031
4444.040	    0.031
4444.774	    0.027
4445.508	    0.021
4446.243	    0.017
4446.978	    0.033
4447.713	    0.019
4448.447	    0.017
4449.183	    0.030
4449.918	    0.033
4450.653	    0.030
4451.388	    0.012
4452.124	    0.033
4452.860	    0.039
4453.596	    0.038
4454.331	    0.027
4455.067	    0.024
4455.804	    0.041
4456.540	    0.054
4457.276	    0.061
4458.013	    0.060
4458.750	    0.049
4459.486	    0.045
4460.223	    0.037
4460.960	    0.030
4461.697	    0.032
4462.435	    0.041
4463.172	    0.034
4463.909	    0.026
4464.647	    0.015
4465.385	    0.012
4466.123	    0.012
4466.861	    0.024
4467.599	    0.031
4468.337	    0.038
4469.075	    0.046
4469.814	    0.034
4470.552	    0.033
4471.291	    0.030
4472.030	    0.027
4472.769	    0.031
4473.508	    0.043
4474.247	    0.043
4474.987	    0.041
4475.726	    0.033
4476.466	    0.012
4477.205	    0.035
4477.945	    0.023
4478.685	    0.050
4479.425	    0.056
4480.165	    0.049
4480.906	    0.024
4481.646	    0.026
4482.387	    0.032
4483.127	    0.038
4483.868	    0.040
4484.609	    0.037
4485.350	    0.035
4486.091	    0.046
4486.833	    0.050
4487.574	    0.046
4488.316	    0.037
4489.057	    0.019
4489.799	    0.009
4490.541	    0.009
4491.283	    0.012
4492.025	    0.027
4492.767	    0.026
4493.510	    0.030
4494.252	    0.021
4494.995	    0.012
4495.738	    0.023
4496.481	    0.019
4497.224	    0.012
4497.967	    0.021
4498.710	    0.015
4499.453	    0.019
4500.197	    0.019
4500.940	    0.039
4501.684	    0.052
4502.428	    0.049
4503.172	    0.038
4503.916	    0.034
4504.660	    0.038
4505.405	    0.029
4506.149	    0.024
4506.894	    0.029
4507.639	    0.038
4508.383	    0.046
4509.128	    0.038
4509.873	    0.035
4510.619	    0.038
4511.364	    0.045
4512.109	    0.019
4512.855	    0.015
4513.601	    0.017
4514.347	    0.021
4515.093	    0.029
4515.839	    0.039
4516.585	    0.038
4517.331	    0.043
4518.078	    0.046
4518.824	    0.043
4519.571	    0.030
4520.318	    0.038
4521.065	    0.032
4521.812	    0.021
4522.559	    0.041
4523.306	    0.040
4524.054	    0.021
4524.801	    0.029
4525.549	    0.038
4526.297	    0.040
4527.045	    0.039
4527.793	    0.040
4528.541	    0.023
4529.289	    0.023
4530.038	    0.034
4530.786	    0.048
4531.535	    0.041
4532.284	    0.019
4533.033	    0.019
4533.782	    0.015
4534.531	    0.021
4535.280	    0.041
4536.030	    0.030
4536.779	    0.024
4537.529	    0.039
4538.279	    0.039
4539.028	    0.032
4539.779	    0.023
4540.529	    0.023
4541.279	    0.032
4542.029	    0.034
4542.780	    0.039
4543.531	    0.052
4544.281	    0.050
4545.032	    0.033
4545.783	    0.009
4546.534	    0.012
4547.286	    0.019
4548.037	    0.023
4548.789	    0.032
4549.540	    0.030
4550.292	    0.012
4551.044	    0.023
4551.796	    0.023
4552.548	    0.012
4553.300	    0.027
4554.053	    0.031
4554.805	    0.027
4555.558	    0.017
4556.311	    0.043
4557.064	    0.058
4557.817	    0.057
4558.570	    0.049
4559.323	    0.037
4560.076	    0.017
4560.830	    0.009
4561.584	    0.012
4562.337	    0.015
4563.091	    0.012
4563.845	    0.012
4564.599	    0.017
4565.354	    0.038
4566.108	    0.033
4566.863	    0.033
4567.617	    0.034
4568.372	    0.033
4569.127	    0.032
4569.882	    0.039
4570.637	    0.046
4571.392	    0.034
4572.148	    0.027
4572.903	    0.053
4573.659	    0.056
4574.415	    0.054
4575.170	    0.041
4575.926	    0.030
4576.683	    0.035
4577.439	    0.038
4578.195	    0.030
4578.952	    0.037
4579.708	    0.041
4580.465	    0.038
4581.222	    0.024
4581.979	    0.015
4582.736	    0.038
4583.493	    0.026
4584.251	    0.021
4585.008	    0.034
4585.766	    0.026
4586.524	    0.017
4587.282	    0.021
4588.040	    0.029
4588.798	    0.029
4589.556	    0.017
4590.314	    0.021
4591.073	    0.017
4591.832	    0.009
4592.590	    0.009
4593.349	    0.012
4594.108	    0.029
4594.867	    0.038
4595.627	    0.039
4596.386	    0.032
4597.146	    0.027
4597.905	    0.030
4598.665	    0.035
4599.425	    0.033
4600.185	    0.012
4600.945	    0.009
4601.705	    0.024
4602.466	    0.044
4603.226	    0.044
4603.987	    0.046
4604.748	    0.049
4605.508	    0.042
4606.269	    0.035
4607.031	    0.039
4607.792	    0.040
4608.553	    0.009
4609.315	    0.019
4610.076	    0.019
4610.838	    0.029
4611.600	    0.033
4612.362	    0.017
4613.124	    0.037
4613.887	    0.044
4614.649	    0.041
4615.412	    0.032
4616.174	    0.029
4616.937	    0.035
4617.700	    0.035
4618.463	    0.024
4619.226	    0.017
4619.989	    0.023
4620.753	    0.027
4621.516	    0.046
4622.280	    0.021
4623.044	    0.040
4623.808	    0.047
4624.572	    0.034
4625.336	    0.032
4626.100	    0.019
4626.865	    0.023
4627.629	    0.012
4628.394	    0.030
4629.159	    0.024
4629.924	    0.035
4630.689	    0.031
4631.454	    0.019
4632.219	    0.015
4632.985	    0.015
4633.750	    0.017
4634.516	    0.017
4635.282	    0.048
4636.048	    0.040
4636.814	    0.031
4637.580	    0.051
4638.346	    0.042
4639.113	    0.009
4639.879	    0.009
4640.646	    0.027
4641.413	    0.038
4642.180	    0.038
4642.947	    0.023
4643.714	    0.024
4644.481	    0.034
4645.249	    0.042
4646.016	    0.037
4646.784	    0.029
4647.552	    0.024
4648.320	    0.019
4649.088	    0.012
4649.856	    0.021
4650.625	    0.030
4651.393	    0.027
4652.162	    0.009
4652.930	    0.015
4653.699	    0.033
4654.468	    0.037
4655.237	    0.033
4656.007	    0.032
4656.776	    0.035
4657.546	    0.042
4658.315	    0.049
4659.085	    0.045
4659.855	    0.031
4660.625	    0.017
4661.395	    0.021
4662.165	    0.026
4662.936	    0.026
4663.706	    0.015
4664.477	    0.027
4665.247	    0.029
4666.018	    0.017
4666.789	    0.012
4667.561	    0.031
4668.332	    0.009
4669.103	    0.027
4669.875	    0.031
4670.646	    0.026
4671.418	    0.026
4672.190	    0.043
4672.962	    0.040
4673.734	    0.033
4674.507	    0.034
4675.279	    0.038
4676.052	    0.038
4676.824	    0.019
4677.597	    0.019
4678.370	    0.030
4679.143	    0.031
4679.916	    0.026
4680.690	    0.023
4681.463	    0.032
4682.237	    0.015
4683.010	    0.024
4683.784	    0.027
4684.558	    0.015
4685.332	    0.031
4686.106	    0.044
4686.881	    0.052
4687.655	    0.044
4688.430	    0.019
4689.205	    0.038
4689.979	    0.038
4690.754	    0.033
4691.529	    0.045
4692.305	    0.033
4693.080	    0.045
4693.856	    0.039
4694.631	    0.030
4695.407	    0.029
4696.183	    0.029
4696.959	    0.023
4697.735	    0.023
4698.511	    0.032
4699.288	    0.026
4700.064	    0.026
4700.841	    0.021
4701.618	    0.017
4702.394	    0.029
4703.171	    0.030
4703.949	    0.031
4704.726	    0.033
4705.503	    0.037
4706.281	    0.038
4707.059	    0.035
4707.836	    0.033
4708.614	    0.015
4709.392	    0.027
4710.171	    0.034
4710.949	    0.021
4711.727	    0.030
4712.506	    0.044
4713.285	    0.046
4714.063	    0.043
4714.842	    0.030
4715.621	    0.019
4716.401	    0.029
4717.180	    0.026
4717.960	    0.023
4718.739	    0.009
4719.519	    0.021
4720.299	    0.026
4721.079	    0.026
4721.859	    0.019
4722.639	    0.032
4723.419	    0.019
4724.200	    0.012
4724.981	    0.015
4725.761	    0.012
4726.542	    0.032
4727.323	    0.029
4728.104	    0.012
4728.886	    0.026
4729.667	    0.031
4730.449	    0.029
4731.230	    0.012
4732.012	    0.009
4732.794	    0.035
4733.576	    0.032
4734.358	    0.027
4735.141	    0.017
4735.923	    0.012
4736.706	    0.017
4737.488	    0.029
4738.271	    0.009
4739.054	    0.040
4739.837	    0.040
4740.620	    0.029
4741.404	    0.021
4742.187	    0.037
4742.971	    0.032
4743.755	    0.026
4744.538	    0.009
4745.322	    0.023
4746.107	    0.038
4746.891	    0.050
4747.675	    0.037
4748.460	    0.021
4749.244	    0.035
4750.029	    0.038
4750.814	    0.026
4751.599	    0.015
4752.384	    0.015
4753.170	    0.017
4753.955	    0.031
4754.741	    0.041
4755.526	    0.038
4756.312	    0.033
4757.098	    0.032
4757.884	    0.039
4758.670	    0.031
4759.457	    0.041
4760.243	    0.039
4761.030	    0.012
4761.816	    0.038
4762.603	    0.037
4763.390	    0.027
4764.177	    0.026
4764.965	    0.029
4765.752	    0.030
4766.539	    0.021
4767.327	    0.015
4768.115	    0.021
4768.903	    0.021
4769.691	    0.019
4770.479	    0.017
4771.267	    0.015
4772.056	    0.023
4772.844	    0.009
4773.633	    0.030
4774.422	    0.027
4775.211	    0.038
4776.000	    0.043
4776.789	    0.035
4777.578	    0.030
4778.368	    0.032
4779.157	    0.035
4779.947	    0.035
4780.737	    0.026
4781.527	    0.021
4782.317	    0.021
4783.107	    0.024
4783.897	    0.026
4784.688	    0.027
4785.479	    0.035
4786.269	    0.043
4787.060	    0.043
4787.851	    0.033
4788.642	    0.023
4789.434	    0.009
4790.225	    0.009
4791.017	    0.030
4791.808	    0.043
4792.600	    0.038
4793.392	    0.035
4794.184	    0.032
4794.976	    0.030
4795.769	    0.029
4796.561	    0.021
4797.354	    0.038
4798.146	    0.027
4798.939	    0.034
4799.732	    0.037
4800.525	    0.034
4801.319	    0.033
4802.112	    0.031
4802.906	    0.031
4803.699	    0.030
4804.493	    0.035
4805.287	    0.019
4806.081	    0.009
4806.875	    0.019
4807.669	    0.027
4808.464	    0.031
4809.258	    0.023
4810.053	    0.031
4810.848	    0.037
4811.643	    0.017
4812.438	    0.009
4813.233	    0.029
4814.028	    0.029
4814.824	    0.017
4815.620	    0.017
4816.415	    0.037
4817.211	    0.047
4818.007	    0.037
4818.803	    0.017
4819.600	    0.031
4820.396	    0.047
4821.192	    0.060
4821.989	    0.049
4822.786	    0.044
4823.583	    0.047
4824.380	    0.043
4825.177	    0.032
4825.974	    0.038
4826.772	    0.052
4827.569	    0.063
4828.367	    0.054
4829.165	    0.046
4829.963	    0.039
4830.761	    0.034
4831.559	    0.024
4832.358	    0.017
4833.156	    0.017
4833.955	    0.030
4834.754	    0.043
4835.553	    0.048
4836.352	    0.048
4837.151	    0.047
4837.950	    0.047
4838.750	    0.047
4839.549	    0.053
4840.349	    0.054
4841.149	    0.050
4841.949	    0.048
4842.749	    0.047
4843.549	    0.042
4844.349	    0.027
4845.150	    0.017
4845.950	    0.019
4846.751	    0.027
4847.552	    0.038
4848.353	    0.043
4849.154	    0.042
4849.955	    0.038
4850.757	    0.038
4851.558	    0.033
4852.360	    0.027
4853.162	    0.037
4853.964	    0.043
4854.766	    0.044
4855.568	    0.041
4856.370	    0.041
4857.173	    0.041
4857.976	    0.038
4858.778	    0.035
4859.581	    0.034
4860.384	    0.031
4861.187	    0.031
4861.991	    0.038
4862.794	    0.040
4863.598	    0.021
4864.401	    0.038
4865.205	    0.052
4866.009	    0.051
4866.813	    0.045
4867.617	    0.029
4868.422	    0.015
4869.226	    0.015
4870.031	    0.027
4870.835	    0.033
4871.640	    0.042
4872.445	    0.019
4873.250	    0.021
4874.056	    0.019
4874.861	    0.041
4875.667	    0.039
4876.472	    0.035
4877.278	    0.035
4878.084	    0.023
4878.890	    0.026
4879.696	    0.017
4880.503	    0.029
4881.309	    0.023
4882.116	    0.017
4882.922	    0.031
4883.729	    0.030
4884.536	    0.038
4885.343	    0.047
4886.151	    0.031
4886.958	    0.009
4887.766	    0.015
4888.573	    0.032
4889.381	    0.023
4890.189	    0.035
4890.997	    0.045
4891.805	    0.019
4892.613	    0.019
4893.422	    0.024
4894.231	    0.024
4895.039	    0.023
4895.848	    0.027
4896.657	    0.012
4897.466	    0.023
4898.276	    0.015
4899.085	    0.015
4899.894	    0.026
4900.704	    0.024
4901.514	    0.027
4902.324	    0.050
4903.134	    0.044
4903.944	    0.046
4904.754	    0.047
4905.565	    0.048
4906.376	    0.050
4907.186	    0.040
4907.997	    0.038
4908.808	    0.089
4909.619	    0.135
4910.431	    0.178
4911.242	    0.205
4912.054	    0.216
4912.865	    0.211
4913.677	    0.191
4914.489	    0.161
4915.301	    0.122
4916.113	    0.080
4916.926	    0.038
4917.738	    0.038
4918.551	    0.060
4919.363	    0.066
4920.176	    0.058
4920.989	    0.039
4921.803	    0.023
4922.616	    0.030
4923.429	    0.042
4924.243	    0.042
4925.057	    0.026
4925.870	    0.034
4926.684	    0.046
4927.498	    0.049
4928.313	    0.049
4929.127	    0.047
4929.941	    0.038
4930.756	    0.017
4931.571	    0.023
4932.386	    0.029
4933.201	    0.019
4934.016	    0.015
4934.831	    0.017
4935.647	    0.019
4936.462	    0.026
4937.278	    0.023
4938.094	    0.015
4938.910	    0.027
4939.726	    0.045
4940.542	    0.027
4941.359	    0.021
4942.175	    0.024
4942.992	    0.026
4943.809	    0.037
4944.625	    0.038
4945.443	    0.031
4946.260	    0.015
4947.077	    0.021
4947.895	    0.026
4948.712	    0.019
4949.530	    0.012
4950.348	    0.019
4951.166	    0.030
4951.984	    0.034
4952.802	    0.030
4953.621	    0.061
4954.439	    0.055
4955.258	    0.037
4956.077	    0.009
4956.896	    0.012
4957.715	    0.009
4958.534	    0.012
4959.353	    0.023
4960.173	    0.021
4960.992	    0.038
4961.812	    0.038
4962.632	    0.027
4963.452	    0.050
4964.272	    0.054
4965.093	    0.047
4965.913	    0.035
4966.734	    0.015
4967.554	    0.015
4968.375	    0.026
4969.196	    0.027
4970.017	    0.047
4970.838	    0.056
4971.660	    0.052
4972.481	    0.041
4973.303	    0.029
4974.125	    0.012
4974.947	    0.031
4975.769	    0.038
4976.591	    0.055
4977.413	    0.046
4978.236	    0.029
4979.058	    0.017
4979.881	    0.017
4980.704	    0.027
4981.527	    0.034
4982.350	    0.034
4983.174	    0.051
4983.997	    0.048
4984.821	    0.048
4985.644	    0.052
4986.468	    0.042
4987.292	    0.030
4988.116	    0.030
4988.940	    0.035
4989.765	    0.038
4990.589	    0.044
4991.414	    0.046
4992.239	    0.049
4993.064	    0.050
4993.889	    0.052
4994.714	    0.045
4995.539	    0.038
4996.365	    0.038
4997.190	    0.046
4998.016	    0.052
4998.842	    0.051
4999.668	    0.038
5000.494	    0.033
5001.320	    0.032
5002.147	    0.038
5002.973	    0.049
5003.800	    0.054
5004.627	    0.049
5005.454	    0.037
5006.281	    0.027
5007.108	    0.045
5007.936	    0.069
5008.763	    0.081
5009.591	    0.087
5010.419	    0.088
5011.247	    0.087
5012.075	    0.086
5012.903	    0.082
5013.731	    0.074
5014.560	    0.062
5015.388	    0.052
5016.217	    0.043
5017.046	    0.029
5017.875	    0.012
5018.704	    0.015
5019.533	    0.021
5020.363	    0.021
5021.192	    0.017
5022.022	    0.009
5022.852	    0.023
5023.682	    0.045
5024.512	    0.046
5025.342	    0.024
5026.173	    0.031
5027.003	    0.039
5027.834	    0.024
5028.665	    0.015
5029.496	    0.019
5030.327	    0.015
5031.158	    0.035
5031.989	    0.037
5032.821	    0.012
5033.653	    0.015
5034.484	    0.030
5035.316	    0.017
5036.148	    0.035
5036.980	    0.049
5037.813	    0.054
5038.645	    0.052
5039.478	    0.042
5040.311	    0.032
5041.143	    0.046
5041.976	    0.047
5042.810	    0.040
5043.643	    0.030
5044.476	    0.026
5045.310	    0.034
5046.144	    0.031
5046.977	    0.031
5047.811	    0.017
5048.645	    0.015
5049.480	    0.017
5050.314	    0.026
5051.149	    0.026
5051.983	    0.042
5052.818	    0.032
5053.653	    0.009
5054.488	    0.040
5055.323	    0.061
5056.159	    0.074
5056.994	    0.089
5057.830	    0.110
5058.666	    0.129
5059.501	    0.136
5060.337	    0.129
5061.174	    0.114
5062.010	    0.102
5062.846	    0.086
5063.683	    0.069
5064.520	    0.055
5065.357	    0.049
5066.194	    0.049
5067.031	    0.048
5067.868	    0.053
5068.706	    0.049
5069.543	    0.039
5070.381	    0.039
5071.219	    0.047
5072.057	    0.045
5072.895	    0.040
5073.733	    0.031
5074.571	    0.029
5075.410	    0.039
5076.249	    0.045
5077.087	    0.038
5077.926	    0.021
5078.765	    0.023
5079.605	    0.026
5080.444	    0.030
5081.283	    0.026
5082.123	    0.043
5082.963	    0.040
5083.803	    0.031
5084.643	    0.032
5085.483	    0.043
5086.323	    0.048
5087.164	    0.038
5088.004	    0.026
5088.845	    0.044
5089.686	    0.046
5090.527	    0.042
5091.368	    0.048
5092.210	    0.060
5093.051	    0.072
5093.893	    0.071
5094.734	    0.060
5095.576	    0.056
5096.418	    0.061
5097.260	    0.052
5098.103	    0.049
5098.945	    0.042
5099.788	    0.029
5100.630	    0.033
5101.473	    0.048
5102.316	    0.058
5103.159	    0.058
5104.003	    0.054
5104.846	    0.053
5105.689	    0.054
5106.533	    0.051
5107.377	    0.044
5108.221	    0.024
5109.065	    0.019
5109.909	    0.042
5110.754	    0.047
5111.598	    0.058
5112.443	    0.067
5113.288	    0.067
5114.132	    0.064
5114.978	    0.063
5115.823	    0.056
5116.668	    0.049
5117.514	    0.054
5118.359	    0.063
5119.205	    0.061
5120.051	    0.052
5120.897	    0.058
5121.743	    0.063
5122.589	    0.061
5123.436	    0.056
5124.283	    0.053
5125.129	    0.052
5125.976	    0.052
5126.823	    0.052
5127.670	    0.055
5128.518	    0.061
5129.365	    0.060
5130.213	    0.049
5131.060	    0.038
5131.908	    0.044
5132.756	    0.056
5133.604	    0.056
5134.453	    0.048
5135.301	    0.047
5136.150	    0.055
5136.998	    0.060
5137.847	    0.061
5138.696	    0.065
5139.545	    0.051
5140.395	    0.030
5141.244	    0.032
5142.094	    0.050
5142.943	    0.050
5143.793	    0.052
5144.643	    0.059
5145.493	    0.065
5146.343	    0.067
5147.194	    0.061
5148.044	    0.043
5148.895	    0.031
5149.746	    0.043
5150.597	    0.043
5151.448	    0.038
5152.299	    0.052
5153.151	    0.047
5154.002	    0.049
5154.854	    0.048
5155.706	    0.049
5156.557	    0.052
5157.410	    0.046
5158.262	    0.042
5159.114	    0.056
5159.967	    0.071
5160.819	    0.067
5161.672	    0.055
5162.525	    0.064
5163.378	    0.067
5164.231	    0.044
5165.085	    0.032
5165.938	    0.041
5166.792	    0.051
5167.645	    0.051
5168.499	    0.049
5169.353	    0.046
5170.208	    0.038
5171.062	    0.021
5171.916	    0.015
5172.771	    0.041
5173.626	    0.053
5174.481	    0.037
5175.336	    0.026
5176.191	    0.040
5177.046	    0.049
5177.902	    0.046
5178.757	    0.045
5179.613	    0.029
5180.469	    0.021
5181.325	    0.038
5182.181	    0.047
5183.037	    0.041
5183.894	    0.027
5184.751	    0.026
5185.607	    0.026
5186.464	    0.015
5187.321	    0.035
5188.178	    0.046
5189.036	    0.044
5189.893	    0.049
5190.751	    0.054
5191.608	    0.055
5192.466	    0.054
5193.324	    0.055
5194.182	    0.053
5195.041	    0.047
5195.899	    0.045
5196.758	    0.042
5197.616	    0.038
5198.475	    0.032
5199.334	    0.027
5200.194	    0.023
5201.053	    0.019
5201.912	    0.012
5202.772	    0.012
5203.632	    0.015
5204.491	    0.017
5205.351	    0.015
5206.212	    0.015
5207.072	    0.021
5207.932	    0.030
5208.793	    0.041
5209.654	    0.052
5210.514	    0.062
5211.375	    0.070
5212.236	    0.076
5213.098	    0.079
5213.959	    0.080
5214.821	    0.080
5215.682	    0.077
5216.544	    0.073
5217.406	    0.066
5218.268	    0.054
5219.131	    0.040
5219.993	    0.015
5220.856	    0.046
5221.718	    0.054
5222.581	    0.056
5223.444	    0.052
5224.307	    0.047
5225.171	    0.050
5226.034	    0.052
5226.898	    0.057
5227.761	    0.058
5228.625	    0.058
5229.489	    0.046
5230.353	    0.019
5231.218	    0.009
5232.082	    0.026
5232.947	    0.031
5233.811	    0.046
5234.676	    0.037
5235.541	    0.021
5236.406	    0.049
5237.271	    0.058
5238.137	    0.061
5239.002	    0.070
5239.868	    0.075
5240.734	    0.043
5241.600	    0.030
5242.466	    0.039
5243.332	    0.019
5244.199	    0.017
5245.065	    0.038
5245.932	    0.058
5246.799	    0.057
5247.666	    0.057
5248.533	    0.054
5249.400	    0.058
5250.268	    0.071
5251.135	    0.080
5252.003	    0.082
5252.871	    0.083
5253.739	    0.083
5254.607	    0.079
5255.475	    0.073
5256.344	    0.063
5257.212	    0.054
5258.081	    0.049
5258.950	    0.051
5259.819	    0.058
5260.688	    0.058
5261.557	    0.060
5262.427	    0.049
5263.296	    0.039
5264.166	    0.031
5265.036	    0.017
5265.906	    0.017
5266.776	    0.035
5267.646	    0.043
5268.517	    0.034
5269.387	    0.030
5270.258	    0.038
5271.129	    0.048
5272.000	    0.046
5272.871	    0.009
5273.742	    0.023
5274.614	    0.012
5275.485	    0.041
5276.357	    0.060
5277.229	    0.062
5278.101	    0.080
5278.973	    0.083
5279.845	    0.046
5280.718	    0.031
5281.591	    0.038
5282.463	    0.027
5283.336	    0.009
5284.209	    0.019
5285.082	    0.015
5285.956	    0.024
5286.829	    0.044
5287.703	    0.041
5288.577	    0.012
5289.450	    0.034
5290.324	    0.026
5291.199	    0.033
5292.073	    0.032
5292.947	    0.054
5293.822	    0.042
5294.697	    0.009
5295.572	    0.031
5296.447	    0.039
5297.322	    0.023
5298.197	    0.012
5299.073	    0.029
5299.948	    0.027
5300.824	    0.026
5301.700	    0.046
5302.576	    0.024
5303.452	    0.027
5304.329	    0.040
5305.205	    0.032
5306.082	    0.019
5306.959	    0.017
5307.836	    0.034
5308.713	    0.019
5309.590	    0.034
5310.467	    0.026
5311.345	    0.019
5312.222	    0.027
5313.100	    0.031
5313.978	    0.054
5314.856	    0.039
5315.734	    0.019
5316.613	    0.017
5317.491	    0.012
5318.370	    0.038
5319.249	    0.049
5320.128	    0.038
5321.007	    0.038
5321.886	    0.038
5322.766	    0.015
5323.645	    0.034
5324.525	    0.039
5325.405	    0.023
5326.285	    0.031
5327.165	    0.041
5328.045	    0.039
5328.925	    0.033
5329.806	    0.033
5330.687	    0.021
5331.568	    0.019
5332.449	    0.047
5333.330	    0.023
5334.211	    0.042
5335.092	    0.056
5335.974	    0.038
5336.856	    0.026
5337.738	    0.009
5338.620	    0.035
5339.502	    0.015
5340.384	    0.031
5341.267	    0.034
5342.149	    0.038
5343.032	    0.017
5343.915	    0.038
5344.798	    0.015
5345.681	    0.026
5346.564	    0.040
5347.448	    0.023
5348.331	    0.049
5349.215	    0.038
5350.099	    0.027
5350.983	    0.047
5351.867	    0.033
5352.752	    0.033
5353.636	    0.030
5354.521	    0.034
5355.406	    0.035
5356.291	    0.019
5357.176	    0.032
5358.061	    0.026
5358.946	    0.034
5359.832	    0.031
5360.718	    0.021
5361.603	    0.038
5362.489	    0.039
5363.375	    0.034
5364.262	    0.035
5365.148	    0.035
5366.035	    0.029
5366.921	    0.045
5367.808	    0.034
5368.695	    0.035
5369.582	    0.048
5370.470	    0.023
5371.357	    0.017
5372.245	    0.039
5373.132	    0.045
5374.020	    0.030
5374.908	    0.045
5375.796	    0.033
5376.685	    0.048
5377.573	    0.037
5378.462	    0.033
5379.350	    0.044
5380.239	    0.053
5381.128	    0.044
5382.018	    0.019
5382.907	    0.024
5383.796	    0.017
5384.686	    0.033
5385.576	    0.024
5386.466	    0.049
5387.356	    0.049
5388.246	    0.053
5389.136	    0.056
5390.027	    0.053
5390.918	    0.061
5391.808	    0.056
5392.699	    0.047
5393.590	    0.055
5394.482	    0.034
5395.373	    0.023
5396.265	    0.021
5397.156	    0.026
5398.048	    0.015
5398.940	    0.048
5399.832	    0.039
5400.724	    0.038
5401.617	    0.038
5402.509	    0.046
5403.402	    0.047
5404.295	    0.046
5405.188	    0.051
5406.081	    0.047
5406.975	    0.033
5407.868	    0.032
5408.762	    0.033
5409.655	    0.023
5410.549	    0.030
5411.443	    0.041
5412.338	    0.050
5413.232	    0.041
5414.126	    0.026
5415.021	    0.035
5415.916	    0.045
5416.811	    0.035
5417.706	    0.034
5418.601	    0.052
5419.496	    0.052
5420.392	    0.038
5421.288	    0.048
5422.183	    0.053
5423.079	    0.056
5423.976	    0.060
5424.872	    0.054
5425.768	    0.054
5426.665	    0.050
5427.561	    0.044
5428.458	    0.053
5429.355	    0.060
5430.253	    0.048
5431.150	    0.044
5432.047	    0.044
5432.945	    0.056
5433.843	    0.058
5434.741	    0.064
5435.639	    0.054
5436.537	    0.052
5437.435	    0.045
5438.334	    0.044
5439.232	    0.012
5440.131	    0.023
5441.030	    0.039
5441.929	    0.046
5442.828	    0.054
5443.728	    0.043
5444.627	    0.033
5445.527	    0.051
5446.427	    0.060
5447.327	    0.053
5448.227	    0.050
5449.127	    0.066
5450.028	    0.057
5450.928	    0.037
5451.829	    0.034
5452.730	    0.038
5453.631	    0.047
5454.532	    0.056
5455.433	    0.061
5456.335	    0.065
5457.236	    0.060
5458.138	    0.053
5459.040	    0.052
5459.942	    0.049
5460.844	    0.044
5461.747	    0.038
5462.649	    0.035
5463.552	    0.024
5464.455	    0.019
5465.358	    0.023
5466.261	    0.045
5467.164	    0.046
5468.067	    0.049
5468.971	    0.054
5469.875	    0.054
5470.778	    0.060
5471.682	    0.052
5472.587	    0.054
5473.491	    0.045
5474.395	    0.042
5475.300	    0.038
5476.205	    0.052
5477.110	    0.049
5478.015	    0.052
5478.920	    0.046
5479.825	    0.047
5480.731	    0.046
5481.636	    0.048
5482.542	    0.047
5483.448	    0.038
5484.354	    0.058
5485.260	    0.063
5486.167	    0.045
5487.073	    0.046
5487.980	    0.049
5488.887	    0.035
5489.794	    0.034
5490.701	    0.042
5491.608	    0.045
5492.516	    0.037
5493.423	    0.038
5494.331	    0.039
5495.239	    0.038
5496.147	    0.049
5497.055	    0.062
5497.964	    0.058
5498.872	    0.052
5499.781	    0.060
5500.689	    0.061
5501.598	    0.060
5502.507	    0.056
5503.417	    0.059
5504.326	    0.059
5505.236	    0.050
5506.145	    0.052
5507.055	    0.061
5507.965	    0.068
5508.875	    0.063
5509.786	    0.057
5510.696	    0.056
5511.607	    0.046
5512.517	    0.035
5513.428	    0.045
5514.339	    0.049
5515.251	    0.050
5516.162	    0.060
5517.073	    0.068
5517.985	    0.063
5518.897	    0.055
5519.809	    0.047
5520.721	    0.037
5521.633	    0.045
5522.546	    0.059
5523.458	    0.053
5524.371	    0.041
5525.284	    0.052
5526.197	    0.065
5527.110	    0.063
5528.023	    0.060
5528.937	    0.066
5529.850	    0.064
5530.764	    0.062
5531.678	    0.063
5532.592	    0.066
5533.506	    0.068
5534.421	    0.068
5535.335	    0.060
5536.250	    0.056
5537.165	    0.062
5538.080	    0.067
5538.995	    0.069
5539.910	    0.069
5540.825	    0.061
5541.741	    0.053
5542.657	    0.067
5543.573	    0.073
5544.489	    0.071
5545.405	    0.074
5546.321	    0.071
5547.238	    0.070
5548.154	    0.079
5549.071	    0.079
5549.988	    0.077
5550.905	    0.076
5551.822	    0.070
5552.740	    0.073
5553.657	    0.071
5554.575	    0.073
5555.493	    0.079
5556.411	    0.070
5557.329	    0.068
5558.247	    0.075
5559.166	    0.077
5560.084	    0.074
5561.003	    0.074
5561.922	    0.074
5562.841	    0.072
5563.760	    0.064
5564.680	    0.064
5565.599	    0.076
5566.519	    0.081
5567.439	    0.074
5568.359	    0.075
5569.279	    0.082
5570.199	    0.075
5571.119	    0.076
5572.040	    0.083
5572.961	    0.080
5573.882	    0.076
5583.099	    0.078
5584.021	    0.077
5584.944	    0.081
5585.867	    0.078
5586.790	    0.079
5587.713	    0.083
5588.637	    0.085
5589.560	    0.086
5590.484	    0.092
5591.407	    0.088
5592.331	    0.080
5593.255	    0.085
5594.180	    0.091
5595.104	    0.093
5596.029	    0.088
5596.953	    0.090
5597.878	    0.096
5598.803	    0.089
5599.728	    0.078
5600.654	    0.079
5601.579	    0.086
5602.505	    0.094
5603.431	    0.095
5604.356	    0.086
5605.283	    0.085
5606.209	    0.089
5607.135	    0.091
5608.062	    0.091
5608.988	    0.086
5609.915	    0.084
5610.842	    0.085
5611.769	    0.086
5612.697	    0.091
5613.624	    0.097
5614.552	    0.094
5615.479	    0.091
5616.407	    0.094
5617.335	    0.091
5618.264	    0.087
5619.192	    0.093
5620.121	    0.100
5621.049	    0.096
5621.978	    0.089
5622.907	    0.091
5623.836	    0.090
5624.765	    0.086
5625.695	    0.083
5626.625	    0.084
5627.554	    0.088
5628.484	    0.090
5629.414	    0.087
5630.344	    0.087
5631.275	    0.093
5632.205	    0.097
5633.136	    0.094
5634.067	    0.091
5634.998	    0.089
5635.929	    0.091
5636.860	    0.099
5637.792	    0.102
5638.723	    0.101
5639.655	    0.099
5640.587	    0.100
5641.519	    0.096
5642.451	    0.095
5643.384	    0.101
5644.316	    0.103
5645.249	    0.095
5646.182	    0.092
5647.115	    0.093
5648.048	    0.099
5648.981	    0.101
5649.915	    0.105
5650.848	    0.106
5651.782	    0.104
5652.716	    0.105
5653.650	    0.102
5654.584	    0.113
5655.518	    0.114
5656.453	    0.092
5657.388	    0.101
5658.322	    0.103
5659.257	    0.098
5660.193	    0.097
5661.128	    0.098
5662.063	    0.097
5662.999	    0.099
5663.935	    0.106
5664.871	    0.102
5665.807	    0.104
5666.743	    0.106
5667.679	    0.104
5668.616	    0.105
5669.553	    0.108
5670.489	    0.111
5671.426	    0.104
5672.364	    0.103
5673.301	    0.101
5674.238	    0.096
5675.176	    0.094
5676.114	    0.100
5677.052	    0.107
5677.990	    0.108
5678.928	    0.107
5679.866	    0.107
5680.805	    0.105
5681.744	    0.101
5682.683	    0.107
5683.622	    0.111
5684.561	    0.105
5685.500	    0.102
5686.440	    0.102
5687.379	    0.104
5688.319	    0.104
5689.259	    0.105
5690.199	    0.106
5691.139	    0.108
5692.080	    0.106
5693.020	    0.106
5693.961	    0.102
5694.902	    0.096
5695.843	    0.106
5696.784	    0.108
5697.725	    0.109
5698.667	    0.107
5699.609	    0.102
5700.550	    0.105
5701.492	    0.101
5702.435	    0.111
5703.377	    0.111
5704.319	    0.107
5705.262	    0.107
5706.205	    0.110
5707.147	    0.104
5708.091	    0.109
5709.034	    0.112
5709.977	    0.103
5710.921	    0.103
5711.864	    0.107
5712.808	    0.113
5713.752	    0.112
5714.696	    0.109
5715.641	    0.112
5716.585	    0.105
5717.530	    0.102
5718.475	    0.101
5719.419	    0.104
5720.365	    0.107
5721.310	    0.104
5722.255	    0.105
5723.201	    0.112
5724.146	    0.112
5725.092	    0.110
5726.038	    0.113
5726.985	    0.113
5727.931	    0.109
5728.877	    0.107
5729.824	    0.106
5730.771	    0.108
5731.718	    0.110
5732.665	    0.105
5733.612	    0.109
5734.560	    0.115
5735.507	    0.118
5736.455	    0.111
5737.403	    0.110
5738.351	    0.114
5739.299	    0.118
5740.247	    0.110
5741.196	    0.105
5742.145	    0.110
5743.094	    0.111
5744.043	    0.111
5744.992	    0.111
5745.941	    0.111
5746.890	    0.110
5747.840	    0.101
5748.790	    0.104
5749.740	    0.101
5750.690	    0.100
5751.640	    0.104
5752.591	    0.109
5753.541	    0.106
5754.492	    0.097
5755.443	    0.103
5756.394	    0.106
5757.345	    0.108
5758.296	    0.104
5759.248	    0.105
5760.200	    0.103
5761.151	    0.105
5762.103	    0.103
5763.055	    0.107
5764.008	    0.113
5764.960	    0.107
5765.913	    0.110
5766.866	    0.111
5767.819	    0.107
5768.772	    0.103
5769.725	    0.102
5770.678	    0.100
5771.632	    0.098
5772.586	    0.096
5773.539	    0.099
5774.493	    0.107
5775.448	    0.109
5776.402	    0.104
5777.357	    0.105
5778.311	    0.104
5779.266	    0.100
5780.221	    0.106
5781.176	    0.111
5782.131	    0.106
5783.087	    0.100
5784.042	    0.105
5784.998	    0.107
5785.954	    0.098
5786.910	    0.104
5787.866	    0.097
5788.823	    0.091
5789.779	    0.099
5790.736	    0.105
5791.693	    0.091
5792.650	    0.099
5793.607	    0.100
5794.565	    0.093
5795.522	    0.088
5796.480	    0.103
5797.438	    0.104
5798.396	    0.095
5799.354	    0.090
5800.312	    0.093
5801.270	    0.093
5802.229	    0.094
5803.188	    0.097
5804.147	    0.097
5805.106	    0.082
5806.065	    0.086
5807.024	    0.091
5807.984	    0.096
5808.944	    0.092
5809.904	    0.091
5810.864	    0.090
5811.824	    0.083
5812.784	    0.093
5813.745	    0.094
5814.705	    0.074
5815.666	    0.062
5816.627	    0.063
5817.588	    0.064
5818.550	    0.077
5819.511	    0.084
5820.473	    0.082
5821.435	    0.084
5822.397	    0.078
5823.359	    0.080
5824.321	    0.081
5825.283	    0.078
5826.246	    0.080
5827.209	    0.083
5828.172	    0.079
5829.135	    0.074
5830.098	    0.077
5831.061	    0.077
5832.025	    0.083
5832.988	    0.079
5833.952	    0.076
5834.916	    0.083
5835.880	    0.084
5836.845	    0.085
5837.809	    0.081
5838.774	    0.082
5839.739	    0.089
5840.704	    0.091
5841.669	    0.095
5842.634	    0.095
5843.600	    0.088
5844.565	    0.097
5845.531	    0.089
5846.497	    0.076
5847.463	    0.078
5848.429	    0.077
5849.396	    0.069
5850.362	    0.069
5851.329	    0.074
5852.296	    0.069
5853.263	    0.066
5854.230	    0.074
5855.197	    0.074
5856.165	    0.071
5857.133	    0.073
5858.100	    0.066
5859.068	    0.063
5860.037	    0.064
5861.005	    0.068
5861.973	    0.070
5862.942	    0.062
5863.911	    0.045
5864.880	    0.033
5865.849	    0.037
5866.818	    0.038
5867.788	    0.023
5868.757	    0.012
5869.727	    0.023
5870.697	    0.040
5871.667	    0.030
5872.637	    0.021
5873.608	    0.040
5874.578	    0.043
5875.549	    0.019
5876.520	    0.029
5877.491	    0.041
5878.462	    0.034
5879.434	    0.046
5880.405	    0.056
5881.377	    0.055
5882.349	    0.041
5883.321	    0.015
5884.293	    0.019
5885.265	    0.038
5886.238	    0.009
5887.210	    0.056
5888.183	    0.076
5889.156	    0.101
5890.129	    0.113
5891.102	    0.103
5892.076	    0.097
5893.050	    0.093
5894.023	    0.080
5894.997	    0.078
5895.971	    0.081
5896.946	    0.081
5897.920	    0.077
5898.895	    0.061
5899.869	    0.044
5900.844	    0.044
5901.819	    0.029
5902.795	    0.021
5903.770	    0.032
5904.746	    0.035
5905.721	    0.039
5906.697	    0.012
5907.673	    0.024
5908.649	    0.024
5909.626	    0.012
5910.602	    0.033
5911.579	    0.049
5912.556	    0.046
5913.533	    0.038
5914.510	    0.019
5915.487	    0.027
5916.465	    0.021
5917.442	    0.034
5918.420	    0.034
5919.398	    0.038
5920.376	    0.035
5921.355	    0.023
5922.333	    0.023
5923.312	    0.046
5924.290	    0.021
5925.269	    0.024
5926.248	    0.033
5927.228	    0.030
5928.207	    0.012
5929.187	    0.026
5930.166	    0.012
5931.146	    0.032
5932.126	    0.045
5933.107	    0.051
5934.087	    0.055
5935.068	    0.068
5936.048	    0.058
5937.029	    0.046
5938.010	    0.047
5938.992	    0.037
5939.973	    0.023
5940.954	    0.027
5941.936	    0.030
5942.918	    0.027
5943.900	    0.040
5944.882	    0.059
5945.865	    0.066
5946.847	    0.072
5947.830	    0.097
5948.813	    0.129
5949.796	    0.150
5950.779	    0.171
5951.762	    0.183
5952.745	    0.178
5953.729	    0.171
5954.713	    0.168
5955.697	    0.164
5956.681	    0.165
5957.665	    0.168
5958.650	    0.170
5959.634	    0.159
5960.619	    0.143
5961.604	    0.118
5962.589	    0.097
5963.574	    0.074
5964.560	    0.074
5965.546	    0.065
5966.531	    0.060
5967.517	    0.077
5968.503	    0.143
5969.490	    0.171
5970.476	    0.057
5971.463	    0.056
5972.449	    0.064
5973.436	    0.066
5974.423	    0.066
5975.410	    0.044
5976.398	    0.041
5977.385	    0.027
5978.373	    0.033
5979.361	    0.033
5980.349	    0.023
5981.337	    0.061
5982.326	    0.054
5983.314	    0.037
5984.303	    0.046
5985.292	    0.045
5986.281	    0.054
5987.270	    0.047
5988.259	    0.053
5989.249	    0.049
5990.238	    0.056
5991.228	    0.075
5992.218	    0.069
5993.208	    0.054
5994.199	    0.055
5995.189	    0.056
5996.180	    0.032
5997.171	    0.029
5998.162	    0.052
5999.153	    0.046
6000.144	    0.053
6001.136	    0.062
6002.127	    0.060
6003.119	    0.050
6004.111	    0.052
6005.103	    0.063
6006.095	    0.046
6007.088	    0.074
6008.081	    0.076
6009.073	    0.064
6010.066	    0.054
6011.059	    0.061
6012.053	    0.060
6013.046	    0.060
6014.040	    0.052
6015.033	    0.066
6016.027	    0.081
6017.022	    0.071
6018.016	    0.065
6019.010	    0.063
6020.005	    0.072
6021.000	    0.071
6021.994	    0.060
6022.990	    0.054
6023.985	    0.063
6024.980	    0.067
6025.976	    0.066
6026.972	    0.068
6027.967	    0.058
6028.964	    0.052
6029.960	    0.064
6030.956	    0.059
6031.953	    0.056
6032.949	    0.059
6033.946	    0.061
6034.943	    0.063
6035.941	    0.056
6036.938	    0.050
6037.936	    0.054
6038.933	    0.052
6039.931	    0.053
6040.929	    0.058
6041.927	    0.044
6042.926	    0.046
6043.924	    0.056
6044.923	    0.049
6045.922	    0.046
6046.921	    0.054
6047.920	    0.064
6048.920	    0.066
6049.919	    0.056
6050.919	    0.046
6051.919	    0.051
6052.919	    0.048
6053.919	    0.046
6054.919	    0.038
6055.920	    0.042
6056.920	    0.042
6057.921	    0.049
6058.922	    0.056
6059.924	    0.037
6060.925	    0.037
6061.926	    0.044
6062.928	    0.033
6063.930	    0.029
6064.932	    0.024
6065.934	    0.029
6066.937	    0.035
6067.939	    0.046
6068.942	    0.043
6069.945	    0.041
6070.948	    0.047
6071.951	    0.039
6072.954	    0.039
6073.958	    0.054
6074.961	    0.046
6075.965	    0.055
6076.969	    0.051
6077.973	    0.033
6078.978	    0.024
6079.982	    0.040
6080.987	    0.038
6081.992	    0.021
6082.997	    0.023
6084.002	    0.049
6085.007	    0.046
6086.013	    0.054
6087.018	    0.049
6088.024	    0.035
6089.030	    0.042
6090.036	    0.052
6091.043	    0.037
6092.049	    0.058
6093.056	    0.068
6094.063	    0.050
6095.070	    0.031
6096.077	    0.060
6097.084	    0.068
6098.092	    0.073
6099.099	    0.056
6100.107	    0.066
6101.115	    0.064
6102.123	    0.066
6103.132	    0.066
6104.140	    0.081
6105.149	    0.086
6106.157	    0.056
6107.166	    0.075
6108.176	    0.068
6109.185	    0.061
6110.194	    0.056
6111.204	    0.064
6112.214	    0.067
6113.224	    0.065
6114.234	    0.074
6115.244	    0.074
6116.255	    0.079
6117.266	    0.077
6118.276	    0.081
6119.287	    0.078
6120.299	    0.071
6121.310	    0.085
6122.321	    0.073
6123.333	    0.074
6124.345	    0.071
6125.357	    0.085
6126.369	    0.091
6127.381	    0.090
6128.394	    0.093
6129.407	    0.093
6130.419	    0.098
6131.432	    0.098
6132.446	    0.094
6133.459	    0.096
6134.472	    0.098
6135.486	    0.092
6136.500	    0.086
6137.514	    0.081
6138.528	    0.093
6139.542	    0.095
6140.557	    0.095
6141.572	    0.095
6142.586	    0.099
6143.601	    0.101
6144.617	    0.099
6145.632	    0.101
6146.648	    0.108
6147.663	    0.107
6148.679	    0.089
6149.695	    0.086
6150.711	    0.091
6151.728	    0.082
6152.744	    0.084
6153.761	    0.097
6154.778	    0.106
6155.795	    0.109
6156.812	    0.109
6157.829	    0.107
6158.847	    0.105
6159.865	    0.103
6160.882	    0.102
6161.900	    0.101
6162.919	    0.102
6163.937	    0.104
6164.956	    0.108
6165.974	    0.113
6166.993	    0.115
6168.012	    0.114
6169.031	    0.111
6170.051	    0.106
6171.070	    0.102
6172.090	    0.099
6173.110	    0.098
6174.130	    0.097
6175.150	    0.095
6176.171	    0.094
6177.191	    0.093
6178.212	    0.093
6179.233	    0.101
6180.254	    0.107
6181.275	    0.105
6182.296	    0.106
6183.318	    0.104
6184.340	    0.109
6185.362	    0.120
6186.384	    0.126
6187.406	    0.120
6188.428	    0.118
6189.451	    0.117
6190.474	    0.116
6191.497	    0.111
6192.520	    0.102
6193.543	    0.111
6194.567	    0.114
6195.590	    0.107
6196.614	    0.104
6197.638	    0.107
6198.662	    0.105
6199.686	    0.109
6200.711	    0.119
6201.735	    0.120
6202.760	    0.126
6203.785	    0.124
6204.810	    0.123
6205.835	    0.114
6206.861	    0.109
6207.887	    0.112
6208.912	    0.104
6209.938	    0.104
6210.964	    0.104
6211.991	    0.107
6213.017	    0.116
6214.044	    0.123
6215.071	    0.114
6216.098	    0.109
6217.125	    0.111
6218.152	    0.114
6219.180	    0.110
6220.207	    0.100
6221.235	    0.106
6222.263	    0.109
6223.291	    0.111
6224.320	    0.106
6225.348	    0.102
6226.377	    0.103
6227.406	    0.107
6228.435	    0.109
6229.464	    0.107
6230.493	    0.104
6231.523	    0.097
6232.553	    0.096
6233.583	    0.109
6234.613	    0.120
6235.643	    0.126
6236.673	    0.131
6237.704	    0.131
6238.734	    0.129
6239.765	    0.120
6240.796	    0.112
6241.828	    0.113
6242.859	    0.121
6243.891	    0.122
6244.922	    0.111
6245.954	    0.105
6246.986	    0.104
6248.019	    0.109
6249.051	    0.106
6250.084	    0.104
6251.117	    0.106
6252.149	    0.105
6253.183	    0.110
6254.216	    0.114
6255.249	    0.115
6256.283	    0.127
6257.317	    0.133
6258.351	    0.128
6259.385	    0.126
6260.419	    0.128
6261.454	    0.130
6262.488	    0.122
6263.523	    0.109
6264.558	    0.117
6265.593	    0.125
6266.629	    0.121
6267.664	    0.115
6268.700	    0.115
6269.736	    0.113
6270.772	    0.113
6271.808	    0.110
6272.844	    0.109
6273.881	    0.119
6274.918	    0.117
6275.954	    0.105
6276.991	    0.092
6278.029	    0.092
6279.066	    0.086
6280.104	    0.066
6281.141	    0.083
6282.179	    0.089
6283.217	    0.086
6284.256	    0.089
6285.294	    0.096
6286.333	    0.110
6287.371	    0.112
6288.410	    0.114
6289.449	    0.123
6290.489	    0.122
6291.528	    0.108
6292.568	    0.099
6293.608	    0.099
6294.648	    0.099
6295.688	    0.108
6296.728	    0.119
6297.769	    0.136
6306.099	    0.126
6307.141	    0.128
6308.183	    0.125
6309.225	    0.121
6310.268	    0.117
6311.310	    0.100
6312.353	    0.100
6313.396	    0.101
6314.440	    0.095
6315.483	    0.102
6316.527	    0.109
6317.570	    0.110
6318.614	    0.112
6319.658	    0.113
6320.703	    0.111
6321.747	    0.113
6322.792	    0.115
6323.837	    0.119
6324.882	    0.119
6325.927	    0.119
6326.972	    0.117
6328.017	    0.113
6329.063	    0.122
6330.109	    0.126
6331.155	    0.125
6332.201	    0.124
6333.247	    0.126
6334.294	    0.122
6335.341	    0.110
6336.388	    0.106
6337.435	    0.106
6338.482	    0.107
6339.529	    0.106
6340.577	    0.108
6341.624	    0.110
6342.672	    0.112
6343.720	    0.105
6344.769	    0.097
6345.817	    0.096
6346.866	    0.097
6347.914	    0.098
6348.963	    0.088
6350.012	    0.079
6351.062	    0.078
6352.111	    0.082
6353.161	    0.091
6354.211	    0.098
6355.261	    0.107
6356.311	    0.114
6357.361	    0.115
6358.412	    0.121
6359.462	    0.124
6360.513	    0.124
6361.564	    0.141
6362.615	    0.185
6363.667	    0.221
6364.718	    0.238
6365.770	    0.243
6366.822	    0.239
6367.874	    0.208
6368.926	    0.158
6369.979	    0.136
6371.031	    0.121
6372.084	    0.112
6373.137	    0.113
6374.190	    0.107
6375.243	    0.099
6376.297	    0.099
6377.350	    0.095
6378.404	    0.093
6379.458	    0.106
6380.512	    0.102
6381.567	    0.102
6382.621	    0.106
6383.676	    0.104
6384.731	    0.102
6385.786	    0.105
6386.841	    0.109
6387.896	    0.118
6388.952	    0.115
6390.008	    0.113
6391.063	    0.109
6392.120	    0.109
6393.176	    0.117
6394.232	    0.124
6395.289	    0.117
6396.346	    0.112
6397.403	    0.112
6398.460	    0.108
6399.517	    0.111
6404.806	    0.121
6405.864	    0.111
6406.923	    0.107
6407.982	    0.101
6409.040	    0.100
6410.099	    0.101
6411.159	    0.099
6412.218	    0.101
6413.278	    0.105
6414.337	    0.098
6415.397	    0.093
6416.457	    0.097
6417.518	    0.100
6418.578	    0.104
6419.639	    0.107
6420.700	    0.108
6421.760	    0.106
6422.822	    0.104
6423.883	    0.098
6424.944	    0.092
6426.006	    0.093
6427.068	    0.101
6428.130	    0.108
6429.192	    0.115
6430.255	    0.123
6431.317	    0.122
6432.380	    0.120
6433.443	    0.116
6434.506	    0.112
6435.569	    0.110
6436.632	    0.114
6437.696	    0.115
6438.760	    0.112
6439.824	    0.114
6440.888	    0.113
6441.952	    0.105
6443.017	    0.104
6444.081	    0.107
6445.146	    0.103
6446.211	    0.105
6447.276	    0.106
6448.342	    0.112
6449.407	    0.116
6450.473	    0.113
6451.539	    0.104
6452.605	    0.109
6453.671	    0.116
6454.738	    0.112
6455.804	    0.108
6456.871	    0.115
6457.938	    0.113
6459.005	    0.112
6460.072	    0.117
6461.140	    0.113
6462.207	    0.118
6463.275	    0.115
6464.343	    0.115
6465.411	    0.120
6466.480	    0.128
6467.548	    0.129
6468.617	    0.125
6469.686	    0.120
6470.755	    0.123
6471.824	    0.122
6472.894	    0.117
6473.963	    0.120
6475.033	    0.110
6476.103	    0.099
6477.173	    0.101
6478.243	    0.096
6479.314	    0.093
6480.385	    0.099
6481.455	    0.102
6482.526	    0.093
6483.598	    0.091
6484.669	    0.092
6485.740	    0.093
6486.812	    0.094
6487.884	    0.100
6488.956	    0.104
6490.028	    0.096
6491.101	    0.095
6492.173	    0.095
6493.246	    0.090
6494.319	    0.085
6495.392	    0.082
6496.466	    0.101
6497.539	    0.120
6498.613	    0.126
6499.687	    0.124
6500.761	    0.125
6501.835	    0.123
6502.909	    0.110
6503.984	    0.103
6505.058	    0.107
6506.133	    0.103
6507.208	    0.103
6508.284	    0.106
6509.359	    0.095
6510.435	    0.089
6511.511	    0.093
6512.587	    0.091
6513.663	    0.094
6514.739	    0.088
6515.816	    0.077
6516.892	    0.084
6517.969	    0.082
6519.046	    0.079
6520.123	    0.082
6521.201	    0.092
6522.278	    0.092
6523.356	    0.096
6524.434	    0.093
6525.512	    0.089
6526.590	    0.088
6527.669	    0.099
6528.748	    0.094
6529.826	    0.097
6530.905	    0.095
6531.985	    0.098
6533.064	    0.116
6534.143	    0.115
6535.223	    0.108
6536.303	    0.106
6537.383	    0.104
6538.463	    0.099
6539.544	    0.103
6540.624	    0.094
6541.705	    0.089
6542.786	    0.097
6543.867	    0.099
6544.949	    0.103
6546.030	    0.108
6547.112	    0.099
6548.194	    0.093
6549.276	    0.094
6550.358	    0.091
6551.440	    0.093
6552.523	    0.110
6553.606	    0.123
6554.689	    0.120
6555.772	    0.117
6556.855	    0.113
6557.938	    0.095
6559.022	    0.084
6560.106	    0.083
6561.190	    0.093
6562.274	    0.108
6563.358	    0.111
6564.443	    0.108
6565.528	    0.112
6566.613	    0.108
6567.698	    0.097
6568.783	    0.089
6569.868	    0.089
6570.954	    0.087
6572.040	    0.085
6573.126	    0.078
6574.212	    0.082
6575.298	    0.092
6576.385	    0.101
6577.471	    0.113
6578.558	    0.114
6579.645	    0.104
6580.733	    0.096
6581.820	    0.087
6582.908	    0.095
6583.995	    0.101
6585.083	    0.096
6586.171	    0.088
6587.260	    0.091
6588.348	    0.092
6589.437	    0.090
6590.526	    0.079
6591.615	    0.074
6592.704	    0.079
6593.793	    0.079
6594.883	    0.076
6595.973	    0.087
6597.063	    0.084
6598.153	    0.082
6599.243	    0.083
6600.334	    0.075
6601.424	    0.070
6602.515	    0.084
6603.606	    0.092
6604.697	    0.098
6605.789	    0.103
6606.880	    0.104
6607.972	    0.094
6609.064	    0.091
6610.156	    0.096
6611.248	    0.104
6612.341	    0.131
6613.433	    0.162
6614.526	    0.205
6615.619	    0.243
6616.712	    0.262
6617.806	    0.257
6618.899	    0.237
6619.993	    0.204
6621.087	    0.167
6622.181	    0.130
6623.275	    0.103
6624.370	    0.102
6625.464	    0.126
6626.559	    0.178
6627.654	    0.259
6628.749	    0.364
6629.844	    0.466
6630.940	    0.529
6632.036	    0.549
6633.132	    0.522
6634.228	    0.449
6635.324	    0.340
6636.420	    0.248
6637.517	    0.176
6638.614	    0.126
6639.711	    0.099
6640.808	    0.091
6641.905	    0.091
6643.003	    0.087
6644.100	    0.088
6645.198	    0.101
6646.296	    0.122
6647.395	    0.154
6648.493	    0.212
6649.592	    0.288
6650.691	    0.367
6651.789	    0.424
6652.889	    0.446
6653.988	    0.428
6655.087	    0.374
6656.187	    0.299
6657.287	    0.223
6658.387	    0.168
6659.487	    0.127
6660.588	    0.099
6661.688	    0.091
6662.789	    0.088
6663.890	    0.075
6664.991	    0.059
6666.093	    0.068
6667.194	    0.079
6668.296	    0.080
6669.398	    0.076
6670.500	    0.070
6671.602	    0.066
6672.705	    0.058
6673.807	    0.063
6674.910	    0.075
6676.013	    0.073
6677.116	    0.073
6678.219	    0.070
6679.323	    0.068
6680.427	    0.065
6681.530	    0.059
6682.635	    0.049
6683.739	    0.046
6684.843	    0.049
6685.948	    0.050
6687.053	    0.067
6688.158	    0.065
6689.263	    0.058
6690.368	    0.067
6691.474	    0.071
6692.579	    0.069
6693.685	    0.072
6694.791	    0.077
6695.898	    0.067
6697.004	    0.051
6698.111	    0.037
6699.217	    0.027
6700.324	    0.052
6701.432	    0.060
6702.539	    0.047
6703.647	    0.049
6704.754	    0.054
6705.862	    0.032
6706.970	    0.041
6708.079	    0.049
6709.187	    0.052
6710.296	    0.051
6711.404	    0.052
6712.513	    0.046
6713.623	    0.056
6714.732	    0.050
6715.842	    0.049
6716.951	    0.058
6718.061	    0.057
6719.171	    0.052
6720.282	    0.046
6721.392	    0.052
6722.503	    0.040
6723.614	    0.063
6724.725	    0.041
6725.836	    0.050
6726.947	    0.034
6728.059	    0.023
6729.171	    0.019
6730.283	    0.035
6731.395	    0.046
6732.507	    0.052
6733.619	    0.049
6734.732	    0.047
6735.845	    0.035
6736.958	    0.012
6738.071	    0.030
6739.185	    0.038
6740.298	    0.031
6741.412	    0.009
6742.526	    0.017
6743.640	    0.017
6744.754	    0.017
6745.869	    0.032
6746.984	    0.038
6748.099	    0.042
6749.214	    0.049
6750.329	    0.041
6751.444	    0.021
6752.560	    0.021
6753.676	    0.012
6754.792	    0.027
6755.908	    0.045
6757.024	    0.047
6758.141	    0.038
6759.258	    0.021
6760.374	    0.029
6761.492	    0.029
6762.609	    0.029
6763.726	    0.012
6764.844	    0.017
6765.962	    0.035
6767.080	    0.052
6768.198	    0.040
6769.316	    0.032
6770.435	    0.030
6771.554	    0.044
6772.673	    0.051
6773.792	    0.054
6774.911	    0.038
6776.031	    0.026
6777.150	    0.037
6778.270	    0.033
6779.390	    0.021
6780.510	    0.023
6781.631	    0.042
6782.752	    0.083
6783.872	    0.126
6784.993	    0.165
6786.114	    0.199
6787.236	    0.207
6788.357	    0.197
6789.479	    0.170
6790.601	    0.129
6791.723	    0.081
6792.845	    0.044
6793.968	    0.044
6795.090	    0.009
6796.213	    0.046
6797.336	    0.076
6798.459	    0.113
6799.583	    0.150
6800.706	    0.174
6801.830	    0.186
6802.954	    0.177
6804.078	    0.147
6805.203	    0.113
6806.327	    0.086
6807.452	    0.049
6808.577	    0.041
6809.702	    0.053
6810.827	    0.055
6811.952	    0.054
6813.078	    0.054
6814.204	    0.059
6815.330	    0.061
6816.456	    0.061
6817.582	    0.068
6818.709	    0.078
6819.836	    0.077
6820.963	    0.064
6822.090	    0.059
6823.217	    0.058
6824.344	    0.061
6825.472	    0.070
6840.149	    0.064
6841.279	    0.049
6842.410	    0.049
6843.540	    0.049
6844.671	    0.059
6845.802	    0.055
6846.933	    0.064
6848.065	    0.062
6849.196	    0.070
6850.328	    0.075
6851.460	    0.081
6852.592	    0.070
6853.724	    0.071
6854.857	    0.076
6855.990	    0.069
6857.123	    0.071
6858.256	    0.073
6859.389	    0.080
6860.522	    0.080
6861.656	    0.043
6862.790	    0.064
6863.924	    0.086
6865.058	    0.089
6866.193	    0.044
6867.327	    0.101
6868.462	    0.148
6869.597	    0.173
6870.732	    0.186
6871.867	    0.186
6873.003	    0.181
6874.139	    0.175
6875.274	    0.172
6876.411	    0.167
6877.547	    0.156
6878.683	    0.144
6879.820	    0.132
6880.957	    0.115
6882.094	    0.105
6883.231	    0.098
6884.368	    0.099
6885.506	    0.118
6886.644	    0.128
6887.782	    0.127
6888.920	    0.130
6890.058	    0.127
6891.197	    0.127
6892.335	    0.132
6893.474	    0.129
6894.613	    0.127
6895.753	    0.133
6896.892	    0.132
6898.032	    0.135
6899.172	    0.132
6900.312	    0.119
6901.452	    0.113
6902.592	    0.118
6903.733	    0.117
6904.874	    0.113
6906.015	    0.114
6907.156	    0.121
6908.297	    0.119
6909.439	    0.110
6910.580	    0.106
6911.722	    0.102
6912.864	    0.099
6914.007	    0.091
6915.149	    0.088
6916.292	    0.096
6917.435	    0.103
6918.578	    0.099
6919.721	    0.098
6920.865	    0.086
6922.008	    0.061
6923.152	    0.049
6924.296	    0.051
6925.440	    0.056
6926.584	    0.068
6927.729	    0.090
6928.874	    0.098
6930.019	    0.095
6931.164	    0.092
6932.309	    0.095
6933.455	    0.096
6934.600	    0.092
6935.746	    0.091
6936.892	    0.093
6938.039	    0.074
6939.185	    0.060
6940.332	    0.061
6941.479	    0.070
6942.626	    0.063
6943.773	    0.074
6944.920	    0.080
6946.068	    0.081
6947.216	    0.057
6948.364	    0.026
6949.512	    0.023
6950.660	    0.017
6951.809	    0.038
6952.957	    0.079
6954.106	    0.089
6955.255	    0.086
6956.405	    0.086
6957.554	    0.093
6958.704	    0.092
6959.854	    0.093
6961.004	    0.090
6962.154	    0.090
6963.304	    0.088
6964.455	    0.088
6965.606	    0.081
6966.757	    0.075
6967.908	    0.068
6969.059	    0.063
6970.211	    0.061
6971.363	    0.066
6972.515	    0.060
6973.667	    0.069
6974.819	    0.089
6975.972	    0.088
6977.125	    0.072
6978.277	    0.049
6979.431	    0.047
6980.584	    0.066
6981.737	    0.076
6982.891	    0.087
6984.045	    0.098
6985.199	    0.098
6986.353	    0.095
6987.508	    0.090
6988.662	    0.092
6989.817	    0.092
6990.972	    0.098
6992.127	    0.104
6993.283	    0.107
6994.438	    0.106
6995.594	    0.104
6996.750	    0.105
6997.906	    0.103
6999.063	    0.098
7000.219	    0.106
7001.376	    0.107
7002.533	    0.102
7003.690	    0.097
7004.847	    0.091
7006.005	    0.098
7007.162	    0.103
7008.320	    0.107
7009.478	    0.103
7010.636	    0.090
7011.795	    0.093
7012.954	    0.093
7014.112	    0.089
7015.271	    0.091
7016.431	    0.102
7017.590	    0.109
7018.750	    0.113
7019.909	    0.113
7021.069	    0.110
7022.230	    0.110
7023.390	    0.109
7024.551	    0.113
7025.711	    0.112
7026.872	    0.112
7028.033	    0.115
7029.195	    0.114
7030.356	    0.110
7031.518	    0.110
7032.680	    0.110
7033.842	    0.106
7035.004	    0.105
7036.167	    0.105
7037.329	    0.107
7038.492	    0.115
7039.655	    0.120
7040.819	    0.114
7041.982	    0.111
7043.146	    0.108
7044.309	    0.106
7045.473	    0.109
7046.638	    0.114
7047.802	    0.109
7048.967	    0.101
7050.131	    0.098
7051.296	    0.109
7052.462	    0.112
7053.627	    0.102
7054.792	    0.109
7055.958	    0.121
7057.124	    0.121
7058.290	    0.120
7059.457	    0.116
7060.623	    0.112
7061.790	    0.117
7062.957	    0.120
7064.124	    0.118
7065.291	    0.115
7066.459	    0.118
7067.626	    0.123
7068.794	    0.114
7069.962	    0.110
7071.130	    0.114
7072.299	    0.115
7073.468	    0.116
7074.636	    0.116
7075.805	    0.115
7076.975	    0.123
7078.144	    0.124
7079.314	    0.123
7080.483	    0.123
7081.653	    0.124
7082.824	    0.122
7083.994	    0.123
7085.165	    0.122
7086.335	    0.127
7087.506	    0.123
7088.677	    0.122
7089.849	    0.123
7091.020	    0.125
7092.192	    0.118
7093.364	    0.124
7094.536	    0.128
7095.708	    0.131
7096.881	    0.131
7098.054	    0.128
7099.227	    0.128
7100.400	    0.129
7101.573	    0.136
7102.746	    0.135
7103.920	    0.132
7105.094	    0.132
7106.268	    0.128
7107.442	    0.128
7108.617	    0.126
7109.791	    0.125
7110.966	    0.127
7112.141	    0.126
7113.316	    0.127
7114.492	    0.129
7115.667	    0.128
7116.843	    0.122
7118.019	    0.121
