WV      	 Sigma   
4176.646	    0.066
4177.397	    0.062
4178.147	    0.056
4178.898	    0.050
4179.649	    0.029
4180.400	    0.026
4181.151	    0.048
4181.902	    0.066
4182.653	    0.082
4183.405	    0.091
4184.157	    0.100
4184.908	    0.110
4185.660	    0.123
4186.412	    0.130
4187.164	    0.139
4187.917	    0.149
4188.669	    0.099
4189.422	    0.093
4190.174	    0.088
4190.927	    0.066
4191.680	    0.029
4192.433	    0.022
4193.186	    0.026
4193.940	    0.059
4194.693	    0.034
4195.447	    0.059
4196.201	    0.072
4196.955	    0.043
4197.709	    0.050
4198.463	    0.074
4199.217	    0.106
4199.972	    0.074
4200.726	    0.085
4201.481	    0.091
4202.236	    0.071
4202.991	    0.072
4203.746	    0.121
4204.501	    0.089
4205.257	    0.018
4206.012	    0.067
4206.768	    0.105
4207.524	    0.082
4208.280	    0.013
4209.036	    0.071
4209.792	    0.078
4210.548	    0.070
4211.305	    0.061
4212.061	    0.086
4212.818	    0.105
4213.575	    0.058
4214.332	    0.066
4215.089	    0.089
4215.846	    0.080
4216.604	    0.037
4217.361	    0.055
4218.119	    0.068
4218.877	    0.059
4219.635	    0.022
4220.393	    0.047
4221.151	    0.061
4221.910	    0.037
4222.668	    0.063
4223.427	    0.026
4224.186	    0.114
4224.945	    0.065
4225.704	    0.039
4226.463	    0.043
4227.222	    0.073
4227.982	    0.032
4228.741	    0.090
4229.501	    0.091
4230.261	    0.018
4231.021	    0.145
4231.781	    0.093
4232.542	    0.063
4233.302	    0.092
4234.063	    0.077
4234.823	    0.100
4235.584	    0.068
4236.345	    0.094
4237.106	    0.115
4237.868	    0.099
4238.629	    0.113
4239.390	    0.050
4240.152	    0.034
4240.914	    0.013
4241.676	    0.067
4242.438	    0.106
4243.200	    0.092
4243.963	    0.047
4244.725	    0.056
4245.488	    0.086
4246.250	    0.083
4247.013	    0.018
4247.776	    0.034
4248.540	    0.018
4249.303	    0.061
4250.066	    0.022
4250.830	    0.059
4251.594	    0.073
4252.357	    0.032
4253.121	    0.062
4253.886	    0.121
4254.650	    0.120
4255.414	    0.089
4256.179	    0.034
4256.944	    0.082
4257.708	    0.091
4258.473	    0.045
4259.238	    0.114
4260.004	    0.081
4260.769	    0.043
4261.535	    0.026
4262.300	    0.050
4263.066	    0.077
4263.832	    0.034
4264.598	    0.098
4265.364	    0.102
4266.130	    0.123
4266.897	    0.117
4267.664	    0.094
4268.430	    0.029
4269.197	    0.130
4269.964	    0.113
4270.731	    0.048
4271.499	    0.115
4272.266	    0.142
4273.034	    0.113
4273.801	    0.065
4274.569	    0.058
4275.337	    0.095
4276.105	    0.074
4276.874	    0.032
4277.642	    0.096
4278.411	    0.059
4279.179	    0.026
4279.948	    0.052
4280.717	    0.103
4281.486	    0.139
4282.255	    0.131
4283.025	    0.134
4283.794	    0.137
4284.564	    0.119
4285.334	    0.114
4286.104	    0.118
4286.874	    0.116
4287.644	    0.100
4288.414	    0.090
4289.185	    0.126
4289.955	    0.128
4290.726	    0.091
4291.497	    0.066
4292.268	    0.053
4293.039	    0.032
4293.811	    0.065
4294.582	    0.088
4295.354	    0.134
4296.125	    0.103
4296.897	    0.047
4297.669	    0.089
4298.441	    0.029
4299.214	    0.111
4299.986	    0.121
4300.759	    0.047
4301.531	    0.107
4302.304	    0.113
4303.077	    0.116
4303.850	    0.114
4304.623	    0.034
4305.397	    0.094
4306.170	    0.102
4306.944	    0.101
4307.718	    0.124
4308.492	    0.071
4309.266	    0.091
4310.040	    0.099
4310.814	    0.050
4311.589	    0.050
4312.364	    0.013
4313.138	    0.048
4313.913	    0.052
4314.688	    0.081
4315.464	    0.080
4316.239	    0.068
4317.014	    0.026
4317.790	    0.099
4318.566	    0.099
4319.342	    0.110
4320.118	    0.124
4320.894	    0.140
4321.670	    0.145
4322.447	    0.109
4323.223	    0.092
4324.000	    0.105
4324.777	    0.136
4325.554	    0.101
4326.331	    0.066
4327.108	    0.043
4327.886	    0.084
4328.663	    0.133
4329.441	    0.113
4330.219	    0.078
4330.997	    0.029
4331.775	    0.061
4332.553	    0.061
4333.332	    0.091
4334.110	    0.123
4334.889	    0.134
4335.668	    0.157
4336.447	    0.164
4337.226	    0.168
4338.005	    0.172
4338.784	    0.050
4339.564	    0.118
4340.344	    0.108
4341.123	    0.045
4341.903	    0.047
4342.683	    0.094
4343.464	    0.104
4344.244	    0.089
4345.024	    0.061
4345.805	    0.077
4346.586	    0.026
4347.367	    0.074
4348.148	    0.080
4348.929	    0.094
4349.710	    0.077
4350.492	    0.041
4351.274	    0.071
4352.055	    0.135
4352.837	    0.090
4353.619	    0.066
4354.402	    0.032
4355.184	    0.048
4355.966	    0.018
4356.749	    0.084
4357.532	    0.103
4358.315	    0.110
4359.098	    0.113
4359.881	    0.147
4360.664	    0.154
4361.448	    0.152
4362.231	    0.146
4363.015	    0.143
4363.799	    0.094
4364.583	    0.125
4365.367	    0.157
4366.151	    0.085
4366.936	    0.092
4367.720	    0.084
4368.505	    0.083
4369.290	    0.093
4370.075	    0.052
4370.860	    0.121
4371.645	    0.131
4372.431	    0.119
4373.216	    0.084
4374.002	    0.084
4374.788	    0.131
4375.574	    0.150
4376.360	    0.143
4377.146	    0.081
4377.933	    0.111
4378.719	    0.087
4379.506	    0.066
4386.593	    0.170
4387.381	    0.182
4388.169	    0.163
4388.958	    0.158
4389.746	    0.142
4390.535	    0.121
4391.324	    0.129
4392.113	    0.121
4392.902	    0.096
4393.691	    0.094
4394.480	    0.124
4395.270	    0.161
4396.059	    0.155
4396.849	    0.142
4397.639	    0.127
4398.429	    0.112
4399.220	    0.185
4400.010	    0.150
4400.801	    0.130
4401.591	    0.128
4402.382	    0.099
4403.173	    0.151
4403.964	    0.159
4404.755	    0.165
4405.547	    0.174
4406.338	    0.158
4407.130	    0.163
4407.922	    0.175
4408.714	    0.188
4409.506	    0.195
4410.298	    0.165
4411.090	    0.114
4411.883	    0.123
4412.675	    0.157
4413.468	    0.107
4414.261	    0.150
4415.054	    0.122
4415.848	    0.079
4416.641	    0.041
4417.434	    0.086
4418.228	    0.090
4419.022	    0.111
4419.816	    0.127
4420.610	    0.131
4421.404	    0.115
4422.199	    0.133
4422.993	    0.116
4423.788	    0.097
4424.583	    0.152
4425.377	    0.153
4426.173	    0.145
4426.968	    0.110
4427.763	    0.018
4434.928	    0.077
4435.725	    0.045
4436.522	    0.056
4437.319	    0.070
4438.116	    0.084
4438.913	    0.083
4439.711	    0.029
4440.509	    0.071
4441.306	    0.047
4442.104	    0.050
4442.902	    0.066
4443.701	    0.039
4444.499	    0.063
4445.298	    0.048
4446.096	    0.105
4446.895	    0.133
4447.694	    0.072
4448.493	    0.047
4449.292	    0.029
4450.092	    0.037
4450.891	    0.062
4451.691	    0.084
4452.491	    0.052
4453.291	    0.056
4454.091	    0.039
4454.891	    0.034
4455.691	    0.041
4456.492	    0.018
4457.293	    0.052
4458.093	    0.066
4458.894	    0.052
4459.695	    0.032
4460.497	    0.068
4461.298	    0.068
4462.100	    0.032
4462.901	    0.079
4463.703	    0.068
4464.505	    0.026
4465.307	    0.034
4466.109	    0.050
4466.912	    0.029
4467.714	    0.079
4468.517	    0.048
4469.320	    0.055
4470.123	    0.086
4470.926	    0.111
4471.729	    0.108
4472.533	    0.107
4473.336	    0.104
4474.140	    0.102
4474.944	    0.099
4475.748	    0.096
4476.552	    0.094
4477.356	    0.091
4478.161	    0.089
4478.965	    0.086
4479.770	    0.083
4480.575	    0.080
4481.380	    0.078
4482.185	    0.074
4482.990	    0.071
4483.796	    0.067
4484.601	    0.063
4485.407	    0.059
4486.213	    0.056
4487.019	    0.052
4487.825	    0.045
4488.631	    0.039
4489.438	    0.032
4490.244	    0.026
4491.051	    0.026
4491.858	    0.026
4492.665	    0.034
4493.472	    0.041
4494.280	    0.047
4495.087	    0.053
4495.895	    0.059
4496.702	    0.063
4497.510	    0.041
4498.318	    0.079
4499.127	    0.162
4499.935	    0.063
4500.743	    0.056
4501.552	    0.018
4502.361	    0.091
4503.170	    0.103
4503.979	    0.110
4504.788	    0.062
4505.597	    0.041
4506.407	    0.052
4507.216	    0.045
4508.026	    0.081
4508.836	    0.050
4509.646	    0.018
4510.456	    0.018
4511.267	    0.061
4512.077	    0.034
4512.888	    0.063
4513.699	    0.085
4514.510	    0.088
4515.321	    0.068
4516.132	    0.053
4516.943	    0.087
4517.755	    0.097
4518.567	    0.099
4519.379	    0.095
4520.191	    0.099
4521.003	    0.100
4521.815	    0.083
4522.627	    0.045
4523.440	    0.065
4524.253	    0.121
4525.065	    0.113
4525.878	    0.108
4526.692	    0.100
4527.505	    0.077
4528.318	    0.075
4529.132	    0.063
4529.946	    0.056
4530.759	    0.059
4531.573	    0.055
4532.388	    0.041
4533.202	    0.063
4534.016	    0.063
4534.831	    0.056
4535.646	    0.053
4536.461	    0.043
4537.276	    0.083
4538.091	    0.067
4538.906	    0.093
4539.722	    0.106
4540.537	    0.089
4541.353	    0.029
4542.169	    0.026
4542.985	    0.041
4543.801	    0.059
4544.618	    0.048
4545.434	    0.074
4546.251	    0.029
4547.068	    0.039
4547.885	    0.078
4548.702	    0.109
4549.519	    0.129
4550.336	    0.121
4551.154	    0.090
4551.972	    0.043
4552.789	    0.083
4553.607	    0.034
4554.425	    0.101
4555.244	    0.091
4556.062	    0.048
4556.881	    0.032
4557.699	    0.018
4558.518	    0.043
4559.337	    0.022
4560.156	    0.047
4560.976	    0.072
4561.795	    0.091
4562.615	    0.094
4563.435	    0.087
4564.254	    0.061
4565.074	    0.037
4565.895	    0.029
4566.715	    0.052
4567.535	    0.079
4568.356	    0.094
4569.177	    0.103
4569.998	    0.116
4570.819	    0.125
4571.640	    0.115
4572.461	    0.128
4573.283	    0.107
4574.105	    0.113
4574.926	    0.112
4575.748	    0.059
4576.570	    0.048
4577.393	    0.100
4578.215	    0.097
4579.038	    0.085
4579.860	    0.070
4580.683	    0.039
4581.506	    0.039
4582.329	    0.061
4583.153	    0.026
4583.976	    0.082
4584.800	    0.087
4585.623	    0.074
4586.447	    0.013
4587.271	    0.110
4588.095	    0.127
4588.920	    0.103
4589.744	    0.111
4590.569	    0.090
4591.394	    0.075
4592.219	    0.058
4593.044	    0.045
4593.869	    0.059
4594.694	    0.070
4595.520	    0.075
4596.345	    0.090
4597.171	    0.088
4597.997	    0.077
4598.823	    0.111
4599.649	    0.048
4600.476	    0.061
4601.302	    0.061
4602.129	    0.053
4602.956	    0.039
4603.783	    0.065
4604.610	    0.013
4605.437	    0.045
4606.265	    0.018
4607.092	    0.073
4607.920	    0.090
4608.748	    0.061
4609.576	    0.066
4610.404	    0.084
4611.232	    0.100
4612.061	    0.108
4612.890	    0.099
4613.718	    0.078
4614.547	    0.050
4615.376	    0.026
4616.206	    0.041
4617.035	    0.078
4617.864	    0.073
4618.694	    0.079
4619.524	    0.084
4620.354	    0.092
4621.184	    0.099
4622.014	    0.090
4622.845	    0.071
4623.675	    0.058
4624.506	    0.082
4625.337	    0.103
4626.168	    0.107
4626.999	    0.089
4627.830	    0.093
4628.662	    0.032
4629.493	    0.067
4630.325	    0.109
4631.157	    0.109
4631.989	    0.070
4632.821	    0.068
4633.654	    0.068
4634.486	    0.085
4635.319	    0.096
4636.152	    0.070
4636.985	    0.022
4637.818	    0.072
4638.651	    0.084
4639.484	    0.088
4640.318	    0.089
4641.152	    0.075
4641.985	    0.107
4642.819	    0.121
4643.654	    0.111
4644.488	    0.094
4645.322	    0.081
4646.157	    0.034
4646.992	    0.052
4647.827	    0.091
4648.662	    0.117
4649.497	    0.130
4650.332	    0.127
4651.168	    0.093
4652.003	    0.065
4652.839	    0.053
4653.675	    0.065
4654.511	    0.068
4655.347	    0.039
4656.184	    0.026
4657.020	    0.032
4657.857	    0.018
4658.694	    0.041
4659.531	    0.062
4660.368	    0.074
4661.205	    0.089
4662.043	    0.058
4662.881	    0.053
4663.718	    0.066
4664.556	    0.081
4665.394	    0.092
4666.232	    0.110
4667.071	    0.083
4667.909	    0.058
4668.748	    0.029
4669.587	    0.026
4670.426	    0.018
4671.265	    0.068
4672.104	    0.095
4672.944	    0.107
4673.783	    0.104
4674.623	    0.100
4675.463	    0.113
4676.303	    0.090
4677.143	    0.085
4677.983	    0.074
4678.824	    0.073
4679.664	    0.079
4680.505	    0.077
4681.346	    0.047
4682.187	    0.013
4683.028	    0.056
4683.870	    0.097
4684.711	    0.122
4685.553	    0.120
4686.395	    0.058
4687.237	    0.050
4688.079	    0.018
4688.921	    0.013
4689.764	    0.039
4690.606	    0.107
4691.449	    0.141
4692.292	    0.043
4693.135	    0.066
4693.978	    0.085
4694.821	    0.074
4695.665	    0.063
4696.508	    0.096
4697.352	    0.096
4698.196	    0.063
4699.040	    0.061
4699.885	    0.022
4700.729	    0.032
4701.574	    0.063
4702.418	    0.065
4703.263	    0.089
4704.108	    0.026
4704.953	    0.043
4705.799	    0.087
4706.644	    0.103
4707.490	    0.032
4708.335	    0.045
4709.181	    0.066
4710.027	    0.067
4710.874	    0.063
4711.720	    0.073
4712.567	    0.055
4713.413	    0.086
4714.260	    0.103
4715.107	    0.098
4715.954	    0.070
4716.802	    0.022
4717.649	    0.050
4718.497	    0.079
4719.344	    0.079
4720.192	    0.063
4721.040	    0.052
4721.888	    0.043
4722.737	    0.029
4723.585	    0.058
4724.434	    0.018
4725.283	    0.070
4726.132	    0.078
4726.981	    0.048
4727.830	    0.022
4728.680	    0.029
4729.529	    0.058
4730.379	    0.085
4731.229	    0.041
4732.079	    0.048
4732.929	    0.067
4733.779	    0.080
4734.630	    0.022
4735.480	    0.045
4736.331	    0.034
4737.182	    0.022
4738.033	    0.050
4738.885	    0.087
4739.736	    0.082
4740.588	    0.088
4741.439	    0.050
4742.291	    0.070
4743.143	    0.050
4743.995	    0.099
4744.848	    0.089
4745.700	    0.103
4746.553	    0.092
4747.406	    0.022
4748.259	    0.032
4749.112	    0.104
4749.965	    0.120
4750.818	    0.095
4751.672	    0.022
4752.526	    0.073
4753.379	    0.073
4754.233	    0.068
4755.088	    0.085
4755.942	    0.108
4756.796	    0.068
4757.651	    0.065
4758.506	    0.103
4759.361	    0.106
4760.216	    0.070
4761.071	    0.034
4761.926	    0.077
4762.782	    0.039
4763.638	    0.079
4764.494	    0.084
4765.350	    0.062
4766.206	    0.037
4767.062	    0.084
4767.919	    0.098
4768.775	    0.065
4769.632	    0.068
4770.489	    0.066
4771.346	    0.048
4772.203	    0.034
4773.061	    0.065
4773.918	    0.032
4774.776	    0.048
4775.634	    0.058
4776.492	    0.105
4777.350	    0.117
4778.208	    0.091
4779.067	    0.052
4779.925	    0.037
4780.784	    0.062
4781.643	    0.047
4782.502	    0.055
4783.361	    0.095
4784.221	    0.123
4785.080	    0.050
4785.940	    0.066
4786.800	    0.041
4787.660	    0.048
4788.520	    0.059
4789.381	    0.056
4790.241	    0.077
4791.102	    0.039
4791.962	    0.026
4792.823	    0.065
4793.684	    0.066
4794.546	    0.041
4795.407	    0.037
4796.269	    0.108
4797.130	    0.050
4797.992	    0.071
4798.854	    0.029
4799.717	    0.074
4800.579	    0.094
4801.441	    0.085
4802.304	    0.090
4803.167	    0.063
4804.030	    0.061
4804.893	    0.053
4805.756	    0.048
4806.620	    0.082
4807.483	    0.072
4808.347	    0.050
4809.211	    0.083
4810.075	    0.105
4810.939	    0.101
4811.803	    0.092
4812.668	    0.100
4813.533	    0.115
4814.397	    0.082
4815.262	    0.022
4816.128	    0.090
4816.993	    0.037
4817.858	    0.013
4818.724	    0.018
4819.590	    0.050
4820.456	    0.084
4821.322	    0.037
4822.188	    0.080
4823.054	    0.056
4823.921	    0.055
4824.787	    0.018
4825.654	    0.032
4826.521	    0.032
4827.388	    0.097
4828.256	    0.066
4829.123	    0.056
4829.991	    0.053
4830.859	    0.067
4831.727	    0.018
4832.595	    0.045
4833.463	    0.032
4834.331	    0.043
4835.200	    0.043
4836.069	    0.026
4836.937	    0.034
4837.806	    0.039
4838.676	    0.026
4839.545	    0.013
4840.415	    0.071
4841.284	    0.045
4842.154	    0.058
4843.024	    0.047
4843.894	    0.037
4844.764	    0.032
4845.635	    0.022
4846.505	    0.059
4847.376	    0.062
4848.247	    0.050
4849.118	    0.059
4849.989	    0.063
4850.861	    0.055
4851.732	    0.063
4852.604	    0.062
4853.476	    0.045
4854.348	    0.048
4855.220	    0.052
4856.092	    0.052
4856.965	    0.059
4857.837	    0.055
4858.710	    0.061
4859.583	    0.047
4860.456	    0.058
4861.329	    0.043
4862.203	    0.026
4863.076	    0.043
4863.950	    0.078
4864.824	    0.104
4865.698	    0.037
4866.572	    0.050
4867.447	    0.083
4868.321	    0.077
4869.196	    0.072
4870.071	    0.092
4870.946	    0.107
4871.821	    0.084
4872.696	    0.087
4873.571	    0.132
4874.447	    0.104
4875.323	    0.083
4876.199	    0.091
4877.075	    0.105
4877.951	    0.091
4878.827	    0.071
4879.704	    0.056
4880.581	    0.085
4881.458	    0.087
4882.335	    0.085
4883.212	    0.077
4884.089	    0.068
4884.967	    0.087
4885.844	    0.111
4886.722	    0.096
4887.600	    0.125
4888.478	    0.127
4889.356	    0.145
4890.235	    0.151
4891.114	    0.121
4891.992	    0.093
4892.871	    0.118
4893.750	    0.045
4894.630	    0.063
4895.509	    0.084
4896.388	    0.055
4897.268	    0.053
4898.148	    0.107
4899.028	    0.066
4899.908	    0.068
4900.789	    0.099
4901.669	    0.100
4902.550	    0.111
4903.431	    0.113
4904.312	    0.079
4905.193	    0.127
4906.074	    0.267
4906.955	    0.420
4907.837	    0.534
4908.719	    0.565
4909.601	    0.524
4910.483	    0.420
4911.365	    0.278
4912.247	    0.136
4913.130	    0.072
4914.013	    0.111
4914.896	    0.100
4915.779	    0.071
4916.662	    0.080
4917.545	    0.089
4918.429	    0.082
4919.312	    0.081
4920.196	    0.102
4921.080	    0.083
4921.964	    0.026
4922.849	    0.085
4923.733	    0.094
4924.618	    0.052
4925.502	    0.047
4926.387	    0.022
4927.273	    0.059
4928.158	    0.045
4929.043	    0.055
4929.929	    0.052
4930.815	    0.061
4931.700	    0.062
4932.586	    0.073
4933.473	    0.061
4934.359	    0.053
4935.246	    0.095
4936.132	    0.119
4937.019	    0.091
4937.906	    0.077
4938.793	    0.091
4939.681	    0.091
4940.568	    0.071
4941.456	    0.052
4942.344	    0.018
4943.232	    0.018
4944.120	    0.048
4945.008	    0.052
4945.896	    0.052
4946.785	    0.087
4947.674	    0.078
4948.563	    0.063
4949.452	    0.102
4950.341	    0.081
4951.230	    0.022
4952.120	    0.034
4953.010	    0.108
4953.900	    0.091
4954.790	    0.097
4955.680	    0.119
4956.570	    0.092
4957.461	    0.107
4958.351	    0.092
4959.242	    0.116
4960.133	    0.084
4961.024	    0.047
4961.916	    0.067
4962.807	    0.080
4963.699	    0.062
4964.591	    0.063
4965.483	    0.104
4966.375	    0.137
4967.267	    0.148
4968.159	    0.139
4969.052	    0.118
4969.945	    0.121
4970.838	    0.125
4971.731	    0.113
4972.624	    0.116
4973.518	    0.080
4974.411	    0.067
4975.305	    0.026
4976.199	    0.084
4977.093	    0.056
4977.987	    0.074
4978.881	    0.092
4979.776	    0.065
4980.671	    0.084
4981.565	    0.092
4982.460	    0.124
4983.356	    0.075
4984.251	    0.034
4985.146	    0.072
4986.042	    0.106
4986.938	    0.123
4987.834	    0.133
4988.730	    0.144
4989.626	    0.148
4990.523	    0.121
4991.419	    0.092
4992.316	    0.071
4993.213	    0.043
4994.110	    0.050
4995.007	    0.070
4995.905	    0.058
4996.802	    0.034
4997.700	    0.013
4998.598	    0.091
4999.496	    0.125
5000.394	    0.108
5001.293	    0.087
5002.191	    0.062
5003.090	    0.050
5003.989	    0.065
5004.888	    0.078
5005.787	    0.029
5006.687	    0.108
5007.586	    0.136
5008.486	    0.106
5009.386	    0.067
5010.286	    0.059
5011.186	    0.102
5012.086	    0.111
5012.987	    0.099
5013.887	    0.094
5014.788	    0.107
5015.689	    0.106
5016.590	    0.104
5017.492	    0.098
5018.393	    0.099
5019.295	    0.103
5020.197	    0.100
5021.098	    0.096
5022.001	    0.097
5022.903	    0.075
5023.805	    0.095
5024.708	    0.113
5025.611	    0.106
5026.514	    0.087
5027.417	    0.091
5028.320	    0.125
5029.223	    0.148
5030.127	    0.143
5031.031	    0.133
5031.935	    0.143
5032.839	    0.134
5033.743	    0.145
5034.647	    0.129
5035.552	    0.112
5036.456	    0.087
5037.361	    0.085
5038.266	    0.095
5039.172	    0.077
5040.077	    0.078
5040.982	    0.071
5041.888	    0.090
5042.794	    0.107
5043.700	    0.114
5044.606	    0.113
5045.513	    0.092
5046.419	    0.067
5047.326	    0.082
5048.233	    0.107
5049.140	    0.074
5050.047	    0.071
5050.954	    0.098
5051.861	    0.075
5052.769	    0.116
5053.677	    0.190
5054.585	    0.247
5055.493	    0.264
5056.401	    0.253
5057.310	    0.235
5058.218	    0.152
5059.127	    0.048
5060.036	    0.094
5060.945	    0.058
5061.855	    0.106
5062.764	    0.113
5063.674	    0.119
5064.583	    0.123
5065.493	    0.124
5066.403	    0.119
5067.314	    0.096
5068.224	    0.077
5069.135	    0.101
5070.045	    0.114
5070.956	    0.013
5071.867	    0.077
5072.779	    0.091
5073.690	    0.092
5074.602	    0.080
5075.513	    0.053
5076.425	    0.070
5077.337	    0.093
5078.249	    0.072
5079.162	    0.079
5080.074	    0.087
5080.987	    0.059
5081.900	    0.043
5082.813	    0.037
5083.726	    0.056
5084.640	    0.079
5085.553	    0.077
5086.467	    0.065
5087.381	    0.070
5088.295	    0.086
5089.209	    0.078
5090.123	    0.103
5091.038	    0.091
5091.952	    0.074
5092.867	    0.080
5093.782	    0.096
5094.697	    0.095
5095.613	    0.058
5096.528	    0.045
5097.444	    0.041
5098.360	    0.079
5099.276	    0.083
5100.192	    0.056
5101.108	    0.034
5102.025	    0.043
5102.941	    0.070
5103.858	    0.058
5104.775	    0.032
5105.692	    0.058
5106.610	    0.068
5107.527	    0.050
5108.445	    0.022
5109.363	    0.084
5110.281	    0.043
5111.199	    0.088
5112.117	    0.066
5113.036	    0.111
5113.954	    0.081
5114.873	    0.053
5115.792	    0.061
5116.711	    0.063
5117.630	    0.090
5118.550	    0.068
5119.469	    0.070
5120.389	    0.081
5121.309	    0.061
5122.229	    0.039
5123.150	    0.045
5124.070	    0.062
5124.991	    0.067
5125.911	    0.052
5126.832	    0.041
5127.753	    0.075
5128.675	    0.092
5129.596	    0.105
5130.518	    0.110
5131.440	    0.082
5132.362	    0.099
5133.284	    0.095
5134.206	    0.082
5135.128	    0.087
5136.051	    0.083
5136.974	    0.032
5137.897	    0.096
5138.820	    0.059
5139.743	    0.061
5140.666	    0.013
5141.590	    0.094
5142.514	    0.067
5143.438	    0.032
5144.362	    0.037
5145.286	    0.063
5146.211	    0.074
5147.135	    0.079
5148.060	    0.081
5148.985	    0.077
5149.910	    0.066
5150.835	    0.041
5151.761	    0.095
5152.686	    0.094
5153.612	    0.119
5154.538	    0.067
5155.464	    0.080
5156.390	    0.077
5157.317	    0.059
5158.243	    0.067
5159.170	    0.086
5160.097	    0.088
5161.024	    0.071
5161.951	    0.029
5162.879	    0.047
5163.806	    0.029
5164.734	    0.112
5165.662	    0.052
5166.590	    0.104
5167.518	    0.107
5168.447	    0.047
5169.375	    0.063
5170.304	    0.091
5171.233	    0.061
5172.162	    0.066
5173.091	    0.098
5174.021	    0.048
5174.950	    0.086
5175.880	    0.107
5176.810	    0.091
5177.740	    0.022
5178.670	    0.099
5179.601	    0.105
5180.531	    0.103
5181.462	    0.086
5182.393	    0.071
5183.324	    0.077
5184.255	    0.071
5185.187	    0.072
5186.118	    0.074
5187.050	    0.071
5187.982	    0.047
5188.914	    0.080
5189.846	    0.047
5190.779	    0.096
5191.712	    0.096
5192.644	    0.034
5193.577	    0.037
5194.510	    0.055
5195.444	    0.103
5196.377	    0.131
5197.311	    0.137
5198.244	    0.136
5199.178	    0.134
5200.112	    0.133
5201.047	    0.131
5201.981	    0.130
5202.916	    0.129
5203.851	    0.127
5204.786	    0.126
5205.721	    0.125
5206.656	    0.124
5207.591	    0.123
5208.527	    0.122
5209.463	    0.121
5210.399	    0.121
5211.335	    0.120
5212.271	    0.120
5213.208	    0.119
5214.144	    0.119
5215.081	    0.118
5216.018	    0.117
5216.955	    0.117
5217.892	    0.116
5218.830	    0.116
5219.768	    0.115
5220.705	    0.114
5221.643	    0.113
5222.582	    0.112
5223.520	    0.111
5224.458	    0.110
5225.397	    0.108
5226.336	    0.107
5227.275	    0.105
5228.214	    0.103
5229.153	    0.101
5230.093	    0.099
5231.032	    0.096
5231.972	    0.093
5232.912	    0.091
5233.852	    0.088
5234.793	    0.085
5235.733	    0.082
5236.674	    0.087
5237.615	    0.095
5238.556	    0.083
5239.497	    0.093
5240.438	    0.106
5241.380	    0.079
5242.322	    0.087
5243.263	    0.098
5244.205	    0.084
5245.148	    0.092
5253.635	    0.102
5254.579	    0.081
5255.523	    0.059
5256.467	    0.026
5257.412	    0.037
5258.356	    0.065
5259.301	    0.070
5260.246	    0.083
5261.191	    0.062
5262.136	    0.059
5263.082	    0.090
5264.027	    0.098
5264.973	    0.090
5265.919	    0.077
5266.865	    0.026
5267.811	    0.039
5268.758	    0.050
5269.704	    0.032
5270.651	    0.079
5271.598	    0.100
5272.545	    0.088
5273.493	    0.093
5274.440	    0.043
5275.388	    0.072
5276.335	    0.073
5277.283	    0.079
5278.232	    0.079
5279.180	    0.037
5280.128	    0.026
5281.077	    0.061
5282.026	    0.056
5282.975	    0.037
5283.924	    0.043
5284.873	    0.058
5285.823	    0.048
5286.773	    0.084
5287.722	    0.098
5288.672	    0.079
5289.623	    0.055
5290.573	    0.058
5291.523	    0.094
5292.474	    0.090
5293.425	    0.018
5294.376	    0.022
5295.327	    0.029
5296.279	    0.050
5297.230	    0.026
5298.182	    0.043
5299.134	    0.045
5300.086	    0.034
5301.038	    0.065
5301.991	    0.078
5302.943	    0.047
5303.896	    0.041
5304.849	    0.032
5305.802	    0.111
5306.755	    0.013
5307.709	    0.047
5308.662	    0.055
5309.616	    0.065
5310.570	    0.062
5311.524	    0.052
5312.478	    0.066
5313.433	    0.052
5314.388	    0.032
5315.342	    0.018
5316.297	    0.070
5317.252	    0.108
5318.208	    0.105
5319.163	    0.083
5320.119	    0.122
5321.075	    0.130
5322.031	    0.115
5322.987	    0.084
5323.943	    0.102
5324.900	    0.039
5325.857	    0.050
5330.643	    0.037
5331.600	    0.041
5332.558	    0.043
5333.516	    0.050
5334.475	    0.032
5335.433	    0.043
5336.392	    0.066
5337.350	    0.073
5338.309	    0.063
5339.268	    0.058
5340.228	    0.070
5341.187	    0.058
5342.147	    0.125
5343.107	    0.082
5344.067	    0.059
5345.027	    0.077
5345.987	    0.079
5346.947	    0.066
5347.908	    0.043
5348.869	    0.037
5349.830	    0.089
5350.791	    0.068
5351.752	    0.065
5352.714	    0.066
5353.676	    0.022
5354.638	    0.053
5355.600	    0.022
5356.562	    0.056
5357.524	    0.085
5358.487	    0.067
5359.449	    0.026
5360.412	    0.039
5361.375	    0.070
5362.339	    0.018
5363.302	    0.063
5364.266	    0.029
5365.230	    0.077
5366.193	    0.043
5367.158	    0.043
5368.122	    0.041
5369.086	    0.055
5370.051	    0.061
5371.016	    0.081
5371.981	    0.093
5372.946	    0.034
5373.911	    0.034
5374.877	    0.041
5375.842	    0.043
5395.192	    0.119
5396.162	    0.065
5397.131	    0.058
5398.101	    0.105
5399.071	    0.078
5400.041	    0.053
5401.011	    0.098
5401.981	    0.107
5402.952	    0.099
5403.923	    0.013
5404.894	    0.103
5405.865	    0.022
5406.836	    0.066
5407.807	    0.047
5408.779	    0.047
5409.751	    0.032
5410.723	    0.058
5411.695	    0.013
5412.667	    0.045
5413.639	    0.022
5414.612	    0.072
5415.585	    0.073
5416.558	    0.090
5417.531	    0.068
5418.504	    0.096
5419.478	    0.091
5420.452	    0.074
5421.426	    0.109
5422.400	    0.130
5423.374	    0.112
5424.348	    0.097
5425.323	    0.066
5426.297	    0.039
5427.272	    0.018
5428.247	    0.053
5429.223	    0.077
5430.198	    0.037
5431.174	    0.052
5432.150	    0.037
5433.126	    0.075
5434.102	    0.066
5435.078	    0.045
5436.055	    0.071
5437.031	    0.074
5438.008	    0.073
5438.985	    0.029
5439.962	    0.050
5440.940	    0.055
5441.917	    0.056
5442.895	    0.052
5443.873	    0.107
5444.851	    0.111
5445.829	    0.105
5446.808	    0.095
5447.786	    0.099
5448.765	    0.118
5449.744	    0.124
5450.723	    0.082
5451.702	    0.085
5452.682	    0.032
5453.661	    0.065
5454.641	    0.089
5455.621	    0.079
5456.601	    0.091
5457.582	    0.111
5458.562	    0.119
5459.543	    0.089
5460.524	    0.066
5461.505	    0.039
5462.486	    0.041
5463.468	    0.041
5464.449	    0.018
5465.431	    0.029
5466.413	    0.029
5467.395	    0.063
5468.377	    0.048
5469.360	    0.047
5470.343	    0.052
5471.325	    0.058
5472.308	    0.072
5473.292	    0.072
5474.275	    0.041
5475.258	    0.067
5476.242	    0.043
5477.226	    0.058
5478.210	    0.026
5479.194	    0.026
5480.179	    0.034
5481.163	    0.029
5482.148	    0.074
5483.133	    0.085
5484.118	    0.105
5485.104	    0.089
5486.089	    0.102
5487.075	    0.103
5488.060	    0.068
5489.047	    0.047
5490.033	    0.062
5491.019	    0.073
5492.006	    0.077
5492.992	    0.047
5493.979	    0.077
5494.966	    0.094
5495.954	    0.059
5496.941	    0.032
5497.929	    0.029
5498.916	    0.074
5499.904	    0.075
5500.892	    0.075
5501.881	    0.050
5502.869	    0.039
5503.858	    0.070
5504.847	    0.099
5505.836	    0.098
5506.825	    0.075
5507.814	    0.059
5508.804	    0.053
5509.794	    0.055
5510.784	    0.053
5511.774	    0.070
5512.764	    0.086
5513.754	    0.077
5514.745	    0.078
5515.736	    0.067
5516.727	    0.037
5517.718	    0.032
5518.709	    0.013
5519.701	    0.022
5520.693	    0.041
5521.684	    0.018
5522.677	    0.053
5523.669	    0.041
5524.661	    0.055
5525.654	    0.013
5526.647	    0.075
5527.639	    0.081
5528.633	    0.123
5529.626	    0.134
5530.619	    0.092
5531.613	    0.088
5532.607	    0.085
5533.601	    0.072
5534.595	    0.022
5535.589	    0.029
5536.584	    0.077
5537.579	    0.103
5538.574	    0.068
5539.569	    0.071
5540.564	    0.070
5541.559	    0.062
5542.555	    0.103
5543.551	    0.013
5544.547	    0.055
5545.543	    0.072
5546.539	    0.053
5547.536	    0.061
5548.533	    0.070
5549.529	    0.026
5550.527	    0.022
5551.524	    0.059
5552.521	    0.065
5553.519	    0.053
5554.517	    0.075
5555.514	    0.056
5556.513	    0.045
5557.511	    0.056
5558.509	    0.039
5559.508	    0.091
5560.507	    0.085
5561.506	    0.062
5562.505	    0.097
5563.505	    0.102
5564.504	    0.099
5565.504	    0.065
5566.504	    0.084
5567.504	    0.068
5568.504	    0.091
5569.505	    0.084
5570.505	    0.059
5571.506	    0.072
5572.507	    0.077
5573.508	    0.077
5574.510	    0.111
5575.511	    0.043
5576.513	    0.053
5577.515	    0.091
5578.517	    0.088
5579.519	    0.099
5580.522	    0.103
5581.524	    0.105
5582.527	    0.105
5583.530	    0.107
5584.533	    0.099
5585.537	    0.090
5586.540	    0.094
5587.544	    0.092
5588.548	    0.078
5589.552	    0.078
5590.556	    0.097
5591.560	    0.092
5592.565	    0.095
5593.570	    0.097
5594.575	    0.092
5595.580	    0.095
5596.585	    0.100
5597.591	    0.107
5598.596	    0.114
5599.602	    0.078
5600.608	    0.026
5601.615	    0.047
5602.621	    0.039
5603.628	    0.034
5604.634	    0.043
5605.641	    0.071
5606.649	    0.053
5607.656	    0.074
5608.663	    0.074
5609.671	    0.070
5610.679	    0.058
5611.687	    0.063
5612.695	    0.100
5613.704	    0.102
5614.712	    0.068
5615.721	    0.067
5616.730	    0.084
5617.739	    0.102
5618.748	    0.100
5619.758	    0.112
5620.767	    0.107
5621.777	    0.089
5622.787	    0.056
5623.798	    0.022
5624.808	    0.091
5625.819	    0.134
5626.829	    0.137
5627.840	    0.121
5628.851	    0.108
5629.863	    0.095
5630.874	    0.113
5631.886	    0.088
5632.898	    0.067
5633.910	    0.094
5634.922	    0.100
5635.934	    0.088
5636.947	    0.099
5637.960	    0.128
5638.973	    0.130
5639.986	    0.101
5640.999	    0.112
5642.013	    0.116
5643.026	    0.127
5644.040	    0.131
5645.054	    0.142
5646.068	    0.127
5647.083	    0.131
5648.097	    0.119
5649.112	    0.099
5650.127	    0.109
5651.142	    0.119
5652.157	    0.137
5653.173	    0.125
5654.189	    0.121
5655.205	    0.122
5656.221	    0.096
5657.237	    0.128
5658.253	    0.123
5659.270	    0.067
5660.287	    0.026
5661.304	    0.082
5662.321	    0.071
5663.338	    0.083
5664.355	    0.114
5665.373	    0.115
5666.391	    0.121
5667.409	    0.123
5668.427	    0.123
5669.446	    0.129
5670.464	    0.145
5671.483	    0.133
5672.502	    0.134
5673.521	    0.145
5674.541	    0.145
5675.560	    0.156
5676.580	    0.135
5677.600	    0.130
5678.620	    0.139
5679.640	    0.151
5680.660	    0.156
5681.681	    0.134
5682.702	    0.147
5683.723	    0.149
5684.744	    0.134
5685.765	    0.129
5686.787	    0.139
5687.809	    0.150
5688.830	    0.146
5689.853	    0.131
5690.875	    0.125
5691.897	    0.129
5692.920	    0.139
5693.943	    0.162
5694.966	    0.155
5695.989	    0.149
5697.012	    0.161
5698.036	    0.153
5699.060	    0.151
5700.084	    0.150
5701.108	    0.146
5702.132	    0.136
5703.156	    0.129
5704.181	    0.133
5705.206	    0.144
5706.231	    0.156
5707.256	    0.153
5708.282	    0.155
5709.307	    0.142
5710.333	    0.146
5711.359	    0.157
5712.385	    0.169
5713.411	    0.162
5714.438	    0.171
5715.464	    0.192
5716.491	    0.162
5717.518	    0.164
5718.546	    0.178
5719.573	    0.165
5720.601	    0.171
5721.628	    0.181
5722.656	    0.161
5723.685	    0.164
5724.713	    0.175
5725.741	    0.150
5726.770	    0.149
5727.799	    0.155
5728.828	    0.163
5729.857	    0.171
5730.887	    0.174
5731.916	    0.142
5732.946	    0.152
5733.976	    0.175
5735.007	    0.154
5736.037	    0.167
5737.067	    0.162
5738.098	    0.177
5739.129	    0.189
5740.160	    0.152
5741.192	    0.175
5742.223	    0.175
5743.255	    0.162
5744.287	    0.154
5745.319	    0.157
5746.351	    0.163
5747.383	    0.151
5748.416	    0.146
5749.449	    0.148
5750.482	    0.158
5751.515	    0.169
5752.548	    0.158
5753.582	    0.146
5754.615	    0.166
5755.649	    0.165
5756.683	    0.172
5757.718	    0.161
5758.752	    0.169
5759.787	    0.159
5760.822	    0.171
5761.857	    0.182
5762.892	    0.176
5763.927	    0.182
5764.963	    0.179
5765.999	    0.177
5767.035	    0.180
5768.071	    0.180
5769.107	    0.163
5770.143	    0.149
5771.180	    0.161
5772.217	    0.184
5773.254	    0.188
5774.291	    0.165
5775.329	    0.149
5776.366	    0.149
5777.404	    0.159
5778.442	    0.170
5779.480	    0.163
5780.519	    0.149
5781.557	    0.157
5782.596	    0.156
5783.635	    0.162
5784.674	    0.164
5785.713	    0.172
5786.753	    0.178
5787.793	    0.182
5788.832	    0.180
5789.873	    0.166
5790.913	    0.174
5791.953	    0.162
5792.994	    0.164
5794.035	    0.170
5795.076	    0.165
5796.117	    0.161
5797.158	    0.176
5798.200	    0.194
5799.241	    0.172
5800.283	    0.183
5801.325	    0.166
5802.368	    0.169
5803.410	    0.174
5804.453	    0.165
5805.496	    0.184
5806.539	    0.163
5807.582	    0.143
5808.625	    0.155
5809.669	    0.131
5810.713	    0.165
5811.757	    0.163
5812.801	    0.149
5813.845	    0.147
5814.890	    0.152
5815.935	    0.170
5816.980	    0.175
5818.025	    0.166
5819.070	    0.169
5820.115	    0.157
5821.161	    0.129
5822.207	    0.132
5823.253	    0.157
5824.299	    0.168
5825.346	    0.168
5826.392	    0.156
5827.439	    0.157
5828.486	    0.159
5829.533	    0.154
5830.581	    0.166
5831.628	    0.168
5832.676	    0.152
5833.724	    0.161
5834.772	    0.178
5835.820	    0.175
5836.869	    0.186
5837.917	    0.204
5838.966	    0.197
5840.015	    0.182
5841.065	    0.172
5842.114	    0.182
5843.164	    0.188
5844.213	    0.180
5845.263	    0.167
5846.314	    0.158
5847.364	    0.137
5848.415	    0.124
5849.465	    0.143
5850.516	    0.155
5851.567	    0.155
5852.619	    0.156
5853.670	    0.149
5854.722	    0.152
5855.774	    0.142
5856.826	    0.125
5857.878	    0.140
5858.931	    0.133
5859.983	    0.132
5861.036	    0.129
5862.089	    0.131
5863.142	    0.154
5864.196	    0.157
5865.249	    0.140
5866.303	    0.124
5867.357	    0.114
5868.411	    0.097
5869.466	    0.111
5870.520	    0.133
5871.575	    0.119
5872.630	    0.115
5873.685	    0.140
5874.740	    0.152
5875.796	    0.146
5876.851	    0.123
5877.907	    0.098
5878.963	    0.106
5880.019	    0.077
5881.076	    0.081
5882.133	    0.121
5883.189	    0.117
5884.246	    0.116
5885.304	    0.119
5886.361	    0.120
5887.419	    0.125
5888.476	    0.155
5889.534	    0.170
5890.592	    0.153
5891.651	    0.129
5892.709	    0.131
5893.768	    0.144
5894.827	    0.155
5895.886	    0.158
5896.945	    0.138
5898.005	    0.107
5899.064	    0.113
5900.124	    0.094
5901.184	    0.085
5902.245	    0.103
5903.305	    0.114
5904.366	    0.107
5905.426	    0.111
5906.487	    0.104
5907.549	    0.088
5908.610	    0.115
5909.671	    0.123
5910.733	    0.117
5911.795	    0.124
5912.857	    0.119
5913.920	    0.133
5914.982	    0.132
5916.045	    0.107
5917.108	    0.097
5918.171	    0.123
5919.234	    0.127
5920.298	    0.132
5921.361	    0.119
5922.425	    0.117
5923.489	    0.055
5924.554	    0.104
5925.618	    0.080
5926.683	    0.068
5927.747	    0.078
5928.812	    0.080
5929.878	    0.022
5967.280	    0.052
5968.353	    0.056
5969.425	    0.096
5970.497	    0.055
5971.570	    0.084
5972.643	    0.065
5973.716	    0.079
5974.789	    0.062
5975.863	    0.039
5976.936	    0.078
5978.010	    0.045
5979.084	    0.072
5980.158	    0.111
5981.233	    0.086
5982.308	    0.052
5983.382	    0.070
5984.457	    0.063
5985.533	    0.022
5986.608	    0.041
5987.684	    0.084
5988.759	    0.052
5989.835	    0.062
5990.911	    0.026
5991.988	    0.032
5993.064	    0.068
5994.141	    0.018
5995.218	    0.022
5996.295	    0.018
5997.372	    0.034
5998.450	    0.013
5999.528	    0.056
6000.606	    0.034
6001.684	    0.063
6002.762	    0.034
6003.840	    0.026
6004.919	    0.067
6005.998	    0.065
6007.077	    0.047
6008.156	    0.053
6009.236	    0.072
6010.315	    0.022
6011.395	    0.056
6012.475	    0.013
6013.556	    0.039
6014.636	    0.026
6015.717	    0.052
6016.797	    0.053
6017.878	    0.026
6018.960	    0.053
6020.041	    0.043
6021.123	    0.022
6022.204	    0.059
6023.286	    0.081
6024.369	    0.084
6025.451	    0.071
6026.534	    0.047
6027.616	    0.043
6028.699	    0.039
6029.782	    0.039
6030.866	    0.047
6031.949	    0.018
6033.033	    0.045
6034.117	    0.032
6035.201	    0.026
6036.285	    0.041
6037.370	    0.047
6038.455	    0.061
6039.539	    0.037
6040.625	    0.041
6041.710	    0.022
6042.795	    0.087
6043.881	    0.087
6044.967	    0.039
6046.053	    0.072
6047.139	    0.045
6048.226	    0.052
6049.312	    0.062
6050.399	    0.081
6055.836	    0.056
6056.924	    0.097
6058.013	    0.045
6059.101	    0.034
6060.190	    0.034
6061.278	    0.037
6062.367	    0.055
6063.457	    0.055
6064.546	    0.022
6065.636	    0.082
6066.725	    0.061
6067.815	    0.013
6068.906	    0.013
6069.996	    0.018
6071.086	    0.026
6072.177	    0.079
6073.268	    0.045
6074.359	    0.077
6075.451	    0.067
6076.542	    0.039
6077.634	    0.039
6078.726	    0.066
6079.818	    0.018
6080.910	    0.074
6082.003	    0.041
6083.096	    0.067
6084.189	    0.107
6085.282	    0.074
6086.375	    0.099
6087.468	    0.101
6088.562	    0.130
6089.656	    0.128
6090.750	    0.110
6091.844	    0.123
6092.939	    0.121
6094.034	    0.136
6095.129	    0.118
6096.224	    0.117
6097.319	    0.091
6098.414	    0.071
6099.510	    0.100
6100.606	    0.087
6101.702	    0.071
6102.798	    0.088
6103.895	    0.077
6104.991	    0.080
6106.088	    0.078
6107.185	    0.063
6108.282	    0.047
6109.380	    0.050
6110.478	    0.047
6111.575	    0.099
6112.673	    0.097
6113.772	    0.102
6114.870	    0.157
6115.969	    0.138
6117.068	    0.125
6118.167	    0.124
6119.266	    0.143
6120.365	    0.096
6121.465	    0.066
6122.565	    0.149
6123.665	    0.197
6124.765	    0.190
6125.865	    0.181
6126.966	    0.172
6128.067	    0.162
6129.168	    0.151
6130.269	    0.140
6131.370	    0.127
6132.472	    0.113
6133.574	    0.097
6134.676	    0.078
6135.778	    0.048
6136.880	    0.032
6137.983	    0.067
6139.086	    0.089
6140.189	    0.107
6141.292	    0.121
6142.395	    0.135
6143.499	    0.147
6144.602	    0.159
6145.706	    0.170
6146.811	    0.162
6147.915	    0.147
6149.020	    0.126
6150.124	    0.115
6151.229	    0.132
6152.334	    0.143
6153.440	    0.140
6154.545	    0.131
6155.651	    0.133
6156.757	    0.146
6157.863	    0.149
6167.828	    0.105
6168.936	    0.129
6170.044	    0.165
6171.153	    0.142
6172.261	    0.143
6173.370	    0.154
6174.479	    0.146
6175.589	    0.150
6176.698	    0.136
6177.808	    0.129
6178.918	    0.125
6180.028	    0.126
6181.138	    0.143
6182.249	    0.138
6183.360	    0.109
6184.471	    0.116
6185.582	    0.116
6186.693	    0.149
6187.805	    0.170
6188.916	    0.163
6190.028	    0.141
6191.140	    0.156
6192.253	    0.133
6193.365	    0.150
6194.478	    0.143
6195.591	    0.108
6196.704	    0.110
6197.817	    0.131
6198.931	    0.140
6200.045	    0.142
6201.159	    0.151
6202.273	    0.125
6203.387	    0.152
6204.502	    0.147
6205.616	    0.134
6206.731	    0.151
6207.846	    0.142
6208.962	    0.154
6210.077	    0.143
6211.193	    0.166
6212.309	    0.154
6213.425	    0.140
6214.541	    0.151
6215.658	    0.138
6216.775	    0.134
6217.892	    0.134
6219.009	    0.136
6220.126	    0.142
6221.244	    0.121
6222.361	    0.113
6223.479	    0.132
6224.597	    0.091
6225.716	    0.087
6226.834	    0.136
6227.953	    0.131
6229.072	    0.089
6230.191	    0.107
6231.310	    0.121
6232.430	    0.133
6233.550	    0.151
6234.670	    0.116
6235.790	    0.127
6236.910	    0.135
6238.031	    0.137
6239.152	    0.149
6240.272	    0.165
6241.394	    0.152
6242.515	    0.156
6243.637	    0.125
6244.758	    0.153
6245.880	    0.163
6247.002	    0.145
6248.125	    0.144
6249.247	    0.139
6250.370	    0.124
6251.493	    0.103
6252.616	    0.121
6253.740	    0.119
6254.863	    0.123
6255.987	    0.123
6257.111	    0.123
6258.235	    0.123
6259.360	    0.123
6260.484	    0.123
6261.609	    0.122
6262.734	    0.122
6263.859	    0.122
6264.985	    0.122
6266.110	    0.122
6267.236	    0.121
6268.362	    0.121
6269.488	    0.121
6270.615	    0.121
6271.741	    0.121
6272.868	    0.121
6273.995	    0.121
6275.122	    0.122
6276.250	    0.122
6277.377	    0.122
6278.505	    0.122
6279.633	    0.122
6280.761	    0.122
6281.890	    0.122
6283.018	    0.122
6284.147	    0.122
6285.276	    0.122
6286.406	    0.123
6287.535	    0.123
6288.665	    0.123
6289.795	    0.123
6290.925	    0.123
6292.055	    0.123
6293.185	    0.123
6294.316	    0.123
6295.447	    0.123
6296.578	    0.123
6297.709	    0.123
6298.841	    0.123
6299.972	    0.123
6301.104	    0.144
6302.236	    0.161
6303.369	    0.133
6304.501	    0.127
6305.634	    0.107
6306.767	    0.146
6307.900	    0.152
6309.033	    0.150
6310.167	    0.168
6311.300	    0.210
6312.434	    0.220
6313.568	    0.196
6314.703	    0.157
6315.837	    0.137
6316.972	    0.161
6318.107	    0.140
6319.242	    0.159
6320.377	    0.158
6321.513	    0.160
6322.649	    0.164
6323.785	    0.157
6324.921	    0.172
6326.057	    0.156
6327.194	    0.167
6328.331	    0.166
6329.468	    0.172
6330.605	    0.163
6331.742	    0.139
6332.880	    0.139
6334.017	    0.138
6335.155	    0.152
6336.294	    0.147
6337.432	    0.145
6338.571	    0.142
6339.710	    0.137
6340.849	    0.136
6341.988	    0.116
6343.127	    0.090
6344.267	    0.073
6345.407	    0.073
6346.547	    0.098
6347.687	    0.106
6348.827	    0.117
6349.968	    0.143
6351.109	    0.152
6352.250	    0.155
6353.391	    0.154
6354.533	    0.132
6355.674	    0.118
6356.816	    0.136
6357.958	    0.176
6359.101	    0.231
6360.243	    0.284
6361.386	    0.316
6362.529	    0.315
6363.672	    0.259
6364.815	    0.199
6365.959	    0.168
6367.103	    0.139
6368.247	    0.113
6369.391	    0.126
6370.535	    0.145
6371.680	    0.144
6372.824	    0.142
6373.969	    0.146
6375.115	    0.130
6376.260	    0.142
6377.406	    0.131
6378.551	    0.127
6379.697	    0.114
6380.844	    0.114
6381.990	    0.127
6383.137	    0.145
6384.283	    0.123
6385.430	    0.135
6386.578	    0.162
6387.725	    0.167
6388.873	    0.146
6390.021	    0.142
6391.169	    0.165
6392.317	    0.175
6393.465	    0.183
6394.614	    0.167
6395.763	    0.150
6396.912	    0.151
6398.061	    0.143
6399.211	    0.133
6400.361	    0.134
6401.511	    0.133
6402.661	    0.111
6403.811	    0.103
6404.962	    0.147
6406.112	    0.135
6407.263	    0.117
6408.414	    0.123
6409.566	    0.138
6410.717	    0.136
6411.869	    0.149
6413.021	    0.154
6414.173	    0.150
6415.326	    0.142
6416.478	    0.132
6417.631	    0.121
6418.784	    0.125
6419.937	    0.135
6421.091	    0.141
6422.245	    0.132
6423.398	    0.135
6424.552	    0.161
6425.707	    0.174
6426.861	    0.179
6428.016	    0.173
6429.171	    0.140
6430.326	    0.111
6431.481	    0.121
6432.637	    0.128
6433.792	    0.125
6434.948	    0.124
6436.104	    0.139
6437.261	    0.133
6438.417	    0.098
6439.574	    0.106
6440.731	    0.125
6441.888	    0.123
6443.046	    0.115
6444.203	    0.106
6445.361	    0.110
6446.519	    0.112
6447.677	    0.121
6448.836	    0.133
6449.994	    0.132
6451.153	    0.121
6452.312	    0.116
6453.471	    0.087
6454.631	    0.084
6455.791	    0.092
6456.950	    0.099
6458.111	    0.078
6459.271	    0.103
6460.431	    0.086
6461.592	    0.059
6462.753	    0.048
6463.914	    0.083
6465.075	    0.113
6466.237	    0.102
6467.399	    0.047
6468.561	    0.053
6469.723	    0.081
6470.885	    0.111
6472.048	    0.106
6473.211	    0.061
6474.374	    0.029
6475.537	    0.071
6476.700	    0.055
6477.864	    0.037
6479.028	    0.013
6480.192	    0.013
6481.356	    0.078
6482.521	    0.058
6483.685	    0.047
6484.850	    0.091
6486.015	    0.103
6487.181	    0.098
6488.346	    0.115
6489.512	    0.105
6490.678	    0.129
6491.844	    0.087
6493.010	    0.032
6494.177	    0.065
6495.344	    0.071
6496.511	    0.059
6497.678	    0.118
6498.845	    0.116
6500.013	    0.086
6501.181	    0.078
6502.349	    0.084
6503.517	    0.093
6504.685	    0.088
6505.854	    0.067
6507.023	    0.085
6508.192	    0.096
6509.361	    0.091
6510.531	    0.037
6511.700	    0.067
6512.870	    0.075
6514.041	    0.059
6515.211	    0.058
6516.381	    0.075
6517.552	    0.080
6518.723	    0.079
6519.894	    0.082
6521.066	    0.082
6522.237	    0.078
6523.409	    0.059
6524.581	    0.075
6525.753	    0.068
6526.926	    0.026
6528.099	    0.058
6529.271	    0.056
6530.445	    0.114
6531.618	    0.103
6532.791	    0.091
6533.965	    0.091
6535.139	    0.067
6536.313	    0.087
6537.487	    0.074
6538.662	    0.090
6539.837	    0.106
6541.012	    0.081
6542.187	    0.059
6543.362	    0.048
6544.538	    0.048
6545.714	    0.039
6546.890	    0.053
6548.066	    0.061
6549.243	    0.022
6550.419	    0.029
6551.596	    0.096
6552.773	    0.043
6553.950	    0.080
6555.128	    0.066
6556.306	    0.043
6557.484	    0.086
6558.662	    0.105
6559.840	    0.146
6561.019	    0.127
6562.198	    0.053
6563.377	    0.053
6564.556	    0.065
6565.735	    0.143
6566.915	    0.147
6568.095	    0.143
6569.275	    0.139
6570.455	    0.134
6571.635	    0.130
6572.816	    0.125
6573.997	    0.120
6575.178	    0.115
6576.359	    0.110
6577.541	    0.104
6578.723	    0.099
6579.905	    0.091
6581.087	    0.085
6582.269	    0.077
6583.452	    0.068
6584.635	    0.059
6585.818	    0.048
6587.001	    0.029
6588.184	    0.018
6589.368	    0.059
6590.552	    0.106
6591.736	    0.126
6592.920	    0.125
6594.105	    0.094
6595.290	    0.063
6596.475	    0.071
6597.660	    0.091
6598.845	    0.082
6600.031	    0.077
6601.216	    0.094
6602.402	    0.105
6603.589	    0.127
6604.775	    0.161
6605.962	    0.165
6607.149	    0.194
6608.336	    0.300
6609.523	    0.455
6610.710	    0.597
6611.898	    0.663
6613.086	    0.604
6614.274	    0.406
6615.463	    0.263
6616.651	    0.205
6617.840	    0.182
6619.029	    0.184
6620.218	    0.200
6621.408	    0.281
6622.597	    0.468
6623.787	    0.858
6624.977	    1.337
6626.167	    1.660
6627.358	    1.672
6628.549	    1.283
6629.740	    0.779
6630.931	    0.440
6632.122	    0.300
6633.314	    0.232
6634.505	    0.193
6635.697	    0.204
6636.890	    0.200
6638.082	    0.184
6639.275	    0.187
6640.467	    0.199
6641.660	    0.235
6642.854	    0.307
6644.047	    0.488
6645.241	    0.776
6646.435	    1.060
6647.629	    1.153
6648.823	    1.027
6650.018	    0.741
6651.213	    0.458
6652.408	    0.293
6653.603	    0.241
6654.798	    0.208
6655.994	    0.171
6657.190	    0.154
6658.386	    0.146
6659.582	    0.133
6660.779	    0.139
6661.975	    0.144
6663.172	    0.152
6664.369	    0.142
6665.567	    0.155
6666.764	    0.169
6667.962	    0.170
6669.160	    0.167
6670.358	    0.154
6671.557	    0.158
6672.755	    0.134
6673.954	    0.150
6675.153	    0.160
6676.353	    0.155
6677.552	    0.144
6678.752	    0.140
6679.952	    0.149
6681.152	    0.157
6682.352	    0.143
6683.553	    0.139
6684.754	    0.159
6685.955	    0.139
6687.156	    0.147
6688.357	    0.149
6689.559	    0.140
6690.761	    0.134
6691.963	    0.131
6693.165	    0.122
6694.368	    0.107
6695.571	    0.090
6696.774	    0.043
6697.977	    0.061
6699.180	    0.113
6700.384	    0.133
6701.588	    0.094
6702.792	    0.079
6703.996	    0.097
6705.200	    0.071
6706.405	    0.110
6707.610	    0.134
6708.815	    0.116
6710.020	    0.094
6711.226	    0.085
6712.432	    0.091
6713.638	    0.090
6714.844	    0.077
6716.050	    0.099
6717.257	    0.104
6718.464	    0.107
6719.671	    0.103
6720.878	    0.109
6722.086	    0.098
6723.293	    0.100
6724.501	    0.109
6725.710	    0.112
6726.918	    0.107
6728.127	    0.078
6729.335	    0.083
6730.544	    0.109
6731.754	    0.107
6732.963	    0.105
6734.173	    0.107
6735.383	    0.119
6743.858	    0.170
6745.070	    0.150
6746.281	    0.105
6747.494	    0.082
6748.706	    0.099
6749.918	    0.101
6751.131	    0.078
6752.344	    0.099
6753.557	    0.111
6754.771	    0.114
6755.984	    0.144
6757.198	    0.126
6758.412	    0.089
6759.626	    0.107
6760.841	    0.073
6762.055	    0.087
6763.270	    0.050
6764.485	    0.078
6765.701	    0.092
6766.916	    0.112
6768.132	    0.104
6769.348	    0.099
6770.564	    0.072
6771.781	    0.059
6772.997	    0.079
6774.214	    0.094
6775.431	    0.121
6776.649	    0.143
6777.866	    0.238
6779.084	    0.404
6780.302	    0.582
6781.520	    0.682
6782.738	    0.640
6783.957	    0.484
6785.176	    0.310
6786.395	    0.191
6787.614	    0.136
6788.834	    0.133
6790.053	    0.109
6791.273	    0.123
6792.494	    0.228
6793.714	    0.387
6794.935	    0.532
6796.155	    0.598
6797.376	    0.550
6798.598	    0.383
6799.819	    0.248
6801.041	    0.161
6802.263	    0.111
6803.485	    0.106
6804.707	    0.101
6805.930	    0.083
6807.153	    0.091
6808.376	    0.058
6809.599	    0.034
6810.822	    0.056
6812.046	    0.100
6813.270	    0.096
6814.494	    0.073
6815.718	    0.039
6816.943	    0.058
6818.168	    0.018
6819.392	    0.037
6820.618	    0.034
6821.843	    0.059
6823.069	    0.096
6824.295	    0.063
6825.521	    0.090
6826.747	    0.096
6827.974	    0.103
6829.200	    0.101
6830.427	    0.136
6831.654	    0.113
6832.882	    0.083
6834.109	    0.061
6835.337	    0.070
6836.565	    0.067
6837.794	    0.034
6839.022	    0.013
6840.251	    0.065
6841.480	    0.103
6842.709	    0.125
6843.938	    0.113
6845.168	    0.108
6846.398	    0.094
6847.628	    0.095
6848.858	    0.061
6850.089	    0.013
6851.319	    0.053
6852.550	    0.056
6853.782	    0.074
6855.013	    0.043
6856.245	    0.063
6857.476	    0.061
6858.708	    0.053
6859.941	    0.067
6861.173	    0.080
6862.406	    0.090
6863.639	    0.083
6864.872	    0.041
6866.105	    0.135
6867.339	    0.205
6868.573	    0.236
6869.807	    0.241
6871.041	    0.246
6872.276	    0.234
6873.510	    0.226
6874.745	    0.194
6875.980	    0.166
6877.216	    0.176
6878.451	    0.129
6879.687	    0.117
6880.923	    0.079
6882.159	    0.088
6883.396	    0.107
6884.633	    0.121
6885.870	    0.135
6887.107	    0.139
6888.344	    0.136
6889.582	    0.135
6890.820	    0.159
6892.058	    0.157
6893.296	    0.156
6894.534	    0.157
6895.773	    0.154
6897.012	    0.156
6898.251	    0.113
6899.490	    0.115
6900.730	    0.121
6901.970	    0.100
6903.210	    0.104
6904.450	    0.133
6905.691	    0.140
6906.931	    0.142
6908.172	    0.126
6909.413	    0.117
6910.655	    0.107
6911.896	    0.080
6913.138	    0.066
6914.380	    0.100
6915.623	    0.091
6916.865	    0.085
6918.108	    0.053
6919.351	    0.034
6920.594	    0.058
6921.837	    0.061
6923.081	    0.079
6924.325	    0.108
6925.569	    0.108
6926.813	    0.109
6928.058	    0.111
6929.302	    0.104
6930.547	    0.091
6931.792	    0.074
6933.038	    0.047
6934.284	    0.026
6935.529	    0.090
6936.775	    0.048
6938.022	    0.043
6939.268	    0.034
6940.515	    0.018
6941.762	    0.077
6943.009	    0.102
6944.257	    0.099
6945.504	    0.081
6946.752	    0.070
6948.000	    0.088
6949.248	    0.062
6950.497	    0.050
6951.746	    0.029
6952.995	    0.065
6954.244	    0.079
6955.493	    0.071
6956.743	    0.037
6957.993	    0.032
6959.243	    0.013
6960.493	    0.029
6961.744	    0.068
6962.995	    0.043
6964.246	    0.059
6965.497	    0.058
6966.748	    0.068
6968.000	    0.083
6969.252	    0.062
6970.504	    0.048
6971.756	    0.075
6973.009	    0.026
6974.262	    0.050
6975.515	    0.059
6976.768	    0.055
6978.022	    0.013
6979.275	    0.048
6980.529	    0.018
6981.783	    0.072
6983.038	    0.072
6984.292	    0.018
6985.547	    0.041
6986.802	    0.063
6988.058	    0.093
6989.313	    0.075
6990.569	    0.086
6991.825	    0.075
6993.081	    0.092
6994.337	    0.119
6995.594	    0.117
6996.851	    0.082
6998.108	    0.066
6999.365	    0.087
7000.623	    0.065
7001.881	    0.081
7003.139	    0.083
7004.397	    0.080
7005.655	    0.103
7006.914	    0.096
7008.173	    0.050
7009.432	    0.068
7010.691	    0.111
7011.951	    0.109
7013.211	    0.070
7014.471	    0.032
7015.731	    0.093
7016.991	    0.093
7018.252	    0.052
7019.513	    0.026
7020.774	    0.026
7022.036	    0.013
7023.297	    0.056
7024.559	    0.091
7025.821	    0.075
7027.083	    0.075
7028.346	    0.071
7029.609	    0.037
7030.872	    0.041
7032.135	    0.041
7033.398	    0.041
7034.662	    0.071
7035.926	    0.041
7037.190	    0.039
7038.454	    0.061
7039.719	    0.085
7040.984	    0.053
7042.249	    0.013
7043.514	    0.052
7044.779	    0.034
7046.045	    0.047
7047.311	    0.043
7048.577	    0.086
7049.844	    0.059
7051.110	    0.055
7052.377	    0.083
7053.644	    0.091
7054.911	    0.136
7056.179	    0.075
7057.447	    0.047
7058.715	    0.043
7059.983	    0.037
7061.251	    0.063
7062.520	    0.041
7063.789	    0.043
7065.058	    0.079
7066.327	    0.070
7067.597	    0.013
7068.867	    0.048
7070.137	    0.048
7071.407	    0.029
7072.677	    0.053
7073.948	    0.075
7075.219	    0.050
7076.490	    0.052
7077.762	    0.079
7079.033	    0.077
7080.305	    0.075
7081.577	    0.061
7082.850	    0.056
7084.122	    0.074
7085.395	    0.090
7086.668	    0.067
7087.941	    0.068
7089.214	    0.048
7090.488	    0.052
7091.762	    0.067
7093.036	    0.103
7094.311	    0.094
7095.585	    0.052
7096.860	    0.052
7098.135	    0.085
7099.410	    0.091
7100.686	    0.043
7101.962	    0.063
7103.238	    0.053
7104.514	    0.073
7105.790	    0.062
7107.067	    0.089
7108.344	    0.037
7109.621	    0.013
7110.898	    0.077
7112.176	    0.045
7113.454	    0.077
7114.732	    0.043
7116.010	    0.089
7117.288	    0.093
7118.567	    0.099
7119.846	    0.087
7121.125	    0.048
7122.405	    0.078
7123.684	    0.111
7124.964	    0.065
7126.244	    0.082
7127.525	    0.112
7128.805	    0.095
7130.086	    0.071
7131.367	    0.074
7132.648	    0.091
7133.930	    0.083
7135.212	    0.102
7136.494	    0.140
7137.776	    0.138
7139.058	    0.103
7140.341	    0.075
7141.624	    0.078
7142.907	    0.090
7144.190	    0.111
7145.474	    0.085
7146.757	    0.026
7148.041	    0.043
7149.326	    0.077
7150.610	    0.079
7151.895	    0.117
7153.180	    0.108
7154.465	    0.093
7155.750	    0.090
7157.036	    0.097
7158.322	    0.117
7159.608	    0.122
7160.894	    0.105
7162.181	    0.119
7163.468	    0.119
7164.755	    0.135
7166.042	    0.154
7167.329	    0.163
7168.617	    0.161
7169.905	    0.149
7171.193	    0.172
7172.482	    0.157
7173.770	    0.162
7175.059	    0.166
7176.348	    0.180
7177.638	    0.177
7178.927	    0.150
7180.217	    0.155
7181.507	    0.186
7182.797	    0.199
7184.088	    0.216
7185.379	    0.231
7186.670	    0.209
7187.961	    0.173
7189.252	    0.159
7190.544	    0.188
7191.836	    0.200
7193.128	    0.187
7194.420	    0.173
7195.713	    0.164
7197.006	    0.177
7198.299	    0.198
7199.592	    0.209
7200.885	    0.201
7202.179	    0.186
7203.473	    0.150
7204.767	    0.156
7206.062	    0.149
7207.356	    0.136
7208.651	    0.140
7209.947	    0.127
7211.242	    0.120
7212.538	    0.125
7213.833	    0.126
7215.129	    0.140
7216.426	    0.129
7217.722	    0.133
7219.019	    0.151
7220.316	    0.123
7221.613	    0.133
7222.911	    0.135
7224.208	    0.135
7225.506	    0.136
7226.805	    0.107
7228.103	    0.116
7229.402	    0.138
7230.700	    0.147
7232.000	    0.187
7233.299	    0.213
7234.599	    0.209
7235.898	    0.163
7237.198	    0.103
7238.499	    0.125
7239.799	    0.169
7241.100	    0.158
7242.401	    0.140
7243.702	    0.150
7245.003	    0.169
7246.305	    0.158
7247.607	    0.143
7248.909	    0.163
7250.212	    0.192
7251.514	    0.205
7252.817	    0.184
7254.120	    0.154
7255.423	    0.134
7256.727	    0.157
7258.031	    0.173
7259.335	    0.163
7260.639	    0.154
7261.943	    0.164
7263.248	    0.182
7264.553	    0.199
7265.858	    0.160
7267.164	    0.138
7268.469	    0.164
7269.775	    0.171
7271.081	    0.175
7272.388	    0.183
7273.694	    0.125
7275.001	    0.159
7276.308	    0.182
7277.616	    0.211
7278.923	    0.171
7280.231	    0.131
7281.539	    0.111
7282.847	    0.115
7284.156	    0.105
7285.464	    0.154
7286.773	    0.168
7288.082	    0.187
7289.392	    0.187
7290.701	    0.182
7292.011	    0.186
7293.321	    0.170
7294.632	    0.152
7295.942	    0.145
7297.253	    0.139
7298.564	    0.146
7299.876	    0.151
7301.187	    0.158
7302.499	    0.160
7303.811	    0.161
7305.123	    0.133
7306.436	    0.125
7307.748	    0.147
7309.061	    0.163
7310.374	    0.146
7311.688	    0.140
7313.002	    0.138
7314.315	    0.131
7315.630	    0.174
7316.944	    0.164
7318.259	    0.168
7319.573	    0.133
7320.888	    0.129
7322.204	    0.149
7323.519	    0.137
7324.835	    0.142
7326.151	    0.121
7327.467	    0.095
7328.784	    0.111
7330.101	    0.125
