wlen 	 newgal_spectrum 
  4176.646 	      0.026
  4177.397 	      0.023
  4178.147 	      0.019
  4178.898 	      0.015
  4179.649 	      0.005
  4180.400 	     -0.004
  4181.151 	     -0.014
  4181.902 	     -0.026
  4182.653 	     -0.040
  4183.405 	     -0.050
  4184.157 	     -0.060
  4184.908 	     -0.072
  4185.660 	     -0.090
  4186.412 	     -0.101
  4187.164 	     -0.115
  4187.917 	     -0.133
  4188.669 	     -0.058
  4189.422 	     -0.052
  4190.174 	     -0.046
  4190.927 	     -0.026
  4191.680 	      0.005
  4192.433 	     -0.003
  4193.186 	     -0.004
  4193.940 	      0.021
  4194.693 	      0.007
  4195.447 	     -0.021
  4196.201 	     -0.031
  4196.955 	      0.011
  4197.709 	     -0.015
  4198.463 	      0.033
  4199.217 	      0.067
  4199.972 	      0.033
  4200.726 	     -0.043
  4201.481 	     -0.050
  4202.236 	     -0.030
  4202.991 	      0.031
  4203.746 	      0.088
  4204.501 	      0.047
  4205.257 	     -0.002
  4206.012 	     -0.027
  4206.768 	      0.066
  4207.524 	      0.040
  4208.280 	     -0.001
  4209.036 	     -0.030
  4209.792 	      0.036
  4210.548 	      0.029
  4211.305 	      0.022
  4212.061 	      0.044
  4212.818 	      0.066
  4213.575 	      0.020
  4214.332 	     -0.026
  4215.089 	     -0.047
  4215.846 	     -0.038
  4216.604 	     -0.008
  4217.361 	      0.018
  4218.119 	      0.028
  4218.877 	      0.021
  4219.635 	      0.003
  4220.393 	     -0.013
  4221.151 	     -0.022
  4221.910 	      0.008
  4222.668 	      0.024
  4223.427 	      0.004
  4224.186 	     -0.078
  4224.945 	     -0.025
  4225.704 	      0.009
  4226.463 	      0.011
  4227.222 	     -0.032
  4227.982 	      0.006
  4228.741 	      0.048
  4229.501 	      0.049
  4230.261 	     -0.002
  4231.021 	      0.125
  4231.781 	      0.052
  4232.542 	      0.024
  4233.302 	      0.051
  4234.063 	      0.035
  4234.823 	      0.060
  4235.584 	      0.028
  4236.345 	     -0.053
  4237.106 	     -0.079
  4237.868 	      0.058
  4238.629 	      0.076
  4239.390 	      0.015
  4240.152 	     -0.007
  4240.914 	      0.001
  4241.676 	     -0.027
  4242.438 	     -0.067
  4243.200 	     -0.051
  4243.963 	     -0.013
  4244.725 	      0.019
  4245.488 	      0.044
  4246.250 	      0.041
  4247.013 	     -0.002
  4247.776 	     -0.007
  4248.540 	      0.002
  4249.303 	      0.022
  4250.066 	      0.003
  4250.830 	      0.021
  4251.594 	      0.032
  4252.357 	      0.006
  4253.121 	      0.023
  4253.886 	      0.088
  4254.650 	      0.086
  4255.414 	     -0.047
  4256.179 	     -0.007
  4256.944 	      0.040
  4257.708 	      0.049
  4258.473 	      0.012
  4259.238 	      0.078
  4260.004 	      0.039
  4260.769 	      0.011
  4261.535 	     -0.004
  4262.300 	      0.015
  4263.066 	     -0.035
  4263.832 	     -0.007
  4264.598 	      0.057
  4265.364 	      0.062
  4266.130 	      0.090
  4266.897 	      0.082
  4267.664 	      0.053
  4268.430 	     -0.005
  4269.197 	     -0.101
  4269.964 	     -0.076
  4270.731 	     -0.014
  4271.499 	      0.079
  4272.266 	      0.120
  4273.034 	      0.076
  4273.801 	      0.025
  4274.569 	     -0.020
  4275.337 	     -0.054
  4276.105 	     -0.033
  4276.874 	      0.006
  4277.642 	      0.055
  4278.411 	      0.021
  4279.179 	     -0.004
  4279.948 	      0.016
  4280.717 	      0.063
  4281.486 	      0.116
  4282.255 	      0.102
  4283.025 	      0.108
  4283.794 	      0.112
  4284.564 	      0.084
  4285.334 	      0.078
  4286.104 	      0.083
  4286.874 	      0.080
  4287.644 	      0.060
  4288.414 	      0.048
  4289.185 	      0.095
  4289.955 	      0.098
  4290.726 	      0.050
  4291.497 	      0.026
  4292.268 	      0.017
  4293.039 	     -0.006
  4293.811 	     -0.025
  4294.582 	      0.046
  4295.354 	      0.107
  4296.125 	      0.064
  4296.897 	      0.013
  4297.669 	      0.047
  4298.441 	      0.005
  4299.214 	      0.074
  4299.986 	      0.088
  4300.759 	     -0.013
  4301.531 	      0.069
  4302.304 	      0.076
  4303.077 	      0.080
  4303.850 	      0.078
  4304.623 	      0.007
  4305.397 	      0.053
  4306.170 	      0.062
  4306.944 	      0.061
  4307.718 	      0.092
  4308.492 	      0.030
  4309.266 	      0.050
  4310.040 	      0.058
  4310.814 	      0.015
  4311.589 	     -0.015
  4312.364 	      0.001
  4313.138 	      0.014
  4313.913 	      0.016
  4314.688 	     -0.039
  4315.464 	     -0.038
  4316.239 	     -0.028
  4317.014 	     -0.004
  4317.790 	      0.059
  4318.566 	      0.058
  4319.342 	      0.072
  4320.118 	      0.092
  4320.894 	      0.117
  4321.670 	      0.126
  4322.447 	      0.071
  4323.223 	      0.051
  4324.000 	      0.066
  4324.777 	      0.111
  4325.554 	      0.061
  4326.331 	      0.026
  4327.108 	      0.011
  4327.886 	      0.042
  4328.663 	      0.105
  4329.441 	      0.077
  4330.219 	      0.036
  4330.997 	     -0.005
  4331.775 	      0.022
  4332.553 	      0.022
  4333.332 	      0.050
  4334.110 	      0.090
  4334.889 	      0.108
  4335.668 	      0.148
  4336.447 	      0.161
  4337.226 	      0.169
  4338.005 	      0.177
  4338.784 	      0.015
  4339.564 	      0.083
  4340.344 	      0.070
  4341.123 	     -0.012
  4341.903 	      0.013
  4342.683 	      0.053
  4343.464 	      0.065
  4344.244 	      0.047
  4345.024 	     -0.022
  4345.805 	      0.035
  4346.586 	     -0.004
  4347.367 	     -0.033
  4348.148 	     -0.038
  4348.929 	     -0.053
  4349.710 	     -0.035
  4350.492 	     -0.010
  4351.274 	      0.030
  4352.055 	      0.109
  4352.837 	      0.048
  4353.619 	      0.026
  4354.402 	      0.006
  4355.184 	     -0.014
  4355.966 	     -0.002
  4356.749 	      0.042
  4357.532 	      0.064
  4358.315 	      0.072
  4359.098 	      0.076
  4359.881 	      0.130
  4360.664 	      0.141
  4361.448 	      0.139
  4362.231 	      0.128
  4363.015 	      0.122
  4363.799 	      0.053
  4364.583 	      0.094
  4365.367 	      0.147
  4366.151 	      0.043
  4366.936 	      0.051
  4367.720 	      0.042
  4368.505 	      0.041
  4369.290 	      0.052
  4370.075 	      0.016
  4370.860 	      0.087
  4371.645 	      0.103
  4372.431 	      0.085
  4373.216 	      0.042
  4374.002 	      0.042
  4374.788 	      0.103
  4375.574 	      0.135
  4376.360 	      0.123
  4377.146 	      0.039
  4377.933 	      0.074
  4378.719 	      0.045
  4379.506 	      0.026
  4386.593 	      0.173
  4387.381 	      0.198
  4388.169 	      0.159
  4388.958 	      0.150
  4389.746 	      0.120
  4390.535 	      0.087
  4391.324 	      0.099
  4392.113 	      0.087
  4392.902 	      0.055
  4393.691 	      0.053
  4394.480 	      0.092
  4395.270 	      0.154
  4396.059 	      0.143
  4396.849 	      0.121
  4397.639 	      0.096
  4398.429 	      0.075
  4399.220 	      0.205
  4400.010 	      0.134
  4400.801 	      0.101
  4401.591 	      0.098
  4402.382 	      0.059
  4403.173 	      0.136
  4403.964 	      0.151
  4404.755 	      0.162
  4405.547 	      0.180
  4406.338 	      0.149
  4407.130 	      0.159
  4407.922 	      0.184
  4408.714 	      0.211
  4409.506 	      0.228
  4410.298 	      0.162
  4411.090 	      0.078
  4411.883 	      0.091
  4412.675 	      0.148
  4413.468 	      0.068
  4414.261 	      0.134
  4415.054 	      0.089
  4415.848 	      0.037
  4416.641 	      0.010
  4417.434 	      0.044
  4418.228 	      0.048
  4419.022 	      0.073
  4419.816 	      0.096
  4420.610 	      0.103
  4421.404 	      0.079
  4422.199 	      0.105
  4422.993 	      0.080
  4423.788 	      0.056
  4424.583 	      0.139
  4425.377 	      0.140
  4426.173 	      0.125
  4426.968 	      0.072
  4427.763 	      0.002
  4434.928 	     -0.035
  4435.725 	      0.012
  4436.522 	      0.019
  4437.319 	      0.029
  4438.116 	      0.042
  4438.913 	      0.041
  4439.711 	     -0.005
  4440.509 	      0.030
  4441.306 	      0.013
  4442.104 	      0.015
  4442.902 	      0.026
  4443.701 	      0.009
  4444.499 	     -0.024
  4445.298 	      0.014
  4446.096 	      0.066
  4446.895 	      0.105
  4447.694 	      0.031
  4448.493 	      0.013
  4449.292 	      0.005
  4450.092 	     -0.008
  4450.891 	     -0.023
  4451.691 	      0.042
  4452.491 	     -0.016
  4453.291 	     -0.019
  4454.091 	     -0.009
  4454.891 	     -0.007
  4455.691 	      0.010
  4456.492 	      0.002
  4457.293 	      0.016
  4458.093 	      0.026
  4458.894 	      0.016
  4459.695 	      0.006
  4460.497 	      0.028
  4461.298 	      0.028
  4462.100 	      0.006
  4462.901 	     -0.037
  4463.703 	     -0.028
  4464.505 	     -0.004
  4465.307 	     -0.007
  4466.109 	     -0.015
  4466.912 	      0.005
  4467.714 	     -0.037
  4468.517 	     -0.014
  4469.320 	     -0.018
  4470.123 	     -0.044
  4470.926 	     -0.074
  4471.729 	     -0.070
  4472.533 	     -0.068
  4473.336 	     -0.065
  4474.140 	     -0.062
  4474.944 	     -0.059
  4475.748 	     -0.055
  4476.552 	     -0.053
  4477.356 	     -0.050
  4478.161 	     -0.047
  4478.965 	     -0.044
  4479.770 	     -0.041
  4480.575 	     -0.038
  4481.380 	     -0.036
  4482.185 	     -0.033
  4482.990 	     -0.030
  4483.796 	     -0.027
  4484.601 	     -0.024
  4485.407 	     -0.021
  4486.213 	     -0.019
  4487.019 	     -0.016
  4487.825 	     -0.012
  4488.631 	     -0.009
  4489.438 	     -0.006
  4490.244 	     -0.004
  4491.051 	     -0.000
  4491.858 	      0.004
  4492.665 	      0.007
  4493.472 	      0.010
  4494.280 	      0.013
  4495.087 	      0.017
  4495.895 	      0.021
  4496.702 	      0.024
  4497.510 	      0.010
  4498.318 	     -0.037
  4499.127 	     -0.156
  4499.935 	     -0.024
  4500.743 	      0.019
  4501.552 	     -0.002
  4502.361 	     -0.049
  4503.170 	     -0.063
  4503.979 	     -0.072
  4504.788 	     -0.023
  4505.597 	      0.010
  4506.407 	      0.016
  4507.216 	     -0.012
  4508.026 	     -0.039
  4508.836 	     -0.015
  4509.646 	      0.002
  4510.456 	      0.002
  4511.267 	     -0.022
  4512.077 	      0.007
  4512.888 	     -0.024
  4513.699 	     -0.043
  4514.510 	     -0.046
  4515.321 	     -0.028
  4516.132 	      0.017
  4516.943 	      0.045
  4517.755 	      0.056
  4518.567 	      0.058
  4519.379 	      0.054
  4520.191 	      0.059
  4521.003 	      0.060
  4521.815 	      0.041
  4522.627 	      0.012
  4523.440 	     -0.025
  4524.253 	     -0.087
  4525.065 	     -0.077
  4525.878 	     -0.070
  4526.692 	     -0.060
  4527.505 	     -0.035
  4528.318 	      0.034
  4529.132 	      0.024
  4529.946 	      0.019
  4530.759 	      0.021
  4531.573 	      0.018
  4532.388 	     -0.010
  4533.202 	      0.024
  4534.016 	     -0.000
  4534.831 	     -0.019
  4535.646 	     -0.017
  4536.461 	      0.011
  4537.276 	     -0.041
  4538.091 	     -0.027
  4538.906 	     -0.052
  4539.722 	     -0.067
  4540.537 	     -0.047
  4541.353 	      0.005
  4542.169 	     -0.004
  4542.985 	      0.010
  4543.801 	      0.021
  4544.618 	      0.014
  4545.434 	     -0.033
  4546.251 	     -0.005
  4547.068 	      0.009
  4547.885 	      0.036
  4548.702 	      0.071
  4549.519 	      0.100
  4550.336 	      0.087
  4551.154 	      0.048
  4551.972 	     -0.011
  4552.789 	     -0.041
  4553.607 	     -0.007
  4554.425 	      0.061
  4555.244 	      0.050
  4556.062 	      0.014
  4556.881 	     -0.006
  4557.699 	     -0.002
  4558.518 	     -0.011
  4559.337 	     -0.003
  4560.156 	     -0.013
  4560.976 	     -0.031
  4561.795 	     -0.049
  4562.615 	     -0.053
  4563.435 	     -0.045
  4564.254 	     -0.022
  4565.074 	     -0.008
  4565.895 	     -0.005
  4566.715 	     -0.016
  4567.535 	     -0.037
  4568.356 	     -0.053
  4569.177 	     -0.064
  4569.998 	     -0.080
  4570.819 	     -0.093
  4571.640 	     -0.079
  4572.461 	     -0.098
  4573.283 	     -0.069
  4574.105 	     -0.076
  4574.926 	     -0.075
  4575.748 	     -0.021
  4576.570 	     -0.014
  4577.393 	     -0.060
  4578.215 	     -0.056
  4579.038 	     -0.043
  4579.860 	     -0.029
  4580.683 	      0.009
  4581.506 	      0.009
  4582.329 	      0.022
  4583.153 	     -0.004
  4583.976 	     -0.040
  4584.800 	     -0.045
  4585.623 	      0.033
  4586.447 	     -0.001
  4587.271 	     -0.072
  4588.095 	     -0.096
  4588.920 	     -0.063
  4589.744 	     -0.074
  4590.569 	     -0.048
  4591.394 	     -0.034
  4592.219 	     -0.020
  4593.044 	     -0.012
  4593.869 	     -0.021
  4594.694 	     -0.029
  4595.520 	     -0.034
  4596.345 	     -0.048
  4597.171 	     -0.046
  4597.997 	     -0.035
  4598.823 	     -0.074
  4599.649 	     -0.014
  4600.476 	     -0.022
  4601.302 	     -0.000
  4602.129 	      0.017
  4602.956 	     -0.009
  4603.783 	     -0.025
  4604.610 	      0.001
  4605.437 	      0.012
  4606.265 	     -0.002
  4607.092 	     -0.032
  4607.920 	     -0.048
  4608.748 	     -0.022
  4609.576 	     -0.026
  4610.404 	     -0.042
  4611.232 	     -0.060
  4612.061 	     -0.070
  4612.890 	     -0.058
  4613.718 	     -0.036
  4614.547 	     -0.015
  4615.376 	     -0.004
  4616.206 	     -0.010
  4617.035 	     -0.036
  4617.864 	     -0.032
  4618.694 	     -0.037
  4619.524 	     -0.042
  4620.354 	     -0.051
  4621.184 	     -0.059
  4622.014 	     -0.048
  4622.845 	     -0.030
  4623.675 	     -0.020
  4624.506 	     -0.040
  4625.337 	     -0.063
  4626.168 	     -0.068
  4626.999 	     -0.047
  4627.830 	     -0.052
  4628.662 	     -0.006
  4629.493 	     -0.027
  4630.325 	     -0.071
  4631.157 	     -0.071
  4631.989 	     -0.029
  4632.821 	     -0.028
  4633.654 	     -0.028
  4634.486 	     -0.043
  4635.319 	     -0.055
  4636.152 	     -0.029
  4636.985 	     -0.003
  4637.818 	     -0.031
  4638.651 	     -0.042
  4639.484 	     -0.046
  4640.318 	     -0.047
  4641.152 	     -0.034
  4641.985 	     -0.069
  4642.819 	     -0.087
  4643.654 	     -0.073
  4644.488 	     -0.053
  4645.322 	     -0.039
  4646.157 	     -0.007
  4646.992 	     -0.016
  4647.827 	     -0.049
  4648.662 	     -0.082
  4649.497 	     -0.101
  4650.332 	     -0.097
  4651.168 	     -0.052
  4652.003 	     -0.025
  4652.839 	     -0.017
  4653.675 	     -0.025
  4654.511 	     -0.028
  4655.347 	     -0.009
  4656.184 	      0.004
  4657.020 	     -0.006
  4657.857 	     -0.002
  4658.694 	     -0.010
  4659.531 	     -0.023
  4660.368 	     -0.033
  4661.205 	     -0.047
  4662.043 	     -0.020
  4662.881 	     -0.017
  4663.718 	     -0.026
  4664.556 	     -0.039
  4665.394 	     -0.051
  4666.232 	     -0.072
  4667.071 	     -0.041
  4667.909 	     -0.020
  4668.748 	     -0.005
  4669.587 	      0.004
  4670.426 	      0.002
  4671.265 	     -0.028
  4672.104 	     -0.054
  4672.944 	     -0.069
  4673.783 	     -0.065
  4674.623 	     -0.060
  4675.463 	     -0.077
  4676.303 	     -0.048
  4677.143 	     -0.043
  4677.983 	     -0.033
  4678.824 	     -0.032
  4679.664 	     -0.037
  4680.505 	     -0.035
  4681.346 	     -0.013
  4682.187 	     -0.001
  4683.028 	     -0.019
  4683.870 	     -0.056
  4684.711 	     -0.089
  4685.553 	     -0.086
  4686.395 	     -0.020
  4687.237 	      0.015
  4688.079 	     -0.002
  4688.921 	      0.001
  4689.764 	     -0.009
  4690.606 	     -0.069
  4691.449 	     -0.119
  4692.292 	      0.011
  4693.135 	     -0.026
  4693.978 	     -0.043
  4694.821 	     -0.033
  4695.665 	     -0.024
  4696.508 	     -0.055
  4697.352 	      0.055
  4698.196 	     -0.024
  4699.040 	     -0.022
  4699.885 	      0.003
  4700.729 	      0.006
  4701.574 	      0.024
  4702.418 	      0.025
  4703.263 	      0.047
  4704.108 	     -0.004
  4704.953 	     -0.011
  4705.799 	      0.045
  4706.644 	      0.064
  4707.490 	      0.006
  4708.335 	     -0.012
  4709.181 	     -0.026
  4710.027 	     -0.027
  4710.874 	     -0.024
  4711.720 	     -0.032
  4712.567 	     -0.018
  4713.413 	     -0.044
  4714.260 	     -0.063
  4715.107 	     -0.057
  4715.954 	     -0.029
  4716.802 	      0.003
  4717.649 	     -0.015
  4718.497 	     -0.037
  4719.344 	      0.000
  4720.192 	      0.024
  4721.040 	      0.016
  4721.888 	     -0.011
  4722.737 	     -0.005
  4723.585 	      0.020
  4724.434 	      0.002
  4725.283 	      0.029
  4726.132 	      0.036
  4726.981 	      0.014
  4727.830 	     -0.003
  4728.680 	      0.005
  4729.529 	     -0.020
  4730.379 	     -0.043
  4731.229 	     -0.010
  4732.079 	      0.014
  4732.929 	     -0.027
  4733.779 	     -0.038
  4734.630 	      0.003
  4735.480 	      0.012
  4736.331 	      0.007
  4737.182 	      0.003
  4738.033 	      0.015
  4738.885 	      0.045
  4739.736 	     -0.040
  4740.588 	     -0.046
  4741.439 	      0.015
  4742.291 	      0.029
  4743.143 	     -0.015
  4743.995 	     -0.059
  4744.848 	      0.047
  4745.700 	     -0.063
  4746.553 	     -0.051
  4747.406 	     -0.003
  4748.259 	     -0.006
  4749.112 	     -0.065
  4749.965 	     -0.086
  4750.818 	      0.054
  4751.672 	     -0.003
  4752.526 	     -0.032
  4753.379 	     -0.032
  4754.233 	     -0.028
  4755.088 	     -0.043
  4755.942 	     -0.070
  4756.796 	     -0.028
  4757.651 	     -0.025
  4758.506 	     -0.063
  4759.361 	     -0.067
  4760.216 	     -0.029
  4761.071 	     -0.007
  4761.926 	     -0.035
  4762.782 	     -0.009
  4763.638 	     -0.037
  4764.494 	     -0.042
  4765.350 	     -0.023
  4766.206 	     -0.008
  4767.062 	     -0.042
  4767.919 	     -0.057
  4768.775 	     -0.025
  4769.632 	     -0.028
  4770.489 	     -0.026
  4771.346 	     -0.014
  4772.203 	     -0.007
  4773.061 	     -0.025
  4773.918 	     -0.006
  4774.776 	      0.014
  4775.634 	     -0.020
  4776.492 	     -0.066
  4777.350 	     -0.082
  4778.208 	     -0.050
  4779.067 	     -0.016
  4779.925 	     -0.008
  4780.784 	     -0.023
  4781.643 	     -0.013
  4782.502 	     -0.018
  4783.361 	     -0.054
  4784.221 	     -0.091
  4785.080 	     -0.015
  4785.940 	     -0.026
  4786.800 	     -0.010
  4787.660 	     -0.014
  4788.520 	     -0.021
  4789.381 	     -0.019
  4790.241 	     -0.035
  4791.102 	     -0.009
  4791.962 	      0.004
  4792.823 	     -0.025
  4793.684 	     -0.026
  4794.546 	     -0.010
  4795.407 	      0.008
  4796.269 	      0.070
  4797.130 	      0.015
  4797.992 	      0.030
  4798.854 	      0.005
  4799.717 	     -0.033
  4800.579 	     -0.053
  4801.441 	     -0.043
  4802.304 	     -0.048
  4803.167 	      0.024
  4804.030 	      0.022
  4804.893 	      0.017
  4805.756 	     -0.014
  4806.620 	     -0.040
  4807.483 	     -0.031
  4808.347 	     -0.015
  4809.211 	     -0.041
  4810.075 	     -0.066
  4810.939 	     -0.061
  4811.803 	     -0.051
  4812.668 	     -0.060
  4813.533 	     -0.079
  4814.397 	     -0.040
  4815.262 	      0.003
  4816.128 	     -0.048
  4816.993 	     -0.008
  4817.858 	      0.001
  4818.724 	      0.002
  4819.590 	      0.015
  4820.456 	     -0.042
  4821.322 	     -0.008
  4822.188 	     -0.038
  4823.054 	      0.019
  4823.921 	      0.018
  4824.787 	     -0.002
  4825.654 	      0.006
  4826.521 	      0.006
  4827.388 	     -0.056
  4828.256 	     -0.026
  4829.123 	     -0.019
  4829.991 	      0.017
  4830.859 	      0.027
  4831.727 	     -0.002
  4832.595 	     -0.012
  4833.463 	     -0.006
  4834.331 	      0.011
  4835.200 	     -0.000
  4836.069 	     -0.004
  4836.937 	     -0.007
  4837.806 	     -0.009
  4838.676 	     -0.004
  4839.545 	     -0.001
  4840.415 	     -0.030
  4841.284 	     -0.012
  4842.154 	      0.020
  4843.024 	      0.013
  4843.894 	     -0.008
  4844.764 	     -0.006
  4845.635 	      0.003
  4846.505 	     -0.021
  4847.376 	     -0.023
  4848.247 	     -0.015
  4849.118 	     -0.021
  4849.989 	     -0.024
  4850.861 	     -0.018
  4851.732 	     -0.024
  4852.604 	     -0.023
  4853.476 	      0.012
  4854.348 	     -0.014
  4855.220 	     -0.016
  4856.092 	     -0.016
  4856.965 	     -0.021
  4857.837 	     -0.018
  4858.710 	      0.022
  4859.583 	     -0.013
  4860.456 	     -0.020
  4861.329 	     -0.011
  4862.203 	     -0.004
  4863.076 	     -0.011
  4863.950 	     -0.036
  4864.824 	     -0.065
  4865.698 	     -0.008
  4866.572 	      0.015
  4867.447 	     -0.041
  4868.321 	     -0.035
  4869.196 	     -0.031
  4870.071 	     -0.051
  4870.946 	     -0.068
  4871.821 	     -0.042
  4872.696 	     -0.045
  4873.571 	     -0.104
  4874.447 	     -0.065
  4875.323 	     -0.041
  4876.199 	     -0.050
  4877.075 	     -0.066
  4877.951 	     -0.049
  4878.827 	      0.030
  4879.704 	     -0.019
  4880.581 	     -0.043
  4881.458 	     -0.045
  4882.335 	     -0.043
  4883.212 	     -0.035
  4884.089 	     -0.028
  4884.967 	     -0.045
  4885.844 	     -0.074
  4886.722 	     -0.055
  4887.600 	     -0.094
  4888.478 	     -0.096
  4889.356 	     -0.126
  4890.235 	     -0.136
  4891.114 	     -0.087
  4891.992 	     -0.052
  4892.871 	      0.083
  4893.750 	      0.012
  4894.630 	     -0.024
  4895.509 	     -0.042
  4896.388 	     -0.018
  4897.268 	     -0.017
  4898.148 	     -0.069
  4899.028 	     -0.026
  4899.908 	     -0.028
  4900.789 	     -0.059
  4901.669 	     -0.060
  4902.550 	     -0.074
  4903.431 	     -0.076
  4904.312 	     -0.037
  4905.193 	      0.097
  4906.074 	      0.425
  4906.955 	      1.053
  4907.837 	      1.703
  4908.719 	      1.911
  4909.601 	      1.641
  4910.483 	      1.053
  4911.365 	      0.461
  4912.247 	      0.110
  4913.130 	     -0.031
  4914.013 	     -0.074
  4914.896 	     -0.060
  4915.779 	     -0.030
  4916.662 	     -0.038
  4917.545 	     -0.047
  4918.429 	     -0.040
  4919.312 	     -0.039
  4920.196 	     -0.062
  4921.080 	     -0.041
  4921.964 	     -0.004
  4922.849 	     -0.043
  4923.733 	     -0.053
  4924.618 	     -0.016
  4925.502 	      0.013
  4926.387 	     -0.003
  4927.273 	     -0.021
  4928.158 	      0.012
  4929.043 	      0.018
  4929.929 	     -0.016
  4930.815 	     -0.022
  4931.700 	     -0.023
  4932.586 	     -0.032
  4933.473 	     -0.022
  4934.359 	      0.017
  4935.246 	     -0.054
  4936.132 	     -0.084
  4937.019 	     -0.049
  4937.906 	     -0.035
  4938.793 	     -0.050
  4939.681 	     -0.050
  4940.568 	     -0.030
  4941.456 	     -0.016
  4942.344 	     -0.002
  4943.232 	      0.000
  4944.120 	     -0.014
  4945.008 	      0.016
  4945.896 	     -0.016
  4946.785 	     -0.045
  4947.674 	     -0.036
  4948.563 	     -0.024
  4949.452 	     -0.062
  4950.341 	     -0.039
  4951.230 	     -0.003
  4952.120 	      0.007
  4953.010 	     -0.070
  4953.900 	     -0.049
  4954.790 	     -0.056
  4955.680 	     -0.084
  4956.570 	     -0.051
  4957.461 	     -0.069
  4958.351 	     -0.051
  4959.242 	     -0.080
  4960.133 	     -0.042
  4961.024 	     -0.013
  4961.916 	     -0.027
  4962.807 	     -0.038
  4963.699 	     -0.023
  4964.591 	     -0.024
  4965.483 	     -0.065
  4966.375 	     -0.112
  4967.267 	     -0.131
  4968.159 	     -0.115
  4969.052 	     -0.083
  4969.945 	     -0.087
  4970.838 	     -0.093
  4971.731 	     -0.076
  4972.624 	     -0.080
  4973.518 	     -0.038
  4974.411 	     -0.027
  4975.305 	     -0.004
  4976.199 	     -0.042
  4977.093 	     -0.019
  4977.987 	     -0.033
  4978.881 	     -0.051
  4979.776 	     -0.025
  4980.671 	     -0.042
  4981.565 	     -0.051
  4982.460 	     -0.092
  4983.356 	     -0.034
  4984.251 	     -0.007
  4985.146 	     -0.031
  4986.042 	     -0.067
  4986.938 	     -0.090
  4987.834 	     -0.105
  4988.730 	     -0.124
  4989.626 	     -0.131
  4990.523 	     -0.087
  4991.419 	     -0.051
  4992.316 	     -0.030
  4993.213 	     -0.011
  4994.110 	     -0.015
  4995.007 	     -0.029
  4995.905 	     -0.020
  4996.802 	      0.007
  4997.700 	     -0.001
  4998.598 	     -0.049
  4999.496 	     -0.094
  5000.394 	     -0.070
  5001.293 	     -0.045
  5002.191 	     -0.023
  5003.090 	     -0.015
  5003.989 	     -0.025
  5004.888 	     -0.036
  5005.787 	     -0.005
  5006.687 	      0.070
  5007.586 	      0.111
  5008.486 	      0.067
  5009.386 	      0.027
  5010.286 	     -0.021
  5011.186 	     -0.062
  5012.086 	     -0.074
  5012.987 	     -0.058
  5013.887 	     -0.053
  5014.788 	     -0.068
  5015.689 	     -0.067
  5016.590 	     -0.065
  5017.492 	     -0.057
  5018.393 	     -0.059
  5019.295 	     -0.063
  5020.197 	     -0.060
  5021.098 	     -0.055
  5022.001 	     -0.056
  5022.903 	     -0.034
  5023.805 	     -0.054
  5024.708 	     -0.077
  5025.611 	     -0.067
  5026.514 	     -0.045
  5027.417 	     -0.049
  5028.320 	     -0.093
  5029.223 	     -0.131
  5030.127 	     -0.122
  5031.031 	     -0.106
  5031.935 	     -0.122
  5032.839 	     -0.108
  5033.743 	     -0.126
  5034.647 	     -0.099
  5035.552 	     -0.075
  5036.456 	     -0.045
  5037.361 	     -0.043
  5038.266 	     -0.054
  5039.172 	     -0.035
  5040.077 	     -0.036
  5040.982 	     -0.030
  5041.888 	     -0.048
  5042.794 	     -0.068
  5043.700 	     -0.078
  5044.606 	     -0.077
  5045.513 	     -0.051
  5046.419 	     -0.027
  5047.326 	     -0.040
  5048.233 	     -0.069
  5049.140 	     -0.033
  5050.047 	     -0.030
  5050.954 	     -0.057
  5051.861 	     -0.034
  5052.769 	      0.081
  5053.677 	      0.216
  5054.585 	      0.366
  5055.493 	      0.417
  5056.401 	      0.383
  5057.310 	      0.329
  5058.218 	      0.138
  5059.127 	      0.014
  5060.036 	     -0.053
  5060.945 	     -0.020
  5061.855 	     -0.067
  5062.764 	     -0.076
  5063.674 	     -0.084
  5064.583 	     -0.091
  5065.493 	     -0.092
  5066.403 	     -0.084
  5067.314 	     -0.055
  5068.224 	     -0.035
  5069.135 	     -0.061
  5070.045 	     -0.078
  5070.956 	      0.001
  5071.867 	     -0.035
  5072.779 	     -0.049
  5073.690 	     -0.051
  5074.602 	     -0.038
  5075.513 	     -0.017
  5076.425 	     -0.029
  5077.337 	     -0.052
  5078.249 	     -0.031
  5079.162 	     -0.037
  5080.074 	     -0.045
  5080.987 	     -0.021
  5081.900 	      0.011
  5082.813 	      0.008
  5083.726 	     -0.019
  5084.640 	     -0.037
  5085.553 	     -0.035
  5086.467 	     -0.025
  5087.381 	     -0.029
  5088.295 	     -0.044
  5089.209 	     -0.036
  5090.123 	     -0.064
  5091.038 	     -0.049
  5091.952 	     -0.033
  5092.867 	     -0.038
  5093.782 	     -0.055
  5094.697 	     -0.054
  5095.613 	     -0.020
  5096.528 	      0.012
  5097.444 	     -0.010
  5098.360 	     -0.037
  5099.276 	     -0.041
  5100.192 	     -0.019
  5101.108 	     -0.007
  5102.025 	      0.011
  5102.941 	      0.029
  5103.858 	      0.020
  5104.775 	      0.006
  5105.692 	      0.020
  5106.610 	      0.028
  5107.527 	      0.015
  5108.445 	     -0.003
  5109.363 	     -0.042
  5110.281 	      0.011
  5111.199 	      0.046
  5112.117 	     -0.026
  5113.036 	     -0.073
  5113.954 	     -0.039
  5114.873 	      0.017
  5115.792 	      0.022
  5116.711 	     -0.024
  5117.630 	     -0.048
  5118.550 	     -0.028
  5119.469 	     -0.029
  5120.389 	     -0.039
  5121.309 	     -0.022
  5122.229 	     -0.009
  5123.150 	     -0.012
  5124.070 	     -0.023
  5124.991 	     -0.027
  5125.911 	     -0.016
  5126.832 	     -0.010
  5127.753 	     -0.034
  5128.675 	     -0.051
  5129.596 	     -0.066
  5130.518 	     -0.072
  5131.440 	     -0.040
  5132.362 	     -0.058
  5133.284 	     -0.054
  5134.206 	     -0.040
  5135.128 	     -0.045
  5136.051 	     -0.041
  5136.974 	      0.006
  5137.897 	      0.055
  5138.820 	      0.021
  5139.743 	     -0.022
  5140.666 	     -0.001
  5141.590 	     -0.053
  5142.514 	     -0.027
  5143.438 	     -0.006
  5144.362 	     -0.008
  5145.286 	     -0.024
  5146.211 	     -0.033
  5147.135 	     -0.037
  5148.060 	     -0.039
  5148.985 	     -0.035
  5149.910 	     -0.026
  5150.835 	      0.010
  5151.761 	     -0.054
  5152.686 	     -0.053
  5153.612 	     -0.084
  5154.538 	     -0.027
  5155.464 	     -0.038
  5156.390 	     -0.035
  5157.317 	     -0.021
  5158.243 	     -0.027
  5159.170 	     -0.044
  5160.097 	     -0.046
  5161.024 	     -0.030
  5161.951 	     -0.005
  5162.879 	     -0.013
  5163.806 	     -0.005
  5164.734 	      0.075
  5165.662 	     -0.016
  5166.590 	     -0.065
  5167.518 	     -0.068
  5168.447 	     -0.013
  5169.375 	     -0.024
  5170.304 	     -0.049
  5171.233 	     -0.022
  5172.162 	     -0.026
  5173.091 	     -0.057
  5174.021 	     -0.014
  5174.950 	     -0.044
  5175.880 	     -0.068
  5176.810 	     -0.050
  5177.740 	     -0.003
  5178.670 	     -0.059
  5179.601 	     -0.066
  5180.531 	     -0.064
  5181.462 	     -0.044
  5182.393 	     -0.030
  5183.324 	     -0.035
  5184.255 	     -0.030
  5185.187 	     -0.031
  5186.118 	     -0.033
  5187.050 	     -0.030
  5187.982 	      0.013
  5188.914 	     -0.038
  5189.846 	     -0.013
  5190.779 	      0.055
  5191.712 	      0.055
  5192.644 	      0.007
  5193.577 	     -0.008
  5194.510 	      0.018
  5195.444 	      0.064
  5196.377 	      0.102
  5197.311 	      0.112
  5198.244 	      0.110
  5199.178 	      0.107
  5200.112 	      0.105
  5201.047 	      0.103
  5201.981 	      0.101
  5202.916 	      0.099
  5203.851 	      0.097
  5204.786 	      0.095
  5205.721 	      0.093
  5206.656 	      0.092
  5207.591 	      0.091
  5208.527 	      0.089
  5209.463 	      0.088
  5210.399 	      0.087
  5211.335 	      0.086
  5212.271 	      0.086
  5213.208 	      0.085
  5214.144 	      0.084
  5215.081 	      0.083
  5216.018 	      0.082
  5216.955 	      0.082
  5217.892 	      0.081
  5218.830 	      0.080
  5219.768 	      0.079
  5220.705 	      0.078
  5221.643 	      0.076
  5222.582 	      0.075
  5223.520 	      0.074
  5224.458 	      0.072
  5225.397 	      0.070
  5226.336 	      0.068
  5227.275 	      0.066
  5228.214 	      0.063
  5229.153 	      0.061
  5230.093 	      0.058
  5231.032 	      0.055
  5231.972 	      0.052
  5232.912 	      0.049
  5233.852 	      0.046
  5234.793 	      0.043
  5235.733 	      0.040
  5236.674 	      0.045
  5237.615 	      0.054
  5238.556 	      0.041
  5239.497 	      0.052
  5240.438 	      0.067
  5241.380 	      0.037
  5242.322 	      0.045
  5243.263 	      0.057
  5244.205 	      0.042
  5245.148 	      0.051
  5253.635 	      0.062
  5254.579 	      0.039
  5255.523 	      0.021
  5256.467 	     -0.004
  5257.412 	      0.008
  5258.356 	      0.025
  5259.301 	      0.029
  5260.246 	      0.041
  5261.191 	      0.023
  5262.136 	      0.021
  5263.082 	      0.048
  5264.027 	      0.057
  5264.973 	      0.048
  5265.919 	      0.035
  5266.865 	      0.004
  5267.811 	     -0.009
  5268.758 	      0.015
  5269.704 	      0.006
  5270.651 	      0.037
  5271.598 	      0.060
  5272.545 	      0.046
  5273.493 	      0.052
  5274.440 	      0.011
  5275.388 	     -0.031
  5276.335 	     -0.032
  5277.283 	     -0.037
  5278.232 	     -0.037
  5279.180 	     -0.008
  5280.128 	     -0.004
  5281.077 	     -0.022
  5282.026 	     -0.019
  5282.975 	     -0.008
  5283.924 	      0.011
  5284.873 	      0.020
  5285.823 	      0.014
  5286.773 	      0.042
  5287.722 	      0.057
  5288.672 	      0.037
  5289.623 	      0.018
  5290.573 	      0.020
  5291.523 	      0.053
  5292.474 	      0.048
  5293.425 	     -0.002
  5294.376 	      0.003
  5295.327 	     -0.005
  5296.279 	     -0.015
  5297.230 	     -0.004
  5298.182 	      0.011
  5299.134 	      0.012
  5300.086 	     -0.007
  5301.038 	     -0.025
  5301.991 	     -0.036
  5302.943 	     -0.013
  5303.896 	     -0.010
  5304.849 	     -0.006
  5305.802 	     -0.074
  5306.755 	     -0.001
  5307.709 	     -0.013
  5308.662 	      0.018
  5309.616 	      0.025
  5310.570 	      0.023
  5311.524 	     -0.016
  5312.478 	     -0.026
  5313.433 	     -0.016
  5314.388 	     -0.006
  5315.342 	     -0.002
  5316.297 	     -0.029
  5317.252 	     -0.070
  5318.208 	     -0.066
  5319.163 	     -0.041
  5320.119 	     -0.089
  5321.075 	     -0.101
  5322.031 	     -0.079
  5322.987 	     -0.042
  5323.943 	     -0.062
  5324.900 	      0.009
  5325.857 	      0.015
  5330.643 	      0.008
  5331.600 	     -0.010
  5332.558 	     -0.011
  5333.516 	      0.015
  5334.475 	      0.006
  5335.433 	     -0.011
  5336.392 	      0.026
  5337.350 	      0.032
  5338.309 	      0.024
  5339.268 	     -0.020
  5340.228 	     -0.029
  5341.187 	     -0.020
  5342.147 	      0.093
  5343.107 	      0.040
  5344.067 	      0.021
  5345.027 	      0.035
  5345.987 	      0.037
  5346.947 	     -0.026
  5347.908 	      0.011
  5348.869 	     -0.008
  5349.830 	     -0.047
  5350.791 	     -0.028
  5351.752 	     -0.025
  5352.714 	     -0.026
  5353.676 	      0.003
  5354.638 	      0.017
  5355.600 	      0.003
  5356.562 	     -0.019
  5357.524 	     -0.043
  5358.487 	     -0.027
  5359.449 	      0.004
  5360.412 	     -0.009
  5361.375 	      0.029
  5362.339 	     -0.002
  5363.302 	      0.024
  5364.266 	      0.005
  5365.230 	     -0.035
  5366.193 	     -0.011
  5367.158 	     -0.011
  5368.122 	      0.010
  5369.086 	      0.018
  5370.051 	     -0.022
  5371.016 	      0.039
  5371.981 	      0.052
  5372.946 	      0.007
  5373.911 	     -0.007
  5374.877 	     -0.010
  5375.842 	     -0.011
  5395.192 	     -0.085
  5396.162 	     -0.025
  5397.131 	     -0.020
  5398.101 	     -0.066
  5399.071 	     -0.036
  5400.041 	     -0.017
  5401.011 	     -0.057
  5401.981 	     -0.069
  5402.952 	     -0.058
  5403.923 	     -0.001
  5404.894 	      0.064
  5405.865 	     -0.003
  5406.836 	     -0.026
  5407.807 	     -0.013
  5408.779 	      0.000
  5409.751 	      0.006
  5410.723 	     -0.020
  5411.695 	      0.001
  5412.667 	      0.012
  5413.639 	     -0.003
  5414.612 	     -0.031
  5415.585 	     -0.032
  5416.558 	     -0.048
  5417.531 	     -0.028
  5418.504 	     -0.055
  5419.478 	     -0.049
  5420.452 	     -0.033
  5421.426 	     -0.071
  5422.400 	     -0.101
  5423.374 	     -0.075
  5424.348 	     -0.056
  5425.323 	     -0.026
  5426.297 	     -0.009
  5427.272 	     -0.002
  5428.247 	     -0.017
  5429.223 	     -0.035
  5430.198 	     -0.008
  5431.174 	      0.016
  5432.150 	     -0.008
  5433.126 	     -0.034
  5434.102 	     -0.026
  5435.078 	     -0.012
  5436.055 	     -0.030
  5437.031 	     -0.033
  5438.008 	     -0.032
  5438.985 	     -0.005
  5439.962 	     -0.015
  5440.940 	     -0.018
  5441.917 	     -0.019
  5442.895 	     -0.016
  5443.873 	     -0.069
  5444.851 	     -0.073
  5445.829 	     -0.066
  5446.808 	     -0.054
  5447.786 	     -0.058
  5448.765 	     -0.083
  5449.744 	     -0.092
  5450.723 	     -0.040
  5451.702 	     -0.043
  5452.682 	     -0.006
  5453.661 	     -0.025
  5454.641 	     -0.047
  5455.621 	     -0.037
  5456.601 	     -0.050
  5457.582 	     -0.073
  5458.562 	     -0.084
  5459.543 	     -0.047
  5460.524 	     -0.026
  5461.505 	     -0.009
  5462.486 	      0.010
  5463.468 	      0.010
  5464.449 	     -0.002
  5465.431 	      0.005
  5466.413 	      0.000
  5467.395 	     -0.024
  5468.377 	     -0.014
  5469.360 	     -0.013
  5470.343 	     -0.016
  5471.325 	      0.020
  5472.308 	      0.031
  5473.292 	      0.000
  5474.275 	     -0.010
  5475.258 	     -0.027
  5476.242 	      0.011
  5477.226 	      0.020
  5478.210 	      0.004
  5479.194 	      0.000
  5480.179 	      0.007
  5481.163 	     -0.005
  5482.148 	     -0.033
  5483.133 	     -0.043
  5484.118 	     -0.066
  5485.104 	     -0.047
  5486.089 	     -0.062
  5487.075 	     -0.063
  5488.060 	     -0.028
  5489.047 	     -0.013
  5490.033 	      0.023
  5491.019 	      0.032
  5492.006 	      0.035
  5492.992 	      0.013
  5493.979 	      0.035
  5494.966 	      0.053
  5495.954 	      0.021
  5496.941 	      0.006
  5497.929 	      0.005
  5498.916 	     -0.033
  5499.904 	     -0.034
  5500.892 	     -0.034
  5501.881 	     -0.015
  5502.869 	     -0.009
  5503.858 	     -0.029
  5504.847 	     -0.059
  5505.836 	     -0.057
  5506.825 	     -0.034
  5507.814 	     -0.021
  5508.804 	     -0.017
  5509.794 	     -0.018
  5510.784 	     -0.017
  5511.774 	     -0.029
  5512.764 	     -0.044
  5513.754 	     -0.035
  5514.745 	     -0.036
  5515.736 	     -0.027
  5516.727 	      0.008
  5517.718 	      0.006
  5518.709 	     -0.001
  5519.701 	      0.003
  5520.693 	      0.010
  5521.684 	      0.002
  5522.677 	     -0.017
  5523.669 	      0.010
  5524.661 	      0.018
  5525.654 	     -0.001
  5526.647 	     -0.034
  5527.639 	     -0.039
  5528.633 	     -0.090
  5529.626 	     -0.107
  5530.619 	     -0.051
  5531.613 	     -0.046
  5532.607 	     -0.043
  5533.601 	     -0.031
  5534.595 	     -0.003
  5535.589 	     -0.005
  5536.584 	     -0.035
  5537.579 	     -0.063
  5538.574 	     -0.028
  5539.569 	     -0.030
  5540.564 	     -0.029
  5541.559 	     -0.023
  5542.555 	     -0.063
  5543.551 	      0.001
  5544.547 	      0.018
  5545.543 	      0.031
  5546.539 	      0.017
  5547.536 	      0.022
  5548.533 	      0.029
  5549.529 	     -0.004
  5550.527 	      0.003
  5551.524 	     -0.021
  5552.521 	     -0.025
  5553.519 	     -0.017
  5554.517 	     -0.034
  5555.514 	     -0.019
  5556.513 	     -0.012
  5557.511 	     -0.019
  5558.509 	      0.009
  5559.508 	     -0.049
  5560.507 	     -0.043
  5561.506 	     -0.023
  5562.505 	     -0.056
  5563.505 	     -0.062
  5564.504 	     -0.058
  5565.504 	     -0.025
  5566.504 	     -0.042
  5567.504 	     -0.028
  5568.504 	     -0.050
  5569.505 	     -0.042
  5570.505 	     -0.021
  5571.506 	     -0.031
  5572.507 	     -0.035
  5573.508 	      0.000
  5574.510 	     -0.073
  5575.511 	     -0.011
  5576.513 	      0.017
  5577.515 	     -0.050
  5578.517 	     -0.046
  5579.519 	     -0.059
  5580.522 	     -0.064
  5581.524 	     -0.066
  5582.527 	     -0.066
  5583.530 	     -0.068
  5584.533 	     -0.058
  5585.537 	     -0.048
  5586.540 	     -0.053
  5587.544 	     -0.051
  5588.548 	     -0.036
  5589.552 	     -0.036
  5590.556 	     -0.056
  5591.560 	     -0.051
  5592.565 	     -0.054
  5593.570 	     -0.056
  5594.575 	     -0.051
  5595.580 	     -0.054
  5596.585 	     -0.060
  5597.591 	     -0.068
  5598.596 	     -0.078
  5599.602 	     -0.036
  5600.608 	      0.004
  5601.615 	      0.013
  5602.621 	      0.009
  5603.628 	     -0.007
  5604.634 	     -0.011
  5605.641 	     -0.030
  5606.649 	     -0.017
  5607.656 	     -0.033
  5608.663 	     -0.033
  5609.671 	     -0.029
  5610.679 	     -0.020
  5611.687 	     -0.024
  5612.695 	     -0.060
  5613.704 	     -0.062
  5614.712 	     -0.028
  5615.721 	     -0.027
  5616.730 	     -0.042
  5617.739 	     -0.062
  5618.748 	     -0.060
  5619.758 	     -0.075
  5620.767 	     -0.069
  5621.777 	     -0.047
  5622.787 	     -0.019
  5623.798 	     -0.003
  5624.808 	     -0.049
  5625.819 	     -0.107
  5626.829 	     -0.112
  5627.840 	     -0.087
  5628.851 	     -0.070
  5629.863 	     -0.054
  5630.874 	     -0.077
  5631.886 	     -0.046
  5632.898 	     -0.027
  5633.910 	     -0.053
  5634.922 	     -0.060
  5635.934 	     -0.046
  5636.947 	     -0.059
  5637.960 	     -0.098
  5638.973 	     -0.101
  5639.986 	     -0.061
  5640.999 	     -0.075
  5642.013 	     -0.080
  5643.026 	     -0.097
  5644.040 	     -0.102
  5645.054 	     -0.120
  5646.068 	     -0.096
  5647.083 	     -0.103
  5648.097 	     -0.084
  5649.112 	     -0.059
  5650.127 	     -0.071
  5651.142 	     -0.085
  5652.157 	     -0.113
  5653.173 	     -0.094
  5654.189 	     -0.088
  5655.205 	     -0.089
  5656.221 	     -0.055
  5657.237 	     -0.098
  5658.253 	     -0.091
  5659.270 	     -0.027
  5660.287 	     -0.004
  5661.304 	     -0.040
  5662.321 	     -0.030
  5663.338 	     -0.041
  5664.355 	     -0.078
  5665.373 	     -0.079
  5666.391 	     -0.088
  5667.409 	     -0.091
  5668.427 	     -0.091
  5669.446 	     -0.100
  5670.464 	     -0.125
  5671.483 	     -0.105
  5672.502 	     -0.107
  5673.521 	     -0.125
  5674.541 	     -0.126
  5675.560 	     -0.145
  5676.580 	     -0.109
  5677.600 	     -0.101
  5678.620 	     -0.116
  5679.640 	     -0.137
  5680.660 	     -0.145
  5681.681 	     -0.107
  5682.702 	     -0.130
  5683.723 	     -0.133
  5684.744 	     -0.108
  5685.765 	     -0.100
  5686.787 	     -0.115
  5687.809 	     -0.134
  5688.830 	     -0.128
  5689.853 	     -0.103
  5690.875 	     -0.093
  5691.897 	     -0.100
  5692.920 	     -0.115
  5693.943 	     -0.157
  5694.966 	     -0.144
  5695.989 	     -0.132
  5697.012 	     -0.154
  5698.036 	     -0.140
  5699.060 	     -0.136
  5700.084 	     -0.134
  5701.108 	     -0.128
  5702.132 	     -0.110
  5703.156 	     -0.099
  5704.181 	     -0.106
  5705.206 	     -0.124
  5706.231 	     -0.146
  5707.256 	     -0.140
  5708.282 	     -0.144
  5709.307 	     -0.120
  5710.333 	     -0.127
  5711.359 	     -0.147
  5712.385 	     -0.170
  5713.411 	     -0.156
  5714.438 	     -0.174
  5715.464 	     -0.220
  5716.491 	     -0.156
  5717.518 	     -0.161
  5718.546 	     -0.189
  5719.573 	     -0.162
  5720.601 	     -0.175
  5721.628 	     -0.196
  5722.656 	     -0.154
  5723.685 	     -0.160
  5724.713 	     -0.184
  5725.741 	     -0.135
  5726.770 	     -0.133
  5727.799 	     -0.144
  5728.828 	     -0.158
  5729.857 	     -0.174
  5730.887 	     -0.180
  5731.916 	     -0.121
  5732.946 	     -0.139
  5733.976 	     -0.183
  5735.007 	     -0.142
  5736.037 	     -0.167
  5737.067 	     -0.156
  5738.098 	     -0.188
  5739.129 	     -0.214
  5740.160 	     -0.139
  5741.192 	     -0.184
  5742.223 	     -0.184
  5743.255 	     -0.156
  5744.287 	     -0.141
  5745.319 	     -0.147
  5746.351 	     -0.159
  5747.383 	     -0.136
  5748.416 	     -0.127
  5749.449 	     -0.131
  5750.482 	     -0.149
  5751.515 	     -0.170
  5752.548 	     -0.149
  5753.582 	     -0.128
  5754.615 	     -0.164
  5755.649 	     -0.162
  5756.683 	     -0.177
  5757.718 	     -0.154
  5758.752 	     -0.171
  5759.787 	     -0.151
  5760.822 	     -0.174
  5761.857 	     -0.198
  5762.892 	     -0.185
  5763.927 	     -0.199
  5764.963 	     -0.192
  5765.999 	     -0.187
  5767.035 	     -0.194
  5768.071 	     -0.194
  5769.107 	     -0.158
  5770.143 	     -0.132
  5771.180 	     -0.155
  5772.217 	     -0.202
  5773.254 	     -0.211
  5774.291 	     -0.162
  5775.329 	     -0.133
  5776.366 	     -0.132
  5777.404 	     -0.151
  5778.442 	     -0.172
  5779.480 	     -0.158
  5780.519 	     -0.133
  5781.557 	     -0.148
  5782.596 	     -0.146
  5783.635 	     -0.156
  5784.674 	     -0.160
  5785.713 	     -0.177
  5786.753 	     -0.189
  5787.793 	     -0.199
  5788.832 	     -0.193
  5789.873 	     -0.164
  5790.913 	     -0.180
  5791.953 	     -0.156
  5792.994 	     -0.161
  5794.035 	     -0.173
  5795.076 	     -0.163
  5796.117 	     -0.155
  5797.158 	     -0.186
  5798.200 	     -0.225
  5799.241 	     -0.177
  5800.283 	     -0.201
  5801.325 	     -0.164
  5802.368 	     -0.171
  5803.410 	     -0.181
  5804.453 	     -0.162
  5805.496 	     -0.203
  5806.539 	     -0.158
  5807.582 	     -0.123
  5808.625 	     -0.143
  5809.669 	     -0.102
  5810.713 	     -0.162
  5811.757 	     -0.159
  5812.801 	     -0.133
  5813.845 	     -0.130
  5814.890 	     -0.138
  5815.935 	     -0.172
  5816.980 	     -0.184
  5818.025 	     -0.165
  5819.070 	     -0.170
  5820.115 	     -0.147
  5821.161 	     -0.100
  5822.207 	     -0.104
  5823.253 	     -0.148
  5824.299 	     -0.169
  5825.346 	     -0.169
  5826.392 	     -0.145
  5827.439 	     -0.147
  5828.486 	     -0.151
  5829.533 	     -0.142
  5830.581 	     -0.164
  5831.628 	     -0.168
  5832.676 	     -0.138
  5833.724 	     -0.155
  5834.772 	     -0.189
  5835.820 	     -0.184
  5836.869 	     -0.206
  5837.917 	     -0.248
  5838.966 	     -0.233
  5840.015 	     -0.197
  5841.065 	     -0.176
  5842.114 	     -0.197
  5843.164 	     -0.211
  5844.213 	     -0.193
  5845.263 	     -0.167
  5846.314 	     -0.149
  5847.364 	     -0.112
  5848.415 	     -0.092
  5849.465 	     -0.122
  5850.516 	     -0.143
  5851.567 	     -0.143
  5852.619 	     -0.145
  5853.670 	     -0.133
  5854.722 	     -0.138
  5855.774 	     -0.120
  5856.826 	     -0.093
  5857.878 	     -0.118
  5858.931 	     -0.105
  5859.983 	     -0.104
  5861.036 	     -0.099
  5862.089 	     -0.102
  5863.142 	     -0.142
  5864.196 	     -0.147
  5865.249 	     -0.118
  5866.303 	     -0.092
  5867.357 	     -0.078
  5868.411 	     -0.056
  5869.466 	     -0.073
  5870.520 	     -0.105
  5871.575 	     -0.085
  5872.630 	     -0.079
  5873.685 	     -0.118
  5874.740 	     -0.139
  5875.796 	     -0.128
  5876.851 	     -0.090
  5877.907 	     -0.057
  5878.963 	     -0.067
  5880.019 	     -0.035
  5881.076 	     -0.039
  5882.133 	     -0.087
  5883.189 	     -0.082
  5884.246 	     -0.080
  5885.304 	     -0.085
  5886.361 	     -0.086
  5887.419 	     -0.093
  5888.476 	     -0.144
  5889.534 	     -0.173
  5890.592 	     -0.140
  5891.651 	     -0.100
  5892.709 	     -0.102
  5893.768 	     -0.124
  5894.827 	     -0.143
  5895.886 	     -0.150
  5896.945 	     -0.114
  5898.005 	     -0.069
  5899.064 	     -0.077
  5900.124 	     -0.053
  5901.184 	     -0.043
  5902.245 	     -0.063
  5903.305 	     -0.078
  5904.366 	     -0.068
  5905.426 	     -0.073
  5906.487 	     -0.065
  5907.549 	     -0.046
  5908.610 	     -0.079
  5909.671 	     -0.090
  5910.733 	     -0.082
  5911.795 	     -0.092
  5912.857 	     -0.085
  5913.920 	     -0.106
  5914.982 	     -0.104
  5916.045 	     -0.068
  5917.108 	     -0.056
  5918.171 	     -0.091
  5919.234 	     -0.096
  5920.298 	     -0.104
  5921.361 	     -0.084
  5922.425 	     -0.082
  5923.489 	     -0.018
  5924.554 	     -0.065
  5925.618 	     -0.038
  5926.683 	     -0.028
  5927.747 	     -0.036
  5928.812 	     -0.038
  5929.878 	     -0.003
  5967.280 	     -0.016
  5968.353 	      0.019
  5969.425 	      0.055
  5970.497 	      0.018
  5971.570 	      0.042
  5972.643 	     -0.025
  5973.716 	      0.037
  5974.789 	      0.023
  5975.863 	      0.009
  5976.936 	     -0.036
  5978.010 	     -0.012
  5979.084 	      0.031
  5980.158 	      0.074
  5981.233 	      0.044
  5982.308 	      0.016
  5983.382 	      0.029
  5984.457 	      0.024
  5985.533 	      0.003
  5986.608 	      0.010
  5987.684 	      0.042
  5988.759 	     -0.016
  5989.835 	      0.023
  5990.911 	     -0.004
  5991.988 	     -0.006
  5993.064 	     -0.028
  5994.141 	     -0.002
  5995.218 	     -0.003
  5996.295 	      0.002
  5997.372 	      0.007
  5998.450 	      0.001
  5999.528 	     -0.019
  6000.606 	      0.007
  6001.684 	      0.024
  6002.762 	     -0.007
  6003.840 	     -0.004
  6004.919 	     -0.027
  6005.998 	     -0.025
  6007.077 	     -0.013
  6008.156 	     -0.017
  6009.236 	     -0.031
  6010.315 	      0.003
  6011.395 	      0.019
  6012.475 	      0.001
  6013.556 	     -0.009
  6014.636 	      0.004
  6015.717 	      0.016
  6016.797 	      0.017
  6017.878 	     -0.004
  6018.960 	     -0.017
  6020.041 	     -0.011
  6021.123 	      0.003
  6022.204 	      0.021
  6023.286 	      0.039
  6024.369 	      0.042
  6025.451 	      0.030
  6026.534 	      0.013
  6027.616 	      0.011
  6028.699 	      0.009
  6029.782 	      0.009
  6030.866 	      0.013
  6031.949 	     -0.002
  6033.033 	     -0.012
  6034.117 	     -0.006
  6035.201 	      0.004
  6036.285 	      0.010
  6037.370 	     -0.013
  6038.455 	     -0.022
  6039.539 	     -0.008
  6040.625 	      0.010
  6041.710 	     -0.003
  6042.795 	     -0.045
  6043.881 	     -0.045
  6044.967 	      0.009
  6046.053 	      0.031
  6047.139 	      0.012
  6048.226 	      0.016
  6049.312 	     -0.023
  6050.399 	     -0.039
  6055.836 	      0.019
  6056.924 	      0.056
  6058.013 	      0.012
  6059.101 	      0.007
  6060.190 	      0.007
  6061.278 	      0.008
  6062.367 	      0.018
  6063.457 	      0.000
  6064.546 	     -0.003
  6065.636 	     -0.040
  6066.725 	     -0.022
  6067.815 	      0.001
  6068.906 	      0.001
  6069.996 	      0.002
  6071.086 	      0.004
  6072.177 	      0.037
  6073.268 	     -0.012
  6074.359 	     -0.035
  6075.451 	      0.027
  6076.542 	      0.009
  6077.634 	      0.000
  6078.726 	     -0.026
  6079.818 	     -0.002
  6080.910 	      0.033
  6082.003 	     -0.010
  6083.096 	      0.027
  6084.189 	      0.068
  6085.282 	      0.033
  6086.375 	      0.059
  6087.468 	      0.061
  6088.562 	      0.101
  6089.656 	      0.098
  6090.750 	      0.072
  6091.844 	      0.091
  6092.939 	      0.088
  6094.034 	      0.110
  6095.129 	      0.083
  6096.224 	      0.082
  6097.319 	      0.049
  6098.414 	      0.030
  6099.510 	      0.060
  6100.606 	      0.045
  6101.702 	      0.030
  6102.798 	      0.046
  6103.895 	      0.035
  6104.991 	     -0.038
  6106.088 	     -0.036
  6107.185 	      0.024
  6108.282 	      0.013
  6109.380 	      0.015
  6110.478 	     -0.013
  6111.575 	     -0.058
  6112.673 	     -0.056
  6113.772 	     -0.062
  6114.870 	     -0.147
  6115.969 	     -0.114
  6117.068 	     -0.094
  6118.167 	     -0.092
  6119.266 	     -0.123
  6120.365 	     -0.055
  6121.465 	     -0.026
  6122.565 	     -0.132
  6123.665 	     -0.233
  6124.765 	     -0.216
  6125.865 	     -0.196
  6126.966 	     -0.176
  6128.067 	     -0.157
  6129.168 	     -0.137
  6130.269 	     -0.117
  6131.370 	     -0.097
  6132.472 	     -0.077
  6133.574 	     -0.056
  6134.676 	     -0.036
  6135.778 	     -0.014
  6136.880 	      0.006
  6137.983 	      0.027
  6139.086 	      0.047
  6140.189 	      0.068
  6141.292 	      0.088
  6142.395 	      0.109
  6143.499 	      0.130
  6144.602 	      0.151
  6145.706 	      0.172
  6146.811 	      0.156
  6147.915 	      0.129
  6149.020 	      0.095
  6150.124 	      0.079
  6151.229 	      0.104
  6152.334 	      0.123
  6153.440 	      0.118
  6154.545 	      0.103
  6155.651 	      0.105
  6156.757 	      0.127
  6157.863 	      0.132
  6167.828 	      0.066
  6168.936 	      0.099
  6170.044 	      0.163
  6171.153 	      0.121
  6172.261 	      0.122
  6173.370 	      0.141
  6174.479 	      0.127
  6175.589 	      0.134
  6176.698 	      0.110
  6177.808 	      0.100
  6178.918 	      0.093
  6180.028 	      0.095
  6181.138 	      0.123
  6182.249 	      0.114
  6183.360 	      0.071
  6184.471 	      0.081
  6185.582 	      0.081
  6186.693 	      0.132
  6187.805 	      0.172
  6188.916 	      0.158
  6190.028 	      0.119
  6191.140 	      0.146
  6192.253 	      0.106
  6193.365 	      0.134
  6194.478 	      0.123
  6195.591 	      0.070
  6196.704 	      0.072
  6197.817 	      0.103
  6198.931 	      0.118
  6200.045 	      0.120
  6201.159 	      0.136
  6202.273 	      0.094
  6203.387 	      0.139
  6204.502 	      0.130
  6205.616 	      0.107
  6206.731 	      0.136
  6207.846 	      0.121
  6208.962 	      0.142
  6210.077 	      0.122
  6211.193 	      0.165
  6212.309 	      0.141
  6213.425 	      0.117
  6214.541 	      0.136
  6215.658 	      0.114
  6216.775 	      0.108
  6217.892 	      0.108
  6219.009 	      0.110
  6220.126 	      0.121
  6221.244 	      0.087
  6222.361 	      0.076
  6223.479 	      0.104
  6224.597 	      0.050
  6225.716 	      0.045
  6226.834 	      0.110
  6227.953 	      0.102
  6229.072 	      0.047
  6230.191 	      0.069
  6231.310 	      0.088
  6232.430 	      0.105
  6233.550 	      0.136
  6234.670 	      0.080
  6235.790 	      0.096
  6236.910 	      0.109
  6238.031 	      0.113
  6239.152 	      0.133
  6240.272 	      0.163
  6241.394 	      0.138
  6242.515 	      0.145
  6243.637 	      0.094
  6244.758 	      0.140
  6245.880 	      0.159
  6247.002 	      0.125
  6248.125 	      0.124
  6249.247 	      0.116
  6250.370 	      0.092
  6251.493 	      0.063
  6252.616 	      0.087
  6253.740 	      0.084
  6254.863 	      0.091
  6255.987 	      0.091
  6257.111 	      0.090
  6258.235 	      0.090
  6259.360 	      0.090
  6260.484 	      0.090
  6261.609 	      0.089
  6262.734 	      0.089
  6263.859 	      0.089
  6264.985 	      0.089
  6266.110 	      0.089
  6267.236 	      0.088
  6268.362 	      0.088
  6269.488 	      0.088
  6270.615 	      0.088
  6271.741 	      0.088
  6272.868 	      0.088
  6273.995 	      0.088
  6275.122 	      0.089
  6276.250 	      0.089
  6277.377 	      0.089
  6278.505 	      0.089
  6279.633 	      0.089
  6280.761 	      0.089
  6281.890 	      0.089
  6283.018 	      0.089
  6284.147 	      0.089
  6285.276 	      0.089
  6286.406 	      0.090
  6287.535 	      0.090
  6288.665 	      0.090
  6289.795 	      0.090
  6290.925 	      0.090
  6292.055 	      0.090
  6293.185 	      0.090
  6294.316 	      0.090
  6295.447 	      0.090
  6296.578 	      0.090
  6297.709 	      0.090
  6298.841 	      0.090
  6299.972 	      0.090
  6301.104 	      0.124
  6302.236 	      0.155
  6303.369 	      0.105
  6304.501 	      0.097
  6305.634 	      0.068
  6306.767 	      0.128
  6307.900 	      0.139
  6309.033 	      0.134
  6310.167 	      0.169
  6311.300 	      0.264
  6312.434 	      0.290
  6313.568 	      0.229
  6314.703 	      0.148
  6315.837 	      0.113
  6316.972 	      0.154
  6318.107 	      0.118
  6319.242 	      0.151
  6320.377 	      0.150
  6321.513 	      0.153
  6322.649 	      0.160
  6323.785 	      0.148
  6324.921 	      0.176
  6326.057 	      0.146
  6327.194 	      0.166
  6328.331 	      0.165
  6329.468 	      0.177
  6330.605 	      0.158
  6331.742 	      0.115
  6332.880 	      0.116
  6334.017 	      0.114
  6335.155 	      0.139
  6336.294 	      0.130
  6337.432 	      0.126
  6338.571 	      0.121
  6339.710 	      0.113
  6340.849 	      0.110
  6341.988 	      0.080
  6343.127 	      0.048
  6344.267 	      0.032
  6345.407 	      0.032
  6346.547 	      0.057
  6347.687 	      0.067
  6348.827 	      0.082
  6349.968 	      0.122
  6351.109 	      0.139
  6352.250 	      0.144
  6353.391 	      0.142
  6354.533 	      0.104
  6355.674 	      0.083
  6356.816 	      0.111
  6357.958 	      0.185
  6359.101 	      0.320
  6360.243 	      0.482
  6361.386 	      0.596
  6362.529 	      0.592
  6363.672 	      0.402
  6364.815 	      0.236
  6365.959 	      0.169
  6367.103 	      0.115
  6368.247 	      0.076
  6369.391 	      0.095
  6370.535 	      0.125
  6371.680 	      0.124
  6372.824 	      0.121
  6373.969 	      0.128
  6375.115 	      0.101
  6376.260 	      0.121
  6377.406 	      0.102
  6378.551 	      0.097
  6379.697 	      0.078
  6380.844 	      0.078
  6381.990 	      0.097
  6383.137 	      0.126
  6384.283 	      0.090
  6385.430 	      0.109
  6386.578 	      0.157
  6387.725 	      0.167
  6388.873 	      0.128
  6390.021 	      0.121
  6391.169 	      0.163
  6392.317 	      0.183
  6393.465 	      0.201
  6394.614 	      0.167
  6395.763 	      0.134
  6396.912 	      0.136
  6398.061 	      0.123
  6399.211 	      0.105
  6400.361 	      0.108
  6401.511 	      0.105
  6402.661 	      0.073
  6403.811 	      0.064
  6404.962 	      0.129
  6406.112 	      0.109
  6407.263 	      0.082
  6408.414 	      0.090
  6409.566 	      0.114
  6410.717 	      0.111
  6411.869 	      0.132
  6413.021 	      0.142
  6414.173 	      0.135
  6415.326 	      0.121
  6416.478 	      0.104
  6417.631 	      0.087
  6418.784 	      0.094
  6419.937 	      0.109
  6421.091 	      0.119
  6422.245 	      0.104
  6423.398 	      0.109
  6424.552 	      0.155
  6425.707 	      0.181
  6426.861 	      0.192
  6428.016 	      0.178
  6429.171 	      0.117
  6430.326 	      0.074
  6431.481 	      0.087
  6432.637 	      0.098
  6433.792 	      0.093
  6434.948 	      0.092
  6436.104 	      0.115
  6437.261 	      0.105
  6438.417 	      0.057
  6439.574 	      0.067
  6440.731 	      0.093
  6441.888 	      0.090
  6443.046 	      0.079
  6444.203 	      0.067
  6445.361 	      0.072
  6446.519 	      0.075
  6447.677 	      0.088
  6448.836 	      0.106
  6449.994 	      0.104
  6451.153 	      0.088
  6452.312 	      0.080
  6453.471 	      0.045
  6454.631 	      0.042
  6455.791 	      0.051
  6456.950 	      0.058
  6458.111 	      0.036
  6459.271 	      0.064
  6460.431 	      0.044
  6461.592 	      0.021
  6462.753 	      0.014
  6463.914 	      0.041
  6465.075 	      0.076
  6466.237 	      0.062
  6467.399 	      0.013
  6468.561 	      0.017
  6469.723 	      0.039
  6470.885 	      0.073
  6472.048 	      0.067
  6473.211 	      0.022
  6474.374 	     -0.005
  6475.537 	      0.030
  6476.700 	      0.018
  6477.864 	     -0.008
  6479.028 	      0.001
  6480.192 	     -0.001
  6481.356 	     -0.036
  6482.521 	     -0.020
  6483.685 	     -0.013
  6484.850 	      0.049
  6486.015 	      0.064
  6487.181 	      0.057
  6488.346 	      0.079
  6489.512 	      0.066
  6490.678 	      0.099
  6491.844 	      0.045
  6493.010 	      0.006
  6494.177 	      0.025
  6495.344 	      0.030
  6496.511 	      0.021
  6497.678 	      0.083
  6498.845 	      0.081
  6500.013 	      0.044
  6501.181 	      0.036
  6502.349 	      0.042
  6503.517 	      0.052
  6504.685 	      0.046
  6505.854 	      0.027
  6507.023 	      0.043
  6508.192 	      0.055
  6509.361 	      0.050
  6510.531 	      0.008
  6511.700 	     -0.027
  6512.870 	     -0.034
  6514.041 	     -0.021
  6515.211 	     -0.020
  6516.381 	     -0.034
  6517.552 	     -0.038
  6518.723 	     -0.037
  6519.894 	     -0.040
  6521.066 	     -0.040
  6522.237 	     -0.036
  6523.409 	     -0.021
  6524.581 	     -0.034
  6525.753 	     -0.028
  6526.926 	     -0.004
  6528.099 	      0.020
  6529.271 	      0.019
  6530.445 	      0.078
  6531.618 	      0.063
  6532.791 	      0.049
  6533.965 	      0.050
  6535.139 	      0.027
  6536.313 	      0.045
  6537.487 	      0.033
  6538.662 	      0.048
  6539.837 	      0.067
  6541.012 	      0.039
  6542.187 	      0.021
  6543.362 	      0.014
  6544.538 	      0.014
  6545.714 	      0.009
  6546.890 	      0.017
  6548.066 	      0.022
  6549.243 	     -0.003
  6550.419 	     -0.005
  6551.596 	      0.055
  6552.773 	     -0.011
  6553.950 	      0.038
  6555.128 	      0.026
  6556.306 	     -0.011
  6557.484 	     -0.044
  6558.662 	     -0.066
  6559.840 	     -0.127
  6561.019 	     -0.097
  6562.198 	     -0.017
  6563.377 	     -0.017
  6564.556 	     -0.025
  6565.735 	     -0.122
  6566.915 	     -0.130
  6568.095 	     -0.123
  6569.275 	     -0.116
  6570.455 	     -0.108
  6571.635 	     -0.101
  6572.816 	     -0.094
  6573.997 	     -0.086
  6575.178 	     -0.079
  6576.359 	     -0.072
  6577.541 	     -0.065
  6578.723 	     -0.058
  6579.905 	     -0.050
  6581.087 	     -0.043
  6582.269 	     -0.035
  6583.452 	     -0.028
  6584.635 	     -0.021
  6585.818 	     -0.014
  6587.001 	     -0.005
  6588.184 	      0.002
  6589.368 	      0.021
  6590.552 	      0.067
  6591.736 	      0.095
  6592.920 	      0.094
  6594.105 	      0.053
  6595.290 	      0.024
  6596.475 	      0.030
  6597.660 	      0.049
  6598.845 	      0.040
  6600.031 	      0.035
  6601.216 	      0.053
  6602.402 	      0.066
  6603.589 	      0.097
  6604.775 	      0.155
  6605.962 	      0.163
  6607.149 	      0.225
  6608.336 	      0.537
  6609.523 	      1.238
  6610.710 	      2.131
  6611.898 	      2.627
  6613.086 	      2.179
  6614.274 	      0.985
  6615.463 	      0.412
  6616.651 	      0.251
  6617.840 	      0.198
  6619.029 	      0.203
  6620.218 	      0.239
  6621.408 	      0.471
  6622.597 	      1.310
  6623.787 	      4.399
  6624.977 	     10.683
  6626.167 	     16.466
  6627.358 	     16.715
  6628.549 	      9.841
  6629.740 	      3.632
  6630.931 	      1.158
  6632.122 	      0.537
  6633.314 	      0.323
  6634.505 	      0.222
  6635.697 	      0.248
  6636.890 	      0.239
  6638.082 	      0.203
  6639.275 	      0.209
  6640.467 	      0.237
  6641.660 	      0.331
  6642.854 	      0.562
  6644.047 	      1.424
  6645.241 	      3.604
  6646.435 	      6.714
  6647.629 	      7.941
  6648.823 	      6.305
  6650.018 	      3.286
  6651.213 	      1.252
  6652.408 	      0.514
  6653.603 	      0.347
  6654.798 	      0.259
  6655.994 	      0.174
  6657.190 	      0.141
  6658.386 	      0.127
  6659.582 	      0.105
  6660.779 	      0.115
  6661.975 	      0.124
  6663.172 	      0.139
  6664.369 	      0.121
  6665.567 	      0.143
  6666.764 	      0.171
  6667.962 	      0.173
  6669.160 	      0.167
  6670.358 	      0.141
  6671.557 	      0.149
  6672.755 	      0.107
  6673.954 	      0.134
  6675.153 	      0.153
  6676.353 	      0.144
  6677.552 	      0.124
  6678.752 	      0.117
  6679.952 	      0.132
  6681.152 	      0.148
  6682.352 	      0.123
  6683.553 	      0.116
  6684.754 	      0.151
  6685.955 	      0.115
  6687.156 	      0.130
  6688.357 	      0.133
  6689.559 	      0.118
  6690.761 	      0.108
  6691.963 	      0.103
  6693.165 	      0.089
  6694.368 	      0.069
  6695.571 	      0.048
  6696.774 	     -0.011
  6697.977 	      0.022
  6699.180 	      0.076
  6700.384 	      0.106
  6701.588 	      0.053
  6702.792 	      0.037
  6703.996 	      0.056
  6705.200 	      0.030
  6706.405 	      0.072
  6707.610 	      0.107
  6708.815 	      0.080
  6710.020 	      0.053
  6711.226 	      0.043
  6712.432 	      0.049
  6713.638 	      0.048
  6714.844 	      0.035
  6716.050 	      0.058
  6717.257 	      0.065
  6718.464 	      0.069
  6719.671 	      0.064
  6720.878 	      0.071
  6722.086 	      0.057
  6723.293 	      0.060
  6724.501 	      0.071
  6725.710 	      0.075
  6726.918 	      0.068
  6728.127 	      0.036
  6729.335 	      0.041
  6730.544 	      0.071
  6731.754 	      0.068
  6732.963 	      0.066
  6734.173 	      0.069
  6735.383 	      0.084
  6743.858 	      0.172
  6745.070 	      0.134
  6746.281 	      0.066
  6747.494 	      0.040
  6748.706 	      0.059
  6749.918 	      0.061
  6751.131 	      0.036
  6752.344 	      0.058
  6753.557 	      0.074
  6754.771 	      0.078
  6755.984 	      0.124
  6757.198 	      0.095
  6758.412 	      0.047
  6759.626 	      0.069
  6760.841 	      0.032
  6762.055 	      0.045
  6763.270 	      0.015
  6764.485 	      0.036
  6765.701 	      0.051
  6766.916 	      0.075
  6768.132 	      0.065
  6769.348 	      0.059
  6770.564 	      0.031
  6771.781 	      0.021
  6772.997 	      0.037
  6774.214 	      0.053
  6775.431 	      0.087
  6776.649 	      0.122
  6777.866 	      0.340
  6779.084 	      0.978
  6780.302 	      2.027
  6781.520 	      2.782
  6782.738 	      2.447
  6783.957 	      1.398
  6785.176 	      0.574
  6786.395 	      0.217
  6787.614 	      0.111
  6788.834 	      0.106
  6790.053 	      0.071
  6791.273 	      0.091
  6792.494 	      0.310
  6793.714 	      0.897
  6794.935 	      1.690
  6796.155 	      2.140
  6797.376 	      1.809
  6798.598 	      0.878
  6799.819 	      0.368
  6801.041 	      0.154
  6802.263 	      0.073
  6803.485 	      0.067
  6804.707 	      0.061
  6805.930 	      0.041
  6807.153 	      0.049
  6808.376 	      0.020
  6809.599 	     -0.007
  6810.822 	      0.019
  6812.046 	      0.060
  6813.270 	      0.055
  6814.494 	      0.032
  6815.718 	      0.009
  6816.943 	      0.020
  6818.168 	     -0.002
  6819.392 	      0.008
  6820.618 	      0.007
  6821.843 	      0.021
  6823.069 	      0.055
  6824.295 	      0.024
  6825.521 	      0.048
  6826.747 	      0.055
  6827.974 	      0.063
  6829.200 	      0.061
  6830.427 	      0.110
  6831.654 	      0.077
  6832.882 	      0.041
  6834.109 	      0.022
  6835.337 	      0.029
  6836.565 	      0.027
  6837.794 	      0.007
  6839.022 	      0.001
  6840.251 	      0.025
  6841.480 	      0.063
  6842.709 	      0.093
  6843.938 	      0.076
  6845.168 	      0.070
  6846.398 	      0.053
  6847.628 	      0.054
  6848.858 	      0.022
  6850.089 	     -0.001
  6851.319 	      0.017
  6852.550 	      0.019
  6853.782 	      0.033
  6855.013 	      0.011
  6856.245 	     -0.024
  6857.476 	     -0.022
  6858.708 	      0.017
  6859.941 	      0.027
  6861.173 	      0.038
  6862.406 	      0.048
  6863.639 	      0.041
  6864.872 	     -0.010
  6866.105 	     -0.109
  6867.339 	     -0.250
  6868.573 	     -0.332
  6869.807 	     -0.348
  6871.041 	     -0.362
  6872.276 	     -0.328
  6873.510 	     -0.306
  6874.745 	     -0.225
  6875.980 	     -0.164
  6877.216 	     -0.185
  6878.451 	     -0.100
  6879.687 	     -0.082
  6880.923 	     -0.037
  6882.159 	     -0.046
  6883.396 	     -0.069
  6884.633 	     -0.087
  6885.870 	     -0.109
  6887.107 	     -0.115
  6888.344 	     -0.111
  6889.582 	     -0.109
  6890.820 	     -0.152
  6892.058 	     -0.148
  6893.296 	     -0.146
  6894.534 	     -0.148
  6895.773 	     -0.141
  6897.012 	     -0.145
  6898.251 	     -0.077
  6899.490 	     -0.079
  6900.730 	     -0.087
  6901.970 	     -0.060
  6903.210 	     -0.065
  6904.450 	     -0.106
  6905.691 	     -0.118
  6906.931 	     -0.120
  6908.172 	     -0.095
  6909.413 	     -0.082
  6910.655 	     -0.068
  6911.896 	     -0.038
  6913.138 	     -0.026
  6914.380 	     -0.060
  6915.623 	     -0.049
  6916.865 	     -0.043
  6918.108 	     -0.017
  6919.351 	     -0.007
  6920.594 	     -0.020
  6921.837 	     -0.022
  6923.081 	     -0.037
  6924.325 	     -0.070
  6925.569 	     -0.070
  6926.813 	     -0.071
  6928.058 	     -0.074
  6929.302 	     -0.065
  6930.547 	     -0.050
  6931.792 	     -0.033
  6933.038 	     -0.013
  6934.284 	     -0.004
  6935.529 	     -0.048
  6936.775 	     -0.014
  6938.022 	     -0.011
  6939.268 	     -0.007
  6940.515 	      0.002
  6941.762 	     -0.035
  6943.009 	     -0.062
  6944.257 	     -0.058
  6945.504 	     -0.039
  6946.752 	     -0.029
  6948.000 	     -0.046
  6949.248 	     -0.023
  6950.497 	      0.015
  6951.746 	      0.005
  6952.995 	      0.025
  6954.244 	     -0.037
  6955.493 	     -0.030
  6956.743 	     -0.008
  6957.993 	     -0.006
  6959.243 	     -0.001
  6960.493 	     -0.005
  6961.744 	     -0.028
  6962.995 	      0.011
  6964.246 	      0.021
  6965.497 	      0.020
  6966.748 	      0.028
  6968.000 	      0.041
  6969.252 	      0.023
  6970.504 	     -0.014
  6971.756 	     -0.034
  6973.009 	     -0.004
  6974.262 	      0.015
  6975.515 	      0.021
  6976.768 	      0.018
  6978.022 	     -0.001
  6979.275 	      0.014
  6980.529 	     -0.002
  6981.783 	     -0.031
  6983.038 	     -0.031
  6984.292 	      0.002
  6985.547 	      0.010
  6986.802 	     -0.024
  6988.058 	     -0.052
  6989.313 	     -0.034
  6990.569 	     -0.044
  6991.825 	     -0.034
  6993.081 	     -0.051
  6994.337 	     -0.085
  6995.594 	     -0.082
  6996.851 	     -0.040
  6998.108 	     -0.026
  6999.365 	     -0.045
  7000.623 	     -0.025
  7001.881 	     -0.039
  7003.139 	     -0.041
  7004.397 	     -0.038
  7005.655 	     -0.064
  7006.914 	     -0.055
  7008.173 	      0.015
  7009.432 	     -0.028
  7010.691 	     -0.074
  7011.951 	     -0.071
  7013.211 	     -0.029
  7014.471 	      0.006
  7015.731 	     -0.052
  7016.991 	     -0.052
  7018.252 	     -0.016
  7019.513 	     -0.004
  7020.774 	      0.000
  7022.036 	     -0.001
  7023.297 	     -0.019
  7024.559 	     -0.050
  7025.821 	     -0.034
  7027.083 	     -0.034
  7028.346 	     -0.030
  7029.609 	     -0.008
  7030.872 	      0.010
  7032.135 	     -0.000
  7033.398 	     -0.010
  7034.662 	     -0.030
  7035.926 	     -0.010
  7037.190 	     -0.009
  7038.454 	     -0.022
  7039.719 	     -0.043
  7040.984 	     -0.017
  7042.249 	      0.001
  7043.514 	     -0.016
  7044.779 	      0.007
  7046.045 	     -0.013
  7047.311 	     -0.011
  7048.577 	     -0.044
  7049.844 	     -0.021
  7051.110 	     -0.018
  7052.377 	     -0.041
  7053.644 	      0.049
  7054.911 	      0.111
  7056.179 	      0.034
  7057.447 	     -0.013
  7058.715 	     -0.011
  7059.983 	      0.008
  7061.251 	     -0.024
  7062.520 	     -0.010
  7063.789 	      0.011
  7065.058 	      0.037
  7066.327 	      0.029
  7067.597 	      0.001
  7068.867 	      0.014
  7070.137 	     -0.014
  7071.407 	     -0.005
  7072.677 	     -0.017
  7073.948 	     -0.034
  7075.219 	     -0.015
  7076.490 	      0.016
  7077.762 	      0.037
  7079.033 	      0.035
  7080.305 	      0.034
  7081.577 	     -0.022
  7082.850 	     -0.019
  7084.122 	     -0.033
  7085.395 	     -0.048
  7086.668 	     -0.027
  7087.941 	     -0.028
  7089.214 	     -0.014
  7090.488 	      0.016
  7091.762 	     -0.027
  7093.036 	     -0.064
  7094.311 	     -0.053
  7095.585 	     -0.016
  7096.860 	     -0.016
  7098.135 	     -0.043
  7099.410 	     -0.050
  7100.686 	     -0.011
  7101.962 	     -0.024
  7103.238 	     -0.017
  7104.514 	      0.032
  7105.790 	     -0.023
  7107.067 	     -0.047
  7108.344 	     -0.008
  7109.621 	     -0.001
  7110.898 	      0.035
  7112.176 	      0.012
  7113.454 	      0.035
  7114.732 	      0.011
  7116.010 	      0.047
  7117.288 	      0.052
  7118.567 	      0.059
  7119.846 	      0.045
  7121.125 	      0.014
  7122.405 	     -0.036
  7123.684 	     -0.074
  7124.964 	     -0.025
  7126.244 	     -0.040
  7127.525 	     -0.075
  7128.805 	     -0.054
  7130.086 	     -0.030
  7131.367 	     -0.033
  7132.648 	     -0.050
  7133.930 	     -0.041
  7135.212 	     -0.062
  7136.494 	     -0.118
  7137.776 	     -0.114
  7139.058 	     -0.063
  7140.341 	     -0.034
  7141.624 	     -0.036
  7142.907 	     -0.048
  7144.190 	     -0.073
  7145.474 	     -0.043
  7146.757 	     -0.004
  7148.041 	     -0.011
  7149.326 	     -0.035
  7150.610 	     -0.037
  7151.895 	     -0.082
  7153.180 	     -0.070
  7154.465 	     -0.052
  7155.750 	     -0.048
  7157.036 	     -0.056
  7158.322 	     -0.082
  7159.608 	     -0.089
  7160.894 	     -0.066
  7162.181 	     -0.085
  7163.468 	     -0.084
  7164.755 	     -0.109
  7166.042 	     -0.142
  7167.329 	     -0.159
  7168.617 	     -0.155
  7169.905 	     -0.133
  7171.193 	     -0.177
  7172.482 	     -0.147
  7173.770 	     -0.156
  7175.059 	     -0.165
  7176.348 	     -0.193
  7177.638 	     -0.187
  7178.927 	     -0.135
  7180.217 	     -0.144
  7181.507 	     -0.206
  7182.797 	     -0.236
  7184.088 	     -0.278
  7185.379 	     -0.319
  7186.670 	     -0.261
  7187.961 	     -0.178
  7189.252 	     -0.151
  7190.544 	     -0.211
  7191.836 	     -0.240
  7193.128 	     -0.209
  7194.420 	     -0.179
  7195.713 	     -0.160
  7197.006 	     -0.188
  7198.299 	     -0.235
  7199.592 	     -0.261
  7200.885 	     -0.241
  7202.179 	     -0.207
  7203.473 	     -0.135
  7204.767 	     -0.146
  7206.062 	     -0.132
  7207.356 	     -0.110
  7208.651 	     -0.118
  7209.947 	     -0.096
  7211.242 	     -0.086
  7212.538 	     -0.094
  7213.833 	     -0.095
  7215.129 	     -0.118
  7216.426 	     -0.100
  7217.722 	     -0.106
  7219.019 	     -0.136
  7220.316 	     -0.090
  7221.613 	     -0.106
  7222.911 	     -0.109
  7224.208 	     -0.109
  7225.506 	     -0.110
  7226.805 	     -0.069
  7228.103 	     -0.081
  7229.402 	     -0.114
  7230.700 	     -0.129
  7232.000 	     -0.208
  7233.299 	     -0.272
  7234.599 	     -0.260
  7235.898 	     -0.159
  7237.198 	     -0.063
  7238.499 	     -0.093
  7239.799 	     -0.170
  7241.100 	     -0.150
  7242.401 	     -0.118
  7243.702 	     -0.134
  7245.003 	     -0.170
  7246.305 	     -0.149
  7247.607 	     -0.123
  7248.909 	     -0.158
  7250.212 	     -0.220
  7251.514 	     -0.252
  7252.817 	     -0.203
  7254.120 	     -0.141
  7255.423 	     -0.108
  7256.727 	     -0.148
  7258.031 	     -0.178
  7259.335 	     -0.159
  7260.639 	     -0.142
  7261.943 	     -0.160
  7263.248 	     -0.199
  7264.553 	     -0.237
  7265.858 	     -0.153
  7267.164 	     -0.114
  7268.469 	     -0.160
  7269.775 	     -0.174
  7271.081 	     -0.184
  7272.388 	     -0.200
  7273.694 	     -0.093
  7275.001 	     -0.151
  7276.308 	     -0.198
  7277.616 	     -0.265
  7278.923 	     -0.174
  7280.231 	     -0.103
  7281.539 	     -0.074
  7282.847 	     -0.079
  7284.156 	     -0.066
  7285.464 	     -0.141
  7286.773 	     -0.169
  7288.082 	     -0.210
  7289.392 	     -0.209
  7290.701 	     -0.197
  7292.011 	     -0.207
  7293.321 	     -0.173
  7294.632 	     -0.139
  7295.942 	     -0.126
  7297.253 	     -0.116
  7298.564 	     -0.127
  7299.876 	     -0.136
  7301.187 	     -0.150
  7302.499 	     -0.153
  7303.811 	     -0.154
  7305.123 	     -0.105
  7306.436 	     -0.093
  7307.748 	     -0.130
  7309.061 	     -0.159
  7310.374 	     -0.128
  7311.688 	     -0.118
  7313.002 	     -0.114
  7314.315 	     -0.102
  7315.630 	     -0.182
  7316.944 	     -0.160
  7318.259 	     -0.168
  7319.573 	     -0.105
  7320.888 	     -0.100
  7322.204 	     -0.133
  7323.519 	     -0.113
  7324.835 	     -0.121
  7326.151 	     -0.088
  7327.467 	     -0.054
  7328.784 	     -0.074
  7330.101 	     -0.094
