1 1 1067.73 1072.42
21.3687 
0.6707 
name    flux    f_err    vel    sig
Hgamma      	   3.72684	      0.13	 2905.1348	     20.65
Hbeta       	   8.97215	      0.12	 2905.1348	     20.65
Halpha      	  64.30067	      0.10	 2905.1348	     20.65
[SII]6716   	  10.85591	      0.11	 2905.6555	     39.75
[SII]6731   	   8.31289	      0.11	 2905.6555	     39.75
[OIII]5007_d	   2.60765	      0.15	 2905.6555	     39.75
[OI]6300_d  	   3.65825	      0.14	 2905.6555	     39.75
[NII]6583_d 	  41.87835	      0.14	 2905.6555	     39.75
