wlen 	 newgal_spectrum 
  4184.326 	      0.211
  4185.077 	      0.135
  4185.828 	      0.014
  4186.580 	     -0.161
  4187.331 	     -0.112
  4188.083 	     -0.105
  4188.835 	     -0.083
  4189.586 	     -0.040
  4190.339 	      0.141
  4191.091 	      0.182
  4191.843 	      0.167
  4192.595 	      0.071
  4193.348 	     -0.141
  4194.101 	     -0.111
  4194.853 	     -0.065
  4195.606 	     -0.020
  4196.359 	      0.077
  4197.113 	     -0.009
  4197.866 	     -0.022
  4198.620 	      0.151
  4199.373 	      0.312
  4200.127 	      0.129
  4200.881 	     -0.023
  4201.635 	     -0.022
  4202.389 	      0.002
  4203.143 	      0.128
  4203.898 	      0.247
  4204.652 	      0.322
  4205.407 	      0.230
  4206.162 	      0.103
  4206.917 	     -0.003
  4207.672 	     -0.050
  4208.427 	      0.066
  4209.183 	      0.089
  4209.938 	      0.122
  4210.694 	      0.216
  4211.450 	     -0.039
  4212.206 	     -0.019
  4212.962 	     -0.013
  4213.718 	     -0.147
  4214.474 	      0.208
  4215.231 	      0.223
  4215.987 	      0.176
  4216.744 	      0.099
  4217.501 	     -0.016
  4218.258 	     -0.018
  4219.015 	     -0.001
  4219.773 	      0.021
  4220.530 	      0.155
  4221.288 	      0.125
  4222.045 	      0.074
  4222.803 	      0.022
  4223.561 	      0.026
  4224.319 	      0.112
  4225.077 	      0.162
  4225.836 	      0.117
  4226.594 	      0.027
  4227.353 	      0.021
  4228.112 	      0.031
  4228.871 	      0.055
  4229.630 	      0.246
  4230.389 	      0.144
  4231.148 	      0.075
  4231.908 	      0.091
  4232.667 	      0.045
  4233.427 	      0.297
  4234.187 	      0.358
  4234.947 	      0.143
  4235.707 	      0.439
  4236.468 	      0.036
  4237.228 	     -0.044
  4237.989 	      0.257
  4238.749 	      0.086
  4239.510 	      0.311
  4240.271 	      0.231
  4241.032 	     -0.121
  4241.793 	      0.070
  4242.555 	      0.311
  4243.316 	      0.424
  4244.078 	      0.423
  4244.840 	      0.079
  4245.602 	     -0.120
  4246.364 	     -0.151
  4247.126 	     -0.078
  4247.888 	      0.057
  4248.651 	      0.261
  4249.413 	      0.293
  4250.176 	      0.239
  4250.939 	      0.132
  4251.702 	      0.136
  4252.465 	     -0.010
  4253.229 	     -0.146
  4253.992 	     -0.027
  4254.756 	      0.082
  4255.519 	      0.109
  4256.283 	      0.104
  4257.047 	      0.058
  4257.811 	      0.232
  4258.575 	      0.287
  4259.340 	      0.307
  4260.104 	      0.291
  4260.869 	      0.206
  4261.634 	      0.076
  4262.399 	      0.001
  4263.164 	      0.011
  4263.929 	      0.314
  4264.695 	      0.042
  4265.460 	     -0.121
  4266.226 	     -0.147
  4266.991 	      0.097
  4267.757 	      0.027
  4268.523 	      0.047
  4269.290 	      0.123
  4270.056 	      0.141
  4270.822 	      0.064
  4271.589 	      0.111
  4272.356 	      0.175
  4273.123 	      0.022
  4273.890 	      0.215
  4274.657 	      0.228
  4275.424 	      0.177
  4276.191 	      0.087
  4276.959 	      0.030
  4277.727 	      0.083
  4278.494 	      0.123
  4279.262 	      0.101
  4280.031 	      0.291
  4280.799 	      0.226
  4281.567 	      0.188
  4282.336 	      0.204
  4283.104 	      0.238
  4283.873 	      0.202
  4284.642 	      0.178
  4285.411 	      0.144
  4286.180 	     -0.099
  4286.950 	     -0.033
  4287.719 	      0.050
  4288.489 	      0.108
  4289.259 	      0.014
  4290.029 	      0.049
  4290.799 	      0.008
  4291.569 	     -0.006
  4292.339 	      0.096
  4293.110 	     -0.003
  4293.880 	     -0.043
  4294.651 	     -0.055
  4295.422 	     -0.039
  4296.193 	     -0.170
  4296.964 	     -0.071
  4297.735 	      0.083
  4298.507 	      0.260
  4299.278 	      0.259
  4300.050 	      0.210
  4300.822 	      0.329
  4301.594 	      0.444
  4302.366 	      0.201
  4303.138 	     -0.007
  4303.910 	      0.107
  4304.683 	      0.203
  4305.456 	      0.099
  4306.229 	      0.387
  4307.001 	      0.187
  4307.775 	      0.040
  4308.548 	      0.002
  4309.321 	     -0.002
  4310.095 	      0.075
  4310.868 	      0.130
  4311.642 	      0.203
  4312.416 	      0.495
  4313.190 	      0.216
  4313.964 	      0.188
  4314.739 	      0.147
  4315.513 	     -0.141
  4316.288 	      0.027
  4317.062 	      0.048
  4317.837 	      0.075
  4318.612 	      0.130
  4319.388 	      0.165
  4320.163 	      0.118
  4320.938 	      0.084
  4321.714 	      0.068
  4322.490 	      0.120
  4323.266 	      0.160
  4324.042 	      0.169
  4324.818 	      0.199
  4325.594 	      0.312
  4326.370 	      0.424
  4327.147 	      0.259
  4327.924 	      0.121
  4328.700 	      0.060
  4329.477 	      0.171
  4330.255 	      0.156
  4331.032 	      0.052
  4331.809 	     -0.067
  4332.587 	      0.006
  4333.364 	      0.020
  4334.142 	      0.097
  4334.920 	      0.163
  4335.698 	      0.171
  4336.477 	      0.281
  4337.255 	      0.250
  4338.034 	      0.281
  4338.812 	      0.353
  4339.591 	      0.087
  4340.370 	      0.104
  4341.149 	      0.036
  4341.928 	     -0.061
  4342.708 	     -0.139
  4343.487 	      0.271
  4344.267 	      0.223
  4345.046 	      0.143
  4345.826 	      0.107
  4346.606 	     -0.094
  4347.387 	     -0.119
  4348.167 	     -0.040
  4348.947 	      0.104
  4349.728 	      0.277
  4350.509 	      0.248
  4351.290 	      0.219
  4352.071 	      0.227
  4352.852 	      0.297
  4353.633 	      0.148
  4354.415 	      0.173
  4355.196 	      0.151
  4355.978 	      0.110
  4356.760 	      0.207
  4357.542 	      0.294
  4358.324 	      0.265
  4359.106 	      0.193
  4359.889 	      0.098
  4360.671 	     -0.015
  4361.454 	      0.107
  4362.237 	      0.144
  4363.020 	      0.084
  4363.803 	     -0.089
  4364.587 	      0.043
  4365.370 	      0.109
  4366.153 	      0.125
  4366.937 	      0.077
  4367.721 	     -0.016
  4368.505 	      0.016
  4369.289 	      0.080
  4370.073 	      0.140
  4370.858 	      0.008
  4371.642 	     -0.145
  4372.427 	     -0.122
  4373.212 	     -0.011
  4373.997 	      0.164
  4374.782 	      0.144
  4375.567 	      0.109
  4376.353 	      0.165
  4377.138 	      0.261
  4377.924 	      0.107
  4378.710 	      0.045
  4385.788 	      0.199
  4386.576 	      0.268
  4387.363 	      0.355
  4388.151 	      0.374
  4388.938 	     -0.031
  4389.726 	     -0.028
  4390.514 	      0.012
  4391.302 	      0.048
  4392.090 	     -0.005
  4392.879 	      0.078
  4393.667 	      0.144
  4394.456 	      0.207
  4395.245 	      0.262
  4396.033 	      0.258
  4396.823 	      0.135
  4397.612 	      0.003
  4398.401 	     -0.041
  4399.191 	      0.124
  4399.980 	      0.308
  4400.770 	      0.259
  4401.560 	      0.153
  4402.350 	      0.026
  4403.140 	     -0.051
  4403.931 	      0.122
  4404.721 	      0.156
  4405.512 	      0.110
  4406.302 	      0.001
  4407.093 	      0.113
  4407.884 	      0.111
  4408.676 	      0.156
  4409.467 	      0.157
  4410.258 	     -0.023
  4411.050 	     -0.038
  4411.842 	      0.045
  4412.634 	      0.121
  4413.426 	      0.171
  4414.218 	      0.154
  4415.010 	      0.227
  4415.803 	      0.141
  4416.595 	      0.015
  4417.388 	     -0.113
  4418.181 	     -0.290
  4418.974 	     -0.066
  4419.767 	      0.034
  4420.561 	      0.098
  4421.354 	      0.212
  4422.148 	      0.029
  4422.941 	      0.048
  4423.735 	      0.012
  4424.529 	     -0.048
  4425.324 	      0.015
  4426.118 	      0.054
  4426.912 	      0.249
  4427.707 	      0.296
  4428.502 	      0.139
  4429.297 	      0.072
  4430.092 	     -0.052
  4430.887 	     -0.107
  4431.682 	     -0.147
  4432.478 	     -0.198
  4433.273 	     -0.184
  4434.069 	     -0.102
  4434.865 	     -0.089
  4435.661 	     -0.115
  4436.457 	     -0.137
  4437.253 	     -0.192
  4438.050 	     -0.208
  4438.847 	     -0.274
  4439.643 	     -0.365
  4440.440 	     -0.389
  4441.237 	     -0.236
  4442.034 	     -0.087
  4442.832 	      0.038
  4443.629 	      0.121
  4444.427 	      0.114
  4445.225 	      0.016
  4446.023 	     -0.075
  4446.821 	     -0.144
  4447.619 	     -0.172
  4448.417 	     -0.091
  4449.216 	     -0.031
  4450.014 	     -0.048
  4450.813 	     -0.108
  4451.612 	     -0.190
  4452.411 	     -0.179
  4453.210 	     -0.128
  4454.009 	     -0.072
  4454.809 	     -0.022
  4455.609 	      0.012
  4456.408 	      0.011
  4457.208 	     -0.003
  4458.008 	     -0.023
  4458.808 	     -0.055
  4459.609 	     -0.117
  4460.409 	     -0.178
  4461.210 	     -0.218
  4462.011 	     -0.230
  4462.812 	     -0.209
  4463.613 	     -0.146
  4464.414 	     -0.106
  4465.215 	     -0.104
  4466.017 	     -0.125
  4466.818 	     -0.156
  4467.620 	     -0.144
  4468.422 	     -0.065
  4469.224 	     -0.028
  4470.026 	     -0.021
  4470.829 	     -0.039
  4471.631 	     -0.039
  4472.434 	     -0.036
  4473.237 	     -0.108
  4474.039 	     -0.220
  4474.843 	     -0.347
  4475.646 	     -0.368
  4476.449 	     -0.244
  4477.253 	     -0.162
  4478.056 	     -0.137
  4478.860 	     -0.182
  4479.664 	     -0.221
  4480.468 	     -0.217
  4481.272 	     -0.212
  4482.077 	     -0.207
  4482.881 	     -0.202
  4483.686 	     -0.194
  4484.491 	     -0.188
  4485.296 	     -0.181
  4486.101 	     -0.174
  4486.906 	     -0.168
  4487.711 	     -0.159
  4488.517 	     -0.151
  4489.322 	     -0.144
  4490.128 	     -0.136
  4490.934 	     -0.128
  4491.740 	     -0.116
  4492.547 	     -0.106
  4493.353 	     -0.141
  4494.160 	     -0.149
  4494.966 	     -0.069
  4495.773 	     -0.203
  4496.580 	     -0.081
  4497.387 	     -0.179
  4498.194 	     -0.275
  4499.002 	     -0.187
  4499.809 	     -0.142
  4500.617 	     -0.111
  4501.425 	     -0.077
  4502.233 	     -0.035
  4503.041 	      0.018
  4503.849 	      0.033
  4504.658 	     -0.038
  4505.466 	     -0.123
  4506.275 	     -0.187
  4507.084 	     -0.206
  4507.893 	     -0.181
  4508.702 	     -0.199
  4509.511 	     -0.217
  4510.321 	     -0.192
  4511.130 	     -0.097
  4511.940 	      0.089
  4512.750 	      0.120
  4513.560 	      0.066
  4514.370 	     -0.001
  4515.180 	     -0.048
  4515.991 	     -0.054
  4516.802 	     -0.084
  4517.612 	     -0.093
  4518.423 	     -0.057
  4519.234 	      0.022
  4520.045 	      0.107
  4520.857 	      0.041
  4521.668 	     -0.072
  4522.480 	     -0.156
  4523.292 	     -0.182
  4524.103 	     -0.126
  4524.916 	     -0.026
  4525.728 	      0.038
  4526.540 	      0.070
  4527.353 	      0.077
  4528.165 	      0.073
  4528.978 	      0.096
  4529.791 	      0.033
  4530.604 	     -0.100
  4531.417 	     -0.247
  4532.231 	     -0.335
  4533.044 	     -0.200
  4533.858 	     -0.065
  4534.672 	      0.006
  4535.486 	      0.014
  4536.300 	     -0.037
  4537.114 	     -0.136
  4537.928 	     -0.141
  4538.743 	     -0.090
  4539.558 	     -0.034
  4540.372 	     -0.009
  4541.187 	     -0.078
  4542.002 	     -0.111
  4542.818 	     -0.137
  4543.633 	     -0.119
  4544.449 	     -0.059
  4545.264 	      0.010
  4546.080 	      0.009
  4546.896 	     -0.030
  4547.712 	     -0.071
  4548.529 	     -0.103
  4549.345 	     -0.120
  4550.162 	     -0.175
  4550.979 	     -0.167
  4551.795 	     -0.110
  4552.612 	     -0.029
  4553.430 	      0.041
  4554.247 	      0.009
  4555.064 	     -0.116
  4555.882 	     -0.169
  4556.700 	     -0.159
  4557.518 	     -0.094
  4558.336 	      0.024
  4559.154 	      0.054
  4559.972 	     -0.020
  4560.791 	     -0.120
  4561.609 	     -0.192
  4562.428 	     -0.151
  4563.247 	     -0.028
  4564.066 	      0.010
  4564.885 	     -0.007
  4565.705 	     -0.064
  4566.524 	     -0.140
  4567.344 	     -0.139
  4568.164 	     -0.065
  4568.984 	     -0.050
  4569.804 	     -0.107
  4570.624 	     -0.219
  4571.445 	     -0.283
  4572.265 	     -0.145
  4573.086 	     -0.050
  4573.907 	     -0.049
  4574.728 	     -0.117
  4575.549 	     -0.180
  4576.370 	     -0.107
  4577.192 	     -0.052
  4578.013 	     -0.034
  4578.835 	     -0.066
  4579.657 	     -0.150
  4580.479 	     -0.261
  4581.301 	     -0.245
  4582.123 	     -0.139
  4582.946 	     -0.010
  4583.768 	      0.097
  4584.591 	      0.128
  4585.414 	      0.021
  4586.237 	     -0.109
  4587.060 	     -0.148
  4587.884 	     -0.099
  4588.707 	      0.008
  4589.531 	     -0.038
  4590.355 	     -0.161
  4591.179 	     -0.157
  4592.003 	     -0.077
  4592.827 	      0.026
  4593.651 	      0.037
  4594.476 	     -0.061
  4595.301 	     -0.109
  4596.125 	     -0.130
  4596.950 	     -0.142
  4597.776 	     -0.169
  4598.601 	     -0.220
  4599.426 	     -0.212
  4600.252 	     -0.199
  4601.078 	     -0.197
  4601.903 	     -0.209
  4602.730 	     -0.219
  4603.556 	     -0.151
  4604.382 	     -0.078
  4605.208 	     -0.023
  4606.035 	     -0.006
  4606.862 	     -0.040
  4607.689 	     -0.135
  4608.516 	     -0.168
  4609.343 	     -0.133
  4610.170 	     -0.069
  4610.998 	     -0.001
  4611.826 	      0.042
  4612.653 	      0.033
  4613.481 	     -0.022
  4614.309 	     -0.068
  4615.138 	     -0.088
  4615.966 	     -0.075
  4616.795 	     -0.037
  4617.623 	      0.005
  4618.452 	      0.028
  4619.281 	      0.034
  4620.110 	      0.022
  4620.940 	     -0.001
  4621.769 	     -0.028
  4622.599 	     -0.027
  4623.428 	     -0.019
  4624.258 	     -0.029
  4625.088 	     -0.064
  4625.918 	     -0.118
  4626.749 	     -0.129
  4627.579 	     -0.087
  4628.410 	     -0.040
  4629.241 	     -0.014
  4630.072 	     -0.029
  4630.903 	     -0.131
  4631.734 	     -0.248
  4632.565 	     -0.252
  4633.397 	     -0.200
  4634.229 	     -0.146
  4635.060 	     -0.148
  4635.892 	     -0.204
  4636.724 	     -0.163
  4637.557 	     -0.095
  4638.389 	     -0.043
  4639.222 	     -0.032
  4640.054 	     -0.071
  4640.887 	     -0.135
  4641.720 	     -0.151
  4642.553 	     -0.132
  4643.387 	     -0.094
  4644.220 	     -0.063
  4645.054 	     -0.081
  4645.888 	     -0.145
  4646.722 	     -0.214
  4647.556 	     -0.244
  4648.390 	     -0.221
  4649.224 	     -0.149
  4650.059 	     -0.101
  4650.893 	     -0.171
  4651.728 	     -0.216
  4652.563 	     -0.194
  4653.398 	     -0.111
  4654.234 	      0.010
  4655.069 	      0.130
  4655.905 	      0.150
  4656.740 	      0.098
  4657.576 	      0.023
  4658.412 	     -0.048
  4659.248 	     -0.095
  4660.085 	     -0.115
  4660.921 	     -0.121
  4661.758 	     -0.133
  4662.594 	     -0.148
  4663.431 	     -0.164
  4664.268 	     -0.178
  4665.106 	     -0.185
  4665.943 	     -0.221
  4666.781 	     -0.256
  4667.618 	     -0.258
  4668.456 	     -0.220
  4669.294 	     -0.155
  4670.132 	     -0.166
  4670.970 	     -0.216
  4671.809 	     -0.191
  4672.647 	     -0.119
  4673.486 	     -0.041
  4674.325 	     -0.005
  4675.164 	     -0.063
  4676.003 	     -0.145
  4676.843 	     -0.211
  4677.682 	     -0.239
  4678.522 	     -0.221
  4679.361 	     -0.163
  4680.201 	     -0.050
  4681.041 	      0.001
  4681.882 	     -0.010
  4682.722 	     -0.061
  4683.563 	     -0.122
  4684.403 	     -0.156
  4685.244 	     -0.153
  4686.085 	     -0.146
  4686.926 	     -0.039
  4687.767 	      0.013
  4688.609 	      0.046
  4689.450 	      0.252
  4690.292 	     -0.226
  4691.134 	      0.132
  4691.976 	      0.027
  4692.818 	     -0.052
  4693.661 	     -0.010
  4694.503 	     -0.037
  4695.346 	      0.127
  4696.189 	      0.015
  4697.032 	      0.076
  4697.875 	      0.122
  4698.718 	      0.135
  4699.561 	      0.169
  4700.405 	     -0.063
  4701.249 	      0.151
  4702.092 	      0.401
  4702.936 	      0.475
  4703.781 	      0.439
  4704.625 	      0.416
  4705.469 	      0.058
  4706.314 	      0.074
  4707.159 	      0.175
  4708.004 	      0.197
  4708.849 	      0.153
  4709.694 	      0.109
  4710.539 	      0.144
  4711.385 	      0.146
  4712.231 	      0.206
  4713.076 	      0.256
  4713.922 	      0.255
  4714.768 	      0.188
  4715.615 	      0.084
  4716.461 	      0.021
  4717.308 	     -0.146
  4718.154 	     -0.163
  4719.001 	     -0.082
  4719.848 	      0.003
  4720.696 	     -0.020
  4721.543 	     -0.035
  4722.390 	     -0.181
  4723.238 	     -0.134
  4724.086 	     -0.057
  4724.934 	     -0.011
  4725.782 	      0.005
  4726.630 	     -0.027
  4727.479 	     -0.071
  4728.327 	     -0.016
  4729.176 	      0.071
  4730.025 	      0.069
  4730.874 	     -0.018
  4731.723 	      0.217
  4732.572 	      0.001
  4733.422 	     -0.016
  4734.271 	     -0.035
  4735.121 	     -0.099
  4735.971 	     -0.179
  4736.821 	     -0.174
  4737.671 	      0.034
  4738.522 	      0.024
  4739.372 	      0.039
  4740.223 	      0.123
  4741.074 	      0.207
  4741.925 	      0.166
  4742.776 	     -0.181
  4743.627 	     -0.119
  4744.479 	     -0.072
  4745.330 	      0.008
  4746.182 	      0.114
  4747.034 	      0.183
  4747.886 	      0.075
  4748.738 	     -0.105
  4749.591 	     -0.068
  4750.443 	     -0.027
  4751.296 	      0.069
  4752.149 	      0.159
  4753.002 	      0.133
  4753.855 	     -0.027
  4754.708 	     -0.003
  4755.562 	     -0.019
  4756.415 	     -0.049
  4757.269 	     -0.004
  4758.123 	      0.078
  4758.977 	     -0.049
  4759.831 	     -0.052
  4760.686 	     -0.021
  4761.540 	     -0.084
  4762.395 	     -0.040
  4763.250 	      0.026
  4764.105 	     -0.030
  4764.960 	      0.051
  4765.815 	      0.002
  4766.671 	     -0.044
  4767.526 	     -0.043
  4768.382 	     -0.008
  4769.238 	      0.047
  4770.094 	      0.119
  4770.950 	      0.030
  4771.807 	     -0.038
  4772.663 	      0.017
  4773.520 	      0.064
  4774.377 	      0.052
  4775.234 	     -0.012
  4776.091 	     -0.068
  4776.948 	      0.031
  4777.805 	      0.031
  4778.663 	      0.029
  4779.521 	      0.008
  4780.379 	     -0.020
  4781.237 	     -0.026
  4782.095 	      0.047
  4782.953 	      0.039
  4783.812 	      0.108
  4784.670 	      0.166
  4785.529 	      0.115
  4786.388 	     -0.018
  4787.247 	     -0.082
  4788.107 	      0.133
  4788.966 	     -0.050
  4789.826 	     -0.132
  4790.686 	     -0.097
  4791.545 	     -0.008
  4792.405 	      0.056
  4793.266 	      0.044
  4794.126 	      0.175
  4794.987 	      0.146
  4795.847 	      0.100
  4796.708 	      0.101
  4797.569 	      0.115
  4798.430 	      0.107
  4799.292 	      0.095
  4800.153 	     -0.078
  4801.015 	      0.012
  4801.876 	      0.012
  4802.738 	      0.040
  4803.600 	     -0.040
  4804.463 	     -0.233
  4805.325 	     -0.060
  4806.188 	     -0.079
  4807.050 	      0.030
  4807.913 	     -0.067
  4808.776 	     -0.062
  4809.639 	     -0.049
  4810.503 	     -0.125
  4811.366 	      0.080
  4812.230 	      0.031
  4813.093 	      0.093
  4813.957 	     -0.037
  4814.821 	      0.020
  4815.686 	      0.143
  4816.550 	      0.103
  4817.415 	      0.042
  4818.279 	      0.097
  4819.144 	      0.089
  4820.009 	      0.093
  4820.874 	      0.094
  4821.740 	      0.063
  4822.605 	      0.004
  4823.471 	      0.001
  4824.337 	     -0.024
  4825.203 	      0.007
  4826.069 	      0.026
  4826.935 	      0.099
  4827.801 	      0.133
  4828.668 	      0.077
  4829.535 	      0.062
  4830.401 	      0.107
  4831.269 	      0.072
  4832.136 	      0.002
  4833.003 	     -0.003
  4833.871 	      0.091
  4834.738 	      0.197
  4835.606 	      0.139
  4836.474 	      0.125
  4837.342 	      0.159
  4838.210 	      0.079
  4839.079 	      0.042
  4839.947 	      0.117
  4840.816 	      0.234
  4841.685 	      0.226
  4842.554 	      0.046
  4843.423 	     -0.020
  4844.293 	      0.059
  4845.162 	      0.088
  4846.032 	      0.042
  4846.902 	     -0.039
  4847.772 	     -0.081
  4848.642 	     -0.033
  4849.512 	      0.071
  4850.383 	     -0.021
  4851.253 	     -0.089
  4852.124 	     -0.027
  4852.995 	      0.126
  4853.866 	      0.188
  4854.737 	     -0.099
  4855.609 	      0.040
  4856.480 	      0.115
  4857.352 	     -0.004
  4858.224 	      0.083
  4859.096 	      0.194
  4859.968 	      0.185
  4860.841 	      0.117
  4861.713 	      0.081
  4862.586 	      0.147
  4863.459 	      0.076
  4864.332 	     -0.020
  4865.205 	      0.009
  4866.078 	      0.114
  4866.951 	      0.155
  4867.825 	      0.080
  4868.699 	      0.102
  4869.573 	      0.103
  4870.447 	      0.119
  4871.321 	     -0.021
  4872.195 	     -0.063
  4873.070 	      0.025
  4873.945 	     -0.002
  4874.819 	      0.063
  4875.694 	     -0.068
  4876.570 	     -0.041
  4877.445 	      0.080
  4878.320 	      0.089
  4879.196 	     -0.021
  4880.072 	     -0.091
  4880.948 	      0.073
  4881.824 	      0.157
  4882.700 	     -0.057
  4883.577 	     -0.030
  4884.453 	      0.041
  4885.330 	      0.053
  4886.207 	      0.068
  4887.084 	      0.166
  4887.961 	      0.130
  4888.838 	      0.182
  4889.716 	      0.196
  4890.594 	      0.001
  4891.472 	      0.011
  4892.350 	      0.125
  4893.228 	      0.193
  4894.106 	      0.228
  4894.984 	      0.288
  4895.863 	      0.216
  4896.742 	      0.109
  4897.621 	      0.012
  4898.500 	      0.012
  4899.379 	      0.055
  4900.259 	      0.088
  4901.138 	      0.131
  4902.018 	      0.145
  4902.898 	      0.124
  4903.778 	      0.129
  4904.658 	      0.315
  4905.538 	      0.554
  4906.419 	      0.877
  4907.300 	      1.251
  4908.180 	      1.399
  4909.061 	      1.047
  4909.943 	      0.578
  4910.824 	      0.345
  4911.705 	      0.236
  4912.587 	      0.152
  4913.469 	      0.071
  4914.351 	      0.011
  4915.233 	     -0.015
  4916.115 	      0.115
  4916.998 	      0.072
  4917.880 	      0.055
  4918.763 	      0.039
  4919.646 	      0.038
  4920.529 	     -0.018
  4921.412 	     -0.112
  4922.295 	     -0.075
  4923.179 	     -0.071
  4924.063 	     -0.072
  4924.947 	      0.078
  4925.831 	      0.077
  4926.715 	      0.127
  4927.599 	      0.083
  4928.484 	     -0.107
  4929.368 	     -0.172
  4930.253 	     -0.135
  4931.138 	     -0.040
  4932.023 	     -0.101
  4932.908 	      0.056
  4933.794 	     -0.016
  4934.679 	     -0.049
  4935.565 	     -0.017
  4936.451 	     -0.222
  4937.337 	      0.027
  4938.223 	      0.004
  4939.110 	     -0.023
  4939.996 	     -0.071
  4940.883 	      0.007
  4941.770 	      0.005
  4942.657 	     -0.074
  4943.544 	     -0.055
  4944.431 	      0.027
  4945.319 	     -0.056
  4946.207 	     -0.119
  4947.094 	      0.026
  4947.982 	      0.035
  4948.871 	      0.042
  4949.759 	      0.104
  4950.647 	      0.124
  4951.536 	     -0.000
  4952.425 	      0.080
  4953.314 	     -0.075
  4954.203 	     -0.037
  4955.092 	     -0.042
  4955.981 	     -0.098
  4956.871 	     -0.194
  4957.761 	     -0.219
  4958.651 	     -0.094
  4959.541 	     -0.027
  4960.431 	      0.047
  4961.321 	      0.094
  4962.212 	      0.161
  4963.103 	      0.086
  4963.993 	      0.036
  4964.884 	     -0.003
  4965.776 	     -0.063
  4966.667 	     -0.035
  4967.558 	      0.042
  4968.450 	      0.079
  4969.342 	      0.011
  4970.234 	     -0.145
  4971.126 	     -0.257
  4972.018 	     -0.232
  4972.911 	     -0.109
  4973.803 	     -0.007
  4974.696 	      0.004
  4975.589 	      0.054
  4976.482 	      0.048
  4977.375 	      0.050
  4978.269 	     -0.004
  4979.162 	      0.003
  4980.056 	      0.044
  4980.950 	      0.044
  4981.844 	      0.004
  4982.738 	      0.046
  4983.633 	      0.042
  4984.527 	     -0.010
  4985.422 	      0.040
  4986.317 	      0.028
  4987.212 	     -0.056
  4988.107 	     -0.078
  4989.002 	     -0.043
  4989.898 	     -0.052
  4990.794 	      0.033
  4991.689 	      0.156
  4992.585 	     -0.018
  4993.482 	     -0.019
  4994.378 	      0.063
  4995.274 	      0.127
  4996.171 	      0.103
  4997.068 	      0.017
  4997.965 	     -0.025
  4998.862 	      0.053
  4999.759 	      0.187
  5000.657 	      0.052
  5001.554 	      0.113
  5002.452 	      0.171
  5003.350 	      0.140
  5004.248 	      0.107
  5005.146 	      0.083
  5006.045 	      0.017
  5006.943 	     -0.007
  5007.842 	     -0.009
  5008.741 	      0.152
  5009.640 	      0.146
  5010.539 	      0.120
  5011.438 	     -0.016
  5012.338 	     -0.139
  5013.238 	     -0.169
  5014.137 	     -0.116
  5015.037 	     -0.026
  5015.938 	     -0.055
  5016.838 	      0.086
  5017.738 	      0.023
  5018.639 	      0.044
  5019.540 	      0.145
  5020.441 	      0.183
  5021.342 	      0.124
  5022.243 	      0.065
  5023.145 	      0.105
  5024.046 	      0.157
  5024.948 	      0.042
  5025.850 	      0.125
  5026.752 	     -0.041
  5027.655 	     -0.003
  5028.557 	      0.089
  5029.460 	      0.043
  5030.362 	     -0.110
  5031.265 	     -0.134
  5032.168 	      0.112
  5033.072 	      0.143
  5033.975 	      0.090
  5034.879 	      0.114
  5035.782 	     -0.070
  5036.686 	     -0.061
  5037.590 	     -0.057
  5038.495 	     -0.046
  5039.399 	      0.041
  5040.304 	      0.139
  5041.208 	      0.176
  5042.113 	      0.079
  5043.018 	      0.036
  5043.923 	      0.074
  5044.829 	      0.068
  5045.734 	      0.061
  5046.640 	      0.121
  5047.546 	      0.088
  5048.452 	     -0.017
  5049.358 	      0.040
  5050.264 	      0.022
  5051.171 	      0.148
  5052.078 	      0.385
  5052.984 	      0.604
  5053.891 	      0.692
  5054.799 	      0.564
  5055.706 	      0.377
  5056.613 	      0.212
  5057.521 	      0.099
  5058.429 	      0.062
  5059.337 	     -0.018
  5060.245 	      0.121
  5061.153 	      0.098
  5062.062 	      0.039
  5062.970 	      0.014
  5063.879 	     -0.039
  5064.788 	     -0.035
  5065.697 	      0.032
  5066.606 	      0.077
  5067.516 	      0.035
  5068.425 	     -0.051
  5069.335 	     -0.070
  5070.245 	     -0.046
  5071.155 	      0.007
  5072.065 	      0.086
  5072.976 	      0.055
  5073.886 	     -0.005
  5074.797 	     -0.023
  5075.708 	     -0.006
  5076.619 	      0.027
  5077.530 	      0.100
  5078.442 	      0.180
  5079.353 	      0.117
  5080.265 	      0.056
  5081.177 	      0.070
  5082.089 	      0.031
  5083.001 	     -0.022
  5083.914 	     -0.023
  5084.826 	      0.069
  5085.739 	      0.175
  5086.652 	      0.159
  5087.565 	      0.075
  5088.478 	     -0.014
  5089.391 	     -0.108
  5090.305 	     -0.015
  5091.219 	      0.044
  5092.132 	      0.040
  5093.046 	      0.064
  5093.961 	      0.073
  5094.875 	      0.025
  5095.789 	     -0.026
  5096.704 	     -0.007
  5097.619 	      0.051
  5098.534 	     -0.008
  5099.449 	      0.037
  5100.364 	      0.109
  5101.280 	      0.016
  5102.196 	      0.118
  5103.111 	      0.102
  5104.027 	      0.055
  5104.944 	      0.060
  5105.860 	      0.035
  5106.776 	      0.060
  5107.693 	      0.072
  5108.610 	     -0.158
  5109.527 	     -0.063
  5110.444 	     -0.028
  5111.361 	      0.106
  5112.279 	      0.152
  5113.196 	      0.138
  5114.114 	      0.073
  5115.032 	      0.075
  5115.950 	      0.167
  5116.868 	      0.124
  5117.787 	      0.037
  5118.706 	      0.102
  5119.624 	      0.025
  5120.543 	      0.211
  5121.462 	      0.244
  5122.382 	      0.073
  5123.301 	      0.034
  5124.221 	      0.135
  5125.141 	      0.156
  5126.060 	      0.089
  5126.981 	      0.063
  5127.901 	     -0.096
  5128.821 	      0.048
  5129.742 	      0.010
  5130.663 	      0.075
  5131.584 	      0.021
  5132.505 	      0.087
  5133.426 	      0.072
  5134.347 	      0.166
  5135.269 	      0.100
  5136.191 	     -0.019
  5137.113 	      0.092
  5138.035 	      0.089
  5138.957 	      0.153
  5139.879 	     -0.128
  5140.802 	     -0.039
  5141.725 	      0.049
  5142.648 	      0.215
  5143.571 	      0.230
  5144.494 	      0.059
  5145.417 	      0.023
  5146.341 	      0.088
  5147.265 	      0.105
  5148.189 	      0.061
  5149.113 	     -0.033
  5150.037 	      0.090
  5150.961 	     -0.004
  5151.886 	     -0.009
  5152.811 	      0.044
  5153.736 	      0.024
  5154.661 	      0.072
  5155.586 	      0.113
  5156.511 	      0.159
  5157.437 	      0.095
  5158.363 	     -0.015
  5159.289 	     -0.016
  5160.215 	     -0.022
  5161.141 	     -0.036
  5162.067 	     -0.102
  5162.994 	     -0.012
  5163.921 	      0.067
  5164.848 	      0.182
  5165.775 	      0.170
  5166.702 	      0.084
  5167.629 	     -0.002
  5168.557 	     -0.015
  5169.485 	      0.034
  5170.412 	      0.089
  5171.341 	      0.088
  5172.269 	     -0.004
  5173.197 	      0.127
  5174.126 	      0.043
  5175.054 	     -0.094
  5175.983 	     -0.018
  5176.912 	      0.103
  5177.842 	      0.078
  5178.771 	      0.018
  5179.701 	      0.071
  5180.630 	      0.151
  5181.560 	      0.141
  5182.490 	      0.067
  5183.421 	      0.037
  5184.351 	      0.104
  5185.282 	      0.069
  5186.212 	      0.059
  5187.143 	      0.064
  5188.074 	     -0.024
  5189.006 	      0.017
  5189.937 	      0.137
  5190.868 	      0.123
  5191.800 	      0.044
  5192.732 	      0.041
  5193.664 	      0.038
  5194.596 	     -0.048
  5195.529 	     -0.074
  5196.461 	     -0.055
  5197.394 	     -0.469
  5198.327 	     -0.884
  5199.260 	     -0.886
  5200.193 	     -0.888
  5201.127 	     -0.890
  5202.060 	     -0.892
  5202.994 	     -0.893
  5203.928 	     -0.893
  5204.862 	     -0.892
  5205.796 	     -0.890
  5206.731 	     -0.886
  5207.665 	     -0.880
  5208.600 	     -0.873
  5209.535 	     -0.864
  5210.470 	     -0.854
  5211.405 	     -0.842
  5212.341 	     -0.830
  5213.276 	     -0.818
  5214.212 	     -0.806
  5215.148 	     -0.796
  5216.084 	     -0.788
  5217.021 	     -0.783
  5217.957 	     -0.781
  5218.894 	     -0.781
  5219.830 	     -0.784
  5220.767 	     -0.789
  5221.704 	     -0.796
  5222.642 	     -0.804
  5223.579 	     -0.812
  5224.517 	     -0.821
  5225.454 	     -0.828
  5226.392 	     -0.838
  5227.331 	     -0.246
  5228.269 	      0.022
  5229.207 	      0.112
  5230.146 	      0.096
  5231.085 	      0.022
  5232.024 	     -0.061
  5232.963 	     -0.086
  5233.902 	     -0.011
  5234.842 	      0.064
  5235.781 	      0.022
  5236.721 	      0.084
  5237.661 	      0.189
  5238.601 	      0.014
  5239.541 	     -0.049
  5240.482 	     -0.057
  5241.423 	      0.100
  5242.363 	      0.046
  5243.304 	      0.064
  5244.245 	      0.205
  5245.187 	      0.235
  5246.128 	      0.228
  5247.070 	      0.168
  5248.012 	      0.098
  5248.954 	      0.235
  5249.896 	      0.138
  5250.838 	      0.174
  5251.781 	      0.198
  5252.723 	      0.024
  5253.666 	      0.051
  5254.609 	     -0.013
  5255.552 	     -0.012
  5256.496 	     -0.004
  5257.439 	      0.183
  5258.383 	      0.100
  5259.327 	      0.020
  5260.271 	      0.035
  5261.215 	      0.033
  5262.159 	      0.063
  5263.104 	      0.139
  5264.049 	      0.138
  5264.994 	      0.059
  5265.939 	     -0.003
  5266.884 	     -0.096
  5267.829 	      0.003
  5268.775 	      0.183
  5269.721 	      0.332
  5270.666 	      0.205
  5271.612 	      0.142
  5272.559 	      0.096
  5273.505 	     -0.026
  5274.452 	     -0.162
  5275.398 	     -0.056
  5276.345 	      0.064
  5277.292 	      0.005
  5278.240 	     -0.042
  5279.187 	     -0.094
  5280.135 	     -0.076
  5281.082 	     -0.022
  5282.030 	     -0.076
  5282.979 	      0.038
  5283.927 	     -0.040
  5284.875 	     -0.206
  5285.824 	     -0.114
  5286.773 	     -0.048
  5287.722 	      0.135
  5288.671 	      0.120
  5289.620 	      0.060
  5290.569 	      0.133
  5291.519 	      0.169
  5292.469 	      0.113
  5293.419 	      0.059
  5294.369 	      0.038
  5295.319 	      0.061
  5296.270 	      0.035
  5297.220 	      0.019
  5298.171 	      0.061
  5299.122 	     -0.065
  5300.073 	     -0.079
  5301.025 	     -0.010
  5301.976 	     -0.101
  5302.928 	     -0.126
  5303.880 	     -0.094
  5304.832 	     -0.006
  5305.784 	      0.088
  5306.736 	      0.027
  5307.689 	      0.008
  5308.642 	      0.100
  5309.595 	      0.120
  5310.548 	      0.115
  5311.501 	      0.138
  5312.454 	      0.036
  5313.408 	      0.078
  5314.362 	      0.077
  5315.315 	      0.047
  5316.270 	      0.099
  5317.224 	      0.018
  5318.178 	     -0.047
  5319.133 	     -0.064
  5320.088 	      0.034
  5321.043 	      0.095
  5321.998 	      0.080
  5322.953 	      0.103
  5323.908 	      0.055
  5324.864 	      0.006
  5325.820 	     -0.047
  5326.776 	     -0.040
  5327.732 	      0.006
  5328.688 	      0.057
  5329.645 	      0.142
  5330.601 	      0.132
  5331.558 	      0.037
  5332.515 	     -0.025
  5333.472 	      0.050
  5334.430 	     -0.017
  5335.387 	     -0.002
  5336.345 	     -0.041
  5337.303 	      0.049
  5338.261 	      0.049
  5339.219 	      0.022
  5340.177 	      0.024
  5341.136 	     -0.008
  5342.094 	     -0.034
  5343.053 	      0.012
  5344.012 	      0.022
  5344.972 	     -0.020
  5345.931 	     -0.042
  5346.891 	      0.007
  5347.850 	      0.078
  5348.810 	      0.074
  5349.770 	      0.017
  5350.731 	     -0.038
  5351.691 	     -0.121
  5352.652 	     -0.132
  5353.612 	     -0.077
  5354.573 	      0.033
  5355.535 	      0.060
  5356.496 	     -0.015
  5357.457 	      0.018
  5358.419 	     -0.040
  5359.381 	     -0.098
  5360.343 	     -0.050
  5361.305 	      0.037
  5362.267 	      0.068
  5363.230 	      0.095
  5364.192 	      0.085
  5365.155 	     -0.005
  5366.118 	     -0.058
  5367.081 	     -0.007
  5368.045 	      0.075
  5369.008 	      0.086
  5369.972 	      0.006
  5370.936 	     -0.049
  5371.900 	      0.004
  5372.864 	      0.085
  5373.829 	      0.089
  5374.793 	      0.015
  5375.758 	     -0.014
  5376.723 	     -0.002
  5377.688 	      0.019
  5378.653 	      0.013
  5379.619 	     -0.012
  5380.584 	     -0.000
  5381.550 	     -0.016
  5382.516 	     -0.054
  5383.482 	     -0.116
  5384.449 	     -0.081
  5385.415 	     -0.072
  5386.382 	     -0.105
  5387.349 	     -0.527
  5388.316 	     -0.572
  5389.283 	     -0.211
  5390.250 	     -0.194
  5391.218 	     -0.315
  5392.185 	     -0.217
  5393.153 	     -0.136
  5394.121 	     -0.071
  5395.090 	     -0.055
  5396.058 	     -0.099
  5397.027 	     -0.134
  5397.995 	     -0.152
  5398.964 	     -0.113
  5399.933 	     -0.036
  5400.903 	      0.053
  5401.872 	     -0.030
  5402.842 	     -0.066
  5403.811 	     -0.004
  5404.781 	     -0.009
  5405.751 	     -0.004
  5406.722 	     -0.082
  5407.692 	     -0.003
  5408.663 	      0.070
  5409.634 	      0.103
  5410.605 	      0.051
  5411.576 	     -0.048
  5412.547 	      0.004
  5413.519 	      0.044
  5414.491 	      0.057
  5415.462 	      0.073
  5416.434 	      0.060
  5417.407 	     -0.001
  5418.379 	     -0.054
  5419.352 	     -0.012
  5420.324 	     -0.004
  5421.297 	      0.010
  5422.270 	     -0.046
  5423.244 	     -0.083
  5424.217 	     -0.149
  5425.191 	     -0.083
  5426.165 	      0.017
  5427.139 	      0.127
  5428.113 	      0.080
  5429.087 	      0.116
  5430.062 	     -0.008
  5431.036 	      0.040
  5432.011 	      0.046
  5432.986 	     -0.058
  5433.961 	      0.025
  5434.937 	      0.065
  5435.912 	      0.070
  5436.888 	      0.032
  5437.864 	     -0.019
  5438.840 	     -0.044
  5439.816 	      0.066
  5440.793 	      0.087
  5441.769 	      0.057
  5442.746 	      0.094
  5443.723 	      0.091
  5444.700 	      0.028
  5445.677 	      0.039
  5446.655 	      0.105
  5447.632 	      0.092
  5448.610 	      0.020
  5449.588 	      0.021
  5450.566 	      0.051
  5451.545 	     -0.021
  5452.523 	     -0.033
  5453.502 	     -0.001
  5454.481 	      0.023
  5455.460 	      0.038
  5456.439 	      0.010
  5457.419 	     -0.012
  5458.398 	      0.033
  5459.378 	     -0.042
  5460.358 	     -0.079
  5461.338 	     -0.081
  5462.318 	     -0.030
  5463.299 	     -0.035
  5464.279 	      0.026
  5465.260 	      0.059
  5466.241 	      0.134
  5467.222 	     -0.018
  5468.204 	     -0.094
  5469.185 	     -0.056
  5470.167 	     -0.048
  5471.149 	      0.019
  5472.131 	      0.089
  5473.113 	     -0.018
  5474.096 	     -0.058
  5475.078 	     -0.030
  5476.061 	     -0.048
  5477.044 	     -0.055
  5478.027 	      0.003
  5479.010 	      0.082
  5479.994 	      0.051
  5480.977 	     -0.058
  5481.961 	     -0.102
  5482.945 	     -0.056
  5483.929 	     -0.035
  5484.914 	     -0.067
  5485.898 	     -0.065
  5486.883 	     -0.041
  5487.868 	      0.078
  5488.853 	      0.159
  5489.838 	      0.041
  5490.823 	      0.072
  5491.809 	      0.031
  5492.795 	     -0.045
  5493.781 	      0.066
  5494.767 	      0.131
  5495.753 	      0.136
  5496.740 	      0.086
  5497.726 	     -0.046
  5498.713 	      0.061
  5499.700 	      0.075
  5500.687 	     -0.071
  5501.675 	      0.252
  5502.662 	      0.185
  5503.650 	      0.058
  5504.638 	     -0.013
  5505.626 	     -0.035
  5506.614 	      0.001
  5507.602 	      0.138
  5508.591 	      0.050
  5509.580 	     -0.012
  5510.569 	     -0.034
  5511.558 	      0.074
  5512.547 	      0.033
  5513.537 	      0.044
  5514.526 	      0.119
  5515.516 	      0.048
  5516.506 	      0.079
  5517.496 	      0.019
  5518.487 	     -0.086
  5519.477 	     -0.011
  5520.468 	      0.061
  5521.459 	      0.159
  5522.450 	      0.137
  5523.441 	      0.100
  5524.433 	      0.079
  5525.424 	      0.092
  5526.416 	      0.079
  5527.408 	     -0.013
  5528.400 	     -0.037
  5529.392 	      0.035
  5530.385 	      0.037
  5531.378 	     -0.044
  5532.370 	     -0.023
  5533.363 	      0.155
  5534.357 	      0.147
  5535.350 	      0.033
  5536.344 	      0.056
  5537.337 	      0.078
  5538.331 	      0.107
  5539.325 	      0.027
  5540.320 	     -0.021
  5541.314 	      0.019
  5542.309 	      0.027
  5543.304 	     -0.078
  5544.299 	     -0.036
  5545.294 	      0.090
  5546.289 	      0.006
  5547.285 	      0.038
  5548.280 	      0.112
  5549.276 	      0.097
  5550.272 	      0.024
  5551.269 	      0.090
  5552.265 	      0.033
  5553.262 	      0.104
  5554.259 	      0.006
  5555.255 	     -0.055
  5556.253 	     -0.059
  5557.250 	      0.025
  5558.247 	      0.070
  5559.245 	      0.064
  5560.243 	      0.059
  5561.241 	      0.119
  5562.239 	      0.050
  5563.238 	     -0.054
  5564.236 	     -0.015
  5565.235 	     -0.022
  5566.234 	      0.042
  5567.233 	      0.048
  5568.232 	      0.096
  5569.232 	      0.088
  5570.231 	      0.081
  5571.231 	      0.073
  5572.231 	      0.067
  5573.232 	      0.062
  5574.232 	      0.057
  5575.232 	      0.054
  5576.233 	      0.051
  5577.234 	      0.049
  5578.235 	      0.046
  5579.236 	      0.044
  5580.238 	      0.041
  5581.240 	      0.037
  5582.241 	      0.032
  5583.243 	      0.026
  5584.246 	      0.020
  5585.248 	      0.013
  5586.250 	      0.006
  5587.253 	     -0.002
  5588.256 	     -0.009
  5589.259 	     -0.016
  5590.262 	     -0.017
  5591.266 	      0.072
  5592.269 	      0.168
  5593.273 	     -0.050
  5594.277 	      0.023
  5595.281 	      0.016
  5596.286 	     -0.188
  5597.290 	     -0.009
  5598.295 	     -0.091
  5599.300 	      0.028
  5600.305 	     -0.073
  5601.310 	     -0.008
  5602.315 	     -0.003
  5603.321 	      0.025
  5604.327 	      0.011
  5605.333 	      0.004
  5606.339 	      0.083
  5607.345 	      0.039
  5608.352 	     -0.066
  5609.358 	     -0.016
  5610.365 	     -0.035
  5611.372 	      0.015
  5612.379 	     -0.005
  5613.387 	      0.011
  5614.394 	      0.253
  5615.402 	      0.063
  5616.410 	     -0.111
  5617.418 	      0.117
  5618.427 	      0.007
  5619.435 	     -0.143
  5620.444 	     -0.033
  5621.453 	      0.019
  5622.462 	     -0.054
  5623.471 	     -0.177
  5624.480 	     -0.060
  5625.490 	      0.039
  5626.499 	      0.094
  5627.509 	      0.121
  5628.520 	      0.054
  5629.530 	     -0.084
  5630.540 	      0.064
  5631.551 	     -0.016
  5632.562 	      0.049
  5633.573 	      0.062
  5634.584 	     -0.080
  5635.595 	      0.066
  5636.607 	     -0.102
  5637.619 	     -0.108
  5638.631 	     -0.121
  5639.643 	      0.072
  5640.655 	      0.058
  5641.668 	     -0.005
  5642.680 	      0.052
  5643.693 	     -0.003
  5644.706 	     -0.070
  5645.719 	      0.038
  5646.733 	      0.033
  5647.746 	      0.029
  5648.760 	      0.064
  5649.774 	     -0.074
  5650.788 	     -0.110
  5651.802 	     -0.020
  5652.817 	      0.042
  5653.831 	     -0.068
  5654.846 	     -0.131
  5655.861 	     -0.125
  5656.876 	     -0.120
  5657.892 	     -0.114
  5658.907 	     -0.109
  5659.923 	     -0.103
  5660.939 	     -0.096
  5661.955 	     -0.088
  5662.972 	     -0.079
  5663.988 	     -0.068
  5665.005 	     -0.057
  5666.022 	     -0.044
  5667.039 	     -0.031
  5668.056 	     -0.018
  5669.073 	     -0.006
  5670.091 	      0.005
  5671.109 	      0.015
  5672.126 	      0.003
  5673.145 	     -0.081
  5674.163 	     -0.065
  5675.181 	     -0.112
  5676.200 	     -0.143
  5677.219 	     -0.246
  5678.238 	     -0.120
  5679.257 	     -0.021
  5680.277 	     -0.123
  5681.296 	     -0.075
  5682.316 	      0.039
  5683.336 	      0.017
  5684.356 	     -0.046
  5685.376 	      0.022
  5686.397 	     -0.089
  5687.418 	     -0.137
  5688.438 	     -0.089
  5689.459 	     -0.034
  5690.481 	     -0.035
  5691.502 	     -0.030
  5692.524 	     -0.042
  5693.545 	     -0.062
  5694.567 	     -0.072
  5695.590 	     -0.171
  5696.612 	     -0.196
  5697.634 	     -0.126
  5698.657 	     -0.056
  5699.680 	     -0.051
  5700.703 	     -0.084
  5701.726 	     -0.092
  5702.750 	     -0.140
  5703.773 	     -0.083
  5704.797 	     -0.048
  5705.821 	     -0.050
  5706.845 	     -0.086
  5707.870 	     -0.205
  5708.894 	     -0.203
  5709.919 	     -0.059
  5710.944 	     -0.029
  5711.969 	     -0.092
  5712.994 	     -0.089
  5714.020 	     -0.126
  5715.045 	     -0.169
  5716.071 	     -0.048
  5717.097 	     -0.092
  5718.123 	     -0.091
  5719.150 	     -0.091
  5720.176 	     -0.153
  5721.203 	     -0.144
  5722.230 	     -0.168
  5723.257 	     -0.219
  5724.284 	     -0.182
  5725.312 	     -0.068
  5726.340 	     -0.130
  5727.367 	     -0.126
  5728.396 	     -0.055
  5729.424 	     -0.140
  5730.452 	     -0.077
  5731.481 	     -0.098
  5732.510 	     -0.135
  5733.538 	     -0.106
  5734.568 	     -0.256
  5735.597 	     -0.220
  5736.626 	     -0.153
  5737.656 	     -0.127
  5738.686 	     -0.180
  5739.716 	     -0.145
  5740.746 	     -0.116
  5741.777 	     -0.130
  5742.807 	     -0.240
  5743.838 	     -0.152
  5744.869 	     -0.083
  5745.900 	     -0.140
  5746.932 	     -0.148
  5747.963 	     -0.120
  5748.995 	     -0.135
  5750.027 	     -0.097
  5751.059 	     -0.098
  5752.091 	     -0.077
  5753.124 	     -0.049
  5754.157 	     -0.138
  5755.189 	     -0.208
  5756.222 	     -0.174
  5757.256 	     -0.137
  5758.289 	     -0.147
  5759.323 	     -0.077
  5760.356 	     -0.127
  5761.390 	     -0.146
  5762.425 	     -0.113
  5763.459 	     -0.091
  5764.493 	     -0.096
  5765.528 	     -0.115
  5766.563 	     -0.073
  5767.598 	     -0.088
  5768.633 	     -0.179
  5769.669 	     -0.183
  5770.704 	     -0.199
  5771.740 	     -0.177
  5772.776 	     -0.191
  5773.812 	     -0.206
  5774.849 	     -0.215
  5775.885 	     -0.208
  5776.922 	     -0.172
  5777.959 	     -0.171
  5778.996 	     -0.111
  5780.033 	     -0.068
  5781.071 	     -0.123
  5782.109 	     -0.135
  5783.146 	     -0.151
  5784.185 	     -0.119
  5785.223 	     -0.096
  5786.261 	     -0.125
  5787.300 	     -0.136
  5788.339 	     -0.114
  5789.378 	     -0.141
  5790.417 	     -0.186
  5791.456 	     -0.175
  5792.496 	     -0.103
  5793.535 	     -0.102
  5794.575 	     -0.174
  5795.615 	     -0.176
  5796.656 	     -0.145
  5797.696 	     -0.136
  5798.737 	     -0.097
  5799.778 	     -0.082
  5800.819 	     -0.213
  5801.860 	     -0.225
  5802.901 	     -0.109
  5803.943 	     -0.100
  5804.985 	     -0.107
  5806.027 	     -0.131
  5807.069 	     -0.206
  5808.111 	     -0.133
  5809.154 	     -0.053
  5810.196 	     -0.117
  5811.239 	     -0.169
  5812.282 	     -0.167
  5813.326 	     -0.124
  5814.369 	     -0.117
  5815.413 	     -0.196
  5816.457 	     -0.222
  5817.501 	     -0.202
  5818.545 	     -0.155
  5819.589 	     -0.121
  5820.634 	     -0.158
  5821.679 	     -0.153
  5822.724 	     -0.078
  5823.769 	     -0.020
  5824.814 	     -0.026
  5825.860 	     -0.098
  5826.905 	     -0.196
  5827.951 	     -0.228
  5828.997 	     -0.161
  5830.044 	     -0.039
  5831.090 	     -0.034
  5832.137 	     -0.100
  5833.184 	     -0.108
  5834.231 	     -0.078
  5835.278 	     -0.032
  5836.325 	     -0.106
  5837.373 	     -0.160
  5838.421 	     -0.096
  5839.469 	     -0.098
  5840.517 	     -0.156
  5841.565 	     -0.207
  5842.614 	     -0.171
  5843.663 	     -0.112
  5844.711 	     -0.102
  5845.761 	     -0.086
  5846.810 	     -0.062
  5847.859 	     -0.097
  5848.909 	     -0.067
  5849.959 	     -0.039
  5851.009 	     -0.098
  5852.059 	     -0.148
  5853.110 	     -0.221
  5854.160 	     -0.207
  5855.211 	     -0.171
  5856.262 	     -0.115
  5857.313 	     -0.133
  5858.364 	     -0.066
  5859.416 	     -0.114
  5860.468 	     -0.120
  5861.520 	     -0.077
  5862.572 	     -0.035
  5863.624 	     -0.028
  5864.677 	     -0.030
  5865.729 	     -0.090
  5866.782 	     -0.158
  5867.835 	     -0.191
  5868.888 	     -0.216
  5869.942 	     -0.154
  5870.996 	     -0.125
  5872.049 	     -0.081
  5873.103 	     -0.092
  5874.158 	     -0.115
  5875.212 	     -0.095
  5876.267 	      0.008
  5877.321 	     -0.121
  5878.376 	     -0.132
  5879.431 	     -0.149
  5880.487 	     -0.172
  5888.936 	     -0.171
  5889.993 	     -0.041
  5891.051 	     -0.028
  5892.108 	     -0.026
  5893.166 	     -0.092
  5894.223 	     -0.172
  5895.281 	     -0.233
  5896.340 	     -0.271
  5897.398 	     -0.120
  5898.456 	     -0.065
  5899.515 	     -0.092
  5900.574 	     -0.189
  5901.633 	     -0.207
  5902.693 	     -0.045
  5903.752 	      0.094
  5904.812 	     -0.099
  5905.872 	     -0.140
  5906.932 	     -0.099
  5907.992 	      0.092
  5909.052 	      0.082
  5910.113 	      0.049
  5911.174 	      0.065
  5912.235 	      0.177
  5913.296 	      0.053
  5914.358 	     -0.084
  5915.419 	      0.041
  5916.481 	     -0.072
  5917.543 	     -0.103
  5918.605 	     -0.065
  5919.668 	      0.014
  5920.730 	      0.011
  5921.793 	     -0.083
  5922.856 	      0.085
  5923.919 	      0.047
  5924.982 	      0.117
  5926.046 	      0.021
  5927.109 	      0.114
  5928.173 	      0.204
  5929.237 	      0.091
  5930.302 	      0.181
  5931.366 	      0.134
  5932.431 	      0.080
  5933.496 	      0.010
  5934.561 	     -0.032
  5935.626 	      0.024
  5936.691 	      0.016
  5937.757 	      0.007
  5938.823 	      0.080
  5939.889 	      0.090
  5940.955 	     -0.083
  5942.021 	      0.002
  5943.088 	      0.063
  5944.155 	     -0.133
  5945.222 	     -0.099
  5946.289 	     -0.138
  5947.356 	      0.009
  5948.424 	      0.178
  5949.491 	      0.095
  5950.559 	     -0.015
  5951.627 	     -0.178
  5952.696 	     -0.191
  5953.764 	     -0.198
  5954.833 	     -0.122
  5955.902 	      0.088
  5956.971 	      0.146
  5958.040 	     -0.014
  5959.109 	     -0.190
  5960.179 	     -0.018
  5961.249 	      0.013
  5962.319 	      0.034
  5963.389 	     -0.101
  5964.460 	     -0.055
  5965.530 	      0.028
  5966.601 	      0.031
  5967.672 	      0.009
  5968.743 	     -0.007
  5969.814 	      0.041
  5970.886 	      0.157
  5971.958 	      0.189
  5973.030 	     -0.019
  5974.102 	     -0.063
  5975.174 	     -0.098
  5976.247 	     -0.064
  5977.319 	      0.060
  5978.392 	      0.002
  5979.465 	     -0.115
  5980.539 	     -0.102
  5981.612 	      0.058
  5982.686 	      0.061
  5983.760 	      0.098
  5984.834 	      0.079
  5985.908 	      0.006
  5986.982 	     -0.029
  5988.057 	      0.014
  5989.132 	      0.110
  5990.207 	      0.167
  5991.282 	      0.032
  5992.358 	      0.001
  5993.433 	      0.054
  5994.509 	      0.094
  5995.585 	      0.083
  5996.661 	      0.153
  5997.738 	      0.151
  5998.814 	      0.132
  5999.891 	      0.068
  6000.968 	      0.109
  6002.045 	      0.153
  6003.122 	      0.095
  6004.200 	      0.041
  6005.278 	      0.067
  6006.356 	      0.110
  6007.434 	      0.098
  6008.512 	      0.014
  6009.590 	     -0.071
  6010.669 	     -0.034
  6011.748 	      0.064
  6012.827 	      0.093
  6013.906 	      0.036
  6014.986 	     -0.029
  6016.066 	     -0.007
  6017.145 	      0.113
  6018.225 	      0.179
  6019.306 	      0.093
  6020.386 	     -0.022
  6021.467 	     -0.052
  6022.548 	     -0.066
  6023.629 	     -0.085
  6024.710 	     -0.034
  6025.791 	      0.068
  6026.873 	      0.111
  6027.955 	      0.059
  6029.037 	     -0.018
  6030.119 	     -0.016
  6031.201 	      0.088
  6032.284 	      0.128
  6033.367 	     -0.005
  6034.450 	     -0.128
  6035.533 	     -0.069
  6036.616 	      0.043
  6037.700 	      0.077
  6038.783 	      0.106
  6039.867 	      0.148
  6040.951 	      0.117
  6042.036 	      0.030
  6043.120 	     -0.026
  6044.205 	     -0.024
  6045.290 	     -0.002
  6046.375 	     -0.004
  6047.460 	     -0.030
  6048.546 	     -0.048
  6049.631 	     -0.013
  6050.717 	      0.036
  6051.803 	      0.060
  6052.890 	      0.096
  6053.976 	      0.130
  6055.063 	      0.093
  6056.150 	      0.030
  6057.237 	      0.052
  6058.324 	      0.111
  6059.411 	      0.105
  6060.499 	      0.068
  6061.587 	      0.082
  6062.675 	      0.119
  6063.763 	      0.118
  6064.852 	      0.100
  6065.940 	      0.094
  6067.029 	      0.087
  6068.118 	      0.086
  6069.207 	      0.071
  6070.297 	      0.062
  6071.386 	      0.077
  6072.476 	      0.093
  6073.566 	      0.071
  6074.656 	      0.031
  6075.747 	      0.025
  6076.837 	      0.085
  6077.928 	      0.175
  6079.019 	      0.181
  6080.110 	      0.059
  6081.201 	      0.015
  6082.293 	      0.080
  6083.385 	      0.078
  6084.477 	     -0.000
  6085.569 	     -0.014
  6086.661 	      0.035
  6087.754 	      0.058
  6088.846 	      0.056
  6089.939 	      0.067
  6091.032 	      0.076
  6092.126 	      0.069
  6093.219 	      0.074
  6094.313 	      0.095
  6095.407 	      0.070
  6096.501 	      0.024
  6097.595 	      0.044
  6098.690 	      0.084
  6099.784 	      0.057
  6100.879 	      0.030
  6101.974 	      0.111
  6103.070 	      0.209
  6104.165 	      0.189
  6105.261 	      0.183
  6106.357 	      0.208
  6107.453 	      0.187
  6108.549 	      0.092
  6109.646 	      0.114
  6110.742 	      0.198
  6111.839 	      0.207
  6112.936 	      0.034
  6114.033 	      0.034
  6115.131 	     -0.059
  6160.296 	     -0.011
  6161.402 	      0.078
  6162.508 	      0.152
  6163.614 	      0.164
  6164.720 	      0.204
  6165.827 	      0.250
  6166.933 	      0.220
  6168.040 	      0.162
  6169.148 	      0.144
  6170.255 	      0.173
  6171.362 	      0.216
  6172.470 	      0.213
  6173.578 	      0.152
  6174.686 	      0.114
  6175.795 	      0.126
  6176.903 	      0.166
  6178.012 	      0.164
  6179.121 	      0.111
  6180.230 	      0.074
  6181.339 	      0.083
  6182.449 	      0.094
  6183.558 	      0.098
  6184.668 	      0.157
  6185.778 	      0.253
  6186.889 	      0.293
  6187.999 	      0.256
  6189.110 	      0.199
  6190.221 	      0.199
  6191.332 	      0.272
  6192.443 	      0.303
  6193.555 	      0.239
  6194.667 	      0.167
  6195.779 	      0.143
  6196.891 	      0.138
  6198.003 	      0.149
  6199.116 	      0.233
  6200.228 	      0.245
  6201.341 	      0.104
  6202.454 	      0.057
  6203.568 	      0.199
  6204.681 	      0.246
  6205.795 	      0.101
  6206.909 	      0.031
  6208.023 	      0.078
  6209.137 	      0.138
  6210.252 	      0.196
  6211.366 	      0.266
  6212.481 	      0.258
  6213.596 	      0.165
  6214.712 	      0.126
  6215.827 	      0.185
  6216.943 	      0.222
  6218.059 	      0.180
  6219.175 	      0.098
  6220.291 	      0.045
  6221.408 	      0.045
  6222.525 	      0.100
  6223.641 	      0.192
  6224.759 	      0.247
  6225.876 	      0.246
  6226.993 	      0.225
  6228.111 	      0.256
  6229.229 	      0.401
  6230.347 	      0.530
  6231.466 	      0.476
  6232.584 	      0.286
  6233.703 	      0.127
  6234.822 	      0.056
  6235.941 	      0.080
  6237.060 	      0.146
  6238.180 	      0.175
  6239.299 	      0.124
  6240.419 	      0.055
  6241.539 	      0.077
  6242.660 	      0.169
  6243.780 	      0.217
  6244.901 	      0.173
  6246.022 	      0.068
  6247.143 	     -0.007
  6307.984 	      0.011
  6309.117 	     -0.028
  6310.249 	      0.055
  6311.382 	      0.018
  6312.514 	     -0.041
  6313.648 	      0.062
  6314.781 	      0.175
  6315.914 	      0.287
  6317.048 	      0.245
  6318.182 	      0.129
  6319.316 	      0.042
  6320.450 	      0.087
  6321.585 	      0.119
  6322.719 	      0.105
  6323.854 	      0.225
  6324.989 	      0.384
  6326.125 	      0.364
  6327.260 	      0.370
  6328.396 	      0.133
  6329.532 	      0.023
  6330.668 	      0.021
  6331.804 	      0.017
  6332.941 	     -0.011
  6334.078 	      0.094
  6335.215 	      0.117
  6336.352 	      0.090
  6337.489 	      0.125
  6338.627 	      0.114
  6339.764 	      0.064
  6340.902 	      0.114
  6342.041 	      0.138
  6343.179 	      0.058
  6344.317 	      0.127
  6345.456 	      0.154
  6346.595 	      0.077
  6347.734 	      0.109
  6348.874 	      0.168
  6350.013 	      0.214
  6351.153 	      0.333
  6352.293 	      0.337
  6353.433 	      0.221
  6354.574 	      0.066
  6355.714 	      0.001
  6356.855 	      0.168
  6357.996 	      0.549
  6359.138 	      0.895
  6360.279 	      0.987
  6361.421 	      0.797
  6362.563 	      0.313
  6363.705 	     -0.052
  6364.847 	     -0.082
  6365.989 	     -0.038
  6367.132 	      0.086
  6368.275 	      0.100
  6369.418 	     -0.005
  6370.561 	     -0.006
  6371.705 	      0.085
  6372.848 	      0.109
  6373.992 	      0.112
  6375.136 	      0.190
  6376.281 	      0.169
  6377.425 	     -0.022
  6378.570 	      0.019
  6379.715 	      0.048
  6380.860 	      0.157
  6382.005 	      0.272
  6383.151 	      0.183
  6384.297 	      0.095
  6385.443 	      0.097
  6386.589 	      0.093
  6387.735 	      0.163
  6388.882 	      0.117
  6390.028 	      0.071
  6391.175 	      0.026
  6392.323 	      0.074
  6393.470 	      0.155
  6394.618 	      0.073
  6395.765 	      0.160
  6396.913 	      0.150
  6398.062 	      0.014
  6399.210 	      0.111
  6400.359 	      0.130
  6401.508 	      0.169
  6402.657 	      0.221
  6403.806 	      0.245
  6404.955 	      0.244
  6406.105 	      0.177
  6407.255 	      0.159
  6408.405 	      0.217
  6409.555 	      0.026
  6410.706 	      0.037
  6411.856 	      0.127
  6413.007 	      0.147
  6414.158 	      0.120
  6415.310 	      0.091
  6416.461 	      0.062
  6417.613 	     -0.019
  6418.765 	      0.067
  6419.917 	      0.113
  6421.069 	      0.133
  6422.222 	      0.052
  6423.375 	      0.034
  6424.528 	      0.124
  6425.681 	      0.162
  6426.834 	      0.178
  6427.988 	      0.090
  6429.142 	      0.086
  6430.296 	      0.156
  6431.450 	      0.137
  6432.604 	      0.100
  6433.759 	      0.035
  6434.914 	      0.077
  6436.069 	      0.183
  6437.224 	      0.165
  6438.380 	      0.159
  6439.535 	      0.187
  6440.691 	      0.240
  6441.847 	      0.220
  6443.003 	      0.156
  6444.160 	      0.101
  6445.317 	      0.045
  6446.474 	      0.039
  6447.631 	      0.079
  6448.788 	      0.046
  6449.945 	      0.061
  6451.103 	      0.127
  6452.261 	      0.109
  6453.419 	      0.140
  6454.578 	      0.102
  6455.736 	      0.033
  6456.895 	      0.021
  6458.054 	      0.097
  6459.213 	      0.199
  6460.373 	      0.259
  6461.532 	      0.207
  6462.692 	      0.110
  6463.852 	      0.060
  6465.012 	      0.051
  6466.173 	      0.159
  6467.333 	      0.165
  6468.494 	      0.116
  6469.655 	      0.025
  6470.817 	      0.002
  6471.978 	     -0.026
  6473.140 	      0.062
  6474.302 	      0.066
  6475.464 	     -0.043
  6476.626 	      0.017
  6477.789 	     -0.054
  6478.951 	      0.023
  6480.114 	      0.064
  6481.277 	     -0.009
  6482.441 	     -0.057
  6483.604 	     -0.027
  6484.768 	      0.032
  6485.932 	      0.026
  6487.096 	     -0.008
  6488.261 	      0.062
  6489.425 	      0.028
  6490.590 	      0.091
  6491.755 	      0.027
  6492.921 	      0.177
  6494.086 	      0.394
  6495.252 	      0.278
  6496.418 	      0.114
  6497.584 	     -0.049
  6498.750 	     -0.037
  6499.916 	     -0.040
  6501.083 	      0.006
  6502.250 	      0.056
  6503.417 	     -0.024
  6504.584 	     -0.060
  6505.752 	     -0.082
  6506.920 	     -0.029
  6508.088 	     -0.001
  6509.256 	      0.032
  6510.424 	     -0.000
  6511.593 	     -0.046
  6512.762 	     -0.041
  6513.931 	      0.001
  6515.100 	      0.090
  6516.269 	      0.036
  6517.439 	      0.065
  6518.609 	      0.120
  6519.779 	      0.068
  6520.949 	      0.011
  6522.120 	      0.063
  6523.290 	      0.061
  6524.461 	     -0.087
  6525.632 	      0.021
  6526.804 	      0.250
  6527.975 	      0.234
  6529.147 	      0.161
  6530.319 	      0.078
  6531.491 	     -0.014
  6532.664 	     -0.089
  6533.836 	      0.043
  6535.009 	     -0.007
  6536.182 	     -0.086
  6537.355 	     -0.072
  6538.529 	      0.007
  6539.702 	      0.009
  6540.876 	      0.025
  6542.050 	      0.049
  6543.224 	     -0.015
  6544.399 	      0.004
  6545.574 	      0.061
  6546.748 	      0.067
  6547.924 	      0.265
  6549.099 	      0.254
  6550.274 	      0.131
  6551.450 	      0.021
  6552.626 	     -0.082
  6553.802 	     -0.076
  6554.979 	     -0.035
  6556.155 	      0.108
  6557.332 	      0.286
  6558.509 	      0.250
  6559.686 	      0.209
  6560.864 	      0.096
  6562.041 	     -0.077
  6563.219 	     -0.060
  6564.397 	     -0.105
  6565.576 	      0.028
  6566.754 	      0.046
  6567.933 	     -0.033
  6569.112 	      0.006
  6570.291 	      0.013
  6571.470 	      0.094
  6572.650 	      0.160
  6573.830 	      0.189
  6575.010 	      0.195
  6576.190 	      0.196
  6577.370 	      0.196
  6578.551 	      0.196
  6579.732 	      0.196
  6580.913 	      0.195
  6582.094 	      0.194
  6583.275 	      0.192
  6584.457 	      0.190
  6585.639 	      0.188
  6586.821 	      0.186
  6588.003 	      0.184
  6589.186 	      0.171
  6590.368 	      0.189
  6591.551 	      0.184
  6592.735 	      0.068
  6593.918 	      0.027
  6595.102 	      0.078
  6596.285 	      0.155
  6597.469 	      0.135
  6598.654 	      0.167
  6599.838 	      0.214
  6601.023 	      0.142
  6602.207 	      0.074
  6603.393 	      0.100
  6604.578 	      0.118
  6605.763 	      0.201
  6606.949 	      0.269
  6608.135 	      0.505
  6609.321 	      0.951
  6610.507 	      1.286
  6611.694 	      1.319
  6612.881 	      1.175
  6614.068 	      0.916
  6615.255 	      0.590
  6616.442 	      0.379
  6617.630 	      0.363
  6618.818 	      0.402
  6620.006 	      0.502
  6621.194 	      0.734
  6622.383 	      1.436
  6623.571 	      2.788
  6624.760 	      4.718
  6625.949 	      6.395
  6627.139 	      6.412
  6628.328 	      4.698
  6629.518 	      2.721
  6630.708 	      1.218
  6631.898 	      0.532
  6633.089 	      0.267
  6634.279 	      0.261
  6635.470 	      0.301
  6636.661 	      0.398
  6637.852 	      0.257
  6639.044 	      0.344
  6640.235 	      0.202
  6641.427 	      0.394
  6642.619 	      0.764
  6643.812 	      1.215
  6645.004 	      2.266
  6646.197 	      3.250
  6647.390 	      3.705
  6648.583 	      3.084
  6649.777 	      1.851
  6650.970 	      0.954
  6652.164 	      0.557
  6653.358 	      0.306
  6654.552 	      0.200
  6655.747 	      0.290
  6656.941 	      0.182
  6658.136 	      0.099
  6659.331 	      0.149
  6660.527 	      0.295
  6661.722 	      0.260
  6662.918 	      0.123
  6664.114 	      0.102
  6665.310 	      0.144
  6666.507 	      0.094
  6667.703 	      0.120
  6668.900 	      0.213
  6670.097 	      0.147
  6671.294 	     -0.013
  6672.492 	      0.003
  6673.689 	      0.170
  6674.887 	      0.141
  6676.086 	      0.048
  6677.284 	      0.045
  6678.482 	      0.081
  6679.681 	      0.168
  6680.880 	      0.139
  6682.079 	      0.121
  6683.279 	      0.052
  6684.478 	      0.023
  6685.678 	      0.024
  6686.878 	      0.087
  6688.079 	      0.115
  6689.279 	      0.111
  6690.480 	      0.070
  6691.681 	      0.011
  6692.882 	      0.100
  6694.083 	      0.197
  6695.285 	      0.061
  6696.486 	     -0.011
  6697.688 	      0.084
  6698.891 	      0.058
  6700.093 	     -0.014
  6701.296 	      0.036
  6702.499 	      0.111
  6703.702 	      0.175
  6704.905 	     -0.004
  6706.108 	      0.113
  6707.312 	      0.151
  6708.516 	      0.124
  6709.720 	      0.172
  6710.925 	      0.191
  6712.129 	      0.227
  6713.334 	      0.229
  6714.539 	      0.269
  6715.744 	      0.093
  6716.950 	      0.034
  6718.155 	      0.047
  6719.361 	      0.154
  6720.567 	      0.157
  6721.774 	      0.135
  6722.980 	      0.131
  6724.187 	      0.158
  6725.394 	      0.100
  6726.601 	      0.109
  6727.808 	     -0.018
  6729.016 	     -0.034
  6730.224 	      0.005
  6731.432 	     -0.027
  6732.640 	     -0.061
  6733.849 	      0.030
  6735.057 	      0.178
  6736.266 	      0.242
  6737.475 	      0.155
  6738.685 	      0.174
  6739.894 	      0.167
  6741.104 	      0.113
  6742.314 	      0.076
  6743.524 	      0.028
  6744.735 	      0.067
  6745.945 	      0.141
  6747.156 	      0.205
  6748.367 	      0.083
  6749.579 	     -0.086
  6750.790 	     -0.117
  6752.002 	     -0.095
  6753.214 	      0.035
  6754.426 	      0.085
  6755.638 	      0.121
  6756.851 	      0.125
  6758.064 	      0.158
  6759.277 	      0.108
  6760.490 	      0.075
  6761.704 	      0.104
  6762.917 	      0.062
  6764.131 	      0.164
  6765.345 	      0.192
  6766.560 	      0.133
  6767.774 	      0.149
  6768.989 	      0.145
  6770.204 	      0.031
  6771.419 	      0.055
  6772.635 	      0.056
  6773.851 	      0.019
  6775.066 	      0.104
  6776.282 	      0.117
  6777.499 	      0.336
  6778.715 	      0.557
  6779.932 	      1.015
  6781.149 	      1.209
  6782.366 	      1.098
  6783.584 	      0.682
  6784.801 	      0.324
  6786.019 	      0.182
  6787.237 	      0.098
  6788.455 	      0.091
  6789.674 	      0.092
  6790.893 	      0.125
  6792.112 	      0.186
  6793.331 	      0.439
  6794.550 	      0.802
  6795.770 	      1.026
  6796.990 	      0.882
  6798.210 	      0.594
  6799.430 	      0.397
  6800.650 	      0.217
  6801.871 	      0.104
  6803.092 	      0.067
  6804.313 	      0.050
  6805.534 	      0.066
  6806.756 	      0.045
  6807.978 	      0.057
  6809.200 	      0.043
  6810.422 	      0.019
  6864.418 	     -0.551
  6865.650 	     -0.491
  6866.882 	     -0.484
  6868.115 	     -0.453
  6869.347 	     -0.475
  6870.580 	     -0.492
  6871.814 	     -0.420
  6873.047 	     -0.294
  6874.281 	     -0.115
  6875.515 	      0.022
  6876.749 	      0.040
  6877.983 	     -0.001
  6879.218 	     -0.041
  6880.453 	     -0.130
  6881.688 	     -0.174
  6882.923 	     -0.098
  6884.158 	     -0.017
  6885.394 	     -0.040
  6886.630 	     -0.151
  6887.866 	     -0.252
  6889.102 	     -0.225
  6890.339 	     -0.192
  6891.576 	     -0.189
  6892.813 	     -0.224
  6894.050 	     -0.212
  6895.287 	     -0.104
  6896.525 	      0.084
  6897.763 	      0.082
  6899.001 	     -0.036
  6900.239 	     -0.189
  6901.478 	     -0.210
  6902.717 	     -0.164
  6903.956 	     -0.104
  6905.195 	     -0.169
  6906.434 	     -0.035
  6907.674 	      0.139
  6908.914 	      0.149
  6910.154 	      0.034
  6911.395 	     -0.005
  6912.635 	     -0.136
  6913.876 	     -0.082
  6915.117 	     -0.074
  6916.358 	     -0.015
  6917.600 	      0.199
  6918.841 	      0.299
  6920.083 	      0.200
  6921.325 	     -0.090
  6922.568 	     -0.168
  6923.810 	     -0.085
  6925.053 	     -0.085
  6926.296 	     -0.187
  6927.539 	     -0.202
  6928.783 	     -0.216
  6930.026 	     -0.146
  6931.270 	     -0.077
  6932.514 	      0.008
  6933.759 	      0.129
  6935.003 	      0.181
  6936.248 	      0.256
  6937.493 	      0.092
  6938.739 	     -0.136
  6939.984 	     -0.061
  6941.230 	     -0.040
  6942.476 	      0.093
  6943.722 	      0.405
  6944.968 	      0.335
  6946.215 	      0.076
  6947.462 	     -0.157
  6948.709 	     -0.195
  6949.956 	     -0.202
  6951.203 	     -0.223
  6952.451 	     -0.203
  6953.699 	     -0.218
  6954.947 	     -0.172
  6956.196 	     -0.117
  6957.444 	     -0.119
  6958.693 	     -0.030
  6959.942 	      0.004
  6961.191 	     -0.115
  6962.441 	     -0.101
  6963.691 	      0.038
  6964.941 	      0.216
  6966.191 	      0.070
  6967.441 	     -0.123
  6968.692 	     -0.119
  6969.943 	     -0.151
  6971.194 	     -0.040
  6972.445 	      0.090
  6973.696 	      0.267
  6974.948 	      0.177
  6976.200 	      0.100
  6977.452 	      0.017
  6978.705 	     -0.110
  6979.957 	     -0.163
  6981.210 	     -0.075
  6982.463 	     -0.162
  6983.717 	     -0.154
  6984.970 	     -0.099
  6986.224 	     -0.028
  6987.478 	     -0.013
  6988.732 	     -0.044
  6989.987 	     -0.035
  6991.241 	     -0.039
  6992.496 	     -0.076
  6993.751 	     -0.074
  6995.007 	     -0.023
  6996.262 	      0.030
  6997.518 	      0.040
  6998.774 	      0.070
  7000.030 	      0.034
  7001.287 	     -0.010
  7002.544 	     -0.048
  7003.801 	     -0.021
  7005.058 	      0.029
  7006.315 	      0.101
  7007.573 	      0.064
  7008.831 	     -0.015
  7010.089 	     -0.075
  7011.347 	     -0.056
  7012.605 	     -0.100
  7013.864 	     -0.088
  7015.123 	     -0.090
  7016.382 	     -0.098
  7017.642 	     -0.053
  7018.901 	     -0.053
  7020.161 	     -0.044
  7021.421 	     -0.120
  7022.682 	      0.016
  7023.942 	      0.029
  7025.203 	      0.018
  7026.464 	     -0.051
  7027.725 	     -0.041
  7028.987 	     -0.012
  7030.248 	     -0.032
  7031.510 	      0.112
  7032.772 	      0.102
  7034.035 	      0.009
  7035.297 	      0.001
  7036.560 	     -0.063
  7037.823 	     -0.027
  7039.086 	     -0.046
  7040.350 	     -0.019
  7041.614 	     -0.006
  7042.877 	      0.010
  7044.142 	      0.028
  7045.406 	      0.038
  7046.671 	     -0.047
  7047.936 	     -0.053
  7049.201 	     -0.002
  7050.466 	      0.074
  7051.731 	      0.099
  7052.997 	     -0.009
  7054.263 	     -0.015
  7055.529 	     -0.025
  7056.796 	     -0.055
  7058.062 	      0.045
  7059.329 	      0.081
  7060.596 	      0.022
  7061.864 	     -0.027
  7063.131 	     -0.026
  7064.399 	     -0.059
  7065.667 	      0.003
  7066.936 	      0.034
  7068.204 	     -0.058
  7069.473 	     -0.079
  7070.742 	      0.049
  7072.011 	     -0.014
  7073.280 	     -0.076
  7074.550 	     -0.025
  7075.820 	     -0.013
  7077.090 	      0.001
  7078.360 	     -0.061
  7079.631 	     -0.033
  7080.901 	     -0.040
  7082.172 	      0.025
  7083.444 	      0.043
  7084.715 	     -0.014
  7085.987 	      0.023
  7087.259 	      0.007
  7088.531 	     -0.041
  7089.803 	      0.002
  7091.076 	     -0.008
  7092.349 	      0.043
  7093.622 	      0.046
  7094.895 	     -0.102
  7096.168 	      0.007
  7097.442 	     -0.033
  7098.716 	     -0.011
  7099.990 	      0.047
  7101.265 	      0.029
  7102.539 	     -0.035
  7103.814 	     -0.044
  7105.089 	     -0.086
  7106.365 	      0.019
  7107.640 	      0.069
  7108.916 	     -0.138
  7110.192 	     -0.083
  7111.468 	     -0.028
  7112.745 	      0.002
  7114.021 	     -0.007
  7115.298 	     -0.038
  7116.576 	     -0.037
  7117.853 	      0.037
  7119.131 	      0.056
  7120.408 	     -0.001
  7121.687 	      0.051
  7122.965 	      0.004
  7124.243 	     -0.016
  7125.522 	      0.017
  7126.801 	      0.048
  7128.080 	      0.017
  7129.360 	     -0.047
  7130.640 	     -0.005
  7131.919 	      0.070
  7133.200 	     -0.041
  7134.480 	     -0.079
  7135.761 	     -0.022
  7137.041 	      0.054
  7138.323 	      0.064
  7139.604 	      0.068
  7140.885 	     -0.017
  7142.167 	     -0.034
  7143.449 	      0.017
  7144.731 	     -0.017
  7146.014 	      0.013
  7147.296 	     -0.066
  7148.579 	      0.011
  7149.863 	     -0.005
  7151.146 	      0.087
  7152.430 	      0.173
  7153.713 	      0.076
  7154.997 	     -0.040
  7156.282 	      0.018
  7157.566 	     -0.010
  7158.851 	      0.001
  7160.136 	      0.015
  7161.421 	     -0.036
  7162.707 	     -0.055
  7163.992 	     -0.037
  7165.278 	     -0.047
  7166.564 	     -0.084
  7167.851 	     -0.060
  7169.137 	     -0.063
  7170.424 	     -0.074
  7171.711 	     -0.054
  7172.998 	      0.002
  7174.286 	     -0.006
  7175.574 	     -0.059
  7176.862 	     -0.069
  7178.150 	     -0.067
  7179.438 	     -0.063
  7180.727 	     -0.046
  7182.016 	     -0.196
  7183.305 	     -0.106
  7184.595 	     -0.005
  7185.884 	     -0.027
  7187.174 	      0.094
  7188.464 	      0.211
  7189.754 	      0.000
  7191.045 	      0.001
  7192.336 	     -0.007
  7193.627 	      0.014
  7194.918 	     -0.080
  7196.209 	     -0.153
  7197.501 	     -0.028
  7198.793 	     -0.041
  7200.085 	     -0.129
  7201.377 	     -0.148
  7202.670 	     -0.005
  7203.963 	      0.001
  7205.256 	     -0.058
  7206.549 	     -0.033
  7207.843 	     -0.027
  7209.137 	     -0.061
  7210.431 	      0.008
  7211.725 	      0.016
  7213.019 	     -0.072
  7214.314 	     -0.072
  7215.609 	     -0.059
  7216.904 	     -0.044
  7218.200 	      0.021
  7219.495 	     -0.090
  7220.791 	     -0.216
  7222.087 	     -0.178
  7223.384 	     -0.071
  7224.680 	      0.002
  7225.977 	     -0.016
  7227.274 	     -0.040
  7228.571 	     -0.054
  7229.869 	     -0.080
  7231.166 	      0.042
  7232.464 	      0.322
  7233.763 	      0.595
  7235.061 	      0.873
  7236.360 	      0.671
  7237.659 	      0.312
  7238.958 	      0.418
  7240.257 	      0.525
  7241.557 	      0.183
  7242.857 	     -0.443
  7244.157 	     -0.744
  7245.457 	     -0.615
  7246.757 	     -0.461
  7248.058 	     -0.355
  7249.359 	     -0.201
  7250.660 	     -0.313
  7251.962 	     -0.344
  7253.264 	     -0.267
  7254.566 	     -0.246
  7255.868 	     -0.264
  7257.170 	     -0.367
  7258.473 	     -0.264
  7259.776 	     -0.193
  7261.079 	     -0.097
  7262.382 	     -0.027
  7263.686 	     -0.030
  7264.989 	      0.048
  7266.293 	      0.045
  7267.598 	      0.017
  7268.902 	      0.445
  7270.207 	      1.211
  7271.512 	      1.274
  7272.817 	      0.695
  7274.123 	     -0.224
  7275.428 	     -0.661
  7276.734 	     -0.596
  7278.040 	     -0.287
  7279.347 	     -0.018
  7280.653 	     -0.112
  7281.960 	     -0.470
  7283.267 	     -0.515
  7284.575 	     -0.448
  7285.882 	     -0.344
  7287.190 	     -0.324
  7288.498 	     -0.224
  7289.806 	     -0.144
  7291.115 	     -0.068
  7292.423 	     -0.135
  7293.732 	     -0.240
  7295.042 	     -0.226
  7296.351 	     -0.077
  7297.661 	      0.190
  7298.971 	      0.082
  7300.281 	     -0.183
  7301.591 	     -0.275
  7302.902 	     -0.132
  7304.212 	     -0.137
  7305.524 	     -0.178
  7306.835 	     -0.148
  7308.146 	     -0.097
  7309.458 	      0.584
  7310.770 	      1.050
  7312.082 	      0.749
  7313.395 	      0.014
  7314.708 	     -0.648
  7316.021 	     -0.659
  7317.334 	     -0.547
  7318.647 	     -0.478
  7319.961 	     -0.456
  7321.275 	     -0.315
  7322.589 	     -0.024
  7323.903 	      0.149
  7325.218 	      0.169
  7326.533 	     -0.021
  7327.848 	     -0.213
  7329.163 	     -0.281
  7330.479 	     -0.286
  7331.795 	     -0.235
  7333.111 	      0.158
  7334.427 	      0.886
  7335.743 	      1.028
  7337.060 	      0.541
  7338.377 	     -0.279
  7339.694 	     -0.628
