WV      	 Sigma   
4184.326	    0.309
4185.077	    0.247
4185.828	    0.080
4186.580	    0.270
4187.331	    0.225
4188.083	    0.218
4188.835	    0.194
4189.586	    0.134
4190.339	    0.252
4191.091	    0.287
4191.843	    0.275
4192.595	    0.179
4193.348	    0.252
4194.101	    0.224
4194.853	    0.171
4195.606	    0.095
4196.359	    0.187
4197.113	    0.064
4197.866	    0.100
4198.620	    0.261
4199.373	    0.375
4200.127	    0.241
4200.881	    0.102
4201.635	    0.100
4202.389	    0.030
4203.143	    0.241
4203.898	    0.334
4204.652	    0.381
4205.407	    0.322
4206.162	    0.216
4206.917	    0.037
4207.672	    0.150
4208.427	    0.173
4209.183	    0.201
4209.938	    0.235
4210.694	    0.312
4211.450	    0.133
4212.206	    0.093
4212.962	    0.077
4213.718	    0.258
4214.474	    0.307
4215.231	    0.317
4215.987	    0.282
4216.744	    0.212
4217.501	    0.085
4218.258	    0.090
4219.015	    0.021
4219.773	    0.097
4220.530	    0.265
4221.288	    0.238
4222.045	    0.183
4222.803	    0.100
4223.561	    0.108
4224.319	    0.225
4225.077	    0.271
4225.836	    0.230
4226.594	    0.110
4227.353	    0.097
4228.112	    0.118
4228.871	    0.158
4229.630	    0.333
4230.389	    0.255
4231.148	    0.184
4231.908	    0.203
4232.667	    0.143
4233.427	    0.366
4234.187	    0.402
4234.947	    0.254
4235.707	    0.445
4236.468	    0.128
4237.228	    0.141
4237.989	    0.341
4238.749	    0.197
4239.510	    0.375
4240.271	    0.323
4241.032	    0.234
4241.793	    0.178
4242.555	    0.375
4243.316	    0.438
4244.078	    0.437
4244.840	    0.189
4245.602	    0.233
4246.364	    0.261
4247.126	    0.188
4247.888	    0.160
4248.651	    0.343
4249.413	    0.364
4250.176	    0.329
4250.939	    0.244
4251.702	    0.248
4252.465	    0.067
4253.229	    0.257
4253.992	    0.110
4254.756	    0.192
4255.519	    0.222
4256.283	    0.217
4257.047	    0.162
4257.811	    0.324
4258.575	    0.360
4259.340	    0.372
4260.104	    0.363
4260.869	    0.305
4261.634	    0.185
4262.399	    0.021
4263.164	    0.071
4263.929	    0.377
4264.695	    0.138
4265.460	    0.234
4266.226	    0.258
4266.991	    0.209
4267.757	    0.110
4268.523	    0.146
4269.290	    0.236
4270.056	    0.252
4270.822	    0.170
4271.589	    0.224
4272.356	    0.281
4273.123	    0.100
4273.890	    0.312
4274.657	    0.321
4275.424	    0.283
4276.191	    0.198
4276.959	    0.116
4277.727	    0.194
4278.494	    0.236
4279.262	    0.214
4280.031	    0.363
4280.799	    0.320
4281.567	    0.291
4282.336	    0.304
4283.104	    0.328
4283.873	    0.302
4284.642	    0.284
4285.411	    0.255
4286.180	    0.212
4286.950	    0.122
4287.719	    0.150
4288.489	    0.221
4289.259	    0.080
4290.029	    0.149
4290.799	    0.060
4291.569	    0.052
4292.339	    0.208
4293.110	    0.037
4293.880	    0.139
4294.651	    0.158
4295.422	    0.133
4296.193	    0.277
4296.964	    0.179
4297.735	    0.194
4298.507	    0.343
4299.278	    0.342
4300.050	    0.308
4300.822	    0.386
4301.594	    0.448
4302.366	    0.301
4303.138	    0.056
4303.910	    0.220
4304.683	    0.303
4305.456	    0.212
4306.229	    0.418
4307.001	    0.291
4307.775	    0.134
4308.548	    0.030
4309.321	    0.030
4310.095	    0.184
4310.868	    0.242
4311.642	    0.303
4312.416	    0.473
4313.190	    0.312
4313.964	    0.291
4314.739	    0.258
4315.513	    0.252
4316.288	    0.110
4317.062	    0.147
4317.837	    0.184
4318.612	    0.242
4319.388	    0.273
4320.163	    0.231
4320.938	    0.195
4321.714	    0.175
4322.490	    0.233
4323.266	    0.269
4324.042	    0.276
4324.818	    0.300
4325.594	    0.375
4326.370	    0.438
4327.147	    0.342
4327.924	    0.234
4328.700	    0.165
4329.477	    0.278
4330.255	    0.266
4331.032	    0.153
4331.809	    0.174
4332.587	    0.052
4333.364	    0.095
4334.142	    0.209
4334.920	    0.271
4335.698	    0.278
4336.477	    0.356
4337.255	    0.336
4338.034	    0.356
4338.812	    0.399
4339.591	    0.198
4340.370	    0.217
4341.149	    0.128
4341.928	    0.166
4342.708	    0.251
4343.487	    0.350
4344.267	    0.317
4345.046	    0.254
4345.826	    0.220
4346.606	    0.206
4347.387	    0.232
4348.167	    0.134
4348.947	    0.217
4349.728	    0.354
4350.509	    0.335
4351.290	    0.315
4352.071	    0.320
4352.852	    0.366
4353.633	    0.259
4354.415	    0.280
4355.196	    0.261
4355.978	    0.223
4356.760	    0.306
4357.542	    0.364
4358.324	    0.346
4359.106	    0.295
4359.889	    0.210
4360.671	    0.082
4361.454	    0.220
4362.237	    0.255
4363.020	    0.195
4363.803	    0.201
4364.587	    0.139
4365.370	    0.222
4366.153	    0.238
4366.937	    0.187
4367.721	    0.085
4368.505	    0.085
4369.289	    0.190
4370.073	    0.252
4370.858	    0.060
4371.642	    0.256
4372.427	    0.235
4373.212	    0.071
4373.997	    0.272
4374.782	    0.255
4375.567	    0.222
4376.353	    0.273
4377.138	    0.343
4377.924	    0.220
4378.710	    0.143
4385.788	    0.300
4386.576	    0.348
4387.363	    0.401
4388.151	    0.411
4388.938	    0.118
4389.726	    0.112
4390.514	    0.074
4391.302	    0.147
4392.090	    0.048
4392.879	    0.188
4393.667	    0.255
4394.456	    0.306
4395.245	    0.344
4396.033	    0.341
4396.823	    0.247
4397.612	    0.037
4398.401	    0.136
4399.191	    0.237
4399.980	    0.373
4400.770	    0.342
4401.560	    0.263
4402.350	    0.108
4403.140	    0.152
4403.931	    0.235
4404.721	    0.266
4405.512	    0.223
4406.302	    0.021
4407.093	    0.226
4407.884	    0.224
4408.676	    0.266
4409.467	    0.266
4410.258	    0.102
4411.050	    0.131
4411.842	    0.143
4412.634	    0.234
4413.426	    0.278
4414.218	    0.264
4415.010	    0.320
4415.803	    0.252
4416.595	    0.082
4417.388	    0.226
4418.181	    0.362
4418.974	    0.173
4419.767	    0.124
4420.561	    0.210
4421.354	    0.310
4422.148	    0.114
4422.941	    0.147
4423.735	    0.074
4424.529	    0.147
4425.324	    0.082
4426.118	    0.156
4426.912	    0.335
4427.707	    0.366
4428.502	    0.251
4429.297	    0.180
4430.092	    0.153
4430.887	    0.220
4431.682	    0.258
4432.478	    0.299
4433.273	    0.288
4434.069	    0.215
4434.865	    0.201
4435.661	    0.228
4436.457	    0.249
4437.253	    0.295
4438.050	    0.307
4438.847	    0.352
4439.643	    0.406
4440.440	    0.419
4441.237	    0.327
4442.034	    0.198
4442.832	    0.131
4443.629	    0.234
4444.427	    0.227
4445.225	    0.085
4446.023	    0.184
4446.821	    0.255
4447.619	    0.279
4448.417	    0.203
4449.216	    0.118
4450.014	    0.147
4450.813	    0.221
4451.612	    0.293
4452.411	    0.284
4453.210	    0.241
4454.009	    0.180
4454.809	    0.100
4455.609	    0.074
4456.408	    0.071
4457.208	    0.037
4458.008	    0.102
4458.808	    0.158
4459.609	    0.230
4460.409	    0.284
4461.210	    0.314
4462.011	    0.322
4462.812	    0.307
4463.613	    0.257
4464.414	    0.219
4465.215	    0.217
4466.017	    0.238
4466.818	    0.266
4467.620	    0.255
4468.422	    0.171
4469.224	    0.112
4470.026	    0.097
4470.829	    0.133
4471.631	    0.133
4472.434	    0.128
4473.237	    0.221
4474.039	    0.315
4474.843	    0.396
4475.646	    0.408
4476.449	    0.332
4477.253	    0.271
4478.056	    0.249
4478.860	    0.287
4479.664	    0.316
4480.468	    0.313
4481.272	    0.310
4482.077	    0.306
4482.881	    0.302
4483.686	    0.296
4484.491	    0.291
4485.296	    0.286
4486.101	    0.280
4486.906	    0.276
4487.711	    0.268
4488.517	    0.261
4489.322	    0.255
4490.128	    0.248
4490.934	    0.241
4491.740	    0.229
4492.547	    0.219
4493.353	    0.252
4494.160	    0.259
4494.966	    0.177
4495.773	    0.303
4496.580	    0.191
4497.387	    0.284
4498.194	    0.353
4499.002	    0.291
4499.809	    0.253
4500.617	    0.224
4501.425	    0.187
4502.233	    0.126
4503.041	    0.090
4503.849	    0.122
4504.658	    0.131
4505.466	    0.236
4506.275	    0.291
4507.084	    0.305
4507.893	    0.286
4508.702	    0.300
4509.511	    0.313
4510.321	    0.295
4511.130	    0.209
4511.940	    0.201
4512.750	    0.233
4513.560	    0.173
4514.370	    0.021
4515.180	    0.147
4515.991	    0.156
4516.802	    0.195
4517.612	    0.205
4518.423	    0.160
4519.234	    0.100
4520.045	    0.220
4520.857	    0.136
4521.668	    0.180
4522.480	    0.266
4523.292	    0.287
4524.103	    0.239
4524.916	    0.108
4525.728	    0.131
4526.540	    0.178
4527.353	    0.187
4528.165	    0.182
4528.978	    0.208
4529.791	    0.122
4530.604	    0.213
4531.417	    0.334
4532.231	    0.389
4533.044	    0.301
4533.858	    0.171
4534.672	    0.052
4535.486	    0.080
4536.300	    0.129
4537.114	    0.248
4537.928	    0.252
4538.743	    0.202
4539.558	    0.124
4540.372	    0.064
4541.187	    0.188
4542.002	    0.224
4542.818	    0.249
4543.633	    0.232
4544.449	    0.163
4545.264	    0.067
4546.080	    0.064
4546.896	    0.116
4547.712	    0.179
4548.529	    0.216
4549.345	    0.233
4550.162	    0.281
4550.979	    0.275
4551.795	    0.223
4552.612	    0.114
4553.430	    0.136
4554.247	    0.064
4555.064	    0.229
4555.882	    0.276
4556.700	    0.268
4557.518	    0.206
4558.336	    0.104
4559.154	    0.156
4559.972	    0.095
4560.791	    0.233
4561.609	    0.295
4562.428	    0.261
4563.247	    0.112
4564.066	    0.067
4564.885	    0.056
4565.705	    0.170
4566.524	    0.252
4567.344	    0.251
4568.164	    0.171
4568.984	    0.150
4569.804	    0.220
4570.624	    0.315
4571.445	    0.358
4572.265	    0.256
4573.086	    0.150
4573.907	    0.149
4574.728	    0.230
4575.549	    0.285
4576.370	    0.220
4577.192	    0.153
4578.013	    0.124
4578.835	    0.173
4579.657	    0.260
4580.479	    0.343
4581.301	    0.333
4582.123	    0.251
4582.946	    0.067
4583.768	    0.209
4584.591	    0.241
4585.414	    0.097
4586.237	    0.222
4587.060	    0.259
4587.884	    0.212
4588.707	    0.060
4589.531	    0.131
4590.355	    0.270
4591.179	    0.266
4592.003	    0.187
4592.827	    0.108
4593.651	    0.129
4594.476	    0.166
4595.301	    0.222
4596.125	    0.242
4596.950	    0.253
4597.776	    0.276
4598.601	    0.315
4599.426	    0.310
4600.252	    0.300
4601.078	    0.298
4601.903	    0.307
4602.730	    0.315
4603.556	    0.261
4604.382	    0.188
4605.208	    0.102
4606.035	    0.052
4606.862	    0.134
4607.689	    0.247
4608.516	    0.276
4609.343	    0.245
4610.170	    0.177
4610.998	    0.021
4611.826	    0.138
4612.653	    0.122
4613.481	    0.100
4614.309	    0.175
4615.138	    0.199
4615.966	    0.184
4616.795	    0.129
4617.623	    0.048
4618.452	    0.112
4619.281	    0.124
4620.110	    0.100
4620.940	    0.021
4621.769	    0.112
4622.599	    0.110
4623.428	    0.093
4624.258	    0.114
4625.088	    0.170
4625.918	    0.231
4626.749	    0.241
4627.579	    0.198
4628.410	    0.134
4629.241	    0.080
4630.072	    0.114
4630.903	    0.243
4631.734	    0.335
4632.565	    0.337
4633.397	    0.301
4634.229	    0.257
4635.060	    0.259
4635.892	    0.304
4636.724	    0.271
4637.557	    0.207
4638.389	    0.139
4639.222	    0.120
4640.054	    0.179
4640.887	    0.247
4641.720	    0.261
4642.553	    0.244
4643.387	    0.206
4644.220	    0.169
4645.054	    0.191
4645.888	    0.256
4646.722	    0.311
4647.556	    0.332
4648.390	    0.316
4649.224	    0.259
4650.059	    0.214
4650.893	    0.278
4651.728	    0.312
4652.563	    0.296
4653.398	    0.224
4654.234	    0.067
4655.069	    0.242
4655.905	    0.260
4656.740	    0.210
4657.576	    0.102
4658.412	    0.147
4659.248	    0.207
4660.085	    0.228
4660.921	    0.234
4661.758	    0.245
4662.594	    0.259
4663.431	    0.272
4664.268	    0.284
4665.106	    0.289
4665.943	    0.316
4666.781	    0.340
4667.618	    0.341
4668.456	    0.315
4669.294	    0.265
4670.132	    0.274
4670.970	    0.312
4671.809	    0.294
4672.647	    0.232
4673.486	    0.136
4674.325	    0.048
4675.164	    0.169
4676.003	    0.256
4676.843	    0.309
4677.682	    0.329
4678.522	    0.316
4679.361	    0.271
4680.201	    0.150
4681.041	    0.021
4681.882	    0.067
4682.722	    0.166
4683.563	    0.235
4684.403	    0.266
4685.244	    0.263
4686.085	    0.257
4686.926	    0.133
4687.767	    0.077
4688.609	    0.144
4689.450	    0.337
4690.292	    0.320
4691.134	    0.244
4691.976	    0.110
4692.818	    0.153
4693.661	    0.067
4694.503	    0.129
4695.346	    0.240
4696.189	    0.082
4697.032	    0.185
4697.875	    0.235
4698.718	    0.247
4699.561	    0.276
4700.405	    0.169
4701.249	    0.261
4702.092	    0.426
4702.936	    0.463
4703.781	    0.445
4704.625	    0.434
4705.469	    0.162
4706.314	    0.183
4707.159	    0.281
4708.004	    0.298
4708.849	    0.263
4709.694	    0.222
4710.539	    0.255
4711.385	    0.257
4712.231	    0.305
4713.076	    0.340
4713.922	    0.339
4714.768	    0.291
4715.615	    0.195
4716.461	    0.097
4717.308	    0.257
4718.154	    0.271
4719.001	    0.192
4719.848	    0.037
4720.696	    0.095
4721.543	    0.126
4722.390	    0.286
4723.238	    0.246
4724.086	    0.160
4724.934	    0.071
4725.782	    0.048
4726.630	    0.110
4727.479	    0.179
4728.327	    0.085
4729.176	    0.179
4730.025	    0.177
4730.874	    0.090
4731.723	    0.313
4732.572	    0.021
4733.422	    0.085
4734.271	    0.126
4735.121	    0.212
4735.971	    0.284
4736.821	    0.280
4737.671	    0.124
4738.522	    0.104
4739.372	    0.133
4740.223	    0.236
4741.074	    0.306
4741.925	    0.274
4742.776	    0.286
4743.627	    0.232
4744.479	    0.180
4745.330	    0.060
4746.182	    0.227
4747.034	    0.288
4747.886	    0.184
4748.738	    0.218
4749.591	    0.175
4750.443	    0.110
4751.296	    0.177
4752.149	    0.268
4753.002	    0.245
4753.855	    0.110
4754.708	    0.037
4755.562	    0.093
4756.415	    0.149
4757.269	    0.043
4758.123	    0.188
4758.977	    0.149
4759.831	    0.153
4760.686	    0.097
4761.540	    0.195
4762.395	    0.134
4763.250	    0.108
4764.105	    0.116
4764.960	    0.152
4765.815	    0.030
4766.671	    0.141
4767.526	    0.139
4768.382	    0.060
4769.238	    0.146
4770.094	    0.232
4770.950	    0.116
4771.807	    0.131
4772.663	    0.088
4773.520	    0.170
4774.377	    0.153
4775.234	    0.074
4776.091	    0.175
4776.948	    0.118
4777.805	    0.118
4778.663	    0.114
4779.521	    0.060
4780.379	    0.095
4781.237	    0.108
4782.095	    0.146
4782.953	    0.133
4783.812	    0.221
4784.670	    0.274
4785.529	    0.228
4786.388	    0.090
4787.247	    0.192
4788.107	    0.245
4788.966	    0.150
4789.826	    0.244
4790.686	    0.209
4791.545	    0.060
4792.405	    0.159
4793.266	    0.141
4794.126	    0.281
4794.987	    0.257
4795.847	    0.213
4796.708	    0.214
4797.569	    0.228
4798.430	    0.220
4799.292	    0.207
4800.153	    0.188
4801.015	    0.074
4801.876	    0.074
4802.738	    0.134
4803.600	    0.134
4804.463	    0.324
4805.325	    0.165
4806.188	    0.189
4807.050	    0.116
4807.913	    0.174
4808.776	    0.167
4809.639	    0.149
4810.503	    0.238
4811.366	    0.190
4812.230	    0.118
4813.093	    0.205
4813.957	    0.129
4814.821	    0.095
4815.686	    0.254
4816.550	    0.216
4817.415	    0.138
4818.279	    0.209
4819.144	    0.201
4820.009	    0.205
4820.874	    0.206
4821.740	    0.169
4822.605	    0.043
4823.471	    0.021
4824.337	    0.104
4825.203	    0.056
4826.069	    0.108
4826.935	    0.212
4827.801	    0.245
4828.668	    0.187
4829.535	    0.167
4830.401	    0.220
4831.269	    0.180
4832.136	    0.030
4833.003	    0.037
4833.871	    0.203
4834.738	    0.298
4835.606	    0.251
4836.474	    0.238
4837.342	    0.268
4838.210	    0.189
4839.079	    0.138
4839.947	    0.230
4840.816	    0.325
4841.685	    0.320
4842.554	    0.144
4843.423	    0.095
4844.293	    0.163
4845.162	    0.199
4846.032	    0.138
4846.902	    0.133
4847.772	    0.191
4848.642	    0.122
4849.512	    0.179
4850.383	    0.097
4851.253	    0.201
4852.124	    0.110
4852.995	    0.239
4853.866	    0.291
4854.737	    0.212
4855.609	    0.134
4856.480	    0.228
4857.352	    0.043
4858.224	    0.194
4859.096	    0.296
4859.968	    0.289
4860.841	    0.230
4861.713	    0.191
4862.586	    0.258
4863.459	    0.185
4864.332	    0.095
4865.205	    0.064
4866.078	    0.227
4866.951	    0.265
4867.825	    0.190
4868.699	    0.215
4869.573	    0.216
4870.447	    0.232
4871.321	    0.097
4872.195	    0.169
4873.070	    0.106
4873.945	    0.030
4874.819	    0.169
4875.694	    0.175
4876.570	    0.136
4877.445	    0.190
4878.320	    0.201
4879.196	    0.097
4880.072	    0.203
4880.948	    0.182
4881.824	    0.266
4882.700	    0.160
4883.577	    0.116
4884.453	    0.136
4885.330	    0.155
4886.207	    0.175
4887.084	    0.274
4887.961	    0.242
4888.838	    0.287
4889.716	    0.298
4890.594	    0.021
4891.472	    0.071
4892.350	    0.238
4893.228	    0.295
4894.106	    0.321
4894.984	    0.361
4895.863	    0.312
4896.742	    0.222
4897.621	    0.074
4898.500	    0.074
4899.379	    0.158
4900.259	    0.199
4901.138	    0.243
4902.018	    0.256
4902.898	    0.237
4903.778	    0.241
4904.658	    0.377
4905.538	    0.500
4906.419	    0.630
4907.300	    0.752
4908.180	    0.795
4909.061	    0.688
4909.943	    0.511
4910.824	    0.395
4911.705	    0.327
4912.587	    0.262
4913.469	    0.179
4914.351	    0.071
4915.233	    0.082
4916.115	    0.228
4916.998	    0.180
4917.880	    0.158
4918.763	    0.133
4919.646	    0.131
4920.529	    0.090
4921.412	    0.225
4922.295	    0.184
4923.179	    0.179
4924.063	    0.180
4924.947	    0.188
4925.831	    0.187
4926.715	    0.240
4927.599	    0.194
4928.484	    0.220
4929.368	    0.279
4930.253	    0.247
4931.138	    0.134
4932.023	    0.214
4932.908	    0.159
4933.794	    0.085
4934.679	    0.149
4935.565	    0.088
4936.451	    0.317
4937.337	    0.110
4938.223	    0.043
4939.110	    0.102
4939.996	    0.179
4940.883	    0.056
4941.770	    0.048
4942.657	    0.183
4943.544	    0.158
4944.431	    0.110
4945.319	    0.159
4946.207	    0.232
4947.094	    0.108
4947.982	    0.126
4948.871	    0.138
4949.759	    0.217
4950.647	    0.237
4951.536	    0.237
4952.425	    0.190
4953.314	    0.184
4954.203	    0.129
4955.092	    0.138
4955.981	    0.210
4956.871	    0.296
4957.761	    0.315
4958.651	    0.206
4959.541	    0.110
4960.431	    0.146
4961.321	    0.206
4962.212	    0.270
4963.103	    0.197
4963.993	    0.128
4964.884	    0.037
4965.776	    0.169
4966.667	    0.126
4967.558	    0.138
4968.450	    0.189
4969.342	    0.071
4970.234	    0.256
4971.126	    0.341
4972.018	    0.324
4972.911	    0.222
4973.803	    0.056
4974.696	    0.043
4975.589	    0.156
4976.482	    0.147
4977.375	    0.150
4978.269	    0.043
4979.162	    0.037
4980.056	    0.141
4980.950	    0.141
4981.844	    0.043
4982.738	    0.144
4983.633	    0.138
4984.527	    0.067
4985.422	    0.134
4986.317	    0.112
4987.212	    0.159
4988.107	    0.188
4989.002	    0.139
4989.898	    0.153
4990.794	    0.122
4991.689	    0.266
4992.585	    0.090
4993.482	    0.093
4994.378	    0.169
4995.274	    0.240
4996.171	    0.216
4997.068	    0.088
4997.965	    0.106
4998.862	    0.155
4999.759	    0.291
5000.657	    0.153
5001.554	    0.226
5002.452	    0.278
5003.350	    0.252
5004.248	    0.220
5005.146	    0.194
5006.045	    0.088
5006.943	    0.056
5007.842	    0.064
5008.741	    0.262
5009.640	    0.257
5010.539	    0.233
5011.438	    0.085
5012.338	    0.251
5013.238	    0.276
5014.137	    0.229
5015.037	    0.108
5015.938	    0.158
5016.838	    0.197
5017.738	    0.102
5018.639	    0.141
5019.540	    0.256
5020.441	    0.288
5021.342	    0.237
5022.243	    0.171
5023.145	    0.218
5024.046	    0.266
5024.948	    0.138
5025.850	    0.238
5026.752	    0.136
5027.655	    0.037
5028.557	    0.201
5029.460	    0.139
5030.362	    0.223
5031.265	    0.246
5032.168	    0.225
5033.072	    0.254
5033.975	    0.202
5034.879	    0.227
5035.782	    0.178
5036.686	    0.166
5037.590	    0.160
5038.495	    0.144
5039.399	    0.136
5040.304	    0.251
5041.208	    0.282
5042.113	    0.189
5043.018	    0.128
5043.923	    0.183
5044.829	    0.175
5045.734	    0.166
5046.640	    0.234
5047.546	    0.199
5048.452	    0.088
5049.358	    0.134
5050.264	    0.100
5051.171	    0.259
5052.078	    0.417
5052.984	    0.522
5053.891	    0.559
5054.799	    0.505
5055.706	    0.413
5056.613	    0.310
5057.521	    0.212
5058.429	    0.167
5059.337	    0.090
5060.245	    0.234
5061.153	    0.210
5062.062	    0.133
5062.970	    0.080
5063.879	    0.133
5064.788	    0.126
5065.697	    0.120
5066.606	    0.187
5067.516	    0.126
5068.425	    0.152
5069.335	    0.178
5070.245	    0.144
5071.155	    0.056
5072.065	    0.197
5072.976	    0.158
5073.886	    0.048
5074.797	    0.102
5075.708	    0.052
5076.619	    0.110
5077.530	    0.213
5078.442	    0.285
5079.353	    0.230
5080.265	    0.159
5081.177	    0.178
5082.089	    0.118
5083.001	    0.100
5083.914	    0.102
5084.826	    0.177
5085.739	    0.281
5086.652	    0.268
5087.565	    0.184
5088.478	    0.080
5089.391	    0.221
5090.305	    0.082
5091.219	    0.141
5092.132	    0.134
5093.046	    0.170
5093.961	    0.182
5094.875	    0.106
5095.789	    0.108
5096.704	    0.056
5097.619	    0.152
5098.534	    0.060
5099.449	    0.129
5100.364	    0.222
5101.280	    0.085
5102.196	    0.231
5103.111	    0.215
5104.027	    0.158
5104.944	    0.165
5105.860	    0.126
5106.776	    0.165
5107.693	    0.180
5108.610	    0.267
5109.527	    0.169
5110.444	    0.112
5111.361	    0.219
5112.279	    0.262
5113.196	    0.250
5114.114	    0.182
5115.032	    0.184
5115.950	    0.275
5116.868	    0.237
5117.787	    0.129
5118.706	    0.215
5119.624	    0.106
5120.543	    0.309
5121.462	    0.332
5122.382	    0.182
5123.301	    0.124
5124.221	    0.247
5125.141	    0.266
5126.060	    0.201
5126.981	    0.169
5127.901	    0.208
5128.821	    0.147
5129.742	    0.067
5130.663	    0.184
5131.584	    0.097
5132.505	    0.198
5133.426	    0.180
5134.347	    0.274
5135.269	    0.213
5136.191	    0.093
5137.113	    0.204
5138.035	    0.201
5138.957	    0.263
5139.879	    0.241
5140.802	    0.133
5141.725	    0.149
5142.648	    0.312
5143.571	    0.322
5144.494	    0.163
5145.417	    0.102
5146.341	    0.199
5147.265	    0.218
5148.189	    0.166
5149.113	    0.122
5150.037	    0.202
5150.961	    0.043
5151.886	    0.064
5152.811	    0.141
5153.736	    0.104
5154.661	    0.180
5155.586	    0.226
5156.511	    0.268
5157.437	    0.207
5158.363	    0.082
5159.289	    0.085
5160.215	    0.100
5161.141	    0.128
5162.067	    0.215
5162.994	    0.074
5163.921	    0.174
5164.848	    0.287
5165.775	    0.277
5166.702	    0.195
5167.629	    0.030
5168.557	    0.082
5169.485	    0.124
5170.412	    0.201
5171.341	    0.199
5172.269	    0.043
5173.197	    0.240
5174.126	    0.139
5175.054	    0.206
5175.983	    0.090
5176.912	    0.216
5177.842	    0.188
5178.771	    0.090
5179.701	    0.179
5180.630	    0.261
5181.560	    0.252
5182.490	    0.174
5183.421	    0.129
5184.351	    0.217
5185.282	    0.177
5186.212	    0.163
5187.143	    0.170
5188.074	    0.104
5189.006	    0.088
5189.937	    0.249
5190.868	    0.236
5191.800	    0.141
5192.732	    0.136
5193.664	    0.131
5194.596	    0.147
5195.529	    0.183
5196.461	    0.158
5197.394	    0.460
5198.327	    0.632
5199.260	    0.633
5200.193	    0.633
5201.127	    0.634
5202.060	    0.635
5202.994	    0.635
5203.928	    0.635
5204.862	    0.635
5205.796	    0.634
5206.731	    0.633
5207.665	    0.631
5208.600	    0.628
5209.535	    0.625
5210.470	    0.621
5211.405	    0.617
5212.341	    0.612
5213.276	    0.608
5214.212	    0.604
5215.148	    0.600
5216.084	    0.597
5217.021	    0.595
5217.957	    0.594
5218.894	    0.594
5219.830	    0.595
5220.767	    0.597
5221.704	    0.600
5222.642	    0.603
5223.579	    0.606
5224.517	    0.609
5225.454	    0.612
5226.392	    0.615
5227.331	    0.333
5228.269	    0.100
5229.207	    0.225
5230.146	    0.208
5231.085	    0.100
5232.024	    0.166
5232.963	    0.197
5233.902	    0.071
5234.842	    0.170
5235.781	    0.100
5236.721	    0.195
5237.661	    0.292
5238.601	    0.080
5239.541	    0.149
5240.482	    0.160
5241.423	    0.213
5242.363	    0.144
5243.304	    0.170
5244.245	    0.304
5245.187	    0.326
5246.128	    0.321
5247.070	    0.276
5248.012	    0.210
5248.954	    0.326
5249.896	    0.250
5250.838	    0.280
5251.781	    0.299
5252.723	    0.104
5253.666	    0.152
5254.609	    0.077
5255.552	    0.074
5256.496	    0.043
5257.439	    0.288
5258.383	    0.213
5259.327	    0.095
5260.271	    0.126
5261.215	    0.122
5262.159	    0.169
5263.104	    0.251
5264.049	    0.250
5264.994	    0.163
5265.939	    0.037
5266.884	    0.208
5267.829	    0.037
5268.775	    0.288
5269.721	    0.387
5270.666	    0.304
5271.612	    0.253
5272.559	    0.208
5273.505	    0.108
5274.452	    0.271
5275.398	    0.159
5276.345	    0.170
5277.292	    0.048
5278.240	    0.138
5279.187	    0.206
5280.135	    0.185
5281.082	    0.100
5282.030	    0.185
5282.979	    0.131
5283.927	    0.134
5284.875	    0.305
5285.824	    0.227
5286.773	    0.147
5287.722	    0.247
5288.671	    0.233
5289.620	    0.165
5290.569	    0.245
5291.519	    0.276
5292.469	    0.226
5293.419	    0.163
5294.369	    0.131
5295.319	    0.166
5296.270	    0.126
5297.220	    0.093
5298.171	    0.166
5299.122	    0.171
5300.073	    0.189
5301.025	    0.067
5301.976	    0.214
5302.928	    0.239
5303.880	    0.206
5304.832	    0.052
5305.784	    0.199
5306.736	    0.110
5307.689	    0.060
5308.642	    0.213
5309.595	    0.233
5310.548	    0.228
5311.501	    0.250
5312.454	    0.128
5313.408	    0.188
5314.362	    0.187
5315.315	    0.146
5316.270	    0.212
5317.224	    0.090
5318.178	    0.146
5319.133	    0.170
5320.088	    0.124
5321.043	    0.207
5321.998	    0.190
5322.953	    0.216
5323.908	    0.158
5324.864	    0.052
5325.820	    0.146
5326.776	    0.134
5327.732	    0.052
5328.688	    0.160
5329.645	    0.253
5330.601	    0.244
5331.558	    0.129
5332.515	    0.106
5333.472	    0.150
5334.430	    0.088
5335.387	    0.030
5336.345	    0.136
5337.303	    0.149
5338.261	    0.149
5339.219	    0.100
5340.177	    0.104
5341.136	    0.060
5342.094	    0.124
5343.053	    0.074
5344.012	    0.100
5344.972	    0.095
5345.931	    0.138
5346.891	    0.056
5347.850	    0.188
5348.810	    0.183
5349.770	    0.088
5350.731	    0.131
5351.691	    0.234
5352.652	    0.244
5353.612	    0.187
5354.573	    0.122
5355.535	    0.165
5356.496	    0.082
5357.457	    0.090
5358.419	    0.134
5359.381	    0.210
5360.343	    0.150
5361.305	    0.129
5362.267	    0.175
5363.230	    0.207
5364.192	    0.196
5365.155	    0.048
5366.118	    0.162
5367.081	    0.056
5368.045	    0.184
5369.008	    0.197
5369.972	    0.052
5370.936	    0.149
5371.900	    0.043
5372.864	    0.196
5373.829	    0.201
5374.793	    0.082
5375.758	    0.080
5376.723	    0.030
5377.688	    0.093
5378.653	    0.077
5379.619	    0.074
5380.584	    0.074
5381.550	    0.085
5382.516	    0.156
5383.482	    0.229
5384.449	    0.191
5385.415	    0.180
5386.382	    0.218
5387.349	    0.488
5388.316	    0.508
5389.283	    0.309
5390.250	    0.296
5391.218	    0.377
5392.185	    0.313
5393.153	    0.248
5394.121	    0.179
5395.090	    0.158
5396.058	    0.212
5397.027	    0.246
5397.995	    0.262
5398.964	    0.226
5399.933	    0.128
5400.903	    0.155
5401.872	    0.116
5402.842	    0.173
5403.811	    0.043
5404.781	    0.064
5405.751	    0.043
5406.722	    0.192
5407.692	    0.037
5408.663	    0.178
5409.634	    0.216
5410.605	    0.152
5411.576	    0.147
5412.547	    0.043
5413.519	    0.141
5414.491	    0.160
5415.462	    0.182
5416.434	    0.165
5417.407	    0.021
5418.379	    0.156
5419.352	    0.074
5420.324	    0.043
5421.297	    0.067
5422.270	    0.144
5423.244	    0.194
5424.217	    0.259
5425.191	    0.194
5426.165	    0.088
5427.139	    0.240
5428.113	    0.190
5429.087	    0.229
5430.062	    0.060
5431.036	    0.134
5432.011	    0.144
5432.986	    0.162
5433.961	    0.106
5434.937	    0.171
5435.912	    0.178
5436.888	    0.120
5437.864	    0.093
5438.840	    0.141
5439.816	    0.173
5440.793	    0.198
5441.769	    0.160
5442.746	    0.206
5443.723	    0.203
5444.700	    0.112
5445.677	    0.133
5446.655	    0.218
5447.632	    0.204
5448.610	    0.095
5449.588	    0.097
5450.566	    0.152
5451.545	    0.097
5452.523	    0.122
5453.502	    0.021
5454.481	    0.102
5455.460	    0.131
5456.439	    0.067
5457.419	    0.074
5458.398	    0.122
5459.378	    0.138
5460.358	    0.189
5461.338	    0.191
5462.318	    0.116
5463.299	    0.126
5464.279	    0.108
5465.260	    0.163
5466.241	    0.246
5467.222	    0.090
5468.204	    0.206
5469.185	    0.159
5470.167	    0.147
5471.149	    0.093
5472.131	    0.201
5473.113	    0.090
5474.096	    0.162
5475.078	    0.116
5476.061	    0.147
5477.044	    0.158
5478.027	    0.037
5479.010	    0.192
5479.994	    0.152
5480.977	    0.162
5481.961	    0.215
5482.945	    0.159
5483.929	    0.126
5484.914	    0.174
5485.898	    0.171
5486.883	    0.136
5487.868	    0.188
5488.853	    0.268
5489.838	    0.136
5490.823	    0.180
5491.809	    0.118
5492.795	    0.143
5493.781	    0.173
5494.767	    0.243
5495.753	    0.248
5496.740	    0.197
5497.726	    0.144
5498.713	    0.166
5499.700	    0.184
5500.687	    0.179
5501.675	    0.337
5502.662	    0.289
5503.650	    0.162
5504.638	    0.077
5505.626	    0.126
5506.614	    0.021
5507.602	    0.250
5508.591	    0.150
5509.580	    0.074
5510.569	    0.124
5511.558	    0.183
5512.547	    0.122
5513.537	    0.141
5514.526	    0.232
5515.516	    0.147
5516.506	    0.189
5517.496	    0.093
5518.487	    0.197
5519.477	    0.071
5520.468	    0.166
5521.459	    0.268
5522.450	    0.249
5523.441	    0.213
5524.433	    0.189
5525.424	    0.204
5526.416	    0.189
5527.408	    0.077
5528.400	    0.129
5529.392	    0.126
5530.385	    0.129
5531.378	    0.141
5532.370	    0.102
5533.363	    0.265
5534.357	    0.258
5535.350	    0.122
5536.344	    0.159
5537.337	    0.188
5538.331	    0.220
5539.325	    0.110
5540.320	    0.097
5541.314	    0.093
5542.309	    0.110
5543.304	    0.188
5544.299	    0.128
5545.294	    0.202
5546.289	    0.052
5547.285	    0.131
5548.280	    0.225
5549.276	    0.209
5550.272	    0.104
5551.269	    0.202
5552.265	    0.122
5553.262	    0.217
5554.259	    0.052
5555.255	    0.158
5556.253	    0.163
5557.250	    0.106
5558.247	    0.178
5559.245	    0.170
5560.243	    0.163
5561.241	    0.232
5562.239	    0.150
5563.238	    0.156
5564.236	    0.082
5565.235	    0.100
5566.234	    0.138
5567.233	    0.147
5568.232	    0.208
5569.232	    0.199
5570.231	    0.191
5571.231	    0.182
5572.231	    0.174
5573.232	    0.167
5574.232	    0.160
5575.232	    0.156
5576.233	    0.152
5577.234	    0.149
5578.235	    0.144
5579.236	    0.141
5580.238	    0.136
5581.240	    0.129
5582.241	    0.120
5583.243	    0.108
5584.246	    0.095
5585.248	    0.077
5586.250	    0.052
5587.253	    0.030
5588.256	    0.064
5589.259	    0.085
5590.262	    0.088
5591.266	    0.180
5592.269	    0.276
5593.273	    0.150
5594.277	    0.102
5595.281	    0.085
5596.286	    0.291
5597.290	    0.064
5598.295	    0.203
5599.300	    0.112
5600.305	    0.182
5601.310	    0.060
5602.315	    0.037
5603.321	    0.106
5604.327	    0.071
5605.333	    0.043
5606.339	    0.194
5607.345	    0.133
5608.352	    0.173
5609.358	    0.085
5610.365	    0.126
5611.372	    0.082
5612.379	    0.048
5613.387	    0.071
5614.394	    0.338
5615.402	    0.169
5616.410	    0.224
5617.418	    0.230
5618.427	    0.056
5619.435	    0.254
5620.444	    0.122
5621.453	    0.093
5622.462	    0.156
5623.471	    0.283
5624.480	    0.165
5625.490	    0.133
5626.499	    0.206
5627.509	    0.234
5628.520	    0.156
5629.530	    0.195
5630.540	    0.170
5631.551	    0.085
5632.562	    0.149
5633.573	    0.167
5634.584	    0.190
5635.595	    0.173
5636.607	    0.215
5637.619	    0.221
5638.631	    0.234
5639.643	    0.180
5640.655	    0.162
5641.668	    0.048
5642.680	    0.153
5643.693	    0.037
5644.706	    0.178
5645.719	    0.131
5646.733	    0.122
5647.746	    0.114
5648.760	    0.170
5649.774	    0.183
5650.788	    0.223
5651.802	    0.095
5652.817	    0.138
5653.831	    0.175
5654.846	    0.243
5655.861	    0.238
5656.876	    0.233
5657.892	    0.227
5658.907	    0.222
5659.923	    0.216
5660.939	    0.208
5661.955	    0.199
5662.972	    0.189
5663.988	    0.175
5665.005	    0.160
5666.022	    0.141
5667.039	    0.118
5668.056	    0.090
5669.073	    0.052
5670.091	    0.048
5671.109	    0.082
5672.126	    0.037
5673.145	    0.191
5674.163	    0.171
5675.181	    0.225
5676.200	    0.254
5677.219	    0.333
5678.238	    0.233
5679.257	    0.097
5680.277	    0.236
5681.296	    0.184
5682.316	    0.133
5683.336	    0.088
5684.356	    0.144
5685.376	    0.100
5686.397	    0.201
5687.418	    0.249
5688.438	    0.201
5689.459	    0.124
5690.481	    0.126
5691.502	    0.116
5692.524	    0.138
5693.545	    0.167
5694.567	    0.180
5695.590	    0.278
5696.612	    0.298
5697.634	    0.239
5698.657	    0.159
5699.680	    0.152
5700.703	    0.195
5701.726	    0.204
5702.750	    0.252
5703.773	    0.194
5704.797	    0.147
5705.821	    0.150
5706.845	    0.197
5707.870	    0.304
5708.894	    0.303
5709.919	    0.163
5710.944	    0.114
5711.969	    0.204
5712.994	    0.201
5714.020	    0.239
5715.045	    0.276
5716.071	    0.147
5717.097	    0.204
5718.123	    0.203
5719.150	    0.203
5720.176	    0.263
5721.203	    0.255
5722.230	    0.276
5723.257	    0.315
5724.284	    0.287
5725.312	    0.175
5726.340	    0.242
5727.367	    0.239
5728.396	    0.158
5729.424	    0.252
5730.452	    0.187
5731.481	    0.210
5732.510	    0.247
5733.538	    0.219
5734.568	    0.340
5735.597	    0.315
5736.626	    0.263
5737.656	    0.240
5738.686	    0.285
5739.716	    0.256
5740.746	    0.229
5741.777	    0.242
5742.807	    0.329
5743.838	    0.262
5744.869	    0.194
5745.900	    0.252
5746.932	    0.259
5747.963	    0.233
5748.995	    0.247
5750.027	    0.209
5751.059	    0.210
5752.091	    0.187
5753.124	    0.149
5754.157	    0.250
5755.189	    0.307
5756.222	    0.280
5757.256	    0.249
5758.289	    0.258
5759.323	    0.187
5760.356	    0.240
5761.390	    0.257
5762.425	    0.226
5763.459	    0.203
5764.493	    0.208
5765.528	    0.228
5766.563	    0.182
5767.598	    0.199
5768.633	    0.284
5769.669	    0.288
5770.704	    0.300
5771.740	    0.283
5772.776	    0.294
5773.812	    0.305
5774.849	    0.312
5775.885	    0.307
5776.922	    0.279
5777.959	    0.278
5778.996	    0.224
5780.033	    0.175
5781.071	    0.236
5782.109	    0.247
5783.146	    0.261
5784.185	    0.232
5785.223	    0.208
5786.261	    0.238
5787.300	    0.248
5788.339	    0.227
5789.378	    0.252
5790.417	    0.290
5791.456	    0.281
5792.496	    0.216
5793.535	    0.215
5794.575	    0.280
5795.615	    0.282
5796.656	    0.256
5797.696	    0.248
5798.737	    0.209
5799.778	    0.192
5800.819	    0.310
5801.860	    0.319
5802.901	    0.222
5803.943	    0.213
5804.985	    0.220
5806.027	    0.243
5807.069	    0.305
5808.111	    0.245
5809.154	    0.155
5810.196	    0.230
5811.239	    0.276
5812.282	    0.275
5813.326	    0.237
5814.369	    0.230
5815.413	    0.298
5816.457	    0.317
5817.501	    0.302
5818.545	    0.265
5819.589	    0.234
5820.634	    0.267
5821.679	    0.263
5822.724	    0.188
5823.769	    0.095
5824.814	    0.108
5825.860	    0.210
5826.905	    0.298
5827.951	    0.321
5828.997	    0.270
5830.044	    0.133
5831.090	    0.124
5832.137	    0.213
5833.184	    0.221
5834.231	    0.188
5835.278	    0.120
5836.325	    0.219
5837.373	    0.269
5838.421	    0.208
5839.469	    0.210
5840.517	    0.266
5841.565	    0.306
5842.614	    0.278
5843.663	    0.225
5844.711	    0.215
5845.761	    0.197
5846.810	    0.167
5847.859	    0.209
5848.909	    0.174
5849.959	    0.133
5851.009	    0.210
5852.059	    0.259
5853.110	    0.316
5854.160	    0.306
5855.211	    0.278
5856.262	    0.228
5857.313	    0.245
5858.364	    0.173
5859.416	    0.227
5860.468	    0.233
5861.520	    0.187
5862.572	    0.126
5863.624	    0.112
5864.677	    0.116
5865.729	    0.202
5866.782	    0.267
5867.835	    0.294
5868.888	    0.312
5869.942	    0.264
5870.996	    0.238
5872.049	    0.191
5873.103	    0.204
5874.158	    0.228
5875.212	    0.207
5876.267	    0.060
5877.321	    0.234
5878.376	    0.244
5879.431	    0.259
5880.487	    0.279
5888.936	    0.278
5889.993	    0.136
5891.051	    0.112
5892.108	    0.108
5893.166	    0.204
5894.223	    0.279
5895.281	    0.324
5896.340	    0.350
5897.398	    0.233
5898.456	    0.171
5899.515	    0.204
5900.574	    0.292
5901.633	    0.306
5902.693	    0.143
5903.752	    0.206
5904.812	    0.212
5905.872	    0.252
5906.932	    0.212
5907.992	    0.204
5909.052	    0.192
5910.113	    0.149
5911.174	    0.171
5912.235	    0.283
5913.296	    0.155
5914.358	    0.195
5915.419	    0.136
5916.481	    0.180
5917.543	    0.216
5918.605	    0.171
5919.668	    0.080
5920.730	    0.071
5921.793	    0.194
5922.856	    0.196
5923.919	    0.146
5924.982	    0.230
5926.046	    0.097
5927.109	    0.227
5928.173	    0.304
5929.237	    0.203
5930.302	    0.286
5931.366	    0.246
5932.431	    0.190
5933.496	    0.067
5934.561	    0.120
5935.626	    0.104
5936.691	    0.085
5937.757	    0.056
5938.823	    0.190
5939.889	    0.202
5940.955	    0.194
5942.021	    0.030
5943.088	    0.169
5944.155	    0.245
5945.222	    0.212
5946.289	    0.250
5947.356	    0.064
5948.424	    0.284
5949.491	    0.207
5950.559	    0.082
5951.627	    0.284
5952.696	    0.294
5953.764	    0.299
5954.833	    0.235
5955.902	    0.199
5956.971	    0.257
5958.040	    0.080
5959.109	    0.293
5960.179	    0.090
5961.249	    0.077
5962.319	    0.124
5963.389	    0.214
5964.460	    0.158
5965.530	    0.112
5966.601	    0.118
5967.672	    0.064
5968.743	    0.056
5969.814	    0.136
5970.886	    0.266
5971.958	    0.292
5973.030	    0.093
5974.102	    0.169
5975.174	    0.210
5976.247	    0.170
5977.319	    0.165
5978.392	    0.030
5979.465	    0.228
5980.539	    0.215
5981.612	    0.162
5982.686	    0.166
5983.760	    0.210
5984.834	    0.189
5985.908	    0.052
5986.982	    0.114
5988.057	    0.080
5989.132	    0.223
5990.207	    0.275
5991.282	    0.120
5992.358	    0.021
5993.433	    0.156
5994.509	    0.206
5995.585	    0.194
5996.661	    0.263
5997.738	    0.261
5998.814	    0.244
5999.891	    0.175
6000.968	    0.222
6002.045	    0.263
6003.122	    0.207
6004.200	    0.136
6005.278	    0.174
6006.356	    0.223
6007.434	    0.210
6008.512	    0.080
6009.590	    0.179
6010.669	    0.124
6011.748	    0.170
6012.827	    0.205
6013.906	    0.128
6014.986	    0.114
6016.066	    0.056
6017.145	    0.226
6018.225	    0.284
6019.306	    0.205
6020.386	    0.100
6021.467	    0.153
6022.548	    0.173
6023.629	    0.196
6024.710	    0.124
6025.791	    0.175
6026.873	    0.224
6027.955	    0.163
6029.037	    0.090
6030.119	    0.085
6031.201	    0.199
6032.284	    0.241
6033.367	    0.048
6034.450	    0.241
6035.533	    0.177
6036.616	    0.139
6037.700	    0.187
6038.783	    0.219
6039.867	    0.259
6040.951	    0.230
6042.036	    0.116
6043.120	    0.108
6044.205	    0.104
6045.290	    0.030
6046.375	    0.043
6047.460	    0.116
6048.546	    0.147
6049.631	    0.077
6050.717	    0.128
6051.803	    0.165
6052.890	    0.208
6053.976	    0.242
6055.063	    0.205
6056.150	    0.116
6057.237	    0.153
6058.324	    0.224
6059.411	    0.218
6060.499	    0.175
6061.587	    0.192
6062.675	    0.232
6063.763	    0.231
6064.852	    0.213
6065.940	    0.206
6067.029	    0.198
6068.118	    0.197
6069.207	    0.179
6070.297	    0.167
6071.386	    0.187
6072.476	    0.205
6073.566	    0.179
6074.656	    0.118
6075.747	    0.106
6076.837	    0.196
6077.928	    0.281
6079.019	    0.286
6080.110	    0.163
6081.201	    0.082
6082.293	    0.190
6083.385	    0.188
6084.477	    0.188
6085.569	    0.080
6086.661	    0.126
6087.754	    0.162
6088.846	    0.159
6089.939	    0.174
6091.032	    0.185
6092.126	    0.177
6093.219	    0.183
6094.313	    0.207
6095.407	    0.178
6096.501	    0.104
6097.595	    0.141
6098.690	    0.195
6099.784	    0.160
6100.879	    0.116
6101.974	    0.224
6103.070	    0.307
6104.165	    0.292
6105.261	    0.288
6106.357	    0.307
6107.453	    0.291
6108.549	    0.204
6109.646	    0.227
6110.742	    0.299
6111.839	    0.306
6112.936	    0.124
6114.033	    0.124
6115.131	    0.163
6160.296	    0.071
6161.402	    0.188
6162.508	    0.262
6163.614	    0.272
6164.720	    0.304
6165.827	    0.336
6166.933	    0.315
6168.040	    0.271
6169.148	    0.255
6170.255	    0.280
6171.362	    0.312
6172.470	    0.310
6173.578	    0.262
6174.686	    0.227
6175.795	    0.239
6176.903	    0.274
6178.012	    0.272
6179.121	    0.224
6180.230	    0.183
6181.339	    0.194
6182.449	    0.206
6183.558	    0.210
6184.668	    0.266
6185.778	    0.338
6186.889	    0.364
6187.999	    0.340
6189.110	    0.300
6190.221	    0.300
6191.332	    0.351
6192.443	    0.370
6193.555	    0.329
6194.667	    0.275
6195.779	    0.254
6196.891	    0.250
6198.003	    0.259
6199.116	    0.324
6200.228	    0.333
6201.341	    0.217
6202.454	    0.160
6203.568	    0.300
6204.681	    0.333
6205.795	    0.214
6206.909	    0.118
6208.023	    0.188
6209.137	    0.250
6210.252	    0.298
6211.366	    0.347
6212.481	    0.341
6213.596	    0.273
6214.712	    0.239
6215.827	    0.289
6216.943	    0.317
6218.059	    0.285
6219.175	    0.210
6220.291	    0.143
6221.408	    0.143
6222.525	    0.213
6223.641	    0.295
6224.759	    0.334
6225.876	    0.333
6226.993	    0.319
6228.111	    0.340
6229.229	    0.426
6230.347	    0.489
6231.466	    0.464
6232.584	    0.360
6233.703	    0.240
6234.822	    0.159
6235.941	    0.190
6237.060	    0.257
6238.180	    0.281
6239.299	    0.237
6240.419	    0.158
6241.539	    0.187
6242.660	    0.276
6243.780	    0.313
6244.901	    0.280
6246.022	    0.175
6247.143	    0.056
6307.984	    0.071
6309.117	    0.112
6310.249	    0.158
6311.382	    0.090
6312.514	    0.136
6313.648	    0.167
6314.781	    0.281
6315.914	    0.360
6317.048	    0.333
6318.182	    0.241
6319.316	    0.138
6320.450	    0.198
6321.585	    0.232
6322.719	    0.218
6323.854	    0.319
6324.989	    0.417
6326.125	    0.406
6327.260	    0.409
6328.396	    0.245
6329.532	    0.102
6330.668	    0.097
6331.804	    0.088
6332.941	    0.071
6334.078	    0.206
6335.215	    0.230
6336.352	    0.202
6337.489	    0.238
6338.627	    0.227
6339.764	    0.170
6340.902	    0.227
6342.041	    0.250
6343.179	    0.162
6344.317	    0.240
6345.456	    0.264
6346.595	    0.187
6347.734	    0.222
6348.874	    0.276
6350.013	    0.311
6351.153	    0.388
6352.293	    0.390
6353.433	    0.316
6354.574	    0.173
6355.714	    0.021
6356.855	    0.276
6357.996	    0.498
6359.138	    0.636
6360.279	    0.668
6361.421	    0.600
6362.563	    0.376
6363.705	    0.153
6364.847	    0.192
6365.989	    0.131
6367.132	    0.197
6368.275	    0.213
6369.418	    0.048
6370.561	    0.052
6371.705	    0.196
6372.848	    0.222
6373.992	    0.225
6375.136	    0.293
6376.281	    0.276
6377.425	    0.100
6378.570	    0.093
6379.715	    0.147
6380.860	    0.266
6382.005	    0.351
6383.151	    0.288
6384.297	    0.207
6385.443	    0.209
6386.589	    0.205
6387.735	    0.271
6388.882	    0.230
6390.028	    0.179
6391.175	    0.108
6392.323	    0.183
6393.470	    0.265
6394.618	    0.182
6395.765	    0.269
6396.913	    0.260
6398.062	    0.080
6399.210	    0.224
6400.359	    0.242
6401.508	    0.276
6402.657	    0.316
6403.806	    0.333
6404.955	    0.332
6406.105	    0.283
6407.255	    0.268
6408.405	    0.313
6409.555	    0.108
6410.706	    0.129
6411.856	    0.240
6413.007	    0.258
6414.158	    0.233
6415.310	    0.203
6416.461	    0.167
6417.613	    0.093
6418.765	    0.174
6419.917	    0.226
6421.069	    0.245
6422.222	    0.153
6423.375	    0.124
6424.528	    0.237
6425.681	    0.271
6426.834	    0.284
6427.988	    0.202
6429.142	    0.197
6430.296	    0.266
6431.450	    0.249
6432.604	    0.213
6433.759	    0.126
6434.914	    0.187
6436.069	    0.288
6437.224	    0.273
6438.380	    0.268
6439.535	    0.291
6440.691	    0.329
6441.847	    0.315
6443.003	    0.266
6444.160	    0.214
6445.317	    0.143
6446.474	    0.133
6447.631	    0.189
6448.788	    0.144
6449.945	    0.166
6451.103	    0.240
6452.261	    0.222
6453.419	    0.252
6454.578	    0.215
6455.736	    0.122
6456.895	    0.097
6458.054	    0.209
6459.213	    0.300
6460.373	    0.342
6461.532	    0.306
6462.692	    0.223
6463.852	    0.165
6465.012	    0.152
6466.173	    0.268
6467.333	    0.273
6468.494	    0.229
6469.655	    0.106
6470.817	    0.030
6471.978	    0.108
6473.140	    0.167
6474.302	    0.173
6475.464	    0.139
6476.626	    0.088
6477.789	    0.156
6478.951	    0.102
6480.114	    0.170
6481.277	    0.064
6482.441	    0.160
6483.604	    0.110
6484.768	    0.120
6485.932	    0.108
6487.096	    0.060
6488.261	    0.167
6489.425	    0.112
6490.590	    0.203
6491.755	    0.110
6492.921	    0.283
6494.086	    0.422
6495.252	    0.354
6496.418	    0.227
6497.584	    0.149
6498.750	    0.129
6499.916	    0.134
6501.083	    0.052
6502.250	    0.159
6503.417	    0.104
6504.584	    0.165
6505.752	    0.192
6506.920	    0.114
6508.088	    0.021
6509.256	    0.120
6510.424	    0.120
6511.593	    0.144
6512.762	    0.136
6513.931	    0.021
6515.100	    0.202
6516.269	    0.128
6517.439	    0.171
6518.609	    0.233
6519.779	    0.175
6520.949	    0.071
6522.120	    0.169
6523.290	    0.166
6524.461	    0.198
6525.632	    0.097
6526.804	    0.336
6527.975	    0.325
6529.147	    0.270
6530.319	    0.188
6531.491	    0.080
6532.664	    0.201
6533.836	    0.139
6535.009	    0.056
6536.182	    0.197
6537.355	    0.180
6538.529	    0.056
6539.702	    0.064
6540.876	    0.106
6542.050	    0.149
6543.224	    0.082
6544.399	    0.043
6545.574	    0.166
6546.748	    0.174
6547.924	    0.346
6549.099	    0.339
6550.274	    0.243
6551.450	    0.097
6552.626	    0.192
6553.802	    0.185
6554.979	    0.126
6556.155	    0.221
6557.332	    0.360
6558.509	    0.336
6559.686	    0.307
6560.864	    0.208
6562.041	    0.187
6563.219	    0.165
6564.397	    0.218
6565.576	    0.112
6566.754	    0.144
6567.933	    0.122
6569.112	    0.052
6570.291	    0.077
6571.470	    0.206
6572.650	    0.269
6573.830	    0.292
6575.010	    0.297
6576.190	    0.298
6577.370	    0.298
6578.551	    0.298
6579.732	    0.298
6580.913	    0.297
6582.094	    0.296
6583.275	    0.295
6584.457	    0.293
6585.639	    0.291
6586.821	    0.290
6588.003	    0.288
6589.186	    0.278
6590.368	    0.292
6591.551	    0.288
6592.735	    0.175
6593.918	    0.110
6595.102	    0.188
6596.285	    0.265
6597.469	    0.247
6598.654	    0.275
6599.838	    0.311
6601.023	    0.253
6602.207	    0.183
6603.393	    0.213
6604.578	    0.231
6605.763	    0.301
6606.949	    0.349
6608.135	    0.478
6609.321	    0.656
6610.507	    0.762
6611.694	    0.772
6612.881	    0.729
6614.068	    0.643
6615.255	    0.516
6616.442	    0.414
6617.630	    0.405
6618.818	    0.426
6620.006	    0.476
6621.194	    0.576
6622.383	    0.806
6623.571	    1.122
6624.760	    1.460
6625.949	    1.700
6627.139	    1.702
6628.328	    1.457
6629.518	    1.109
6630.708	    0.742
6631.898	    0.490
6633.089	    0.347
6634.279	    0.343
6635.470	    0.369
6636.661	    0.424
6637.852	    0.341
6639.044	    0.394
6640.235	    0.302
6641.427	    0.422
6642.619	    0.588
6643.812	    0.741
6645.004	    1.012
6646.197	    1.212
6647.390	    1.294
6648.583	    1.181
6649.777	    0.915
6650.970	    0.657
6652.164	    0.502
6653.358	    0.372
6654.552	    0.301
6655.747	    0.362
6656.941	    0.287
6658.136	    0.212
6659.331	    0.259
6660.527	    0.365
6661.722	    0.343
6662.918	    0.236
6664.114	    0.215
6665.310	    0.255
6666.507	    0.206
6667.703	    0.233
6668.900	    0.310
6670.097	    0.258
6671.294	    0.077
6672.492	    0.037
6673.689	    0.277
6674.887	    0.252
6676.086	    0.147
6677.284	    0.143
6678.482	    0.191
6679.681	    0.276
6680.880	    0.251
6682.079	    0.234
6683.279	    0.153
6684.478	    0.102
6685.678	    0.104
6686.878	    0.198
6688.079	    0.228
6689.279	    0.224
6690.480	    0.178
6691.681	    0.071
6692.882	    0.213
6694.083	    0.298
6695.285	    0.166
6696.486	    0.071
6697.688	    0.195
6698.891	    0.162
6700.093	    0.080
6701.296	    0.128
6702.499	    0.224
6703.702	    0.281
6704.905	    0.043
6706.108	    0.226
6707.312	    0.261
6708.516	    0.237
6709.720	    0.279
6710.925	    0.294
6712.129	    0.320
6713.334	    0.322
6714.539	    0.349
6715.744	    0.205
6716.950	    0.124
6718.155	    0.146
6719.361	    0.264
6720.567	    0.266
6721.774	    0.247
6722.980	    0.243
6724.187	    0.267
6725.394	    0.213
6726.601	    0.222
6727.808	    0.090
6729.016	    0.124
6730.224	    0.048
6731.432	    0.110
6732.640	    0.166
6733.849	    0.116
6735.057	    0.284
6736.266	    0.331
6737.475	    0.265
6738.685	    0.280
6739.894	    0.275
6741.104	    0.226
6742.314	    0.185
6743.524	    0.112
6744.735	    0.174
6745.945	    0.252
6747.156	    0.304
6748.367	    0.194
6749.579	    0.197
6750.790	    0.230
6752.002	    0.207
6753.214	    0.126
6754.426	    0.196
6755.638	    0.234
6756.851	    0.238
6758.064	    0.267
6759.277	    0.221
6760.490	    0.184
6761.704	    0.217
6762.917	    0.167
6764.131	    0.272
6765.345	    0.295
6766.560	    0.245
6767.774	    0.259
6768.989	    0.256
6770.204	    0.118
6771.419	    0.158
6772.635	    0.159
6773.851	    0.093
6775.066	    0.217
6776.282	    0.230
6777.499	    0.390
6778.715	    0.502
6779.932	    0.677
6781.149	    0.739
6782.366	    0.704
6783.584	    0.555
6784.801	    0.383
6786.019	    0.287
6787.237	    0.210
6788.455	    0.203
6789.674	    0.204
6790.893	    0.238
6792.112	    0.290
6793.331	    0.445
6794.550	    0.602
6795.770	    0.681
6796.990	    0.631
6798.210	    0.518
6799.430	    0.424
6800.650	    0.313
6801.871	    0.217
6803.092	    0.174
6804.313	    0.150
6805.534	    0.173
6806.756	    0.143
6807.978	    0.160
6809.200	    0.139
6810.422	    0.093
6864.418	    0.499
6865.650	    0.471
6866.882	    0.468
6868.115	    0.452
6869.347	    0.463
6870.580	    0.472
6871.814	    0.436
6873.047	    0.364
6874.281	    0.228
6875.515	    0.100
6876.749	    0.134
6877.983	    0.021
6879.218	    0.136
6880.453	    0.242
6881.688	    0.280
6882.923	    0.210
6884.158	    0.088
6885.394	    0.134
6886.630	    0.261
6887.866	    0.337
6889.102	    0.319
6890.339	    0.295
6891.576	    0.292
6892.813	    0.318
6894.050	    0.310
6895.287	    0.217
6896.525	    0.195
6897.763	    0.192
6899.001	    0.128
6900.239	    0.292
6901.478	    0.308
6902.717	    0.272
6903.956	    0.217
6905.195	    0.276
6906.434	    0.126
6907.674	    0.251
6908.914	    0.259
6910.154	    0.124
6911.395	    0.048
6912.635	    0.248
6913.876	    0.192
6915.117	    0.183
6916.358	    0.082
6917.600	    0.300
6918.841	    0.368
6920.083	    0.301
6921.325	    0.202
6922.568	    0.276
6923.810	    0.196
6925.053	    0.196
6926.296	    0.291
6927.539	    0.302
6928.783	    0.312
6930.026	    0.257
6931.270	    0.187
6932.514	    0.060
6933.759	    0.241
6935.003	    0.286
6936.248	    0.340
6937.493	    0.204
6938.739	    0.248
6939.984	    0.166
6941.230	    0.134
6942.476	    0.205
6943.722	    0.428
6944.968	    0.389
6946.215	    0.185
6947.462	    0.266
6948.709	    0.297
6949.956	    0.302
6951.203	    0.317
6952.451	    0.303
6953.699	    0.314
6954.947	    0.279
6956.196	    0.230
6957.444	    0.232
6958.693	    0.116
6959.942	    0.043
6961.191	    0.228
6962.441	    0.214
6963.691	    0.131
6964.941	    0.312
6966.191	    0.178
6967.441	    0.236
6968.692	    0.232
6969.943	    0.261
6971.194	    0.134
6972.445	    0.202
6973.696	    0.347
6974.948	    0.283
6976.200	    0.213
6977.452	    0.088
6978.705	    0.223
6979.957	    0.271
6981.210	    0.184
6982.463	    0.271
6983.717	    0.264
6984.970	    0.212
6986.224	    0.112
6987.478	    0.077
6988.732	    0.141
6989.987	    0.126
6991.241	    0.133
6992.496	    0.185
6993.751	    0.183
6995.007	    0.102
6996.262	    0.116
6997.518	    0.134
6998.774	    0.178
7000.030	    0.124
7001.287	    0.067
7002.544	    0.147
7003.801	    0.097
7005.058	    0.114
7006.315	    0.214
7007.573	    0.170
7008.831	    0.082
7010.089	    0.184
7011.347	    0.159
7012.605	    0.213
7013.864	    0.199
7015.123	    0.202
7016.382	    0.210
7017.642	    0.155
7018.901	    0.155
7020.161	    0.141
7021.421	    0.233
7022.682	    0.085
7023.942	    0.114
7025.203	    0.090
7026.464	    0.152
7027.725	    0.136
7028.987	    0.074
7030.248	    0.120
7031.510	    0.225
7032.772	    0.215
7034.035	    0.064
7035.297	    0.021
7036.560	    0.169
7037.823	    0.110
7039.086	    0.144
7040.350	    0.093
7041.614	    0.052
7042.877	    0.067
7044.142	    0.112
7045.406	    0.131
7046.671	    0.146
7047.936	    0.155
7049.201	    0.030
7050.466	    0.183
7051.731	    0.212
7052.997	    0.064
7054.263	    0.082
7055.529	    0.106
7056.796	    0.158
7058.062	    0.143
7059.329	    0.191
7060.596	    0.100
7061.864	    0.110
7063.131	    0.108
7064.399	    0.163
7065.667	    0.037
7066.936	    0.124
7068.204	    0.162
7069.473	    0.189
7070.742	    0.149
7072.011	    0.080
7073.280	    0.185
7074.550	    0.106
7075.820	    0.077
7077.090	    0.021
7078.360	    0.166
7079.631	    0.122
7080.901	    0.134
7082.172	    0.106
7083.444	    0.139
7084.715	    0.080
7085.987	    0.102
7087.259	    0.056
7088.531	    0.136
7089.803	    0.030
7091.076	    0.060
7092.349	    0.139
7093.622	    0.144
7094.895	    0.215
7096.168	    0.056
7097.442	    0.122
7098.716	    0.071
7099.990	    0.146
7101.265	    0.114
7102.539	    0.126
7103.814	    0.141
7105.089	    0.197
7106.365	    0.093
7107.640	    0.177
7108.916	    0.250
7110.192	    0.194
7111.468	    0.112
7112.745	    0.030
7114.021	    0.056
7115.298	    0.131
7116.576	    0.129
7117.853	    0.129
7119.131	    0.159
7120.408	    0.021
7121.687	    0.152
7122.965	    0.043
7124.243	    0.085
7125.522	    0.088
7126.801	    0.147
7128.080	    0.088
7129.360	    0.146
7130.640	    0.048
7131.919	    0.178
7133.200	    0.136
7134.480	    0.189
7135.761	    0.100
7137.041	    0.156
7138.323	    0.170
7139.604	    0.175
7140.885	    0.088
7142.167	    0.124
7143.449	    0.088
7144.731	    0.088
7146.014	    0.077
7147.296	    0.173
7148.579	    0.071
7149.863	    0.048
7151.146	    0.198
7152.430	    0.280
7153.713	    0.185
7154.997	    0.134
7156.282	    0.090
7157.566	    0.067
7158.851	    0.021
7160.136	    0.082
7161.421	    0.128
7162.707	    0.158
7163.992	    0.129
7165.278	    0.146
7166.564	    0.195
7167.851	    0.165
7169.137	    0.169
7170.424	    0.183
7171.711	    0.156
7172.998	    0.030
7174.286	    0.052
7175.574	    0.163
7176.862	    0.177
7178.150	    0.174
7179.438	    0.169
7180.727	    0.144
7182.016	    0.298
7183.305	    0.219
7184.595	    0.048
7185.884	    0.110
7187.174	    0.206
7188.464	    0.309
7189.754	    0.309
7191.045	    0.021
7192.336	    0.056
7193.627	    0.080
7194.918	    0.190
7196.209	    0.263
7197.501	    0.112
7198.793	    0.136
7200.085	    0.241
7201.377	    0.259
7202.670	    0.048
7203.963	    0.021
7205.256	    0.162
7206.549	    0.122
7207.843	    0.110
7209.137	    0.166
7210.431	    0.060
7211.725	    0.085
7213.019	    0.180
7214.314	    0.180
7215.609	    0.163
7216.904	    0.141
7218.200	    0.097
7219.495	    0.202
7220.791	    0.312
7222.087	    0.284
7223.384	    0.179
7224.680	    0.030
7225.977	    0.085
7227.274	    0.134
7228.571	    0.156
7229.869	    0.190
7231.166	    0.138
7232.464	    0.381
7233.763	    0.519
7235.061	    0.628
7236.360	    0.551
7237.659	    0.375
7238.958	    0.435
7240.257	    0.487
7241.557	    0.288
7242.857	    0.447
7244.157	    0.580
7245.457	    0.527
7246.757	    0.456
7248.058	    0.401
7249.359	    0.301
7250.660	    0.376
7251.962	    0.394
7253.264	    0.347
7254.566	    0.333
7255.868	    0.345
7257.170	    0.407
7258.473	    0.345
7259.776	    0.295
7261.079	    0.209
7262.382	    0.110
7263.686	    0.116
7264.989	    0.147
7266.293	    0.143
7267.598	    0.088
7268.902	    0.448
7270.207	    0.740
7271.512	    0.759
7272.817	    0.560
7274.123	    0.318
7275.428	    0.547
7276.734	    0.519
7278.040	    0.360
7279.347	    0.090
7280.653	    0.225
7281.960	    0.461
7283.267	    0.482
7284.575	    0.450
7285.882	    0.394
7287.190	    0.383
7288.498	    0.318
7289.806	    0.255
7291.115	    0.175
7292.423	    0.247
7293.732	    0.329
7295.042	    0.320
7296.351	    0.187
7297.661	    0.293
7298.971	    0.192
7300.281	    0.288
7301.591	    0.353
7302.902	    0.244
7304.212	    0.249
7305.524	    0.284
7306.835	    0.259
7308.146	    0.209
7309.458	    0.514
7310.770	    0.689
7312.082	    0.582
7313.395	    0.080
7314.708	    0.541
7316.021	    0.546
7317.334	    0.497
7318.647	    0.465
7319.961	    0.454
7321.275	    0.377
7322.589	    0.104
7323.903	    0.259
7325.218	    0.276
7326.533	    0.097
7327.848	    0.310
7329.163	    0.356
7330.479	    0.360
7331.795	    0.326
7333.111	    0.267
7334.427	    0.633
7335.743	    0.682
7337.060	    0.494
7338.377	    0.355
7339.694	    0.533
