wlen 	 newgal_spectrum 
  4184.326 	      0.191
  4185.077 	      0.150
  4185.828 	      0.106
  4186.580 	      0.055
  4187.331 	      0.144
  4188.083 	      0.122
  4188.835 	      0.080
  4189.586 	      0.014
  4190.339 	      0.009
  4191.091 	      0.072
  4191.843 	      0.127
  4192.595 	      0.165
  4193.348 	      0.016
  4194.101 	     -0.057
  4194.853 	     -0.098
  4195.606 	     -0.095
  4196.359 	     -0.063
  4197.113 	      0.013
  4197.866 	      0.044
  4198.620 	     -0.026
  4199.373 	      0.016
  4200.127 	      0.172
  4200.881 	      0.259
  4201.635 	      0.165
  4202.389 	      0.013
  4203.143 	     -0.033
  4203.898 	     -0.066
  4204.652 	     -0.101
  4205.407 	     -0.116
  4206.162 	     -0.038
  4206.917 	      0.017
  4207.672 	     -0.017
  4208.427 	     -0.202
  4209.183 	     -0.031
  4209.938 	      0.130
  4210.694 	      0.132
  4211.450 	     -0.094
  4212.206 	     -0.039
  4212.962 	      0.022
  4213.718 	     -0.012
  4214.474 	      0.081
  4215.231 	     -0.014
  4215.987 	     -0.093
  4216.744 	     -0.060
  4217.501 	     -0.005
  4218.258 	      0.016
  4219.015 	      0.026
  4219.773 	      0.019
  4220.530 	      0.033
  4221.288 	      0.020
  4222.045 	      0.002
  4222.803 	     -0.021
  4223.561 	     -0.050
  4224.319 	     -0.029
  4225.077 	      0.008
  4225.836 	      0.068
  4226.594 	      0.057
  4227.353 	      0.020
  4228.112 	      0.006
  4228.871 	      0.035
  4229.630 	     -0.049
  4230.389 	      0.050
  4231.148 	      0.122
  4231.908 	      0.129
  4232.667 	     -0.041
  4233.427 	     -0.046
  4234.187 	     -0.071
  4234.947 	     -0.136
  4235.707 	     -0.183
  4236.468 	     -0.072
  4237.228 	     -0.056
  4237.989 	     -0.153
  4238.749 	      0.134
  4239.510 	      0.201
  4240.271 	      0.167
  4241.032 	      0.042
  4241.793 	     -0.075
  4242.555 	      0.053
  4243.316 	      0.035
  4244.078 	     -0.085
  4244.840 	     -0.064
  4245.602 	      0.049
  4246.364 	      0.094
  4247.126 	      0.104
  4247.888 	      0.150
  4248.651 	      0.043
  4249.413 	     -0.039
  4250.176 	     -0.089
  4250.939 	     -0.011
  4251.702 	      0.052
  4252.465 	      0.088
  4253.229 	      0.119
  4253.992 	      0.172
  4254.756 	      0.098
  4255.519 	      0.064
  4256.283 	      0.040
  4257.047 	      0.021
  4257.811 	      0.145
  4258.575 	      0.117
  4259.340 	      0.087
  4260.104 	      0.104
  4260.869 	      0.143
  4261.634 	      0.162
  4262.399 	      0.151
  4263.164 	      0.098
  4263.929 	      0.004
  4264.695 	     -0.081
  4265.460 	     -0.114
  4266.226 	     -0.092
  4266.991 	     -0.045
  4267.757 	     -0.038
  4268.523 	      0.000
  4269.290 	      0.063
  4270.056 	      0.157
  4270.822 	      0.082
  4271.589 	      0.027
  4272.356 	      0.006
  4273.123 	      0.118
  4273.890 	      0.067
  4274.657 	      0.058
  4275.424 	      0.058
  4276.191 	      0.050
  4276.959 	      0.165
  4277.727 	      0.132
  4278.494 	      0.108
  4279.262 	      0.147
  4280.031 	     -0.004
  4280.799 	     -0.053
  4281.567 	     -0.031
  4282.336 	      0.066
  4283.104 	      0.201
  4283.873 	      0.204
  4284.642 	      0.189
  4285.411 	      0.150
  4286.180 	      0.012
  4286.950 	     -0.002
  4287.719 	     -0.010
  4288.489 	     -0.015
  4289.259 	     -0.021
  4290.029 	     -0.017
  4290.799 	      0.004
  4291.569 	      0.018
  4292.339 	      0.002
  4293.110 	      0.048
  4293.880 	      0.099
  4294.651 	      0.115
  4295.422 	      0.083
  4296.193 	     -0.045
  4296.964 	      0.006
  4297.735 	      0.017
  4298.507 	     -0.001
  4299.278 	      0.040
  4300.050 	      0.034
  4300.822 	     -0.010
  4301.594 	     -0.040
  4302.366 	      0.075
  4303.138 	      0.029
  4303.910 	      0.078
  4304.683 	      0.188
  4305.456 	      0.386
  4306.229 	      0.124
  4307.001 	      0.112
  4307.775 	      0.099
  4308.548 	      0.063
  4309.321 	      0.067
  4310.095 	      0.133
  4310.868 	      0.074
  4311.642 	     -0.032
  4312.416 	      0.061
  4313.190 	      0.073
  4313.964 	      0.024
  4314.739 	     -0.017
  4315.513 	      0.016
  4316.288 	      0.003
  4317.062 	      0.049
  4317.837 	      0.083
  4318.612 	      0.090
  4319.388 	      0.076
  4320.163 	     -0.024
  4320.938 	     -0.036
  4321.714 	      0.017
  4322.490 	      0.103
  4323.266 	      0.084
  4324.042 	      0.027
  4324.818 	     -0.008
  4325.594 	      0.053
  4326.370 	      0.110
  4327.147 	      0.192
  4327.924 	      0.214
  4328.700 	      0.154
  4329.477 	      0.044
  4330.255 	      0.004
  4331.032 	      0.053
  4331.809 	      0.116
  4332.587 	     -0.035
  4333.364 	      0.013
  4334.142 	      0.034
  4334.920 	      0.050
  4335.698 	      0.070
  4336.477 	     -0.004
  4337.255 	      0.075
  4338.034 	      0.086
  4338.812 	      0.030
  4339.591 	      0.063
  4340.370 	     -0.178
  4341.149 	     -0.144
  4341.928 	      0.012
  4342.708 	      0.196
  4343.487 	      0.053
  4344.267 	     -0.037
  4345.046 	     -0.070
  4345.826 	     -0.037
  4346.606 	     -0.126
  4347.387 	     -0.081
  4348.167 	     -0.061
  4348.947 	     -0.058
  4349.728 	     -0.056
  4350.509 	     -0.073
  4351.290 	     -0.078
  4352.071 	     -0.060
  4352.852 	     -0.006
  4353.633 	      0.030
  4354.415 	      0.053
  4355.196 	      0.086
  4355.978 	      0.125
  4356.760 	      0.162
  4357.542 	      0.068
  4358.324 	      0.053
  4359.106 	      0.080
  4359.889 	      0.154
  4360.671 	      0.156
  4361.454 	      0.161
  4362.237 	      0.126
  4363.020 	      0.057
  4363.803 	     -0.008
  4364.587 	      0.026
  4365.370 	      0.023
  4366.153 	     -0.009
  4366.937 	     -0.080
  4367.721 	     -0.068
  4368.505 	     -0.026
  4369.289 	      0.013
  4370.073 	      0.054
  4370.858 	      0.171
  4371.642 	      0.321
  4372.427 	      0.214
  4373.212 	      0.052
  4373.997 	     -0.056
  4374.782 	     -0.062
  4375.567 	      0.057
  4376.353 	      0.068
  4377.138 	      0.004
  4386.576 	      0.105
  4387.363 	      0.076
  4388.151 	      0.156
  4388.938 	      0.003
  4389.726 	      0.097
  4390.514 	      0.124
  4391.302 	      0.111
  4392.090 	      0.083
  4392.879 	      0.118
  4393.667 	      0.154
  4394.456 	      0.145
  4395.245 	      0.090
  4396.033 	      0.068
  4396.823 	      0.065
  4397.612 	      0.101
  4398.401 	      0.158
  4399.191 	      0.230
  4399.980 	      0.183
  4400.770 	      0.182
  4401.560 	      0.185
  4402.350 	      0.190
  4403.140 	      0.209
  4403.931 	      0.199
  4404.721 	      0.265
  4405.512 	      0.309
  4406.302 	      0.292
  4407.093 	      0.166
  4407.884 	      0.235
  4408.676 	      0.240
  4409.467 	      0.229
  4410.258 	      0.258
  4411.050 	      0.151
  4411.842 	      0.162
  4412.634 	      0.184
  4413.426 	      0.197
  4414.218 	      0.143
  4415.010 	      0.044
  4415.803 	      0.212
  4416.595 	      0.292
  4417.388 	      0.163
  4418.181 	      0.151
  4418.974 	      0.159
  4419.767 	      0.095
  4420.561 	      0.062
  4421.354 	      0.192
  4422.148 	      0.323
  4422.941 	      0.218
  4423.735 	      0.125
  4424.529 	      0.067
  4425.324 	      0.069
  4426.118 	      0.017
  4426.912 	      0.049
  4427.707 	      0.048
  4428.502 	     -0.008
  4429.297 	     -0.013
  4430.092 	      0.023
  4430.887 	      0.050
  4431.682 	      0.064
  4432.478 	      0.058
  4433.273 	      0.042
  4434.069 	      0.062
  4434.865 	      0.009
  4435.661 	     -0.073
  4436.457 	     -0.121
  4437.253 	     -0.094
  4438.050 	     -0.140
  4438.847 	     -0.115
  4439.643 	     -0.047
  4440.440 	     -0.063
  4441.237 	     -0.122
  4442.034 	     -0.015
  4442.832 	      0.013
  4452.411 	      0.082
  4453.210 	     -0.007
  4454.009 	     -0.085
  4454.809 	     -0.130
  4455.609 	     -0.117
  4456.408 	     -0.092
  4457.208 	     -0.086
  4458.008 	     -0.098
  4458.808 	     -0.118
  4459.609 	     -0.122
  4460.409 	     -0.074
  4461.210 	     -0.035
  4462.011 	     -0.009
  4462.812 	     -0.002
  4463.613 	     -0.029
  4464.414 	     -0.093
  4465.215 	     -0.121
  4466.017 	     -0.120
  4466.818 	     -0.095
  4467.620 	     -0.074
  4468.422 	     -0.062
  4469.224 	     -0.035
  4470.026 	     -0.000
  4470.829 	      0.033
  4471.631 	      0.014
  4472.434 	     -0.051
  4473.237 	     -0.083
  4474.039 	     -0.084
  4474.843 	     -0.053
  4475.646 	     -0.014
  4476.449 	     -0.008
  4477.253 	     -0.026
  4478.056 	     -0.054
  4478.860 	     -0.081
  4479.664 	     -0.083
  4480.468 	     -0.085
  4481.272 	     -0.087
  4482.077 	     -0.089
  4482.881 	     -0.091
  4483.686 	     -0.093
  4484.491 	     -0.095
  4485.296 	     -0.097
  4486.101 	     -0.098
  4486.906 	     -0.100
  4487.711 	     -0.102
  4488.517 	     -0.104
  4489.322 	     -0.105
  4490.128 	     -0.107
  4490.934 	     -0.108
  4491.740 	     -0.110
  4492.547 	     -0.111
  4493.353 	     -0.135
  4494.160 	     -0.109
  4494.966 	      0.022
  4495.773 	     -0.157
  4496.580 	     -0.019
  4497.387 	      0.001
  4498.194 	     -0.024
  4499.002 	     -0.031
  4499.809 	      0.025
  4500.617 	     -0.007
  4501.425 	     -0.055
  4502.233 	     -0.095
  4503.041 	     -0.108
  4503.849 	     -0.079
  4504.658 	     -0.048
  4505.466 	     -0.031
  4506.275 	     -0.018
  4507.084 	     -0.005
  4507.893 	     -0.013
  4508.702 	     -0.010
  4509.511 	     -0.007
  4510.321 	     -0.005
  4511.130 	     -0.009
  4511.940 	     -0.024
  4512.750 	     -0.032
  4513.560 	     -0.032
  4514.370 	     -0.025
  4515.180 	     -0.011
  4515.991 	      0.013
  4516.802 	      0.032
  4517.612 	      0.039
  4518.423 	      0.027
  4519.234 	     -0.003
  4520.045 	     -0.039
  4520.857 	     -0.035
  4521.668 	     -0.010
  4522.480 	      0.016
  4523.292 	      0.036
  4524.103 	      0.039
  4524.916 	      0.013
  4525.728 	     -0.023
  4526.540 	     -0.053
  4527.353 	     -0.067
  4528.165 	     -0.041
  4528.978 	      0.054
  4529.791 	      0.098
  4530.604 	      0.081
  4531.417 	      0.022
  4532.231 	     -0.046
  4533.044 	     -0.069
  4533.858 	     -0.056
  4534.672 	     -0.043
  4535.486 	     -0.040
  4536.300 	     -0.053
  4537.114 	     -0.083
  4537.928 	     -0.086
  4538.743 	     -0.066
  4539.558 	     -0.038
  4540.372 	     -0.012
  4541.187 	     -0.005
  4542.002 	      0.010
  4542.818 	      0.005
  4543.633 	     -0.006
  4544.449 	     -0.025
  4545.264 	     -0.062
  4546.080 	     -0.036
  4546.896 	      0.021
  4547.712 	      0.060
  4548.529 	      0.070
  4549.345 	      0.048
  4550.162 	      0.051
  4550.979 	      0.041
  4551.795 	     -0.007
  4552.612 	     -0.070
  4553.430 	     -0.118
  4554.247 	     -0.030
  4555.064 	      0.091
  4555.882 	      0.112
  4556.700 	      0.066
  4557.518 	     -0.017
  4558.336 	     -0.057
  4559.154 	     -0.034
  4559.972 	     -0.017
  4560.791 	     -0.001
  4561.609 	      0.020
  4562.428 	      0.059
  4563.247 	      0.086
  4564.066 	      0.064
  4564.885 	      0.019
  4565.705 	     -0.033
  4566.524 	     -0.075
  4567.344 	     -0.065
  4568.164 	     -0.025
  4568.984 	     -0.012
  4569.804 	     -0.037
  4570.624 	     -0.094
  4571.445 	     -0.129
  4572.265 	     -0.086
  4573.086 	     -0.063
  4573.907 	     -0.073
  4574.728 	     -0.107
  4575.549 	     -0.137
  4576.370 	     -0.121
  4577.192 	     -0.095
  4578.013 	     -0.077
  4578.835 	     -0.064
  4579.657 	     -0.055
  4580.479 	     -0.038
  4581.301 	     -0.024
  4582.123 	     -0.020
  4582.946 	     -0.038
  4583.768 	     -0.074
  4584.591 	     -0.098
  4585.414 	     -0.018
  4586.237 	      0.079
  4587.060 	      0.109
  4587.884 	      0.065
  4588.707 	     -0.041
  4589.531 	     -0.110
  4590.355 	     -0.096
  4591.179 	     -0.076
  4592.003 	     -0.063
  4592.827 	     -0.061
  4593.651 	     -0.070
  4594.476 	     -0.079
  4595.301 	     -0.081
  4596.125 	     -0.079
  4596.950 	     -0.077
  4597.776 	     -0.080
  4598.601 	     -0.085
  4599.426 	     -0.086
  4600.252 	     -0.074
  4601.078 	     -0.042
  4601.903 	     -0.001
  4602.730 	      0.023
  4603.556 	     -0.002
  4604.382 	     -0.025
  4605.208 	     -0.024
  4606.035 	     -0.007
  4606.862 	      0.013
  4607.689 	      0.001
  4608.516 	     -0.015
  4609.343 	     -0.015
  4610.170 	     -0.009
  4610.998 	     -0.003
  4611.826 	     -0.005
  4612.653 	     -0.005
  4613.481 	      0.000
  4614.309 	     -0.005
  4615.138 	     -0.022
  4615.966 	     -0.047
  4616.795 	     -0.059
  4617.623 	     -0.043
  4618.452 	     -0.012
  4619.281 	      0.011
  4620.110 	      0.013
  4620.940 	     -0.016
  4621.769 	     -0.081
  4622.599 	     -0.095
  4623.428 	     -0.073
  4624.258 	     -0.039
  4625.088 	     -0.010
  4625.918 	     -0.005
  4626.749 	     -0.013
  4627.579 	     -0.025
  4628.410 	     -0.042
  4629.241 	     -0.060
  4630.072 	     -0.074
  4630.903 	     -0.079
  4631.734 	     -0.073
  4632.565 	     -0.037
  4633.397 	     -0.004
  4634.229 	     -0.004
  4635.060 	     -0.060
  4635.892 	     -0.154
  4636.724 	     -0.129
  4637.557 	     -0.064
  4638.389 	     -0.018
  4639.222 	     -0.016
  4640.054 	     -0.058
  4640.887 	     -0.139
  4641.720 	     -0.163
  4642.553 	     -0.130
  4643.387 	     -0.066
  4644.220 	     -0.004
  4645.054 	      0.010
  4645.888 	     -0.017
  4646.722 	     -0.048
  4647.556 	     -0.073
  4648.390 	     -0.086
  4649.224 	     -0.084
  4650.059 	     -0.066
  4650.893 	     -0.032
  4651.728 	      0.015
  4652.563 	      0.059
  4653.398 	      0.075
  4654.234 	      0.044
  4655.069 	     -0.055
  4655.905 	     -0.097
  4656.740 	     -0.050
  4657.576 	      0.014
  4658.412 	      0.055
  4659.248 	      0.048
  4660.085 	      0.002
  4660.921 	     -0.027
  4661.758 	     -0.025
  4662.594 	     -0.006
  4663.431 	      0.014
  4664.268 	      0.009
  4665.106 	     -0.040
  4665.943 	     -0.078
  4666.781 	     -0.087
  4667.618 	     -0.066
  4668.456 	     -0.018
  4669.294 	      0.044
  4670.132 	      0.090
  4670.970 	      0.079
  4671.809 	      0.042
  4672.647 	     -0.001
  4673.486 	     -0.028
  4674.325 	     -0.022
  4675.164 	      0.017
  4676.003 	      0.023
  4676.843 	      0.006
  4677.682 	     -0.020
  4678.522 	     -0.042
  4679.361 	     -0.059
  4680.201 	     -0.050
  4681.041 	     -0.031
  4681.882 	     -0.014
  4682.722 	     -0.007
  4683.563 	     -0.012
  4684.403 	     -0.026
  4685.244 	     -0.007
  4686.085 	      0.030
  4686.926 	     -0.018
  4687.767 	     -0.010
  4688.609 	      0.057
  4689.450 	      0.058
  4690.292 	      0.010
  4691.134 	     -0.051
  4691.976 	     -0.027
  4692.818 	     -0.044
  4693.661 	     -0.097
  4694.503 	     -0.086
  4695.346 	      0.047
  4696.189 	     -0.048
  4697.032 	      0.010
  4697.875 	      0.012
  4698.718 	     -0.058
  4699.561 	     -0.108
  4700.405 	      0.022
  4701.249 	     -0.060
  4702.092 	     -0.010
  4702.936 	      0.039
  4703.781 	      0.072
  4704.625 	      0.109
  4705.469 	      0.097
  4706.314 	      0.043
  4707.159 	     -0.033
  4708.004 	     -0.058
  4708.849 	     -0.068
  4709.694 	     -0.100
  4710.539 	     -0.103
  4711.385 	     -0.015
  4712.231 	     -0.012
  4713.076 	     -0.039
  4713.922 	     -0.015
  4714.768 	      0.063
  4715.615 	      0.029
  4716.461 	      0.004
  4717.308 	     -0.013
  4718.154 	     -0.008
  4719.001 	     -0.008
  4719.848 	     -0.003
  4720.696 	      0.052
  4721.543 	      0.034
  4722.390 	     -0.020
  4723.238 	      0.040
  4724.086 	      0.090
  4724.934 	      0.078
  4725.782 	      0.011
  4726.630 	      0.082
  4727.479 	      0.009
  4728.327 	      0.034
  4729.176 	      0.064
  4730.025 	      0.089
  4730.874 	      0.099
  4731.723 	      0.028
  4732.572 	     -0.055
  4733.422 	      0.037
  4734.271 	      0.034
  4735.121 	      0.028
  4735.971 	      0.038
  4736.821 	     -0.021
  4737.671 	     -0.082
  4738.522 	      0.035
  4739.372 	     -0.057
  4740.223 	     -0.036
  4741.074 	      0.077
  4741.925 	      0.110
  4742.776 	     -0.044
  4743.627 	     -0.073
  4744.479 	     -0.162
  4745.330 	     -0.085
  4746.182 	     -0.001
  4747.034 	     -0.026
  4747.886 	     -0.087
  4748.738 	     -0.029
  4749.591 	      0.029
  4750.443 	     -0.036
  4751.296 	     -0.038
  4752.149 	      0.023
  4753.002 	      0.037
  4753.855 	     -0.039
  4754.708 	      0.036
  4755.562 	     -0.002
  4756.415 	     -0.028
  4757.269 	     -0.026
  4758.123 	     -0.034
  4758.977 	     -0.143
  4759.831 	      0.040
  4760.686 	      0.008
  4761.540 	     -0.067
  4762.395 	     -0.057
  4763.250 	      0.019
  4764.105 	      0.083
  4764.960 	      0.136
  4765.815 	      0.089
  4766.671 	      0.075
  4767.526 	      0.033
  4768.382 	      0.037
  4769.238 	      0.080
  4770.094 	      0.054
  4770.950 	     -0.074
  4771.807 	     -0.011
  4772.663 	      0.029
  4773.520 	      0.033
  4774.377 	      0.018
  4775.234 	      0.000
  4776.091 	     -0.025
  4776.948 	     -0.033
  4777.805 	     -0.039
  4778.663 	     -0.034
  4779.521 	     -0.031
  4780.379 	     -0.036
  4781.237 	     -0.047
  4782.095 	     -0.028
  4782.953 	     -0.046
  4783.812 	     -0.078
  4784.670 	     -0.074
  4785.529 	     -0.059
  4786.388 	     -0.026
  4787.247 	      0.049
  4788.107 	     -0.016
  4788.966 	      0.084
  4789.826 	     -0.006
  4790.686 	      0.031
  4791.545 	      0.072
  4792.405 	      0.048
  4793.266 	      0.086
  4794.126 	      0.005
  4794.987 	      0.098
  4795.847 	      0.062
  4796.708 	     -0.045
  4797.569 	     -0.094
  4798.430 	     -0.039
  4799.292 	     -0.014
  4800.153 	     -0.033
  4801.015 	      0.042
  4801.876 	      0.022
  4802.738 	      0.026
  4803.600 	      0.021
  4804.463 	     -0.048
  4805.325 	     -0.141
  4806.188 	     -0.224
  4807.050 	     -0.139
  4807.913 	     -0.119
  4808.776 	     -0.100
  4809.639 	     -0.110
  4810.503 	     -0.149
  4811.366 	     -0.057
  4812.230 	     -0.039
  4813.093 	      0.013
  4813.957 	     -0.020
  4814.821 	     -0.009
  4815.686 	      0.006
  4816.550 	     -0.027
  4817.415 	      0.011
  4818.279 	     -0.113
  4819.144 	     -0.080
  4820.009 	     -0.023
  4820.874 	     -0.021
  4821.740 	     -0.020
  4822.605 	      0.033
  4823.471 	      0.046
  4824.337 	     -0.057
  4825.203 	     -0.018
  4826.069 	     -0.060
  4826.935 	     -0.068
  4827.801 	     -0.042
  4828.668 	     -0.012
  4829.535 	      0.025
  4830.401 	      0.040
  4831.269 	      0.010
  4832.136 	     -0.008
  4833.003 	     -0.015
  4833.871 	     -0.010
  4834.738 	     -0.011
  4835.606 	     -0.054
  4836.474 	     -0.047
  4837.342 	     -0.034
  4838.210 	     -0.023
  4839.079 	     -0.005
  4839.947 	      0.025
  4840.816 	      0.051
  4841.685 	      0.040
  4842.554 	     -0.025
  4843.423 	      0.016
  4844.293 	     -0.052
  4845.162 	     -0.073
  4846.032 	     -0.071
  4846.902 	     -0.065
  4847.772 	     -0.057
  4848.642 	     -0.049
  4849.512 	     -0.079
  4850.383 	     -0.104
  4851.253 	     -0.106
  4852.124 	     -0.076
  4852.995 	     -0.039
  4853.866 	     -0.034
  4854.737 	     -0.078
  4855.609 	      0.019
  4856.480 	      0.071
  4857.352 	      0.127
  4858.224 	      0.052
  4859.096 	      0.038
  4859.968 	      0.078
  4860.841 	     -0.034
  4861.713 	     -0.048
  4862.586 	     -0.028
  4863.459 	     -0.135
  4864.332 	     -0.078
  4865.205 	     -0.043
  4866.078 	     -0.066
  4866.951 	     -0.079
  4867.825 	     -0.044
  4868.699 	     -0.100
  4869.573 	     -0.071
  4870.447 	      0.051
  4871.321 	      0.050
  4872.195 	      0.042
  4873.070 	      0.050
  4873.945 	     -0.040
  4874.819 	     -0.021
  4875.694 	     -0.021
  4876.570 	     -0.071
  4877.445 	     -0.036
  4878.320 	     -0.008
  4879.196 	     -0.002
  4880.072 	      0.002
  4880.948 	     -0.003
  4881.824 	      0.033
  4882.700 	     -0.049
  4883.577 	     -0.062
  4884.453 	     -0.028
  4885.330 	     -0.019
  4886.207 	     -0.041
  4887.084 	     -0.047
  4887.961 	     -0.016
  4888.838 	     -0.035
  4889.716 	     -0.080
  4890.594 	     -0.072
  4891.472 	     -0.015
  4892.350 	      0.035
  4893.228 	      0.049
  4894.106 	      0.049
  4894.984 	      0.009
  4895.863 	      0.019
  4896.742 	     -0.014
  4897.621 	     -0.072
  4898.500 	     -0.064
  4899.379 	     -0.051
  4900.259 	     -0.086
  4901.138 	     -0.117
  4902.018 	     -0.123
  4902.898 	     -0.132
  4903.778 	     -0.034
  4904.658 	      0.298
  4905.538 	      1.036
  4906.419 	      2.123
  4907.300 	      3.177
  4908.180 	      3.581
  4909.061 	      3.124
  4909.943 	      1.877
  4910.824 	      0.884
  4911.705 	      0.313
  4912.587 	      0.050
  4913.469 	     -0.068
  4914.351 	     -0.115
  4915.233 	     -0.037
  4916.115 	      0.019
  4916.998 	     -0.060
  4917.880 	     -0.088
  4918.763 	     -0.041
  4919.646 	     -0.061
  4920.529 	     -0.074
  4921.412 	     -0.008
  4922.295 	      0.022
  4923.179 	     -0.011
  4924.063 	     -0.031
  4924.947 	      0.125
  4925.831 	      0.095
  4926.715 	      0.056
  4927.599 	      0.062
  4928.484 	      0.045
  4929.368 	     -0.065
  4930.253 	     -0.088
  4931.138 	      0.082
  4932.023 	      0.107
  4932.908 	      0.047
  4933.794 	      0.008
  4934.679 	      0.006
  4935.565 	      0.010
  4936.451 	     -0.004
  4937.337 	     -0.002
  4938.223 	     -0.013
  4939.110 	     -0.002
  4939.996 	      0.053
  4940.883 	      0.076
  4941.770 	      0.065
  4942.657 	      0.085
  4943.544 	      0.148
  4944.431 	      0.084
  4945.319 	      0.200
  4946.207 	      0.079
  4947.094 	      0.077
  4947.982 	      0.048
  4948.871 	      0.059
  4949.759 	      0.095
  4950.647 	      0.101
  4951.536 	      0.073
  4952.425 	      0.056
  4953.314 	      0.141
  4954.203 	      0.164
  4955.092 	      0.096
  4955.981 	      0.079
  4956.871 	      0.124
  4957.761 	      0.140
  4958.651 	      0.056
  4959.541 	     -0.026
  4960.431 	     -0.044
  4961.321 	     -0.019
  4962.212 	     -0.027
  4963.103 	      0.010
  4963.993 	      0.039
  4964.884 	      0.020
  4965.776 	     -0.023
  4966.667 	     -0.032
  4967.558 	     -0.007
  4968.450 	      0.012
  4969.342 	     -0.084
  4970.234 	     -0.124
  4971.126 	     -0.104
  4972.018 	     -0.069
  4972.911 	     -0.072
  4973.803 	     -0.103
  4974.696 	     -0.063
  4975.589 	      0.015
  4976.482 	      0.012
  4977.375 	     -0.048
  4978.269 	     -0.079
  4979.162 	     -0.074
  4980.056 	     -0.097
  4980.950 	     -0.116
  4981.844 	     -0.077
  4982.738 	     -0.115
  4983.633 	     -0.168
  4984.527 	     -0.118
  4985.422 	     -0.105
  4986.317 	     -0.111
  4987.212 	     -0.113
  4988.107 	     -0.123
  4989.002 	     -0.138
  4989.898 	     -0.132
  4990.794 	     -0.088
  4991.689 	     -0.016
  4992.585 	      0.033
  4993.482 	     -0.009
  4994.378 	     -0.065
  4995.274 	     -0.076
  4996.171 	     -0.014
  4997.068 	      0.053
  4997.965 	      0.040
  4998.862 	      0.001
  4999.759 	     -0.070
  5000.657 	     -0.050
  5001.554 	     -0.059
  5002.452 	     -0.067
  5003.350 	     -0.090
  5004.248 	     -0.051
  5005.146 	      0.052
  5006.045 	      0.123
  5006.943 	      0.110
  5007.842 	      0.125
  5008.741 	     -0.063
  5009.640 	     -0.112
  5010.539 	     -0.102
  5011.438 	     -0.106
  5012.338 	     -0.094
  5013.238 	     -0.080
  5014.137 	     -0.092
  5015.037 	     -0.096
  5015.938 	     -0.086
  5016.838 	      0.027
  5017.738 	     -0.027
  5018.639 	     -0.048
  5019.540 	     -0.065
  5020.441 	     -0.054
  5021.342 	     -0.007
  5022.243 	      0.026
  5023.145 	     -0.005
  5024.046 	     -0.016
  5024.948 	     -0.042
  5025.850 	     -0.095
  5026.752 	     -0.002
  5027.655 	     -0.020
  5028.557 	     -0.025
  5029.460 	     -0.102
  5030.362 	     -0.188
  5031.265 	     -0.165
  5032.168 	     -0.143
  5033.072 	     -0.097
  5033.975 	      0.005
  5034.879 	     -0.023
  5035.782 	     -0.032
  5036.686 	     -0.086
  5037.590 	     -0.066
  5038.495 	     -0.028
  5039.399 	     -0.049
  5040.304 	     -0.088
  5041.208 	     -0.091
  5042.113 	     -0.090
  5043.018 	     -0.130
  5043.923 	     -0.098
  5044.829 	     -0.121
  5045.734 	     -0.115
  5046.640 	     -0.113
  5047.546 	     -0.102
  5048.452 	     -0.086
  5049.358 	     -0.106
  5050.264 	     -0.110
  5051.171 	     -0.044
  5052.078 	      0.122
  5052.984 	      0.233
  5053.891 	      0.397
  5054.799 	      0.408
  5055.706 	      0.300
  5056.613 	      0.161
  5057.521 	      0.054
  5058.429 	      0.013
  5059.337 	      0.003
  5060.245 	     -0.133
  5061.153 	     -0.135
  5062.062 	     -0.095
  5062.970 	     -0.054
  5063.879 	     -0.051
  5064.788 	     -0.036
  5065.697 	     -0.012
  5066.606 	     -0.026
  5067.516 	     -0.073
  5068.425 	     -0.078
  5069.335 	     -0.102
  5070.245 	     -0.114
  5071.155 	     -0.107
  5072.065 	     -0.099
  5072.976 	     -0.082
  5073.886 	     -0.044
  5074.797 	     -0.014
  5075.708 	     -0.013
  5076.619 	     -0.014
  5077.530 	      0.026
  5078.442 	      0.066
  5079.353 	      0.004
  5080.265 	     -0.032
  5081.177 	     -0.026
  5082.089 	     -0.025
  5083.001 	     -0.025
  5083.914 	     -0.001
  5084.826 	     -0.003
  5085.739 	     -0.055
  5086.652 	     -0.096
  5087.565 	     -0.130
  5088.478 	     -0.123
  5089.391 	     -0.079
  5090.305 	     -0.047
  5091.219 	     -0.026
  5092.132 	     -0.021
  5093.046 	     -0.010
  5093.961 	     -0.041
  5094.875 	     -0.065
  5095.789 	     -0.008
  5096.704 	      0.038
  5097.619 	     -0.042
  5098.534 	     -0.057
  5099.449 	     -0.009
  5100.364 	      0.047
  5101.280 	      0.011
  5102.196 	      0.057
  5103.111 	      0.051
  5104.027 	      0.019
  5104.944 	      0.036
  5105.860 	      0.049
  5106.776 	     -0.019
  5107.693 	      0.001
  5108.610 	     -0.010
  5109.527 	      0.096
  5110.444 	      0.093
  5111.361 	     -0.008
  5112.279 	     -0.012
  5113.196 	     -0.054
  5114.114 	     -0.068
  5115.032 	     -0.027
  5115.950 	     -0.010
  5116.868 	      0.015
  5117.787 	      0.078
  5118.706 	     -0.038
  5119.624 	     -0.082
  5120.543 	      0.001
  5121.462 	      0.016
  5122.382 	     -0.021
  5123.301 	     -0.087
  5124.221 	     -0.082
  5125.141 	     -0.067
  5126.060 	     -0.093
  5126.981 	     -0.075
  5127.901 	     -0.083
  5128.821 	     -0.083
  5129.742 	     -0.074
  5130.663 	     -0.087
  5131.584 	     -0.111
  5132.505 	     -0.082
  5133.426 	     -0.040
  5134.347 	     -0.063
  5135.269 	     -0.046
  5136.191 	     -0.004
  5137.113 	     -0.043
  5138.035 	     -0.057
  5138.957 	     -0.009
  5139.879 	     -0.006
  5140.802 	     -0.000
  5141.725 	     -0.010
  5142.648 	     -0.007
  5143.571 	     -0.032
  5144.494 	     -0.026
  5145.417 	     -0.012
  5146.341 	      0.027
  5147.265 	      0.019
  5148.189 	     -0.085
  5149.113 	     -0.099
  5150.037 	      0.020
  5150.961 	     -0.009
  5151.886 	     -0.039
  5152.811 	      0.001
  5153.736 	     -0.024
  5154.661 	     -0.076
  5155.586 	     -0.132
  5156.511 	     -0.155
  5157.437 	     -0.107
  5158.363 	     -0.052
  5159.289 	     -0.052
  5160.215 	     -0.043
  5161.141 	     -0.063
  5162.067 	     -0.051
  5162.994 	     -0.077
  5163.921 	     -0.052
  5164.848 	     -0.036
  5165.775 	     -0.064
  5166.702 	     -0.017
  5167.629 	      0.020
  5168.557 	      0.001
  5169.485 	     -0.033
  5170.412 	     -0.034
  5171.341 	     -0.018
  5172.269 	     -0.056
  5173.197 	     -0.086
  5174.126 	     -0.015
  5175.054 	      0.022
  5175.983 	     -0.001
  5176.912 	     -0.047
  5177.842 	     -0.020
  5178.771 	     -0.020
  5179.701 	     -0.043
  5180.630 	     -0.037
  5181.560 	     -0.016
  5182.490 	     -0.028
  5183.421 	     -0.066
  5184.351 	     -0.084
  5185.282 	     -0.044
  5186.212 	     -0.053
  5187.143 	     -0.054
  5188.074 	     -0.061
  5189.006 	     -0.084
  5189.937 	     -0.059
  5190.868 	     -0.065
  5191.800 	     -0.105
  5192.732 	     -0.075
  5193.664 	     -0.021
  5194.596 	     -0.028
  5195.529 	     -0.029
  5196.461 	     -0.030
  5197.394 	     -0.031
  5198.327 	     -0.032
  5199.260 	     -0.033
  5200.193 	     -0.034
  5201.127 	     -0.035
  5202.060 	     -0.037
  5202.994 	     -0.038
  5203.928 	     -0.039
  5204.862 	     -0.040
  5205.796 	     -0.041
  5206.731 	     -0.042
  5207.665 	     -0.043
  5208.600 	     -0.043
  5209.535 	     -0.044
  5210.470 	     -0.045
  5211.405 	     -0.046
  5212.341 	     -0.047
  5213.276 	     -0.048
  5214.212 	     -0.049
  5215.148 	     -0.050
  5216.084 	     -0.050
  5217.021 	     -0.051
  5217.957 	     -0.052
  5218.894 	     -0.052
  5219.830 	     -0.053
  5220.767 	     -0.053
  5221.704 	     -0.054
  5222.642 	     -0.054
  5223.579 	     -0.055
  5224.517 	     -0.055
  5225.454 	     -0.056
  5226.392 	     -0.056
  5227.331 	     -0.057
  5228.269 	     -0.057
  5229.207 	     -0.058
  5230.146 	     -0.058
  5231.085 	     -0.067
  5232.024 	     -0.106
  5232.963 	     -0.131
  5233.902 	     -0.121
  5234.842 	     -0.126
  5235.781 	     -0.091
  5236.721 	     -0.082
  5237.661 	     -0.125
  5238.601 	     -0.086
  5239.541 	     -0.058
  5240.482 	     -0.027
  5241.423 	     -0.008
  5242.363 	      0.049
  5243.304 	      0.018
  5244.245 	     -0.013
  5245.187 	      0.001
  5246.128 	      0.121
  5247.070 	      0.203
  5248.012 	      0.172
  5248.954 	      0.223
  5249.896 	      0.205
  5250.838 	      0.210
  5251.781 	      0.129
  5252.723 	     -0.004
  5253.666 	     -0.026
  5254.609 	     -0.023
  5255.552 	     -0.114
  5256.496 	     -0.117
  5257.439 	     -0.142
  5258.383 	     -0.108
  5259.327 	     -0.019
  5260.271 	     -0.027
  5261.215 	     -0.079
  5262.159 	     -0.065
  5263.104 	     -0.032
  5264.049 	     -0.013
  5264.994 	     -0.055
  5265.939 	     -0.006
  5266.884 	     -0.051
  5267.829 	      0.010
  5268.775 	      0.048
  5269.721 	     -0.003
  5270.666 	     -0.091
  5271.612 	      0.011
  5272.559 	      0.074
  5273.505 	      0.060
  5274.452 	      0.012
  5275.398 	     -0.049
  5276.345 	     -0.049
  5277.292 	     -0.065
  5278.240 	     -0.141
  5279.187 	     -0.101
  5280.135 	     -0.090
  5281.082 	     -0.042
  5282.030 	      0.035
  5282.979 	      0.061
  5283.927 	     -0.093
  5284.875 	     -0.069
  5285.824 	      0.047
  5286.773 	     -0.022
  5287.722 	      0.027
  5288.671 	     -0.026
  5289.620 	     -0.005
  5290.569 	      0.059
  5291.519 	      0.093
  5292.469 	      0.052
  5293.419 	     -0.012
  5294.369 	     -0.003
  5295.319 	      0.009
  5296.270 	     -0.014
  5297.220 	     -0.019
  5298.171 	     -0.079
  5299.122 	     -0.044
  5300.073 	      0.002
  5301.025 	      0.005
  5301.976 	      0.020
  5302.928 	     -0.044
  5303.880 	     -0.051
  5304.832 	     -0.053
  5305.784 	     -0.032
  5306.736 	     -0.041
  5307.689 	     -0.042
  5308.642 	     -0.031
  5309.595 	     -0.054
  5310.548 	     -0.088
  5311.501 	     -0.072
  5312.454 	     -0.040
  5313.408 	     -0.070
  5314.362 	     -0.101
  5315.315 	     -0.096
  5316.270 	     -0.200
  5317.224 	     -0.193
  5318.178 	     -0.093
  5319.133 	     -0.110
  5320.088 	     -0.126
  5321.043 	     -0.138
  5321.998 	     -0.102
  5322.953 	     -0.102
  5323.908 	     -0.084
  5324.864 	     -0.054
  5325.820 	     -0.004
  5326.776 	      0.019
  5327.732 	      0.002
  5328.688 	     -0.031
  5329.645 	     -0.065
  5330.601 	     -0.039
  5331.558 	      0.018
  5332.515 	      0.011
  5333.472 	     -0.048
  5334.430 	     -0.032
  5335.387 	     -0.025
  5336.345 	      0.018
  5337.303 	      0.055
  5338.261 	      0.055
  5339.219 	      0.036
  5340.177 	      0.013
  5341.136 	      0.019
  5342.094 	      0.021
  5343.053 	     -0.039
  5344.012 	     -0.087
  5344.972 	     -0.095
  5345.931 	     -0.102
  5346.891 	     -0.119
  5347.850 	     -0.107
  5348.810 	     -0.053
  5349.770 	     -0.018
  5350.731 	     -0.053
  5351.691 	     -0.084
  5352.652 	     -0.069
  5353.612 	     -0.067
  5354.573 	     -0.060
  5355.535 	     -0.046
  5356.496 	     -0.045
  5357.457 	     -0.009
  5358.419 	     -0.022
  5359.381 	      0.002
  5360.343 	      0.065
  5361.305 	      0.092
  5362.267 	      0.084
  5363.230 	      0.026
  5364.192 	     -0.008
  5365.155 	     -0.045
  5366.118 	     -0.091
  5367.081 	     -0.084
  5368.045 	     -0.045
  5369.008 	     -0.018
  5369.972 	      0.001
  5370.936 	     -0.019
  5371.900 	     -0.050
  5372.864 	     -0.029
  5373.829 	     -0.074
  5374.793 	     -0.124
  5375.758 	     -0.100
  5376.723 	     -0.137
  5377.688 	     -0.150
  5378.653 	     -0.123
  5379.619 	     -0.055
  5380.584 	     -0.047
  5381.550 	     -0.064
  5382.516 	     -0.106
  5383.482 	     -0.082
  5384.449 	     -0.037
  5385.415 	     -0.056
  5386.382 	     -0.077
  5387.349 	     -0.258
  5388.316 	     -0.442
  5389.283 	     -0.394
  5390.250 	     -0.283
  5391.218 	     -0.208
  5392.185 	     -0.143
  5393.153 	     -0.154
  5394.121 	     -0.150
  5395.090 	     -0.150
  5396.058 	     -0.135
  5397.027 	     -0.076
  5397.995 	     -0.017
  5398.964 	     -0.059
  5399.933 	     -0.095
  5400.903 	     -0.095
  5401.872 	     -0.102
  5402.842 	     -0.087
  5403.811 	     -0.086
  5404.781 	     -0.044
  5405.751 	     -0.007
  5406.722 	     -0.050
  5407.692 	     -0.077
  5408.663 	     -0.061
  5409.634 	     -0.060
  5410.605 	     -0.037
  5411.576 	     -0.069
  5412.547 	     -0.067
  5413.519 	     -0.054
  5414.491 	     -0.071
  5415.462 	     -0.107
  5416.434 	     -0.092
  5417.407 	     -0.025
  5418.379 	     -0.025
  5419.352 	     -0.093
  5420.324 	     -0.144
  5421.297 	     -0.137
  5422.270 	     -0.098
  5423.244 	     -0.127
  5424.217 	     -0.137
  5425.191 	     -0.063
  5426.165 	     -0.070
  5427.139 	     -0.125
  5428.113 	     -0.037
  5429.087 	     -0.013
  5430.062 	     -0.060
  5431.036 	     -0.105
  5432.011 	     -0.015
  5432.986 	     -0.031
  5433.961 	      0.033
  5434.937 	     -0.005
  5435.912 	     -0.067
  5436.888 	     -0.082
  5437.864 	     -0.064
  5438.840 	     -0.061
  5439.816 	     -0.094
  5440.793 	     -0.039
  5441.769 	     -0.015
  5442.746 	     -0.031
  5443.723 	     -0.021
  5444.700 	      0.019
  5445.677 	      0.016
  5446.655 	     -0.058
  5447.632 	     -0.082
  5448.610 	     -0.031
  5449.588 	     -0.004
  5450.566 	     -0.021
  5451.545 	     -0.074
  5452.523 	     -0.047
  5453.502 	     -0.022
  5454.481 	     -0.044
  5455.460 	      0.004
  5456.439 	     -0.051
  5457.419 	     -0.106
  5458.398 	     -0.095
  5459.378 	     -0.035
  5460.358 	     -0.196
  5461.338 	     -0.093
  5462.318 	     -0.039
  5463.299 	     -0.112
  5464.279 	     -0.069
  5465.260 	     -0.081
  5466.241 	      0.009
  5467.222 	      0.011
  5468.204 	     -0.019
  5469.185 	      0.005
  5470.167 	     -0.004
  5471.149 	     -0.048
  5472.131 	     -0.049
  5473.113 	     -0.068
  5474.096 	     -0.068
  5475.078 	     -0.094
  5476.061 	     -0.056
  5477.044 	      0.011
  5478.027 	      0.008
  5479.010 	     -0.043
  5479.994 	     -0.091
  5480.977 	     -0.070
  5481.961 	     -0.014
  5482.945 	     -0.032
  5483.929 	     -0.057
  5484.914 	     -0.014
  5485.898 	     -0.005
  5486.883 	     -0.039
  5487.868 	     -0.017
  5488.853 	     -0.019
  5489.838 	     -0.021
  5490.823 	      0.040
  5491.809 	      0.087
  5492.795 	      0.056
  5493.781 	      0.006
  5494.767 	     -0.033
  5495.753 	     -0.024
  5496.740 	     -0.062
  5497.726 	     -0.090
  5498.713 	      0.008
  5499.700 	     -0.067
  5500.687 	     -0.017
  5501.675 	     -0.040
  5502.662 	     -0.055
  5503.650 	      0.027
  5504.638 	      0.021
  5505.626 	      0.001
  5506.614 	      0.016
  5507.602 	      0.014
  5508.591 	     -0.063
  5509.580 	     -0.093
  5510.569 	     -0.007
  5511.558 	     -0.027
  5512.547 	     -0.033
  5513.537 	     -0.022
  5514.526 	     -0.069
  5515.516 	     -0.081
  5516.506 	     -0.044
  5517.496 	     -0.021
  5518.487 	     -0.057
  5519.477 	     -0.075
  5520.468 	     -0.009
  5521.459 	     -0.024
  5522.450 	     -0.102
  5523.441 	     -0.063
  5524.433 	     -0.025
  5525.424 	     -0.038
  5526.416 	     -0.062
  5527.408 	     -0.100
  5528.400 	     -0.076
  5529.392 	     -0.031
  5530.385 	     -0.036
  5531.378 	     -0.073
  5532.370 	     -0.042
  5533.363 	     -0.050
  5534.357 	     -0.079
  5535.350 	     -0.024
  5536.344 	     -0.029
  5537.337 	     -0.045
  5538.331 	     -0.090
  5539.325 	     -0.090
  5540.320 	     -0.003
  5541.314 	     -0.029
  5542.309 	     -0.009
  5543.304 	     -0.061
  5544.299 	     -0.040
  5545.294 	     -0.011
  5546.289 	      0.004
  5547.285 	     -0.026
  5548.280 	     -0.039
  5549.276 	     -0.074
  5550.272 	     -0.093
  5551.269 	     -0.034
  5552.265 	     -0.045
  5553.262 	     -0.132
  5554.259 	     -0.102
  5555.255 	     -0.059
  5556.253 	      0.003
  5557.250 	     -0.036
  5558.247 	     -0.040
  5559.245 	     -0.088
  5560.243 	     -0.003
  5561.241 	     -0.034
  5562.239 	      0.007
  5563.238 	      0.016
  5564.236 	      0.052
  5565.235 	     -0.107
  5566.234 	     -0.090
  5567.233 	     -0.020
  5568.232 	     -0.061
  5569.232 	     -0.065
  5570.231 	     -0.069
  5571.231 	     -0.073
  5572.231 	     -0.077
  5573.232 	     -0.081
  5574.232 	     -0.085
  5575.232 	     -0.089
  5576.233 	     -0.093
  5577.234 	     -0.097
  5578.235 	     -0.101
  5579.236 	     -0.105
  5580.238 	     -0.109
  5581.240 	     -0.113
  5582.241 	     -0.118
  5583.243 	     -0.122
  5584.246 	     -0.126
  5585.248 	     -0.130
  5586.250 	     -0.134
  5587.253 	     -0.138
  5588.256 	     -0.099
  5589.259 	     -0.097
  5590.262 	      0.000
  5591.266 	      0.004
  5592.269 	      0.021
  5593.273 	     -0.003
  5594.277 	      0.008
  5595.281 	     -0.043
  5596.286 	     -0.025
  5597.290 	     -0.063
  5598.295 	     -0.055
  5599.300 	     -0.067
  5600.305 	     -0.038
  5601.310 	     -0.019
  5602.315 	     -0.092
  5603.321 	     -0.026
  5604.327 	     -0.118
  5605.333 	     -0.144
  5606.339 	     -0.065
  5607.345 	     -0.046
  5608.352 	     -0.042
  5609.358 	     -0.012
  5610.365 	     -0.158
  5611.372 	     -0.192
  5612.379 	     -0.032
  5613.387 	     -0.067
  5614.394 	     -0.040
  5615.402 	     -0.136
  5616.410 	     -0.051
  5617.418 	      0.000
  5618.427 	     -0.056
  5619.435 	     -0.124
  5620.444 	     -0.151
  5621.453 	     -0.152
  5622.462 	     -0.097
  5623.471 	     -0.065
  5624.480 	     -0.106
  5625.490 	     -0.113
  5626.499 	     -0.058
  5627.509 	     -0.066
  5628.520 	     -0.099
  5629.530 	     -0.006
  5630.540 	     -0.117
  5631.551 	     -0.002
  5632.562 	     -0.089
  5633.573 	     -0.152
  5634.584 	     -0.051
  5635.595 	     -0.050
  5636.607 	     -0.101
  5637.619 	     -0.165
  5638.631 	     -0.071
  5639.643 	     -0.157
  5640.655 	     -0.152
  5641.668 	     -0.155
  5642.680 	     -0.140
  5643.693 	     -0.206
  5644.706 	     -0.167
  5645.719 	     -0.071
  5646.733 	     -0.130
  5647.746 	     -0.089
  5648.760 	     -0.084
  5649.774 	     -0.116
  5650.788 	     -0.046
  5651.802 	     -0.167
  5652.817 	     -0.180
  5653.831 	     -0.109
  5654.846 	     -0.095
  5655.861 	     -0.154
  5656.876 	     -0.072
  5657.892 	     -0.041
  5658.907 	     -0.046
  5659.923 	     -0.127
  5660.939 	     -0.074
  5661.955 	     -0.099
  5662.972 	     -0.049
  5663.988 	     -0.133
  5665.005 	     -0.131
  5666.022 	     -0.101
  5667.039 	     -0.053
  5668.056 	     -0.080
  5669.073 	     -0.149
  5670.091 	     -0.081
  5671.109 	     -0.152
  5672.126 	     -0.185
  5673.145 	     -0.166
  5674.163 	     -0.144
  5675.181 	     -0.139
  5676.200 	     -0.118
  5677.219 	     -0.120
  5678.238 	     -0.146
  5679.257 	     -0.133
  5680.277 	     -0.086
  5681.296 	     -0.087
  5682.316 	     -0.076
  5683.336 	     -0.072
  5684.356 	     -0.093
  5685.376 	     -0.124
  5686.397 	     -0.098
  5687.418 	     -0.061
  5688.438 	     -0.147
  5689.459 	     -0.142
  5690.481 	     -0.130
  5691.502 	     -0.130
  5692.524 	     -0.177
  5693.545 	     -0.199
  5694.567 	     -0.164
  5695.590 	     -0.150
  5696.612 	     -0.152
  5697.634 	     -0.161
  5698.657 	     -0.189
  5699.680 	     -0.146
  5700.703 	     -0.160
  5701.726 	     -0.175
  5702.750 	     -0.150
  5703.773 	     -0.134
  5704.797 	     -0.137
  5705.821 	     -0.143
  5706.845 	     -0.144
  5707.870 	     -0.147
  5708.894 	     -0.199
  5709.919 	     -0.188
  5710.944 	     -0.149
  5711.969 	     -0.136
  5712.994 	     -0.215
  5714.020 	     -0.227
  5715.045 	     -0.223
  5716.071 	     -0.192
  5717.097 	     -0.224
  5718.123 	     -0.223
  5719.150 	     -0.192
  5720.176 	     -0.165
  5721.203 	     -0.170
  5722.230 	     -0.138
  5723.257 	     -0.158
  5724.284 	     -0.215
  5725.312 	     -0.193
  5726.340 	     -0.185
  5727.367 	     -0.162
  5728.396 	     -0.168
  5729.424 	     -0.139
  5730.452 	     -0.180
  5731.481 	     -0.192
  5732.510 	     -0.220
  5733.538 	     -0.125
  5734.568 	     -0.110
  5735.597 	     -0.153
  5736.626 	     -0.165
  5737.656 	     -0.168
  5738.686 	     -0.209
  5739.716 	     -0.210
  5740.746 	     -0.205
  5741.777 	     -0.169
  5742.807 	     -0.133
  5743.838 	     -0.142
  5744.869 	     -0.183
  5745.900 	     -0.154
  5746.932 	     -0.127
  5747.963 	     -0.153
  5748.995 	     -0.157
  5750.027 	     -0.166
  5751.059 	     -0.164
  5752.091 	     -0.174
  5753.124 	     -0.146
  5754.157 	     -0.125
  5755.189 	     -0.162
  5756.222 	     -0.204
  5757.256 	     -0.196
  5758.289 	     -0.162
  5759.323 	     -0.173
  5760.356 	     -0.175
  5761.390 	     -0.204
  5762.425 	     -0.238
  5763.459 	     -0.246
  5764.493 	     -0.218
  5765.528 	     -0.228
  5766.563 	     -0.250
  5767.598 	     -0.189
  5768.633 	     -0.189
  5769.669 	     -0.188
  5770.704 	     -0.188
  5771.740 	     -0.188
  5772.776 	     -0.177
  5773.812 	     -0.177
  5774.849 	     -0.174
  5775.885 	     -0.206
  5776.922 	     -0.171
  5777.959 	     -0.135
  5778.996 	     -0.139
  5780.033 	     -0.144
  5781.071 	     -0.155
  5782.109 	     -0.121
  5783.146 	     -0.094
  5784.185 	     -0.124
  5785.223 	     -0.188
  5786.261 	     -0.204
  5787.300 	     -0.136
  5788.339 	     -0.108
  5789.378 	     -0.155
  5790.417 	     -0.188
  5791.456 	     -0.206
  5792.496 	     -0.220
  5793.535 	     -0.199
  5794.575 	     -0.151
  5795.615 	     -0.126
  5796.656 	     -0.183
  5797.696 	     -0.194
  5798.737 	     -0.156
  5799.778 	     -0.160
  5800.819 	     -0.174
  5801.860 	     -0.191
  5802.901 	     -0.185
  5803.943 	     -0.171
  5804.985 	     -0.150
  5806.027 	     -0.130
  5807.069 	     -0.148
  5808.111 	     -0.190
  5809.154 	     -0.177
  5810.196 	     -0.119
  5811.239 	     -0.122
  5812.282 	     -0.131
  5813.326 	     -0.118
  5814.369 	     -0.134
  5815.413 	     -0.123
  5816.457 	     -0.162
  5817.501 	     -0.218
  5818.545 	     -0.207
  5819.589 	     -0.175
  5820.634 	     -0.137
  5821.679 	     -0.082
  5822.724 	     -0.058
  5823.769 	     -0.091
  5824.814 	     -0.117
  5825.860 	     -0.160
  5826.905 	     -0.233
  5827.951 	     -0.207
  5828.997 	     -0.153
  5830.044 	     -0.167
  5831.090 	     -0.178
  5832.137 	     -0.174
  5833.184 	     -0.172
  5834.231 	     -0.126
  5835.278 	     -0.171
  5836.325 	     -0.211
  5837.373 	     -0.194
  5838.421 	     -0.154
  5839.469 	     -0.126
  5840.517 	     -0.137
  5841.565 	     -0.148
  5842.614 	     -0.130
  5843.663 	     -0.067
  5844.711 	     -0.053
  5845.761 	     -0.117
  5846.810 	     -0.153
  5847.859 	     -0.151
  5848.909 	     -0.106
  5849.959 	     -0.072
  5851.009 	     -0.130
  5852.059 	     -0.189
  5853.110 	     -0.192
  5854.160 	     -0.162
  5855.211 	     -0.104
  5856.262 	     -0.077
  5857.313 	     -0.081
  5858.364 	     -0.114
  5859.416 	     -0.124
  5860.468 	     -0.026
  5861.520 	     -0.043
  5862.572 	     -0.066
  5863.624 	     -0.102
  5864.677 	     -0.095
  5865.729 	     -0.134
  5866.782 	     -0.138
  5867.835 	     -0.089
  5868.888 	     -0.108
  5869.942 	     -0.113
  5870.996 	     -0.090
  5872.049 	     -0.119
  5873.103 	     -0.083
  5874.158 	     -0.058
  5875.212 	     -0.064
  5876.267 	     -0.093
  5877.321 	     -0.070
  5878.376 	     -0.067
  5879.431 	     -0.094
  5880.487 	     -0.062
  5881.542 	     -0.042
  5882.598 	     -0.034
  5883.654 	      0.057
  5884.710 	      0.086
  5885.766 	      0.096
  5886.823 	      0.054
  5887.879 	     -0.057
  5888.936 	     -0.102
  5889.993 	     -0.131
  5891.051 	     -0.152
  5892.108 	     -0.143
  5893.166 	     -0.149
  5894.223 	     -0.151
  5895.281 	     -0.197
  5896.340 	     -0.172
  5897.398 	     -0.134
  5898.456 	     -0.150
  5899.515 	     -0.118
  5900.574 	     -0.056
  5901.633 	      0.010
  5902.693 	     -0.112
  5903.752 	     -0.076
  5904.812 	     -0.113
  5905.872 	     -0.126
  5906.932 	     -0.074
  5907.992 	     -0.078
  5909.052 	     -0.099
  5910.113 	     -0.167
  5911.174 	     -0.157
  5912.235 	     -0.077
  5913.296 	      0.004
  5914.358 	     -0.061
  5915.419 	     -0.119
  5916.481 	     -0.150
  5917.543 	     -0.141
  5918.605 	     -0.097
  5919.668 	     -0.021
  5920.730 	     -0.020
  5921.793 	     -0.103
  5922.856 	     -0.012
  5923.919 	     -0.084
  5959.109 	     -0.079
  5960.179 	     -0.040
  5961.249 	      0.055
  5962.319 	      0.022
  5963.389 	     -0.018
  5964.460 	     -0.009
  5965.530 	      0.055
  5966.601 	      0.002
  5967.672 	     -0.021
  5968.743 	     -0.005
  5969.814 	      0.019
  5970.886 	     -0.041
  5971.958 	     -0.054
  5973.030 	      0.033
  5974.102 	      0.085
  5975.174 	      0.031
  5976.247 	     -0.023
  5977.319 	     -0.039
  5978.392 	     -0.017
  5979.465 	      0.029
  5980.539 	      0.014
  5981.612 	      0.022
  5982.686 	      0.014
  5983.760 	      0.027
  5984.834 	      0.062
  5985.908 	      0.045
  5986.982 	     -0.001
  5988.057 	      0.038
  5989.132 	      0.095
  5990.207 	      0.060
  5991.282 	      0.073
  5992.358 	      0.064
  5993.433 	      0.089
  5994.509 	      0.096
  5995.585 	      0.038
  5996.661 	      0.035
  5997.738 	      0.069
  5998.814 	      0.062
  5999.891 	      0.078
  6000.968 	      0.045
  6002.045 	      0.025
  6003.122 	      0.075
  6004.200 	      0.067
  6005.278 	     -0.013
  6006.356 	     -0.030
  6007.434 	      0.041
  6008.512 	      0.071
  6009.590 	      0.015
  6010.669 	     -0.019
  6011.748 	     -0.008
  6012.827 	      0.012
  6013.906 	      0.032
  6014.986 	      0.054
  6016.066 	      0.062
  6017.145 	      0.038
  6018.225 	     -0.010
  6019.306 	     -0.045
  6020.386 	     -0.021
  6021.467 	      0.053
  6022.548 	      0.089
  6023.629 	      0.060
  6024.710 	      0.020
  6025.791 	      0.009
  6026.873 	      0.013
  6027.955 	      0.013
  6029.037 	      0.009
  6030.119 	      0.007
  6031.201 	      0.012
  6032.284 	      0.010
  6033.367 	     -0.002
  6034.450 	      0.003
  6035.533 	      0.027
  6036.616 	      0.024
  6037.700 	     -0.023
  6038.783 	     -0.042
  6039.867 	     -0.002
  6040.951 	      0.035
  6042.036 	      0.043
  6043.120 	      0.026
  6044.205 	      0.002
  6045.290 	     -0.012
  6046.375 	      0.001
  6047.460 	      0.035
  6048.546 	      0.050
  6049.631 	      0.025
  6050.717 	     -0.006
  6051.803 	     -0.003
  6052.890 	      0.022
  6053.976 	      0.042
  6055.063 	      0.036
  6056.150 	      0.020
  6057.237 	      0.012
  6058.324 	      0.017
  6059.411 	      0.037
  6060.499 	      0.050
  6061.587 	      0.026
  6062.675 	      0.000
  6063.763 	      0.013
  6064.852 	      0.029
  6065.940 	      0.033
  6067.029 	      0.032
  6068.118 	      0.045
  6069.207 	      0.051
  6070.297 	      0.057
  6071.386 	      0.063
  6072.476 	      0.071
  6073.566 	      0.085
  6074.656 	      0.100
  6075.747 	      0.103
  6076.837 	      0.070
  6077.928 	      0.010
  6079.019 	      0.003
  6080.110 	      0.102
  6081.201 	      0.125
  6082.293 	      0.051
  6083.385 	      0.016
  6084.477 	      0.058
  6085.569 	      0.084
  6086.661 	      0.081
  6087.754 	      0.094
  6088.846 	      0.096
  6089.939 	      0.062
  6091.032 	      0.048
  6092.126 	      0.088
  6093.219 	      0.104
  6094.313 	      0.074
  6095.407 	      0.088
  6096.501 	      0.120
  6097.595 	      0.087
  6098.690 	      0.042
  6099.784 	      0.114
  6100.879 	      0.218
  6101.974 	      0.200
  6103.070 	      0.126
  6104.165 	      0.099
  6105.261 	      0.117
  6106.357 	      0.091
  6107.453 	      0.079
  6108.549 	      0.071
  6109.646 	      0.078
  6110.742 	      0.066
  6111.839 	      0.065
  6112.936 	      0.025
  6114.033 	      0.071
  6115.131 	      0.030
  6116.228 	      0.003
  6117.326 	      0.004
  6118.424 	      0.006
  6119.523 	      0.007
  6120.621 	      0.009
  6121.720 	      0.011
  6122.818 	      0.012
  6123.917 	      0.014
  6125.017 	      0.015
  6126.116 	      0.017
  6127.216 	      0.018
  6128.315 	      0.020
  6129.415 	      0.021
  6130.516 	      0.023
  6131.616 	      0.024
  6132.717 	      0.025
  6133.817 	      0.027
  6134.918 	      0.028
  6136.020 	      0.029
  6137.121 	      0.031
  6138.223 	      0.032
  6139.324 	      0.033
  6140.426 	      0.035
  6141.529 	      0.036
  6142.631 	      0.037
  6143.734 	      0.038
  6144.836 	      0.040
  6145.939 	      0.041
  6147.042 	      0.042
  6148.146 	      0.044
  6149.249 	      0.045
  6150.353 	      0.047
  6151.457 	      0.048
  6152.561 	      0.049
  6153.666 	      0.051
  6154.770 	      0.053
  6155.875 	      0.054
  6156.980 	      0.056
  6158.085 	      0.057
  6159.190 	      0.059
  6160.296 	      0.061
  6161.402 	      0.062
  6162.508 	      0.064
  6163.614 	      0.066
  6164.720 	      0.041
  6165.827 	      0.097
  6166.933 	      0.152
  6168.040 	      0.144
  6169.148 	      0.088
  6170.255 	      0.062
  6171.362 	      0.096
  6172.470 	      0.117
  6173.578 	      0.110
  6174.686 	      0.123
  6175.795 	      0.145
  6176.903 	      0.124
  6178.012 	      0.104
  6179.121 	      0.127
  6180.230 	      0.131
  6181.339 	      0.084
  6182.449 	      0.061
  6183.558 	      0.088
  6184.668 	      0.116
  6185.778 	      0.119
  6186.889 	      0.119
  6187.999 	      0.130
  6189.110 	      0.134
  6190.221 	      0.151
  6191.332 	      0.190
  6192.443 	      0.197
  6193.555 	      0.153
  6194.667 	      0.122
  6195.779 	      0.125
  6196.891 	      0.102
  6198.003 	      0.065
  6199.116 	      0.114
  6200.228 	      0.191
  6201.341 	      0.218
  6202.454 	      0.199
  6203.568 	      0.182
  6204.681 	      0.160
  6205.795 	      0.146
  6206.909 	      0.139
  6208.023 	      0.136
  6209.137 	      0.104
  6210.252 	      0.074
  6211.366 	      0.078
  6212.481 	      0.095
  6213.596 	      0.122
  6214.712 	      0.156
  6215.827 	      0.182
  6216.943 	      0.161
  6218.059 	      0.098
  6219.175 	      0.011
  6220.291 	     -0.013
  6221.408 	      0.074
  6222.525 	      0.125
  6223.641 	      0.067
  6224.759 	      0.026
  6225.876 	      0.069
  6226.993 	      0.095
  6228.111 	      0.082
  6229.229 	      0.139
  6230.347 	      0.244
  6231.466 	      0.241
  6232.584 	      0.204
  6233.703 	      0.213
  6234.822 	      0.198
  6235.941 	      0.128
  6237.060 	      0.113
  6238.180 	      0.169
  6239.299 	      0.155
  6240.419 	      0.056
  6241.539 	      0.035
  6242.660 	      0.076
  6243.780 	      0.103
  6244.901 	      0.111
  6246.022 	      0.121
  6247.143 	      0.139
  6248.264 	      0.137
  6249.386 	      0.118
  6250.508 	      0.116
  6251.630 	      0.153
  6252.752 	      0.210
  6253.874 	      0.241
  6254.997 	      0.218
  6256.119 	      0.160
  6257.242 	      0.135
  6258.366 	      0.133
  6259.489 	      0.133
  6260.612 	      0.133
  6261.736 	      0.134
  6262.860 	      0.134
  6263.984 	      0.134
  6265.109 	      0.134
  6266.233 	      0.134
  6267.358 	      0.134
  6268.483 	      0.135
  6269.608 	      0.135
  6270.734 	      0.135
  6271.859 	      0.135
  6272.985 	      0.136
  6274.111 	      0.136
  6275.237 	      0.136
  6276.363 	      0.137
  6277.490 	      0.137
  6278.617 	      0.137
  6279.744 	      0.137
  6280.871 	      0.138
  6281.998 	      0.138
  6283.126 	      0.138
  6284.254 	      0.138
  6285.382 	      0.139
  6286.510 	      0.139
  6287.638 	      0.139
  6288.767 	      0.139
  6289.896 	      0.139
  6291.025 	      0.139
  6292.154 	      0.139
  6293.283 	      0.139
  6294.413 	      0.139
  6295.543 	      0.139
  6296.673 	      0.139
  6297.803 	      0.139
  6298.933 	      0.139
  6300.064 	      0.156
  6301.195 	      0.156
  6302.326 	      0.156
  6303.457 	      0.156
  6304.589 	      0.155
  6305.720 	      0.155
  6306.852 	      0.155
  6307.984 	      0.155
  6309.117 	      0.154
  6310.249 	      0.154
  6311.382 	      0.154
  6312.514 	      0.154
  6313.648 	      0.162
  6314.781 	      0.088
  6315.914 	      0.073
  6317.048 	      0.186
  6318.182 	      0.156
  6319.316 	      0.137
  6320.450 	      0.150
  6321.585 	      0.131
  6322.719 	      0.162
  6323.854 	      0.217
  6324.989 	      0.286
  6326.125 	      0.271
  6327.260 	      0.200
  6328.396 	      0.110
  6329.532 	      0.051
  6330.668 	      0.090
  6331.804 	      0.120
  6332.941 	      0.085
  6334.078 	      0.081
  6335.215 	      0.053
  6336.352 	      0.137
  6337.489 	      0.181
  6338.627 	      0.142
  6339.764 	      0.135
  6340.902 	      0.088
  6342.041 	      0.116
  6343.179 	      0.164
  6344.317 	      0.151
  6345.456 	      0.116
  6346.595 	      0.072
  6347.734 	      0.072
  6348.874 	      0.094
  6350.013 	      0.149
  6351.153 	      0.200
  6352.293 	      0.194
  6353.433 	      0.163
  6354.574 	      0.156
  6355.714 	      0.166
  6356.855 	      0.236
  6357.996 	      0.396
  6359.138 	      0.621
  6360.279 	      0.732
  6361.421 	      0.610
  6362.563 	      0.399
  6363.705 	      0.168
  6364.847 	      0.042
  6365.989 	      0.022
  6367.132 	      0.007
  6368.275 	     -0.019
  6369.418 	      0.024
  6370.561 	      0.067
  6371.705 	      0.083
  6372.848 	      0.130
  6373.992 	      0.158
  6375.136 	      0.143
  6376.281 	      0.127
  6377.425 	      0.118
  6378.570 	      0.133
  6379.715 	      0.168
  6380.860 	      0.136
  6382.005 	      0.143
  6383.151 	      0.163
  6384.297 	      0.123
  6385.443 	      0.107
  6386.589 	      0.119
  6387.735 	      0.148
  6388.882 	      0.135
  6390.028 	      0.109
  6391.175 	      0.141
  6392.323 	      0.198
  6393.470 	      0.250
  6394.618 	      0.112
  6395.765 	      0.103
  6396.913 	      0.145
  6398.062 	      0.129
  6399.210 	      0.135
  6400.359 	      0.166
  6401.508 	      0.118
  6402.657 	      0.022
  6403.806 	      0.136
  6404.955 	      0.177
  6406.105 	      0.151
  6407.255 	      0.109
  6408.405 	      0.081
  6409.555 	      0.097
  6410.706 	      0.175
  6411.856 	      0.122
  6413.007 	      0.077
  6414.158 	      0.067
  6415.310 	      0.094
  6416.461 	      0.038
  6417.613 	      0.041
  6418.765 	      0.143
  6419.917 	      0.048
  6421.069 	      0.070
  6422.222 	      0.116
  6423.375 	      0.130
  6424.528 	      0.147
  6425.681 	      0.158
  6426.834 	      0.145
  6427.988 	      0.168
  6429.142 	      0.105
  6430.296 	      0.118
  6431.450 	      0.136
  6432.604 	      0.091
  6433.759 	      0.107
  6434.914 	      0.119
  6436.069 	      0.137
  6437.224 	      0.149
  6438.380 	      0.122
  6439.535 	      0.110
  6440.691 	      0.122
  6441.847 	      0.112
  6443.003 	      0.076
  6444.160 	      0.090
  6445.317 	      0.077
  6446.474 	      0.073
  6447.631 	      0.079
  6448.788 	      0.022
  6449.945 	      0.060
  6451.103 	      0.130
  6452.261 	      0.096
  6453.419 	      0.011
  6454.578 	     -0.014
  6455.736 	      0.003
  6456.895 	      0.083
  6458.054 	      0.134
  6459.213 	      0.150
  6460.373 	      0.176
  6461.532 	      0.131
  6462.692 	      0.060
  6463.852 	      0.057
  6465.012 	      0.044
  6466.173 	      0.060
  6467.333 	      0.065
  6468.494 	      0.019
  6469.655 	     -0.038
  6470.817 	     -0.031
  6471.978 	      0.008
  6473.140 	      0.026
  6474.302 	      0.012
  6475.464 	     -0.057
  6476.626 	     -0.015
  6477.789 	      0.004
  6478.951 	      0.027
  6480.114 	      0.013
  6481.277 	      0.016
  6482.441 	     -0.020
  6483.604 	      0.065
  6484.768 	      0.038
  6485.932 	      0.015
  6487.096 	      0.038
  6488.261 	      0.056
  6489.425 	      0.042
  6490.590 	      0.068
  6491.755 	      0.047
  6492.921 	      0.092
  6494.086 	      0.129
  6495.252 	      0.125
  6496.418 	      0.059
  6497.584 	      0.016
  6498.750 	      0.041
  6499.916 	     -0.005
  6501.083 	     -0.047
  6502.250 	     -0.054
  6503.417 	     -0.055
  6504.584 	     -0.037
  6505.752 	      0.009
  6506.920 	      0.025
  6508.088 	     -0.000
  6509.256 	      0.093
  6510.424 	      0.097
  6511.593 	      0.039
  6512.762 	      0.001
  6513.931 	     -0.027
  6515.100 	     -0.019
  6516.269 	     -0.020
  6517.439 	      0.025
  6518.609 	      0.045
  6519.779 	      0.028
  6520.949 	      0.024
  6522.120 	      0.027
  6523.290 	     -0.000
  6524.461 	     -0.014
  6525.632 	     -0.023
  6526.804 	      0.097
  6527.975 	      0.148
  6529.147 	      0.105
  6530.319 	      0.082
  6531.491 	      0.012
  6532.664 	     -0.037
  6533.836 	     -0.044
  6535.009 	     -0.017
  6536.182 	     -0.009
  6537.355 	      0.011
  6538.529 	      0.044
  6539.702 	      0.071
  6540.876 	      0.084
  6542.050 	      0.053
  6543.224 	      0.038
  6544.399 	      0.034
  6545.574 	      0.036
  6546.748 	      0.029
  6547.924 	      0.138
  6549.099 	      0.194
  6550.274 	      0.213
  6551.450 	      0.130
  6552.626 	     -0.011
  6553.802 	     -0.103
  6554.979 	     -0.166
  6556.155 	     -0.080
  6557.332 	     -0.004
  6558.509 	     -0.020
  6559.686 	      0.013
  6560.864 	     -0.108
  6562.041 	     -0.079
  6563.219 	     -0.029
  6564.397 	     -0.019
  6565.576 	     -0.008
  6566.754 	      0.015
  6567.933 	      0.017
  6569.112 	     -0.048
  6570.291 	      0.038
  6571.470 	      0.070
  6572.650 	      0.152
  6573.830 	      0.049
  6575.010 	      0.053
  6576.190 	      0.056
  6577.370 	      0.060
  6578.551 	      0.063
  6579.732 	      0.066
  6580.913 	      0.069
  6582.094 	      0.072
  6583.275 	      0.075
  6584.457 	      0.078
  6585.639 	      0.081
  6586.821 	      0.084
  6588.003 	      0.089
  6589.186 	      0.121
  6590.368 	      0.088
  6591.551 	      0.073
  6592.735 	      0.103
  6593.918 	      0.162
  6595.102 	      0.126
  6596.285 	      0.059
  6597.469 	      0.071
  6598.654 	      0.134
  6599.838 	      0.143
  6601.023 	      0.161
  6602.207 	      0.163
  6603.393 	      0.112
  6604.578 	      0.136
  6605.763 	      0.213
  6606.949 	      0.279
  6608.135 	      0.506
  6609.321 	      1.194
  6610.507 	      2.303
  6611.694 	      3.115
  6612.881 	      2.805
  6614.068 	      1.768
  6615.255 	      0.777
  6616.442 	      0.304
  6617.630 	      0.257
  6618.818 	      0.253
  6620.006 	      0.373
  6621.194 	      0.639
  6622.383 	      1.791
  6623.571 	      4.767
  6624.760 	     11.769
  6625.949 	     20.793
  6627.139 	     23.097
  6628.328 	     16.539
  6629.518 	      7.786
  6630.708 	      2.573
  6631.898 	      0.791
  6633.089 	      0.337
  6634.279 	      0.307
  6635.470 	      0.224
  6636.661 	      0.224
  6637.852 	      0.246
  6639.044 	      0.247
  6640.235 	      0.265
  6641.427 	      0.427
  6642.619 	      0.791
  6643.812 	      1.597
  6645.004 	      3.561
  6646.197 	      7.496
  6647.390 	     10.031
  6648.583 	      8.445
  6649.777 	      4.917
  6650.970 	      2.011
  6652.164 	      0.724
  6653.358 	      0.325
  6654.552 	      0.275
  6655.747 	      0.272
  6656.941 	      0.227
  6658.136 	      0.213
  6659.331 	      0.209
  6660.527 	      0.206
  6661.722 	      0.166
  6662.918 	      0.158
  6664.114 	      0.232
  6665.310 	      0.230
  6666.507 	      0.195
  6667.703 	      0.180
  6668.900 	      0.230
  6670.097 	      0.258
  6671.294 	      0.227
  6672.492 	      0.162
  6673.689 	      0.163
  6674.887 	      0.195
  6676.086 	      0.212
  6677.284 	      0.220
  6678.482 	      0.193
  6679.681 	      0.240
  6680.880 	      0.237
  6682.079 	      0.192
  6683.279 	      0.210
  6684.478 	      0.233
  6685.678 	      0.256
  6686.878 	      0.206
  6688.079 	      0.199
  6689.279 	      0.228
  6690.480 	      0.225
  6691.681 	      0.232
  6692.882 	      0.197
  6694.083 	      0.121
  6695.285 	      0.132
  6696.486 	      0.160
  6697.688 	      0.129
  6698.891 	      0.157
  6700.093 	      0.113
  6701.296 	      0.043
  6702.499 	      0.090
  6703.702 	      0.122
  6704.905 	      0.067
  6706.108 	      0.078
  6707.312 	      0.042
  6708.516 	      0.064
  6709.720 	      0.065
  6710.925 	      0.112
  6712.129 	      0.104
  6713.334 	      0.013
  6714.539 	     -0.033
  6715.744 	      0.001
  6716.950 	      0.044
  6718.155 	      0.059
  6719.361 	      0.039
  6720.567 	      0.054
  6721.774 	      0.032
  6722.980 	      0.037
  6724.187 	      0.026
  6725.394 	      0.041
  6726.601 	      0.053
  6727.808 	      0.049
  6729.016 	      0.016
  6730.224 	     -0.005
  6731.432 	      0.044
  6732.640 	      0.018
  6733.849 	      0.040
  6735.057 	      0.042
  6736.266 	      0.039
  6737.475 	      0.112
  6738.685 	      0.053
  6739.894 	     -0.021
  6741.104 	      0.041
  6742.314 	      0.199
  6743.524 	      0.138
  6744.735 	      0.055
  6745.945 	      0.038
  6747.156 	      0.067
  6748.367 	      0.124
  6749.579 	      0.091
  6750.790 	      0.078
  6752.002 	      0.044
  6753.214 	     -0.009
  6754.426 	      0.069
  6755.638 	      0.070
  6756.851 	      0.034
  6758.064 	      0.042
  6759.277 	      0.017
  6760.490 	      0.034
  6761.704 	      0.034
  6762.917 	      0.039
  6764.131 	      0.036
  6765.345 	      0.021
  6766.560 	      0.061
  6767.774 	      0.062
  6768.989 	      0.084
  6770.204 	      0.145
  6771.419 	      0.171
  6772.635 	      0.082
  6773.851 	      0.083
  6775.066 	      0.031
  6776.282 	      0.108
  6777.499 	      0.232
  6778.715 	      0.698
  6779.932 	      1.667
  6781.149 	      2.693
  6782.366 	      2.829
  6783.584 	      1.923
  6784.801 	      0.811
  6786.019 	      0.225
  6787.237 	      0.072
  6788.455 	      0.045
  6789.674 	      0.101
  6790.893 	      0.124
  6792.112 	      0.262
  6793.331 	      0.596
  6794.550 	      1.286
  6795.770 	      2.189
  6796.990 	      2.206
  6798.210 	      1.528
  6799.430 	      0.706
  6800.650 	      0.172
  6801.871 	      0.029
  6803.092 	      0.042
  6804.313 	      0.020
  6805.534 	     -0.003
  6806.756 	     -0.021
  6807.978 	      0.004
  6809.200 	      0.035
  6810.422 	     -0.016
  6811.644 	     -0.018
  6812.867 	     -0.031
  6814.090 	     -0.017
  6815.313 	     -0.019
  6816.536 	     -0.036
  6817.760 	      0.028
  6818.984 	      0.062
  6820.208 	      0.007
  6821.432 	      0.039
  6822.656 	      0.151
  6823.881 	      0.218
  6825.106 	      0.251
  6826.331 	      0.192
  6827.556 	      0.105
  6828.782 	      0.181
  6830.007 	      0.209
  6831.233 	      0.078
  6832.460 	     -0.077
  6833.686 	     -0.157
  6834.913 	     -0.086
  6836.139 	     -0.102
  6837.366 	     -0.051
  6838.594 	     -0.039
  6839.821 	     -0.032
  6841.049 	      0.001
  6842.277 	     -0.028
  6843.505 	     -0.029
  6844.733 	      0.004
  6845.962 	      0.025
  6847.191 	      0.014
  6848.420 	      0.057
  6849.649 	      0.016
  6850.879 	     -0.025
  6852.108 	     -0.015
  6853.338 	     -0.039
  6854.568 	      0.011
  6855.799 	      0.010
  6857.029 	      0.080
  6858.260 	      0.252
  6859.491 	      0.303
  6860.722 	      0.209
  6861.954 	      0.008
  6863.186 	     -0.297
  6864.418 	     -0.471
  6865.650 	     -0.466
  6866.882 	     -0.405
  6868.115 	     -0.369
  6869.347 	     -0.382
  6870.580 	     -0.354
  6871.814 	     -0.297
  6873.047 	     -0.194
  6874.281 	     -0.083
  6875.515 	     -0.068
  6876.749 	     -0.085
  6877.983 	     -0.015
  6879.218 	     -0.056
  6880.453 	     -0.138
  6881.688 	     -0.091
  6882.923 	     -0.092
  6884.158 	     -0.123
  6885.394 	     -0.131
  6886.630 	     -0.169
  6887.866 	     -0.136
  6889.102 	     -0.136
  6890.339 	     -0.171
  6891.576 	     -0.119
  6892.813 	     -0.125
  6894.050 	     -0.111
  6895.287 	     -0.077
  6896.525 	     -0.035
  6897.763 	     -0.028
  6899.001 	     -0.109
  6900.239 	     -0.100
  6901.478 	     -0.063
  6902.717 	     -0.064
  6903.956 	     -0.067
  6905.195 	     -0.093
  6906.434 	     -0.086
  6907.674 	     -0.006
  6908.914 	      0.024
  6910.154 	     -0.062
  6911.395 	     -0.137
  6912.635 	     -0.077
  6913.876 	     -0.035
  6915.117 	     -0.093
  6916.358 	      0.042
  6917.600 	      0.181
  6918.841 	      0.159
  6920.083 	      0.094
  6921.325 	     -0.023
  6922.568 	     -0.128
  6923.810 	     -0.144
  6925.053 	     -0.156
  6926.296 	     -0.124
  6927.539 	     -0.108
  6928.783 	     -0.062
  6930.026 	     -0.042
  6931.270 	     -0.000
  6932.514 	      0.048
  6933.759 	      0.087
  6935.003 	      0.058
  6936.248 	     -0.012
  6937.493 	     -0.034
  6938.739 	     -0.024
  6939.984 	     -0.013
  6941.230 	      0.039
  6942.476 	      0.076
  6943.722 	      0.159
  6944.968 	      0.210
  6946.215 	      0.124
  6947.462 	     -0.002
  6948.709 	     -0.072
  6949.956 	     -0.095
  6951.203 	     -0.092
  6952.451 	     -0.051
  6953.699 	      0.011
  6954.947 	      0.026
  6956.196 	      0.021
  6957.444 	      0.024
  6958.693 	     -0.038
  6959.942 	     -0.016
  6961.191 	      0.029
  6962.441 	      0.040
  6963.691 	     -0.003
  6964.941 	      0.023
  6966.191 	      0.093
  6967.441 	      0.087
  6968.692 	      0.195
  6969.943 	      0.193
  6971.194 	      0.018
  6972.445 	      0.084
  6973.696 	      0.156
  6974.948 	      0.107
  6976.200 	      0.110
  6977.452 	      0.019
  6978.705 	     -0.040
  6979.957 	     -0.073
  6981.210 	     -0.071
  6982.463 	      0.008
  6983.717 	     -0.017
  6984.970 	     -0.061
  6986.224 	     -0.019
  6987.478 	      0.026
  6988.732 	      0.038
  6989.987 	     -0.007
  6991.241 	     -0.038
  6992.496 	      0.003
  6993.751 	      0.008
  6995.007 	     -0.007
  6996.262 	      0.040
  6997.518 	      0.049
  6998.774 	      0.023
  7000.030 	      0.041
  7001.287 	      0.020
  7002.544 	      0.002
  7003.801 	      0.026
  7005.058 	      0.034
  7006.315 	      0.051
  7007.573 	      0.060
  7008.831 	      0.034
  7010.089 	      0.012
  7011.347 	     -0.023
  7012.605 	     -0.074
  7013.864 	      0.010
  7015.123 	      0.065
  7016.382 	     -0.077
  7017.642 	     -0.078
  7018.901 	     -0.085
  7020.161 	      0.012
  7021.421 	     -0.043
  7022.682 	     -0.082
  7023.942 	     -0.082
  7025.203 	     -0.033
  7026.464 	      0.043
  7027.725 	      0.076
  7028.987 	      0.072
  7030.248 	      0.024
  7031.510 	      0.045
  7032.772 	      0.079
  7034.035 	      0.015
  7035.297 	      0.007
  7036.560 	      0.081
  7037.823 	      0.013
  7039.086 	     -0.034
  7040.350 	      0.027
  7041.614 	      0.155
  7042.877 	      0.108
  7044.142 	      0.034
  7045.406 	     -0.018
  7046.671 	     -0.006
  7047.936 	     -0.002
  7049.201 	     -0.022
  7050.466 	      0.001
  7051.731 	      0.031
  7052.997 	      0.018
  7054.263 	      0.055
  7055.529 	      0.044
  7056.796 	      0.012
  7058.062 	     -0.005
  7059.329 	      0.010
  7060.596 	     -0.042
  7061.864 	      0.036
  7063.131 	      0.043
  7064.399 	      0.031
  7065.667 	      0.029
  7066.936 	      0.012
  7068.204 	     -0.014
  7069.473 	     -0.046
  7070.742 	      0.016
  7072.011 	      0.003
  7073.280 	     -0.005
  7074.550 	      0.051
  7075.820 	      0.147
  7077.090 	      0.098
  7078.360 	      0.046
  7079.631 	      0.033
  7080.901 	     -0.042
  7082.172 	      0.037
  7083.444 	      0.032
  7084.715 	     -0.002
  7085.987 	      0.034
  7087.259 	      0.052
  7088.531 	      0.045
  7089.803 	     -0.022
  7091.076 	     -0.033
  7092.349 	      0.035
  7093.622 	      0.007
  7094.895 	     -0.009
  7096.168 	      0.007
  7097.442 	      0.027
  7098.716 	      0.023
  7099.990 	      0.024
  7101.265 	      0.043
  7102.539 	      0.059
  7103.814 	      0.021
  7105.089 	     -0.007
  7106.365 	     -0.018
  7107.640 	      0.010
  7108.916 	      0.065
  7110.192 	     -0.018
  7111.468 	     -0.012
  7112.745 	      0.035
  7114.021 	      0.058
  7115.298 	      0.069
  7116.576 	      0.011
  7117.853 	     -0.009
  7119.131 	      0.029
  7120.408 	      0.029
  7121.687 	     -0.025
  7122.965 	     -0.066
  7124.243 	     -0.004
  7125.522 	     -0.046
  7126.801 	     -0.021
  7128.080 	      0.003
  7129.360 	     -0.037
  7130.640 	     -0.020
  7131.919 	     -0.032
  7133.200 	     -0.009
  7134.480 	     -0.023
  7135.761 	     -0.017
  7137.041 	     -0.013
  7138.323 	     -0.060
  7139.604 	     -0.001
  7140.885 	     -0.026
  7142.167 	      0.009
  7143.449 	     -0.025
  7144.731 	     -0.050
  7146.014 	      0.005
  7147.296 	      0.017
  7148.579 	      0.001
  7149.863 	     -0.031
  7151.146 	     -0.052
  7152.430 	     -0.019
  7153.713 	     -0.014
  7154.997 	     -0.036
  7156.282 	     -0.030
  7157.566 	     -0.065
  7158.851 	     -0.043
  7160.136 	     -0.044
  7161.421 	     -0.067
  7162.707 	     -0.091
  7163.992 	     -0.117
  7165.278 	     -0.130
  7166.564 	     -0.112
  7167.851 	     -0.127
  7169.137 	     -0.102
  7170.424 	     -0.079
  7171.711 	     -0.115
  7172.998 	     -0.099
  7174.286 	     -0.050
  7175.574 	     -0.023
  7176.862 	     -0.052
  7178.150 	     -0.098
  7179.438 	     -0.095
  7180.727 	     -0.180
  7182.016 	     -0.147
  7183.305 	     -0.150
  7184.595 	     -0.133
  7185.884 	     -0.135
  7187.174 	     -0.091
  7188.464 	     -0.061
  7189.754 	     -0.067
  7191.045 	     -0.157
  7192.336 	     -0.119
  7193.627 	     -0.114
  7194.918 	     -0.119
  7196.209 	     -0.088
  7197.501 	     -0.089
  7198.793 	     -0.152
  7200.085 	     -0.095
  7201.377 	     -0.054
  7202.670 	     -0.025
  7203.963 	      0.021
  7205.256 	      0.038
  7206.549 	      0.049
  7207.843 	      0.022
  7209.137 	     -0.040
  7210.431 	      0.020
  7211.725 	      0.009
  7213.019 	     -0.072
  7214.314 	     -0.037
  7215.609 	     -0.022
  7216.904 	     -0.077
  7218.200 	     -0.100
  7219.495 	     -0.080
  7220.791 	     -0.049
  7222.087 	     -0.022
  7223.384 	      0.011
  7224.680 	     -0.001
  7225.977 	     -0.060
  7227.274 	     -0.064
  7228.571 	     -0.089
  7229.869 	     -0.079
  7231.166 	     -0.001
  7232.464 	      0.101
  7233.763 	      0.366
  7235.061 	      0.448
  7236.360 	      0.262
  7237.659 	      0.071
  7238.958 	      0.176
  7240.257 	      0.131
  7241.557 	     -0.007
  7242.857 	     -0.282
  7244.157 	     -0.416
  7245.457 	     -0.393
  7246.757 	     -0.320
  7248.058 	     -0.206
  7249.359 	     -0.219
  7250.660 	     -0.233
  7251.962 	     -0.223
  7253.264 	     -0.189
  7254.566 	     -0.195
  7255.868 	     -0.158
  7257.170 	     -0.088
  7258.473 	     -0.154
  7259.776 	     -0.165
  7261.079 	     -0.116
  7262.382 	     -0.059
  7263.686 	     -0.065
  7264.989 	     -0.084
  7266.293 	     -0.112
  7267.598 	     -0.051
  7268.902 	      0.133
  7270.207 	      0.449
  7271.512 	      0.500
  7272.817 	      0.251
  7274.123 	     -0.198
  7275.428 	     -0.364
  7276.734 	     -0.302
  7278.040 	     -0.160
  7279.347 	     -0.064
  7280.653 	     -0.128
  7281.960 	     -0.289
  7283.267 	     -0.367
  7284.575 	     -0.273
  7285.882 	     -0.215
  7287.190 	     -0.211
  7288.498 	     -0.148
  7289.806 	     -0.078
  7291.115 	     -0.121
  7292.423 	     -0.117
  7293.732 	     -0.132
  7295.042 	     -0.173
  7296.351 	     -0.084
  7297.661 	      0.106
  7298.971 	      0.013
  7300.281 	     -0.018
  7301.591 	     -0.115
  7302.902 	     -0.085
  7304.212 	     -0.063
  7305.524 	     -0.114
  7306.835 	     -0.177
  7308.146 	     -0.088
  7309.458 	      0.309
  7310.770 	      0.442
  7312.082 	      0.326
  7313.395 	      0.045
  7314.708 	     -0.249
  7316.021 	     -0.260
  7317.334 	     -0.221
  7318.647 	     -0.190
  7319.961 	     -0.188
  7321.275 	     -0.156
  7322.589 	     -0.008
  7323.903 	      0.111
  7325.218 	      0.063
  7326.533 	     -0.021
  7327.848 	     -0.079
  7329.163 	     -0.102
  7330.479 	     -0.113
  7331.795 	     -0.132
  7333.111 	      0.045
  7334.427 	      0.464
  7335.743 	      0.588
  7337.060 	      0.264
  7338.377 	     -0.128
  7339.694 	     -0.200
