WV      	 Sigma   
4184.326	    0.299
4185.077	    0.265
4185.828	    0.223
4186.580	    0.161
4187.331	    0.260
4188.083	    0.239
4188.835	    0.194
4189.586	    0.081
4190.339	    0.065
4191.091	    0.184
4191.843	    0.244
4192.595	    0.278
4193.348	    0.087
4194.101	    0.164
4194.853	    0.214
4195.606	    0.211
4196.359	    0.172
4197.113	    0.078
4197.866	    0.144
4198.620	    0.110
4199.373	    0.087
4200.127	    0.284
4200.881	    0.349
4201.635	    0.278
4202.389	    0.078
4203.143	    0.124
4203.898	    0.176
4204.652	    0.218
4205.407	    0.233
4206.162	    0.134
4206.917	    0.089
4207.672	    0.089
4208.427	    0.308
4209.183	    0.121
4209.938	    0.247
4210.694	    0.249
4211.450	    0.210
4212.206	    0.135
4212.962	    0.102
4213.718	    0.075
4214.474	    0.195
4215.231	    0.081
4215.987	    0.209
4216.744	    0.168
4217.501	    0.048
4218.258	    0.087
4219.015	    0.110
4219.773	    0.094
4220.530	    0.124
4221.288	    0.097
4222.045	    0.031
4222.803	    0.099
4223.561	    0.153
4224.319	    0.117
4225.077	    0.061
4225.836	    0.179
4226.594	    0.164
4227.353	    0.097
4228.112	    0.053
4228.871	    0.128
4229.630	    0.152
4230.389	    0.153
4231.148	    0.239
4231.908	    0.246
4232.667	    0.139
4233.427	    0.147
4234.187	    0.183
4234.947	    0.253
4235.707	    0.293
4236.468	    0.184
4237.228	    0.162
4237.989	    0.268
4238.749	    0.251
4239.510	    0.307
4240.271	    0.280
4241.032	    0.140
4241.793	    0.188
4242.555	    0.158
4243.316	    0.128
4244.078	    0.200
4244.840	    0.173
4245.602	    0.152
4246.364	    0.210
4247.126	    0.221
4247.888	    0.265
4248.651	    0.142
4249.413	    0.135
4250.176	    0.204
4250.939	    0.072
4251.702	    0.156
4252.465	    0.203
4253.229	    0.236
4253.992	    0.284
4254.756	    0.214
4255.519	    0.173
4256.283	    0.137
4257.047	    0.099
4257.811	    0.261
4258.575	    0.234
4259.340	    0.202
4260.104	    0.221
4260.869	    0.259
4261.634	    0.276
4262.399	    0.266
4263.164	    0.214
4263.929	    0.043
4264.695	    0.195
4265.460	    0.231
4266.226	    0.208
4266.991	    0.145
4267.757	    0.134
4268.523	    0.134
4269.290	    0.172
4270.056	    0.271
4270.822	    0.196
4271.589	    0.113
4272.356	    0.053
4273.123	    0.235
4273.890	    0.177
4274.657	    0.165
4275.424	    0.165
4276.191	    0.153
4276.959	    0.278
4277.727	    0.249
4278.494	    0.225
4279.262	    0.263
4280.031	    0.043
4280.799	    0.158
4281.567	    0.121
4282.336	    0.176
4283.104	    0.307
4283.873	    0.309
4284.642	    0.298
4285.411	    0.265
4286.180	    0.075
4286.950	    0.031
4287.719	    0.069
4288.489	    0.084
4289.259	    0.099
4290.029	    0.089
4290.799	    0.043
4291.569	    0.092
4292.339	    0.031
4293.110	    0.150
4293.880	    0.216
4294.651	    0.232
4295.422	    0.197
4296.193	    0.145
4296.964	    0.053
4297.735	    0.089
4298.507	    0.022
4299.278	    0.137
4300.050	    0.126
4300.822	    0.069
4301.594	    0.137
4302.366	    0.188
4303.138	    0.117
4303.910	    0.191
4304.683	    0.297
4305.456	    0.426
4306.229	    0.241
4307.001	    0.229
4307.775	    0.216
4308.548	    0.172
4309.321	    0.177
4310.095	    0.250
4310.868	    0.186
4311.642	    0.123
4312.416	    0.169
4313.190	    0.185
4313.964	    0.106
4314.739	    0.089
4315.513	    0.087
4316.288	    0.038
4317.062	    0.152
4317.837	    0.197
4318.612	    0.206
4319.388	    0.189
4320.163	    0.106
4320.938	    0.130
4321.714	    0.089
4322.490	    0.220
4323.266	    0.199
4324.042	    0.113
4324.818	    0.061
4325.594	    0.158
4326.370	    0.227
4327.147	    0.300
4327.924	    0.317
4328.700	    0.269
4329.477	    0.144
4330.255	    0.043
4331.032	    0.158
4331.809	    0.233
4332.587	    0.128
4333.364	    0.078
4334.142	    0.126
4334.920	    0.153
4335.698	    0.181
4336.477	    0.043
4337.255	    0.188
4338.034	    0.201
4338.812	    0.119
4339.591	    0.172
4340.370	    0.289
4341.149	    0.260
4341.928	    0.075
4342.708	    0.303
4343.487	    0.158
4344.267	    0.132
4345.046	    0.181
4345.826	    0.132
4346.606	    0.243
4347.387	    0.195
4348.167	    0.169
4348.947	    0.165
4349.728	    0.162
4350.509	    0.185
4351.290	    0.191
4352.071	    0.168
4352.852	    0.053
4353.633	    0.119
4354.415	    0.158
4355.196	    0.201
4355.978	    0.242
4356.760	    0.276
4357.542	    0.179
4358.324	    0.158
4359.106	    0.194
4359.889	    0.269
4360.671	    0.271
4361.454	    0.275
4362.237	    0.243
4363.020	    0.164
4363.803	    0.061
4364.587	    0.110
4365.370	    0.104
4366.153	    0.065
4366.937	    0.194
4367.721	    0.179
4368.505	    0.110
4369.289	    0.078
4370.073	    0.159
4370.858	    0.283
4371.642	    0.388
4372.427	    0.317
4373.212	    0.156
4373.997	    0.162
4374.782	    0.171
4375.567	    0.164
4376.353	    0.179
4377.138	    0.043
4386.576	    0.222
4387.363	    0.189
4388.151	    0.271
4388.938	    0.038
4389.726	    0.213
4390.514	    0.241
4391.302	    0.228
4392.090	    0.197
4392.879	    0.235
4393.667	    0.269
4394.456	    0.261
4395.245	    0.206
4396.033	    0.179
4396.823	    0.175
4397.612	    0.218
4398.401	    0.272
4399.191	    0.329
4399.980	    0.293
4400.770	    0.292
4401.560	    0.295
4402.350	    0.299
4403.140	    0.313
4403.931	    0.306
4404.721	    0.353
4405.512	    0.381
4406.302	    0.370
4407.093	    0.279
4407.884	    0.332
4408.676	    0.336
4409.467	    0.328
4410.258	    0.348
4411.050	    0.266
4411.842	    0.276
4412.634	    0.294
4413.426	    0.304
4414.218	    0.259
4415.010	    0.144
4415.803	    0.315
4416.595	    0.370
4417.388	    0.277
4418.181	    0.266
4418.974	    0.273
4419.767	    0.211
4420.561	    0.171
4421.354	    0.300
4422.148	    0.389
4422.941	    0.320
4423.735	    0.242
4424.529	    0.177
4425.324	    0.180
4426.118	    0.089
4426.912	    0.152
4427.707	    0.150
4428.502	    0.061
4429.297	    0.078
4430.092	    0.104
4430.887	    0.153
4431.682	    0.173
4432.478	    0.165
4433.273	    0.140
4434.069	    0.171
4434.865	    0.065
4435.661	    0.185
4436.457	    0.238
4437.253	    0.210
4438.050	    0.256
4438.847	    0.232
4439.643	    0.149
4440.440	    0.172
4441.237	    0.239
4442.034	    0.084
4442.832	    0.078
4452.411	    0.196
4453.210	    0.057
4454.009	    0.200
4454.809	    0.247
4455.609	    0.234
4456.408	    0.208
4457.208	    0.201
4458.008	    0.214
4458.808	    0.235
4459.609	    0.239
4460.409	    0.186
4461.210	    0.128
4462.011	    0.065
4462.812	    0.031
4463.613	    0.117
4464.414	    0.209
4465.215	    0.238
4466.017	    0.237
4466.818	    0.211
4467.620	    0.186
4468.422	    0.171
4469.224	    0.128
4470.026	    0.128
4470.829	    0.124
4471.631	    0.081
4472.434	    0.155
4473.237	    0.197
4474.039	    0.199
4474.843	    0.158
4475.646	    0.081
4476.449	    0.061
4477.253	    0.110
4478.056	    0.159
4478.860	    0.195
4479.664	    0.197
4480.468	    0.200
4481.272	    0.202
4482.077	    0.204
4482.881	    0.207
4483.686	    0.209
4484.491	    0.211
4485.296	    0.213
4486.101	    0.214
4486.906	    0.217
4487.711	    0.219
4488.517	    0.221
4489.322	    0.222
4490.128	    0.224
4490.934	    0.225
4491.740	    0.227
4492.547	    0.228
4493.353	    0.252
4494.160	    0.226
4494.966	    0.102
4495.773	    0.271
4496.580	    0.094
4497.387	    0.022
4498.194	    0.106
4499.002	    0.121
4499.809	    0.108
4500.617	    0.057
4501.425	    0.161
4502.233	    0.211
4503.041	    0.225
4503.849	    0.193
4504.658	    0.150
4505.466	    0.121
4506.275	    0.092
4507.084	    0.048
4507.893	    0.078
4508.702	    0.069
4509.511	    0.057
4510.321	    0.048
4511.130	    0.065
4511.940	    0.106
4512.750	    0.123
4513.560	    0.123
4514.370	    0.108
4515.180	    0.072
4515.991	    0.078
4516.802	    0.123
4517.612	    0.135
4518.423	    0.113
4519.234	    0.038
4520.045	    0.135
4520.857	    0.128
4521.668	    0.069
4522.480	    0.087
4523.292	    0.130
4524.103	    0.135
4524.916	    0.078
4525.728	    0.104
4526.540	    0.158
4527.353	    0.177
4528.165	    0.139
4528.978	    0.159
4529.791	    0.214
4530.604	    0.195
4531.417	    0.102
4532.231	    0.147
4533.044	    0.180
4533.858	    0.162
4534.672	    0.142
4535.486	    0.137
4536.300	    0.158
4537.114	    0.197
4537.928	    0.201
4538.743	    0.176
4539.558	    0.134
4540.372	    0.075
4541.187	    0.048
4542.002	    0.069
4542.818	    0.048
4543.633	    0.053
4544.449	    0.108
4545.264	    0.171
4546.080	    0.130
4546.896	    0.099
4547.712	    0.168
4548.529	    0.181
4549.345	    0.150
4550.162	    0.155
4550.979	    0.139
4551.795	    0.057
4552.612	    0.181
4553.430	    0.235
4554.247	    0.119
4555.064	    0.207
4555.882	    0.229
4556.700	    0.176
4557.518	    0.089
4558.336	    0.164
4559.154	    0.126
4559.972	    0.089
4560.791	    0.022
4561.609	    0.097
4562.428	    0.166
4563.247	    0.201
4564.066	    0.173
4564.885	    0.094
4565.705	    0.124
4566.524	    0.188
4567.344	    0.175
4568.164	    0.108
4568.984	    0.075
4569.804	    0.132
4570.624	    0.210
4571.445	    0.246
4572.265	    0.201
4573.086	    0.172
4573.907	    0.185
4574.728	    0.224
4575.549	    0.254
4576.370	    0.238
4577.192	    0.211
4578.013	    0.190
4578.835	    0.173
4579.657	    0.161
4580.479	    0.134
4581.301	    0.106
4582.123	    0.097
4582.946	    0.134
4583.768	    0.186
4584.591	    0.214
4585.414	    0.092
4586.237	    0.193
4587.060	    0.226
4587.884	    0.175
4588.707	    0.139
4589.531	    0.227
4590.355	    0.212
4591.179	    0.189
4592.003	    0.172
4592.827	    0.169
4593.651	    0.181
4594.476	    0.193
4595.301	    0.195
4596.125	    0.193
4596.950	    0.190
4597.776	    0.194
4598.601	    0.200
4599.426	    0.201
4600.252	    0.186
4601.078	    0.140
4601.903	    0.022
4602.730	    0.104
4603.556	    0.031
4604.382	    0.108
4605.208	    0.106
4606.035	    0.057
4606.862	    0.078
4607.689	    0.022
4608.516	    0.084
4609.343	    0.084
4610.170	    0.065
4610.998	    0.038
4611.826	    0.048
4612.653	    0.048
4613.481	    0.048
4614.309	    0.048
4615.138	    0.102
4615.966	    0.149
4616.795	    0.166
4617.623	    0.142
4618.452	    0.075
4619.281	    0.072
4620.110	    0.078
4620.940	    0.087
4621.769	    0.195
4622.599	    0.211
4623.428	    0.185
4624.258	    0.135
4625.088	    0.069
4625.918	    0.048
4626.749	    0.078
4627.579	    0.108
4628.410	    0.140
4629.241	    0.168
4630.072	    0.186
4630.903	    0.193
4631.734	    0.185
4632.565	    0.132
4633.397	    0.043
4634.229	    0.043
4635.060	    0.168
4635.892	    0.269
4636.724	    0.246
4637.557	    0.173
4638.389	    0.092
4639.222	    0.087
4640.054	    0.165
4640.887	    0.255
4641.720	    0.277
4642.553	    0.247
4643.387	    0.176
4644.220	    0.043
4645.054	    0.069
4645.888	    0.089
4646.722	    0.150
4647.556	    0.185
4648.390	    0.201
4649.224	    0.199
4650.059	    0.176
4650.893	    0.123
4651.728	    0.084
4652.563	    0.166
4653.398	    0.188
4654.234	    0.144
4655.069	    0.161
4655.905	    0.213
4656.740	    0.153
4657.576	    0.081
4658.412	    0.161
4659.248	    0.150
4660.085	    0.031
4660.921	    0.113
4661.758	    0.108
4662.594	    0.053
4663.431	    0.081
4664.268	    0.065
4665.106	    0.137
4665.943	    0.191
4666.781	    0.202
4667.618	    0.176
4668.456	    0.092
4669.294	    0.144
4670.132	    0.206
4670.970	    0.193
4671.809	    0.140
4672.647	    0.022
4673.486	    0.115
4674.325	    0.102
4675.164	    0.089
4676.003	    0.104
4676.843	    0.053
4677.682	    0.097
4678.522	    0.140
4679.361	    0.166
4680.201	    0.153
4681.041	    0.121
4681.882	    0.081
4682.722	    0.057
4683.563	    0.075
4684.403	    0.110
4685.244	    0.057
4686.085	    0.119
4686.926	    0.092
4687.767	    0.069
4688.609	    0.164
4689.450	    0.165
4690.292	    0.069
4691.134	    0.155
4691.976	    0.113
4692.818	    0.144
4693.661	    0.213
4694.503	    0.201
4695.346	    0.149
4696.189	    0.150
4697.032	    0.069
4697.875	    0.075
4698.718	    0.165
4699.561	    0.225
4700.405	    0.102
4701.249	    0.168
4702.092	    0.069
4702.936	    0.135
4703.781	    0.184
4704.625	    0.226
4705.469	    0.213
4706.314	    0.142
4707.159	    0.124
4708.004	    0.165
4708.849	    0.179
4709.694	    0.217
4710.539	    0.220
4711.385	    0.084
4712.231	    0.075
4713.076	    0.135
4713.922	    0.084
4714.768	    0.172
4715.615	    0.117
4716.461	    0.043
4717.308	    0.078
4718.154	    0.061
4719.001	    0.061
4719.848	    0.038
4720.696	    0.156
4721.543	    0.126
4722.390	    0.097
4723.238	    0.137
4724.086	    0.206
4724.934	    0.191
4725.782	    0.072
4726.630	    0.196
4727.479	    0.065
4728.327	    0.126
4729.176	    0.173
4730.025	    0.204
4730.874	    0.216
4731.723	    0.115
4732.572	    0.161
4733.422	    0.132
4734.271	    0.126
4735.121	    0.115
4735.971	    0.134
4736.821	    0.099
4737.671	    0.196
4738.522	    0.128
4739.372	    0.164
4740.223	    0.130
4741.074	    0.190
4741.925	    0.227
4742.776	    0.144
4743.627	    0.185
4744.479	    0.276
4745.330	    0.200
4746.182	    0.022
4747.034	    0.110
4747.886	    0.202
4748.738	    0.117
4749.591	    0.117
4750.443	    0.130
4751.296	    0.134
4752.149	    0.104
4753.002	    0.132
4753.855	    0.135
4754.708	    0.130
4755.562	    0.031
4756.415	    0.115
4757.269	    0.110
4758.123	    0.126
4758.977	    0.259
4759.831	    0.137
4760.686	    0.061
4761.540	    0.177
4762.395	    0.164
4763.250	    0.094
4764.105	    0.197
4764.960	    0.253
4765.815	    0.204
4766.671	    0.188
4767.526	    0.124
4768.382	    0.132
4769.238	    0.194
4770.094	    0.159
4770.950	    0.186
4771.807	    0.072
4772.663	    0.117
4773.520	    0.124
4774.377	    0.092
4775.234	    0.092
4776.091	    0.108
4776.948	    0.124
4777.805	    0.135
4778.663	    0.126
4779.521	    0.121
4780.379	    0.130
4781.237	    0.149
4782.095	    0.115
4782.953	    0.147
4783.812	    0.191
4784.670	    0.186
4785.529	    0.166
4786.388	    0.110
4787.247	    0.152
4788.107	    0.087
4788.966	    0.199
4789.826	    0.053
4790.686	    0.121
4791.545	    0.184
4792.405	    0.150
4793.266	    0.201
4794.126	    0.048
4794.987	    0.214
4795.847	    0.171
4796.708	    0.145
4797.569	    0.210
4798.430	    0.135
4799.292	    0.081
4800.153	    0.124
4801.015	    0.140
4801.876	    0.102
4802.738	    0.110
4803.600	    0.099
4804.463	    0.150
4805.325	    0.257
4806.188	    0.324
4807.050	    0.255
4807.913	    0.236
4808.776	    0.217
4809.639	    0.227
4810.503	    0.264
4811.366	    0.164
4812.230	    0.135
4813.093	    0.078
4813.957	    0.097
4814.821	    0.065
4815.686	    0.053
4816.550	    0.113
4817.415	    0.072
4818.279	    0.230
4819.144	    0.194
4820.009	    0.104
4820.874	    0.099
4821.740	    0.097
4822.605	    0.124
4823.471	    0.147
4824.337	    0.164
4825.203	    0.092
4826.069	    0.168
4826.935	    0.179
4827.801	    0.140
4828.668	    0.075
4829.535	    0.108
4830.401	    0.137
4831.269	    0.069
4832.136	    0.061
4833.003	    0.084
4833.871	    0.069
4834.738	    0.072
4835.606	    0.159
4836.474	    0.149
4837.342	    0.126
4838.210	    0.104
4839.079	    0.048
4839.947	    0.108
4840.816	    0.155
4841.685	    0.137
4842.554	    0.108
4843.423	    0.087
4844.293	    0.156
4845.162	    0.185
4846.032	    0.183
4846.902	    0.175
4847.772	    0.164
4848.642	    0.152
4849.512	    0.193
4850.383	    0.221
4851.253	    0.223
4852.124	    0.189
4852.995	    0.135
4853.866	    0.126
4854.737	    0.191
4855.609	    0.094
4856.480	    0.183
4857.352	    0.244
4858.224	    0.156
4859.096	    0.134
4859.968	    0.191
4860.841	    0.126
4861.713	    0.150
4862.586	    0.115
4863.459	    0.252
4864.332	    0.191
4865.205	    0.142
4866.078	    0.176
4866.951	    0.193
4867.825	    0.144
4868.699	    0.217
4869.573	    0.183
4870.447	    0.155
4871.321	    0.153
4872.195	    0.140
4873.070	    0.153
4873.945	    0.137
4874.819	    0.099
4875.694	    0.099
4876.570	    0.183
4877.445	    0.130
4878.320	    0.061
4879.196	    0.031
4880.072	    0.031
4880.948	    0.038
4881.824	    0.124
4882.700	    0.152
4883.577	    0.171
4884.453	    0.115
4885.330	    0.094
4886.207	    0.139
4887.084	    0.149
4887.961	    0.087
4888.838	    0.128
4889.716	    0.194
4890.594	    0.184
4891.472	    0.084
4892.350	    0.128
4893.228	    0.152
4894.106	    0.152
4894.984	    0.065
4895.863	    0.094
4896.742	    0.081
4897.621	    0.184
4898.500	    0.173
4899.379	    0.155
4900.259	    0.201
4901.138	    0.234
4902.018	    0.240
4902.898	    0.249
4903.778	    0.126
4904.658	    0.374
4905.538	    0.697
4906.419	    0.998
4907.300	    1.221
4908.180	    1.297
4909.061	    1.211
4909.943	    0.939
4910.824	    0.644
4911.705	    0.383
4912.587	    0.153
4913.469	    0.179
4914.351	    0.232
4915.233	    0.132
4916.115	    0.094
4916.998	    0.168
4917.880	    0.203
4918.763	    0.139
4919.646	    0.169
4920.529	    0.186
4921.412	    0.061
4922.295	    0.102
4923.179	    0.072
4924.063	    0.121
4924.947	    0.242
4925.831	    0.211
4926.715	    0.162
4927.599	    0.171
4928.484	    0.145
4929.368	    0.175
4930.253	    0.203
4931.138	    0.196
4932.023	    0.224
4932.908	    0.149
4933.794	    0.061
4934.679	    0.053
4935.565	    0.069
4936.451	    0.043
4937.337	    0.031
4938.223	    0.078
4939.110	    0.031
4939.996	    0.158
4940.883	    0.189
4941.770	    0.175
4942.657	    0.200
4943.544	    0.264
4944.431	    0.199
4945.319	    0.306
4946.207	    0.193
4947.094	    0.190
4947.982	    0.150
4948.871	    0.166
4949.759	    0.211
4950.647	    0.218
4951.536	    0.185
4952.425	    0.162
4953.314	    0.257
4954.203	    0.277
4955.092	    0.212
4955.981	    0.193
4956.871	    0.241
4957.761	    0.256
4958.651	    0.162
4959.541	    0.110
4960.431	    0.144
4961.321	    0.094
4962.212	    0.113
4963.103	    0.069
4963.993	    0.135
4964.884	    0.097
4965.776	    0.104
4966.667	    0.123
4967.558	    0.057
4968.450	    0.075
4969.342	    0.199
4970.234	    0.241
4971.126	    0.221
4972.018	    0.180
4972.911	    0.184
4973.803	    0.220
4974.696	    0.172
4975.589	    0.084
4976.482	    0.075
4977.375	    0.150
4978.269	    0.193
4979.162	    0.186
4980.056	    0.213
4980.950	    0.233
4981.844	    0.190
4982.738	    0.232
4983.633	    0.281
4984.527	    0.235
4985.422	    0.222
4986.317	    0.228
4987.212	    0.230
4988.107	    0.240
4989.002	    0.255
4989.898	    0.249
4990.794	    0.203
4991.689	    0.087
4992.585	    0.124
4993.482	    0.065
4994.378	    0.175
4995.274	    0.189
4996.171	    0.081
4997.068	    0.158
4997.965	    0.137
4998.862	    0.022
4999.759	    0.181
5000.657	    0.153
5001.554	    0.166
5002.452	    0.177
5003.350	    0.206
5004.248	    0.155
5005.146	    0.156
5006.045	    0.240
5006.943	    0.227
5007.842	    0.242
5008.741	    0.172
5009.640	    0.229
5010.539	    0.219
5011.438	    0.223
5012.338	    0.210
5013.238	    0.194
5014.137	    0.208
5015.037	    0.212
5015.938	    0.201
5016.838	    0.113
5017.738	    0.113
5018.639	    0.150
5019.540	    0.175
5020.441	    0.159
5021.342	    0.057
5022.243	    0.110
5023.145	    0.048
5024.046	    0.087
5024.948	    0.140
5025.850	    0.211
5026.752	    0.031
5027.655	    0.097
5028.557	    0.108
5029.460	    0.219
5030.362	    0.297
5031.265	    0.278
5032.168	    0.259
5033.072	    0.213
5033.975	    0.048
5034.879	    0.104
5035.782	    0.123
5036.686	    0.201
5037.590	    0.176
5038.495	    0.115
5039.399	    0.152
5040.304	    0.203
5041.208	    0.207
5042.113	    0.206
5043.018	    0.247
5043.923	    0.214
5044.829	    0.238
5045.734	    0.232
5046.640	    0.230
5047.546	    0.219
5048.452	    0.201
5049.358	    0.223
5050.264	    0.227
5051.171	    0.144
5052.078	    0.239
5052.984	    0.331
5053.891	    0.432
5054.799	    0.438
5055.706	    0.375
5056.613	    0.275
5057.521	    0.159
5058.429	    0.078
5059.337	    0.038
5060.245	    0.250
5061.153	    0.252
5062.062	    0.211
5062.970	    0.159
5063.879	    0.155
5064.788	    0.130
5065.697	    0.075
5066.606	    0.110
5067.516	    0.185
5068.425	    0.191
5069.335	    0.219
5070.245	    0.231
5071.155	    0.224
5072.065	    0.216
5072.976	    0.196
5073.886	    0.144
5074.797	    0.081
5075.708	    0.078
5076.619	    0.081
5077.530	    0.110
5078.442	    0.176
5079.353	    0.043
5080.265	    0.123
5081.177	    0.110
5082.089	    0.108
5083.001	    0.108
5083.914	    0.022
5084.826	    0.038
5085.739	    0.161
5086.652	    0.212
5087.565	    0.247
5088.478	    0.240
5089.391	    0.193
5090.305	    0.149
5091.219	    0.110
5092.132	    0.099
5093.046	    0.069
5093.961	    0.139
5094.875	    0.175
5095.789	    0.061
5096.704	    0.134
5097.619	    0.140
5098.534	    0.164
5099.449	    0.065
5100.364	    0.149
5101.280	    0.072
5102.196	    0.164
5103.111	    0.155
5104.027	    0.094
5104.944	    0.130
5105.860	    0.152
5106.776	    0.094
5107.693	    0.022
5108.610	    0.069
5109.527	    0.212
5110.444	    0.209
5111.361	    0.061
5112.279	    0.075
5113.196	    0.159
5114.114	    0.179
5115.032	    0.113
5115.950	    0.069
5116.868	    0.084
5117.787	    0.191
5118.706	    0.134
5119.624	    0.196
5120.543	    0.022
5121.462	    0.087
5122.382	    0.099
5123.301	    0.202
5124.221	    0.196
5125.141	    0.177
5126.060	    0.209
5126.981	    0.188
5127.901	    0.197
5128.821	    0.197
5129.742	    0.186
5130.663	    0.202
5131.584	    0.228
5132.505	    0.196
5133.426	    0.137
5134.347	    0.172
5135.269	    0.147
5136.191	    0.043
5137.113	    0.142
5138.035	    0.164
5138.957	    0.065
5139.879	    0.053
5140.802	    0.053
5141.725	    0.069
5142.648	    0.057
5143.571	    0.123
5144.494	    0.110
5145.417	    0.075
5146.341	    0.113
5147.265	    0.094
5148.189	    0.200
5149.113	    0.216
5150.037	    0.097
5150.961	    0.065
5151.886	    0.135
5152.811	    0.022
5153.736	    0.106
5154.661	    0.189
5155.586	    0.249
5156.511	    0.270
5157.437	    0.224
5158.363	    0.156
5159.289	    0.156
5160.215	    0.142
5161.141	    0.172
5162.067	    0.155
5162.994	    0.190
5163.921	    0.156
5164.848	    0.130
5165.775	    0.173
5166.702	    0.089
5167.629	    0.097
5168.557	    0.022
5169.485	    0.124
5170.412	    0.126
5171.341	    0.092
5172.269	    0.162
5173.197	    0.201
5174.126	    0.084
5175.054	    0.102
5175.983	    0.022
5176.912	    0.149
5177.842	    0.097
5178.771	    0.097
5179.701	    0.142
5180.630	    0.132
5181.560	    0.087
5182.490	    0.115
5183.421	    0.176
5184.351	    0.199
5185.282	    0.144
5186.212	    0.158
5187.143	    0.159
5188.074	    0.169
5189.006	    0.199
5189.937	    0.166
5190.868	    0.175
5191.800	    0.222
5192.732	    0.188
5193.664	    0.099
5194.596	    0.115
5195.529	    0.117
5196.461	    0.119
5197.394	    0.121
5198.327	    0.123
5199.260	    0.124
5200.193	    0.126
5201.127	    0.128
5202.060	    0.132
5202.994	    0.134
5203.928	    0.135
5204.862	    0.137
5205.796	    0.139
5206.731	    0.140
5207.665	    0.142
5208.600	    0.142
5209.535	    0.144
5210.470	    0.145
5211.405	    0.147
5212.341	    0.149
5213.276	    0.150
5214.212	    0.152
5215.148	    0.153
5216.084	    0.153
5217.021	    0.155
5217.957	    0.156
5218.894	    0.156
5219.830	    0.158
5220.767	    0.158
5221.704	    0.159
5222.642	    0.159
5223.579	    0.161
5224.517	    0.161
5225.454	    0.162
5226.392	    0.162
5227.331	    0.164
5228.269	    0.164
5229.207	    0.165
5230.146	    0.165
5231.085	    0.177
5232.024	    0.223
5232.963	    0.248
5233.902	    0.238
5234.842	    0.243
5235.781	    0.207
5236.721	    0.196
5237.661	    0.242
5238.601	    0.201
5239.541	    0.165
5240.482	    0.113
5241.423	    0.061
5242.363	    0.152
5243.304	    0.092
5244.245	    0.078
5245.187	    0.022
5246.128	    0.238
5247.070	    0.309
5248.012	    0.284
5248.954	    0.324
5249.896	    0.310
5250.838	    0.314
5251.781	    0.246
5252.723	    0.043
5253.666	    0.110
5254.609	    0.104
5255.552	    0.231
5256.496	    0.234
5257.439	    0.258
5258.383	    0.225
5259.327	    0.094
5260.271	    0.113
5261.215	    0.193
5262.159	    0.175
5263.104	    0.123
5264.049	    0.078
5264.994	    0.161
5265.939	    0.053
5266.884	    0.155
5267.829	    0.069
5268.775	    0.150
5269.721	    0.038
5270.666	    0.207
5271.612	    0.072
5272.559	    0.186
5273.505	    0.168
5274.452	    0.075
5275.398	    0.152
5276.345	    0.152
5277.292	    0.175
5278.240	    0.257
5279.187	    0.218
5280.135	    0.206
5281.082	    0.140
5282.030	    0.128
5282.979	    0.169
5283.927	    0.209
5284.875	    0.180
5285.824	    0.149
5286.773	    0.102
5287.722	    0.113
5288.671	    0.110
5289.620	    0.048
5290.569	    0.166
5291.519	    0.209
5292.469	    0.156
5293.419	    0.075
5294.369	    0.038
5295.319	    0.065
5296.270	    0.081
5297.220	    0.094
5298.171	    0.193
5299.122	    0.144
5300.073	    0.031
5301.025	    0.048
5301.976	    0.097
5302.928	    0.144
5303.880	    0.155
5304.832	    0.158
5305.784	    0.123
5306.736	    0.139
5307.689	    0.140
5308.642	    0.121
5309.595	    0.159
5310.548	    0.203
5311.501	    0.184
5312.454	    0.137
5313.408	    0.181
5314.362	    0.218
5315.315	    0.212
5316.270	    0.306
5317.224	    0.301
5318.178	    0.209
5319.133	    0.227
5320.088	    0.243
5321.043	    0.255
5321.998	    0.219
5322.953	    0.219
5323.908	    0.199
5324.864	    0.159
5325.820	    0.043
5326.776	    0.094
5327.732	    0.031
5328.688	    0.121
5329.645	    0.175
5330.601	    0.135
5331.558	    0.092
5332.515	    0.072
5333.472	    0.150
5334.430	    0.123
5335.387	    0.108
5336.345	    0.092
5337.303	    0.161
5338.261	    0.161
5339.219	    0.130
5340.177	    0.078
5341.136	    0.094
5342.094	    0.099
5343.053	    0.135
5344.012	    0.202
5344.972	    0.211
5345.931	    0.219
5346.891	    0.236
5347.850	    0.224
5348.810	    0.158
5349.770	    0.092
5350.731	    0.158
5351.691	    0.199
5352.652	    0.180
5353.612	    0.177
5354.573	    0.168
5355.535	    0.147
5356.496	    0.145
5357.457	    0.065
5358.419	    0.102
5359.381	    0.031
5360.343	    0.175
5361.305	    0.208
5362.267	    0.199
5363.230	    0.110
5364.192	    0.061
5365.155	    0.145
5366.118	    0.207
5367.081	    0.199
5368.045	    0.145
5369.008	    0.092
5369.972	    0.022
5370.936	    0.094
5371.900	    0.153
5372.864	    0.117
5373.829	    0.186
5374.793	    0.241
5375.758	    0.217
5376.723	    0.254
5377.688	    0.265
5378.653	    0.240
5379.619	    0.161
5380.584	    0.149
5381.550	    0.173
5382.516	    0.223
5383.482	    0.196
5384.449	    0.132
5385.415	    0.162
5386.382	    0.190
5387.349	    0.348
5388.316	    0.456
5389.283	    0.430
5390.250	    0.365
5391.218	    0.312
5392.185	    0.259
5393.153	    0.269
5394.121	    0.265
5395.090	    0.265
5396.058	    0.252
5397.027	    0.189
5397.995	    0.089
5398.964	    0.166
5399.933	    0.211
5400.903	    0.211
5401.872	    0.219
5402.842	    0.202
5403.811	    0.201
5404.781	    0.144
5405.751	    0.057
5406.722	    0.153
5407.692	    0.190
5408.663	    0.169
5409.634	    0.168
5410.605	    0.132
5411.576	    0.180
5412.547	    0.177
5413.519	    0.159
5414.491	    0.183
5415.462	    0.224
5416.434	    0.208
5417.407	    0.108
5418.379	    0.108
5419.352	    0.209
5420.324	    0.260
5421.297	    0.254
5422.270	    0.214
5423.244	    0.244
5424.217	    0.254
5425.191	    0.172
5426.165	    0.181
5427.139	    0.242
5428.113	    0.132
5429.087	    0.078
5430.062	    0.168
5431.036	    0.222
5432.011	    0.084
5432.986	    0.121
5433.961	    0.124
5434.937	    0.048
5435.912	    0.177
5436.888	    0.196
5437.864	    0.173
5438.840	    0.169
5439.816	    0.210
5440.793	    0.135
5441.769	    0.084
5442.746	    0.121
5443.723	    0.099
5444.700	    0.094
5445.677	    0.087
5446.655	    0.165
5447.632	    0.196
5448.610	    0.121
5449.588	    0.043
5450.566	    0.099
5451.545	    0.186
5452.523	    0.149
5453.502	    0.102
5454.481	    0.144
5455.460	    0.043
5456.439	    0.155
5457.419	    0.223
5458.398	    0.211
5459.378	    0.128
5460.358	    0.303
5461.338	    0.209
5462.318	    0.135
5463.299	    0.229
5464.279	    0.180
5465.260	    0.195
5466.241	    0.065
5467.222	    0.072
5468.204	    0.094
5469.185	    0.048
5470.167	    0.043
5471.149	    0.150
5472.131	    0.152
5473.113	    0.179
5474.096	    0.179
5475.078	    0.210
5476.061	    0.162
5477.044	    0.072
5478.027	    0.061
5479.010	    0.142
5479.994	    0.207
5480.977	    0.181
5481.961	    0.081
5482.945	    0.123
5483.929	    0.164
5484.914	    0.081
5485.898	    0.048
5486.883	    0.135
5487.868	    0.089
5488.853	    0.094
5489.838	    0.099
5490.823	    0.137
5491.809	    0.202
5492.795	    0.162
5493.781	    0.053
5494.767	    0.124
5495.753	    0.106
5496.740	    0.171
5497.726	    0.206
5498.713	    0.061
5499.700	    0.177
5500.687	    0.089
5501.675	    0.137
5502.662	    0.161
5503.650	    0.113
5504.638	    0.099
5505.626	    0.022
5506.614	    0.087
5507.602	    0.081
5508.591	    0.172
5509.580	    0.209
5510.569	    0.057
5511.558	    0.113
5512.547	    0.124
5513.537	    0.102
5514.526	    0.180
5515.516	    0.195
5516.506	    0.144
5517.496	    0.099
5518.487	    0.164
5519.477	    0.188
5520.468	    0.065
5521.459	    0.106
5522.450	    0.219
5523.441	    0.172
5524.433	    0.108
5525.424	    0.134
5526.416	    0.171
5527.408	    0.217
5528.400	    0.189
5529.392	    0.121
5530.385	    0.130
5531.378	    0.185
5532.370	    0.140
5533.363	    0.153
5534.357	    0.193
5535.350	    0.106
5536.344	    0.117
5537.337	    0.145
5538.331	    0.206
5539.325	    0.206
5540.320	    0.038
5541.314	    0.117
5542.309	    0.065
5543.304	    0.169
5544.299	    0.137
5545.294	    0.072
5546.289	    0.043
5547.285	    0.110
5548.280	    0.135
5549.276	    0.186
5550.272	    0.209
5551.269	    0.126
5552.265	    0.145
5553.262	    0.249
5554.259	    0.219
5555.255	    0.166
5556.253	    0.038
5557.250	    0.130
5558.247	    0.137
5559.245	    0.203
5560.243	    0.038
5561.241	    0.126
5562.239	    0.057
5563.238	    0.087
5564.236	    0.156
5565.235	    0.224
5566.234	    0.206
5567.233	    0.097
5568.232	    0.169
5569.232	    0.175
5570.231	    0.180
5571.231	    0.185
5572.231	    0.190
5573.232	    0.195
5574.232	    0.200
5575.232	    0.204
5576.233	    0.209
5577.234	    0.213
5578.235	    0.218
5579.236	    0.222
5580.238	    0.226
5581.240	    0.230
5582.241	    0.235
5583.243	    0.239
5584.246	    0.243
5585.248	    0.247
5586.250	    0.251
5587.253	    0.255
5588.256	    0.216
5589.259	    0.213
5590.262	    0.213
5591.266	    0.043
5592.269	    0.099
5593.273	    0.038
5594.277	    0.061
5595.281	    0.142
5596.286	    0.108
5597.290	    0.172
5598.295	    0.161
5599.300	    0.177
5600.305	    0.134
5601.310	    0.094
5602.315	    0.208
5603.321	    0.110
5604.327	    0.235
5605.333	    0.260
5606.339	    0.175
5607.345	    0.147
5608.352	    0.140
5609.358	    0.075
5610.365	    0.272
5611.372	    0.300
5612.379	    0.123
5613.387	    0.177
5614.394	    0.137
5615.402	    0.253
5616.410	    0.155
5617.418	    0.155
5618.427	    0.162
5619.435	    0.241
5620.444	    0.266
5621.453	    0.267
5622.462	    0.213
5623.471	    0.175
5624.480	    0.223
5625.490	    0.230
5626.499	    0.165
5627.509	    0.176
5628.520	    0.216
5629.530	    0.053
5630.540	    0.234
5631.551	    0.031
5632.562	    0.204
5633.573	    0.267
5634.584	    0.155
5635.595	    0.153
5636.607	    0.218
5637.619	    0.278
5638.631	    0.183
5639.643	    0.271
5640.655	    0.267
5641.668	    0.270
5642.680	    0.256
5643.693	    0.311
5644.706	    0.280
5645.719	    0.183
5646.733	    0.247
5647.746	    0.204
5648.760	    0.199
5649.774	    0.233
5650.788	    0.147
5651.802	    0.280
5652.817	    0.291
5653.831	    0.226
5654.846	    0.211
5655.861	    0.269
5656.876	    0.184
5657.892	    0.139
5658.907	    0.147
5659.923	    0.244
5660.939	    0.186
5661.955	    0.216
5662.972	    0.152
5663.988	    0.250
5665.005	    0.248
5666.022	    0.218
5667.039	    0.158
5668.056	    0.194
5669.073	    0.264
5670.091	    0.195
5671.109	    0.267
5672.126	    0.295
5673.145	    0.279
5674.163	    0.260
5675.181	    0.255
5676.200	    0.235
5677.219	    0.237
5678.238	    0.262
5679.257	    0.250
5680.277	    0.201
5681.296	    0.202
5682.316	    0.189
5683.336	    0.184
5684.356	    0.209
5685.376	    0.241
5686.397	    0.214
5687.418	    0.169
5688.438	    0.263
5689.459	    0.258
5690.481	    0.247
5691.502	    0.247
5692.524	    0.288
5693.545	    0.306
5694.567	    0.277
5695.590	    0.265
5696.612	    0.267
5697.634	    0.275
5698.657	    0.298
5699.680	    0.262
5700.703	    0.274
5701.726	    0.287
5702.750	    0.265
5703.773	    0.251
5704.797	    0.254
5705.821	    0.259
5706.845	    0.260
5707.870	    0.263
5708.894	    0.306
5709.919	    0.297
5710.944	    0.264
5711.969	    0.253
5712.994	    0.318
5714.020	    0.326
5715.045	    0.324
5716.071	    0.300
5717.097	    0.324
5718.123	    0.324
5719.150	    0.300
5720.176	    0.278
5721.203	    0.283
5722.230	    0.255
5723.257	    0.272
5724.284	    0.318
5725.312	    0.301
5726.340	    0.295
5727.367	    0.276
5728.396	    0.281
5729.424	    0.255
5730.452	    0.291
5731.481	    0.300
5732.510	    0.321
5733.538	    0.242
5734.568	    0.227
5735.597	    0.268
5736.626	    0.278
5737.656	    0.281
5738.686	    0.313
5739.716	    0.314
5740.746	    0.310
5741.777	    0.282
5742.807	    0.250
5743.838	    0.258
5744.869	    0.293
5745.900	    0.269
5746.932	    0.244
5747.963	    0.268
5748.995	    0.271
5750.027	    0.279
5751.059	    0.277
5752.091	    0.286
5753.124	    0.262
5754.157	    0.242
5755.189	    0.276
5756.222	    0.309
5757.256	    0.303
5758.289	    0.276
5759.323	    0.285
5760.356	    0.287
5761.390	    0.309
5762.425	    0.334
5763.459	    0.340
5764.493	    0.320
5765.528	    0.327
5766.563	    0.343
5767.598	    0.298
5768.633	    0.298
5769.669	    0.297
5770.704	    0.297
5771.740	    0.297
5772.776	    0.288
5773.812	    0.288
5774.849	    0.286
5775.885	    0.311
5776.922	    0.283
5777.959	    0.252
5778.996	    0.255
5780.033	    0.260
5781.071	    0.270
5782.109	    0.238
5783.146	    0.210
5784.185	    0.241
5785.223	    0.297
5786.261	    0.309
5787.300	    0.253
5788.339	    0.225
5789.378	    0.270
5790.417	    0.297
5791.456	    0.311
5792.496	    0.321
5793.535	    0.306
5794.575	    0.266
5795.615	    0.243
5796.656	    0.293
5797.696	    0.302
5798.737	    0.271
5799.778	    0.274
5800.819	    0.286
5801.860	    0.299
5802.901	    0.295
5803.943	    0.283
5804.985	    0.265
5806.027	    0.247
5807.069	    0.264
5808.111	    0.299
5809.154	    0.288
5810.196	    0.236
5811.239	    0.239
5812.282	    0.248
5813.326	    0.235
5814.369	    0.251
5815.413	    0.240
5816.457	    0.276
5817.501	    0.320
5818.545	    0.312
5819.589	    0.287
5820.634	    0.254
5821.679	    0.196
5822.724	    0.165
5823.769	    0.207
5824.814	    0.234
5825.860	    0.274
5826.905	    0.331
5827.951	    0.312
5828.997	    0.268
5830.044	    0.280
5831.090	    0.289
5832.137	    0.286
5833.184	    0.284
5834.231	    0.243
5835.278	    0.283
5836.325	    0.315
5837.373	    0.302
5838.421	    0.269
5839.469	    0.243
5840.517	    0.254
5841.565	    0.264
5842.614	    0.247
5843.663	    0.177
5844.711	    0.158
5845.761	    0.234
5846.810	    0.268
5847.859	    0.266
5848.909	    0.223
5849.959	    0.184
5851.009	    0.247
5852.059	    0.298
5853.110	    0.300
5854.160	    0.276
5855.211	    0.221
5856.262	    0.190
5857.313	    0.195
5858.364	    0.231
5859.416	    0.241
5860.468	    0.110
5861.520	    0.142
5862.572	    0.176
5863.624	    0.219
5864.677	    0.211
5865.729	    0.251
5866.782	    0.255
5867.835	    0.204
5868.888	    0.225
5869.942	    0.230
5870.996	    0.206
5872.049	    0.236
5873.103	    0.197
5874.158	    0.165
5875.212	    0.173
5876.267	    0.209
5877.321	    0.181
5878.376	    0.177
5879.431	    0.210
5880.487	    0.171
5881.542	    0.140
5882.598	    0.126
5883.654	    0.164
5884.710	    0.201
5885.766	    0.212
5886.823	    0.159
5887.879	    0.164
5888.936	    0.219
5889.993	    0.248
5891.051	    0.267
5892.108	    0.259
5893.166	    0.264
5894.223	    0.266
5895.281	    0.304
5896.340	    0.284
5897.398	    0.251
5898.456	    0.265
5899.515	    0.235
5900.574	    0.162
5901.633	    0.069
5902.693	    0.229
5903.752	    0.189
5904.812	    0.230
5905.872	    0.243
5906.932	    0.186
5907.992	    0.191
5909.052	    0.216
5910.113	    0.280
5911.174	    0.271
5912.235	    0.190
5913.296	    0.043
5914.358	    0.169
5915.419	    0.236
5916.481	    0.265
5917.543	    0.257
5918.605	    0.213
5919.668	    0.099
5920.730	    0.097
5921.793	    0.220
5922.856	    0.075
5923.919	    0.199
5959.109	    0.193
5960.179	    0.137
5961.249	    0.161
5962.319	    0.102
5963.389	    0.092
5964.460	    0.065
5965.530	    0.161
5966.601	    0.031
5967.672	    0.099
5968.743	    0.048
5969.814	    0.094
5970.886	    0.139
5971.958	    0.159
5973.030	    0.124
5974.102	    0.200
5975.174	    0.121
5976.247	    0.104
5977.319	    0.135
5978.392	    0.089
5979.465	    0.117
5980.539	    0.081
5981.612	    0.102
5982.686	    0.081
5983.760	    0.113
5984.834	    0.171
5985.908	    0.145
5986.982	    0.022
5988.057	    0.134
5989.132	    0.211
5990.207	    0.168
5991.282	    0.185
5992.358	    0.173
5993.433	    0.204
5994.509	    0.212
5995.585	    0.134
5996.661	    0.128
5997.738	    0.180
5998.814	    0.171
5999.891	    0.191
6000.968	    0.145
6002.045	    0.108
6003.122	    0.188
6004.200	    0.177
6005.278	    0.078
6006.356	    0.119
6007.434	    0.139
6008.512	    0.183
6009.590	    0.084
6010.669	    0.094
6011.748	    0.061
6012.827	    0.075
6013.906	    0.123
6014.986	    0.159
6016.066	    0.171
6017.145	    0.134
6018.225	    0.069
6019.306	    0.145
6020.386	    0.099
6021.467	    0.158
6022.548	    0.204
6023.629	    0.168
6024.710	    0.097
6025.791	    0.065
6026.873	    0.078
6027.955	    0.078
6029.037	    0.065
6030.119	    0.057
6031.201	    0.075
6032.284	    0.069
6033.367	    0.031
6034.450	    0.038
6035.533	    0.113
6036.616	    0.106
6037.700	    0.104
6038.783	    0.140
6039.867	    0.031
6040.951	    0.128
6042.036	    0.142
6043.120	    0.110
6044.205	    0.031
6045.290	    0.075
6046.375	    0.022
6047.460	    0.128
6048.546	    0.153
6049.631	    0.108
6050.717	    0.053
6051.803	    0.038
6052.890	    0.102
6053.976	    0.140
6055.063	    0.130
6056.150	    0.097
6057.237	    0.075
6058.324	    0.089
6059.411	    0.132
6060.499	    0.153
6061.587	    0.110
6062.675	    0.110
6063.763	    0.078
6064.852	    0.117
6065.940	    0.124
6067.029	    0.123
6068.118	    0.145
6069.207	    0.155
6070.297	    0.164
6071.386	    0.172
6072.476	    0.183
6073.566	    0.200
6074.656	    0.217
6075.747	    0.220
6076.837	    0.181
6077.928	    0.069
6079.019	    0.038
6080.110	    0.219
6081.201	    0.242
6082.293	    0.155
6083.385	    0.087
6084.477	    0.165
6085.569	    0.199
6086.661	    0.195
6087.754	    0.210
6088.846	    0.212
6089.939	    0.171
6091.032	    0.150
6092.126	    0.203
6093.219	    0.221
6094.313	    0.186
6095.407	    0.203
6096.501	    0.237
6097.595	    0.202
6098.690	    0.140
6099.784	    0.231
6100.879	    0.320
6101.974	    0.306
6103.070	    0.243
6104.165	    0.216
6105.261	    0.234
6106.357	    0.207
6107.453	    0.193
6108.549	    0.183
6109.646	    0.191
6110.742	    0.176
6111.839	    0.175
6112.936	    0.108
6114.033	    0.183
6115.131	    0.119
6116.228	    0.038
6117.326	    0.043
6118.424	    0.053
6119.523	    0.057
6120.621	    0.065
6121.720	    0.072
6122.818	    0.075
6123.917	    0.081
6125.017	    0.084
6126.116	    0.089
6127.216	    0.092
6128.315	    0.097
6129.415	    0.099
6130.516	    0.104
6131.616	    0.106
6132.717	    0.108
6133.817	    0.113
6134.918	    0.115
6136.020	    0.117
6137.121	    0.121
6138.223	    0.123
6139.324	    0.124
6140.426	    0.128
6141.529	    0.130
6142.631	    0.132
6143.734	    0.134
6144.836	    0.137
6145.939	    0.139
6147.042	    0.140
6148.146	    0.144
6149.249	    0.145
6150.353	    0.149
6151.457	    0.150
6152.561	    0.152
6153.666	    0.155
6154.770	    0.158
6155.875	    0.159
6156.980	    0.162
6158.085	    0.164
6159.190	    0.166
6160.296	    0.169
6161.402	    0.171
6162.508	    0.173
6163.614	    0.176
6164.720	    0.139
6165.827	    0.213
6166.933	    0.267
6168.040	    0.260
6169.148	    0.203
6170.255	    0.171
6171.362	    0.212
6172.470	    0.234
6173.578	    0.227
6174.686	    0.240
6175.795	    0.261
6176.903	    0.241
6178.012	    0.221
6179.121	    0.244
6180.230	    0.248
6181.339	    0.199
6182.449	    0.169
6183.558	    0.203
6184.668	    0.233
6185.778	    0.236
6186.889	    0.236
6187.999	    0.247
6189.110	    0.251
6190.221	    0.266
6191.332	    0.299
6192.443	    0.304
6193.555	    0.268
6194.667	    0.239
6195.779	    0.242
6196.891	    0.219
6198.003	    0.175
6199.116	    0.231
6200.228	    0.299
6201.341	    0.320
6202.454	    0.306
6203.568	    0.292
6204.681	    0.274
6205.795	    0.262
6206.909	    0.255
6208.023	    0.253
6209.137	    0.221
6210.252	    0.186
6211.366	    0.191
6212.481	    0.211
6213.596	    0.239
6214.712	    0.271
6215.827	    0.292
6216.943	    0.275
6218.059	    0.214
6219.175	    0.072
6220.291	    0.078
6221.408	    0.186
6222.525	    0.242
6223.641	    0.177
6224.759	    0.110
6225.876	    0.180
6226.993	    0.211
6228.111	    0.196
6229.229	    0.255
6230.347	    0.338
6231.466	    0.336
6232.584	    0.309
6233.703	    0.316
6234.822	    0.305
6235.941	    0.245
6237.060	    0.230
6238.180	    0.282
6239.299	    0.270
6240.419	    0.162
6241.539	    0.128
6242.660	    0.189
6243.780	    0.220
6244.901	    0.228
6246.022	    0.238
6247.143	    0.255
6248.264	    0.254
6249.386	    0.235
6250.508	    0.233
6251.630	    0.268
6252.752	    0.314
6253.874	    0.336
6254.997	    0.320
6256.119	    0.274
6257.242	    0.252
6258.366	    0.250
6259.489	    0.250
6260.612	    0.250
6261.736	    0.251
6262.860	    0.251
6263.984	    0.251
6265.109	    0.251
6266.233	    0.251
6267.358	    0.251
6268.483	    0.252
6269.608	    0.252
6270.734	    0.252
6271.859	    0.252
6272.985	    0.253
6274.111	    0.253
6275.237	    0.253
6276.363	    0.254
6277.490	    0.254
6278.617	    0.254
6279.744	    0.254
6280.871	    0.255
6281.998	    0.255
6283.126	    0.255
6284.254	    0.255
6285.382	    0.255
6286.510	    0.255
6287.638	    0.255
6288.767	    0.255
6289.896	    0.255
6291.025	    0.255
6292.154	    0.255
6293.283	    0.255
6294.413	    0.255
6295.543	    0.255
6296.673	    0.255
6297.803	    0.255
6298.933	    0.255
6300.064	    0.271
6301.195	    0.271
6302.326	    0.271
6303.457	    0.271
6304.589	    0.270
6305.720	    0.270
6306.852	    0.270
6307.984	    0.270
6309.117	    0.269
6310.249	    0.269
6311.382	    0.269
6312.514	    0.269
6313.648	    0.276
6314.781	    0.203
6315.914	    0.185
6317.048	    0.296
6318.182	    0.271
6319.316	    0.254
6320.450	    0.265
6321.585	    0.248
6322.719	    0.276
6323.854	    0.319
6324.989	    0.366
6326.125	    0.357
6327.260	    0.306
6328.396	    0.227
6329.532	    0.155
6330.668	    0.206
6331.804	    0.237
6332.941	    0.200
6334.078	    0.195
6335.215	    0.158
6336.352	    0.254
6337.489	    0.292
6338.627	    0.258
6339.764	    0.252
6340.902	    0.203
6342.041	    0.233
6343.179	    0.277
6344.317	    0.266
6345.456	    0.233
6346.595	    0.184
6347.734	    0.184
6348.874	    0.210
6350.013	    0.264
6351.153	    0.306
6352.293	    0.302
6353.433	    0.277
6354.574	    0.271
6355.714	    0.279
6356.855	    0.333
6357.996	    0.431
6359.138	    0.540
6360.279	    0.586
6361.421	    0.535
6362.563	    0.433
6363.705	    0.281
6364.847	    0.140
6365.989	    0.102
6367.132	    0.057
6368.275	    0.094
6369.418	    0.106
6370.561	    0.177
6371.705	    0.197
6372.848	    0.247
6373.992	    0.272
6375.136	    0.259
6376.281	    0.244
6377.425	    0.235
6378.570	    0.250
6379.715	    0.281
6380.860	    0.253
6382.005	    0.259
6383.151	    0.277
6384.297	    0.240
6385.443	    0.224
6386.589	    0.236
6387.735	    0.264
6388.882	    0.252
6390.028	    0.226
6391.175	    0.257
6392.323	    0.305
6393.470	    0.343
6394.618	    0.229
6395.765	    0.220
6396.913	    0.261
6398.062	    0.246
6399.210	    0.252
6400.359	    0.279
6401.508	    0.235
6402.657	    0.102
6403.806	    0.253
6404.955	    0.288
6406.105	    0.266
6407.255	    0.226
6408.405	    0.195
6409.555	    0.213
6410.706	    0.287
6411.856	    0.239
6413.007	    0.190
6414.158	    0.177
6415.310	    0.210
6416.461	    0.134
6417.613	    0.139
6418.765	    0.259
6419.917	    0.150
6421.069	    0.181
6422.222	    0.233
6423.375	    0.247
6424.528	    0.263
6425.681	    0.272
6426.834	    0.261
6427.988	    0.281
6429.142	    0.222
6430.296	    0.235
6431.450	    0.253
6432.604	    0.207
6433.759	    0.224
6434.914	    0.236
6436.069	    0.254
6437.224	    0.264
6438.380	    0.239
6439.535	    0.227
6440.691	    0.239
6441.847	    0.229
6443.003	    0.189
6444.160	    0.206
6445.317	    0.190
6446.474	    0.185
6447.631	    0.193
6448.788	    0.102
6449.945	    0.168
6451.103	    0.247
6452.261	    0.212
6453.419	    0.072
6454.578	    0.081
6455.736	    0.038
6456.895	    0.197
6458.054	    0.251
6459.213	    0.265
6460.373	    0.287
6461.532	    0.248
6462.692	    0.168
6463.852	    0.164
6465.012	    0.144
6466.173	    0.168
6467.333	    0.175
6468.494	    0.094
6469.655	    0.134
6470.817	    0.121
6471.978	    0.061
6473.140	    0.110
6474.302	    0.075
6475.464	    0.164
6476.626	    0.084
6477.789	    0.043
6478.951	    0.113
6480.114	    0.078
6481.277	    0.087
6482.441	    0.097
6483.604	    0.175
6484.768	    0.134
6485.932	    0.084
6487.096	    0.134
6488.261	    0.162
6489.425	    0.140
6490.590	    0.179
6491.755	    0.149
6492.921	    0.208
6494.086	    0.246
6495.252	    0.242
6496.418	    0.166
6497.584	    0.087
6498.750	    0.139
6499.916	    0.048
6501.083	    0.149
6502.250	    0.159
6503.417	    0.161
6504.584	    0.132
6505.752	    0.065
6506.920	    0.108
6508.088	    0.108
6509.256	    0.209
6510.424	    0.213
6511.593	    0.135
6512.762	    0.022
6513.931	    0.113
6515.100	    0.094
6516.269	    0.097
6517.439	    0.108
6518.609	    0.145
6519.779	    0.115
6520.949	    0.106
6522.120	    0.113
6523.290	    0.113
6524.461	    0.081
6525.632	    0.104
6526.804	    0.213
6527.975	    0.264
6529.147	    0.222
6530.319	    0.196
6531.491	    0.075
6532.664	    0.132
6533.836	    0.144
6535.009	    0.089
6536.182	    0.065
6537.355	    0.072
6538.529	    0.144
6539.702	    0.183
6540.876	    0.199
6542.050	    0.158
6543.224	    0.134
6544.399	    0.126
6545.574	    0.130
6546.748	    0.117
6547.924	    0.255
6549.099	    0.302
6550.274	    0.316
6551.450	    0.247
6552.626	    0.072
6553.802	    0.220
6554.979	    0.279
6556.155	    0.194
6557.332	    0.043
6558.509	    0.097
6559.686	    0.078
6560.864	    0.225
6562.041	    0.193
6563.219	    0.117
6564.397	    0.094
6565.576	    0.061
6566.754	    0.084
6567.933	    0.089
6569.112	    0.150
6570.291	    0.134
6571.470	    0.181
6572.650	    0.267
6573.830	    0.152
6575.010	    0.158
6576.190	    0.162
6577.370	    0.168
6578.551	    0.172
6579.732	    0.176
6580.913	    0.180
6582.094	    0.184
6583.275	    0.188
6584.457	    0.191
6585.639	    0.195
6586.821	    0.199
6588.003	    0.204
6589.186	    0.238
6590.368	    0.203
6591.551	    0.185
6592.735	    0.220
6593.918	    0.276
6595.102	    0.243
6596.285	    0.166
6597.469	    0.183
6598.654	    0.251
6599.838	    0.259
6601.023	    0.275
6602.207	    0.277
6603.393	    0.229
6604.578	    0.253
6605.763	    0.316
6606.949	    0.362
6608.135	    0.487
6609.321	    0.749
6610.507	    1.040
6611.694	    1.209
6612.881	    1.148
6614.068	    0.911
6615.255	    0.604
6616.442	    0.378
6617.630	    0.347
6618.818	    0.345
6620.006	    0.418
6621.194	    0.548
6622.383	    0.917
6623.571	    1.496
6624.760	    2.351
6625.949	    3.124
6627.139	    3.293
6628.328	    2.787
6629.518	    1.912
6630.708	    1.099
6631.898	    0.609
6633.089	    0.398
6634.279	    0.380
6635.470	    0.324
6636.661	    0.324
6637.852	    0.340
6639.044	    0.341
6640.235	    0.353
6641.427	    0.448
6642.619	    0.609
6643.812	    0.866
6645.004	    1.293
6646.197	    1.876
6647.390	    2.170
6648.583	    1.991
6649.777	    1.519
6650.970	    0.972
6652.164	    0.583
6653.358	    0.391
6654.552	    0.359
6655.747	    0.357
6656.941	    0.326
6658.136	    0.316
6659.331	    0.313
6660.527	    0.311
6661.722	    0.279
6662.918	    0.272
6664.114	    0.330
6665.310	    0.329
6666.507	    0.303
6667.703	    0.291
6668.900	    0.329
6670.097	    0.348
6671.294	    0.326
6672.492	    0.276
6673.689	    0.277
6674.887	    0.303
6676.086	    0.315
6677.284	    0.321
6678.482	    0.301
6679.681	    0.336
6680.880	    0.334
6682.079	    0.300
6683.279	    0.314
6684.478	    0.331
6685.678	    0.347
6686.878	    0.311
6688.079	    0.306
6689.279	    0.327
6690.480	    0.325
6691.681	    0.330
6692.882	    0.304
6694.083	    0.238
6695.285	    0.249
6696.486	    0.274
6697.688	    0.246
6698.891	    0.271
6700.093	    0.230
6701.296	    0.142
6702.499	    0.206
6703.702	    0.239
6704.905	    0.177
6706.108	    0.191
6707.312	    0.140
6708.516	    0.173
6709.720	    0.175
6710.925	    0.229
6712.129	    0.221
6713.334	    0.078
6714.539	    0.124
6715.744	    0.022
6716.950	    0.144
6718.155	    0.166
6719.361	    0.135
6720.567	    0.159
6721.774	    0.123
6722.980	    0.132
6724.187	    0.110
6725.394	    0.139
6726.601	    0.158
6727.808	    0.152
6729.016	    0.087
6730.224	    0.048
6731.432	    0.144
6732.640	    0.092
6733.849	    0.137
6735.057	    0.140
6736.266	    0.135
6737.475	    0.229
6738.685	    0.158
6739.894	    0.099
6741.104	    0.139
6742.314	    0.306
6743.524	    0.255
6744.735	    0.161
6745.945	    0.134
6747.156	    0.177
6748.367	    0.241
6749.579	    0.207
6750.790	    0.191
6752.002	    0.144
6753.214	    0.065
6754.426	    0.180
6755.638	    0.181
6756.851	    0.126
6758.064	    0.140
6759.277	    0.089
6760.490	    0.126
6761.704	    0.126
6762.917	    0.135
6764.131	    0.130
6765.345	    0.099
6766.560	    0.169
6767.774	    0.171
6768.989	    0.199
6770.204	    0.261
6771.419	    0.283
6772.635	    0.196
6773.851	    0.197
6775.066	    0.121
6776.282	    0.225
6777.499	    0.330
6778.715	    0.572
6779.932	    0.885
6781.149	    1.124
6782.366	    1.152
6783.584	    0.950
6784.801	    0.617
6786.019	    0.325
6787.237	    0.184
6788.455	    0.145
6789.674	    0.218
6790.893	    0.241
6792.112	    0.351
6793.331	    0.529
6794.550	    0.777
6795.770	    1.014
6796.990	    1.018
6798.210	    0.847
6799.430	    0.576
6800.650	    0.284
6801.871	    0.117
6803.092	    0.140
6804.313	    0.097
6805.534	    0.038
6806.756	    0.099
6807.978	    0.043
6809.200	    0.128
6810.422	    0.087
6811.644	    0.092
6812.867	    0.121
6814.090	    0.089
6815.313	    0.094
6816.536	    0.130
6817.760	    0.115
6818.984	    0.171
6820.208	    0.057
6821.432	    0.135
6822.656	    0.266
6823.881	    0.320
6825.106	    0.343
6826.331	    0.300
6827.556	    0.222
6828.782	    0.292
6830.007	    0.313
6831.233	    0.191
6832.460	    0.190
6833.686	    0.271
6834.913	    0.201
6836.139	    0.219
6837.366	    0.155
6838.594	    0.135
6839.821	    0.123
6841.049	    0.022
6842.277	    0.115
6843.505	    0.117
6844.733	    0.043
6845.962	    0.108
6847.191	    0.081
6848.420	    0.164
6849.649	    0.087
6850.879	    0.108
6852.108	    0.084
6853.338	    0.135
6854.568	    0.072
6855.799	    0.069
6857.029	    0.194
6858.260	    0.344
6859.491	    0.377
6860.722	    0.313
6861.954	    0.061
6863.186	    0.373
6864.418	    0.470
6865.650	    0.468
6866.882	    0.436
6868.115	    0.416
6869.347	    0.423
6870.580	    0.408
6871.814	    0.373
6873.047	    0.302
6874.281	    0.197
6875.515	    0.179
6876.749	    0.200
6877.983	    0.084
6879.218	    0.162
6880.453	    0.255
6881.688	    0.207
6882.923	    0.208
6884.158	    0.240
6885.394	    0.248
6886.630	    0.282
6887.866	    0.253
6889.102	    0.253
6890.339	    0.283
6891.576	    0.236
6892.813	    0.242
6894.050	    0.228
6895.287	    0.190
6896.525	    0.128
6897.763	    0.115
6899.001	    0.226
6900.239	    0.217
6901.478	    0.172
6902.717	    0.173
6903.956	    0.177
6905.195	    0.209
6906.434	    0.201
6907.674	    0.053
6908.914	    0.106
6910.154	    0.171
6911.395	    0.254
6912.635	    0.190
6913.876	    0.128
6915.117	    0.209
6916.358	    0.140
6917.600	    0.292
6918.841	    0.273
6920.083	    0.210
6921.325	    0.104
6922.568	    0.245
6923.810	    0.260
6925.053	    0.271
6926.296	    0.241
6927.539	    0.225
6928.783	    0.171
6930.026	    0.140
6931.270	    0.140
6932.514	    0.150
6933.759	    0.202
6935.003	    0.165
6936.248	    0.075
6937.493	    0.126
6938.739	    0.106
6939.984	    0.078
6941.230	    0.135
6942.476	    0.189
6943.722	    0.273
6944.968	    0.314
6946.215	    0.241
6947.462	    0.031
6948.709	    0.184
6949.956	    0.211
6951.203	    0.208
6952.451	    0.155
6953.699	    0.072
6954.947	    0.110
6956.196	    0.099
6957.444	    0.106
6958.693	    0.134
6959.942	    0.087
6961.191	    0.117
6962.441	    0.137
6963.691	    0.038
6964.941	    0.104
6966.191	    0.209
6967.441	    0.202
6968.692	    0.303
6969.943	    0.301
6971.194	    0.092
6972.445	    0.199
6973.696	    0.271
6974.948	    0.224
6976.200	    0.227
6977.452	    0.094
6978.705	    0.137
6979.957	    0.185
6981.210	    0.183
6982.463	    0.061
6983.717	    0.089
6984.970	    0.169
6986.224	    0.094
6987.478	    0.110
6988.732	    0.134
6989.987	    0.057
6991.241	    0.134
6992.496	    0.038
6993.751	    0.061
6995.007	    0.057
6996.262	    0.137
6997.518	    0.152
6998.774	    0.104
7000.030	    0.139
7001.287	    0.097
7002.544	    0.031
7003.801	    0.110
7005.058	    0.126
7006.315	    0.155
7007.573	    0.168
7008.831	    0.126
7010.089	    0.075
7011.347	    0.104
7012.605	    0.186
7013.864	    0.069
7015.123	    0.175
7016.382	    0.190
7017.642	    0.191
7018.901	    0.200
7020.161	    0.075
7021.421	    0.142
7022.682	    0.196
7023.942	    0.196
7025.203	    0.124
7026.464	    0.142
7027.725	    0.189
7028.987	    0.184
7030.248	    0.106
7031.510	    0.145
7032.772	    0.193
7034.035	    0.084
7035.297	    0.057
7036.560	    0.195
7037.823	    0.078
7039.086	    0.126
7040.350	    0.113
7041.614	    0.270
7042.877	    0.225
7044.142	    0.126
7045.406	    0.092
7046.671	    0.053
7047.936	    0.031
7049.201	    0.102
7050.466	    0.022
7051.731	    0.121
7052.997	    0.092
7054.263	    0.161
7055.529	    0.144
7056.796	    0.075
7058.062	    0.048
7059.329	    0.069
7060.596	    0.140
7061.864	    0.130
7063.131	    0.142
7064.399	    0.121
7065.667	    0.117
7066.936	    0.075
7068.204	    0.081
7069.473	    0.147
7070.742	    0.087
7072.011	    0.038
7073.280	    0.048
7074.550	    0.155
7075.820	    0.263
7077.090	    0.214
7078.360	    0.147
7079.631	    0.124
7080.901	    0.140
7082.172	    0.132
7083.444	    0.123
7084.715	    0.031
7085.987	    0.126
7087.259	    0.156
7088.531	    0.145
7089.803	    0.102
7091.076	    0.124
7092.349	    0.128
7093.622	    0.057
7094.895	    0.065
7096.168	    0.057
7097.442	    0.113
7098.716	    0.104
7099.990	    0.106
7101.265	    0.142
7102.539	    0.166
7103.814	    0.099
7105.089	    0.057
7106.365	    0.092
7107.640	    0.069
7108.916	    0.175
7110.192	    0.092
7111.468	    0.075
7112.745	    0.128
7114.021	    0.165
7115.298	    0.180
7116.576	    0.072
7117.853	    0.065
7119.131	    0.117
7120.408	    0.117
7121.687	    0.108
7122.965	    0.176
7124.243	    0.043
7125.522	    0.147
7126.801	    0.099
7128.080	    0.038
7129.360	    0.132
7130.640	    0.097
7131.919	    0.123
7133.200	    0.065
7134.480	    0.104
7135.761	    0.089
7137.041	    0.078
7138.323	    0.168
7139.604	    0.022
7140.885	    0.110
7142.167	    0.065
7143.449	    0.108
7144.731	    0.153
7146.014	    0.048
7147.296	    0.089
7148.579	    0.022
7149.863	    0.121
7151.146	    0.156
7152.430	    0.094
7153.713	    0.081
7154.997	    0.130
7156.282	    0.119
7157.566	    0.175
7158.851	    0.142
7160.136	    0.144
7161.421	    0.177
7162.707	    0.207
7163.992	    0.234
7165.278	    0.247
7166.564	    0.229
7167.851	    0.244
7169.137	    0.219
7170.424	    0.193
7171.711	    0.232
7172.998	    0.216
7174.286	    0.153
7175.574	    0.104
7176.862	    0.156
7178.150	    0.214
7179.438	    0.211
7180.727	    0.291
7182.016	    0.263
7183.305	    0.265
7184.595	    0.250
7185.884	    0.252
7187.174	    0.207
7188.464	    0.169
7189.754	    0.177
7191.045	    0.271
7192.336	    0.236
7193.627	    0.231
7194.918	    0.236
7196.209	    0.203
7197.501	    0.204
7198.793	    0.267
7200.085	    0.211
7201.377	    0.159
7202.670	    0.108
7203.963	    0.099
7205.256	    0.134
7206.549	    0.152
7207.843	    0.102
7209.137	    0.137
7210.431	    0.097
7211.725	    0.065
7213.019	    0.184
7214.314	    0.132
7215.609	    0.102
7216.904	    0.190
7218.200	    0.217
7219.495	    0.194
7220.791	    0.152
7222.087	    0.102
7223.384	    0.072
7224.680	    0.022
7225.977	    0.168
7227.274	    0.173
7228.571	    0.204
7229.869	    0.193
7231.166	    0.022
7232.464	    0.218
7233.763	    0.415
7235.061	    0.459
7236.360	    0.351
7237.659	    0.183
7238.958	    0.287
7240.257	    0.248
7241.557	    0.057
7242.857	    0.364
7244.157	    0.442
7245.457	    0.430
7246.757	    0.388
7248.058	    0.311
7249.359	    0.321
7250.660	    0.331
7251.962	    0.324
7253.264	    0.298
7254.566	    0.303
7255.868	    0.272
7257.170	    0.203
7258.473	    0.269
7259.776	    0.278
7261.079	    0.233
7262.382	    0.166
7263.686	    0.175
7264.989	    0.199
7266.293	    0.229
7267.598	    0.155
7268.902	    0.250
7270.207	    0.459
7271.512	    0.485
7272.817	    0.343
7274.123	    0.305
7275.428	    0.413
7276.734	    0.377
7278.040	    0.274
7279.347	    0.173
7280.653	    0.245
7281.960	    0.368
7283.267	    0.415
7284.575	    0.358
7285.882	    0.318
7287.190	    0.315
7288.498	    0.264
7289.806	    0.191
7291.115	    0.238
7292.423	    0.234
7293.732	    0.249
7295.042	    0.285
7296.351	    0.199
7297.661	    0.223
7298.971	    0.078
7300.281	    0.092
7301.591	    0.232
7302.902	    0.200
7304.212	    0.172
7305.524	    0.231
7306.835	    0.288
7308.146	    0.203
7309.458	    0.381
7310.770	    0.456
7312.082	    0.391
7313.395	    0.145
7314.708	    0.342
7316.021	    0.349
7317.334	    0.322
7318.647	    0.299
7319.961	    0.297
7321.275	    0.271
7322.589	    0.061
7323.903	    0.228
7325.218	    0.172
7326.533	    0.099
7327.848	    0.193
7329.163	    0.219
7330.479	    0.230
7331.795	    0.249
7333.111	    0.145
7334.427	    0.467
7335.743	    0.525
7337.060	    0.352
7338.377	    0.245
7339.694	    0.306
