wlen 	 newgal_spectrum 
  4176.646 	      0.207
  4177.397 	      0.200
  4178.147 	      0.185
  4178.898 	      0.168
  4179.649 	      0.142
  4180.400 	      0.119
  4181.151 	      0.097
  4181.902 	      0.075
  4182.653 	      0.051
  4183.405 	      0.037
  4184.157 	      0.027
  4184.908 	      0.020
  4185.660 	      0.009
  4186.412 	      0.019
  4187.164 	      0.020
  4187.917 	     -0.001
  4188.669 	     -0.016
  4189.422 	     -0.095
  4190.174 	     -0.123
  4190.927 	     -0.006
  4191.680 	     -0.081
  4192.433 	     -0.104
  4193.186 	     -0.103
  4193.940 	     -0.065
  4194.693 	      0.060
  4195.447 	      0.021
  4196.201 	     -0.050
  4196.955 	     -0.147
  4197.709 	     -0.106
  4198.463 	      0.019
  4199.217 	      0.101
  4199.972 	      0.034
  4200.726 	     -0.027
  4201.481 	     -0.031
  4202.236 	     -0.016
  4202.991 	      0.035
  4203.746 	     -0.111
  4204.501 	     -0.100
  4205.257 	     -0.051
  4206.012 	      0.030
  4206.768 	     -0.026
  4207.524 	     -0.058
  4208.280 	     -0.067
  4209.036 	     -0.026
  4209.792 	      0.006
  4210.548 	     -0.027
  4211.305 	     -0.069
  4212.061 	     -0.108
  4212.818 	     -0.069
  4213.575 	     -0.085
  4214.332 	     -0.118
  4215.089 	     -0.176
  4215.846 	     -0.222
  4216.604 	     -0.187
  4217.361 	     -0.133
  4218.119 	     -0.064
  4218.877 	     -0.113
  4219.635 	     -0.111
  4220.393 	     -0.092
  4221.151 	     -0.046
  4221.910 	     -0.037
  4222.668 	      0.018
  4223.427 	      0.023
  4224.186 	     -0.067
  4224.945 	      0.009
  4225.704 	      0.075
  4226.463 	      0.087
  4227.222 	      0.014
  4227.982 	      0.006
  4228.741 	      0.052
  4229.501 	      0.086
  4230.261 	      0.105
  4231.021 	      0.094
  4231.781 	      0.039
  4232.542 	      0.011
  4233.302 	      0.019
  4234.063 	     -0.125
  4234.823 	     -0.134
  4235.584 	     -0.082
  4236.345 	      0.024
  4237.106 	      0.125
  4237.868 	      0.078
  4238.629 	      0.052
  4239.390 	      0.039
  4240.152 	     -0.019
  4240.914 	     -0.072
  4241.676 	     -0.075
  4242.438 	     -0.054
  4243.200 	     -0.059
  4243.963 	     -0.047
  4244.725 	     -0.030
  4245.488 	     -0.025
  4246.250 	     -0.106
  4247.013 	     -0.132
  4247.776 	     -0.107
  4248.540 	     -0.061
  4249.303 	      0.013
  4250.066 	     -0.051
  4250.830 	     -0.101
  4251.594 	     -0.116
  4252.357 	     -0.052
  4253.121 	     -0.147
  4253.886 	     -0.065
  4254.650 	      0.015
  4255.414 	      0.043
  4256.179 	      0.014
  4256.944 	     -0.012
  4257.708 	     -0.087
  4258.473 	     -0.220
  4259.238 	     -0.056
  4260.004 	      0.032
  4260.769 	      0.032
  4261.535 	     -0.040
  4262.300 	     -0.017
  4263.066 	     -0.059
  4263.832 	     -0.078
  4264.598 	     -0.079
  4265.364 	     -0.081
  4266.130 	     -0.146
  4266.897 	     -0.094
  4267.664 	     -0.016
  4268.430 	     -0.013
  4269.197 	     -0.029
  4269.964 	      0.010
  4270.731 	      0.031
  4271.499 	     -0.012
  4272.266 	     -0.002
  4273.034 	     -0.016
  4273.801 	     -0.026
  4274.569 	     -0.000
  4275.337 	     -0.072
  4276.105 	     -0.121
  4276.874 	     -0.130
  4277.642 	     -0.101
  4278.411 	     -0.022
  4279.179 	      0.028
  4279.948 	      0.017
  4280.717 	     -0.023
  4281.486 	     -0.018
  4282.255 	      0.044
  4283.025 	      0.057
  4283.794 	      0.040
  4284.564 	     -0.017
  4285.334 	     -0.030
  4286.104 	     -0.078
  4286.874 	     -0.090
  4287.644 	     -0.024
  4288.414 	     -0.136
  4289.185 	     -0.034
  4289.955 	      0.016
  4290.726 	     -0.010
  4291.497 	     -0.210
  4292.268 	     -0.069
  4293.039 	      0.079
  4293.811 	      0.185
  4294.582 	     -0.030
  4295.354 	     -0.085
  4296.125 	     -0.023
  4296.897 	      0.040
  4297.669 	     -0.003
  4298.441 	     -0.095
  4299.214 	      0.023
  4299.986 	      0.089
  4300.759 	      0.024
  4301.531 	     -0.011
  4302.304 	     -0.067
  4303.077 	     -0.013
  4303.850 	      0.115
  4304.623 	     -0.053
  4305.397 	     -0.058
  4306.170 	     -0.038
  4306.944 	     -0.010
  4307.718 	      0.019
  4308.492 	      0.007
  4309.266 	     -0.026
  4310.040 	     -0.054
  4310.814 	     -0.072
  4311.589 	      0.002
  4312.364 	      0.007
  4313.138 	      0.016
  4313.913 	      0.033
  4314.688 	      0.110
  4315.464 	     -0.011
  4316.239 	     -0.031
  4317.014 	      0.005
  4317.790 	      0.087
  4318.566 	      0.079
  4319.342 	      0.010
  4320.118 	     -0.037
  4320.894 	     -0.019
  4321.670 	      0.025
  4322.447 	     -0.038
  4323.223 	     -0.093
  4324.000 	     -0.120
  4324.777 	      0.004
  4325.554 	      0.016
  4326.331 	      0.081
  4327.108 	      0.145
  4327.886 	      0.153
  4328.663 	      0.147
  4329.441 	      0.016
  4330.219 	     -0.068
  4330.997 	     -0.063
  4331.775 	     -0.051
  4332.553 	      0.045
  4333.332 	      0.056
  4334.110 	      0.013
  4334.889 	     -0.031
  4335.668 	     -0.038
  4336.447 	      0.028
  4337.226 	      0.068
  4338.005 	      0.034
  4338.784 	      0.057
  4339.564 	     -0.064
  4340.344 	     -0.080
  4341.123 	     -0.007
  4341.903 	     -0.031
  4342.683 	     -0.063
  4343.464 	     -0.026
  4344.244 	      0.017
  4345.024 	     -0.002
  4345.805 	      0.007
  4346.586 	      0.029
  4347.367 	      0.075
  4348.148 	      0.143
  4348.929 	      0.173
  4349.710 	      0.094
  4350.492 	      0.062
  4351.274 	      0.049
  4352.055 	      0.031
  4352.837 	     -0.001
  4353.619 	      0.007
  4354.402 	      0.010
  4355.184 	      0.006
  4355.966 	      0.072
  4356.749 	      0.108
  4357.532 	      0.082
  4358.315 	      0.033
  4359.098 	      0.011
  4359.881 	      0.141
  4360.664 	      0.111
  4361.448 	      0.061
  4362.231 	      0.017
  4363.015 	     -0.187
  4363.799 	     -0.049
  4364.583 	     -0.016
  4365.367 	     -0.052
  4366.151 	     -0.133
  4366.936 	     -0.025
  4367.720 	     -0.012
  4368.505 	      0.010
  4369.290 	      0.067
  4370.075 	      0.066
  4370.860 	      0.074
  4371.645 	      0.149
  4372.431 	      0.215
  4373.216 	      0.176
  4374.002 	     -0.022
  4374.788 	     -0.062
  4375.574 	     -0.073
  4376.360 	     -0.078
  4377.146 	     -0.140
  4377.933 	     -0.113
  4378.719 	     -0.138
  4379.506 	     -0.166
  4380.293 	     -0.155
  4381.080 	     -0.057
  4381.867 	     -0.106
  4382.654 	     -0.143
  4392.113 	     -0.083
  4392.902 	     -0.042
  4393.691 	     -0.017
  4394.480 	     -0.033
  4395.270 	     -0.017
  4396.059 	      0.003
  4396.849 	      0.010
  4397.639 	      0.008
  4398.429 	     -0.013
  4399.220 	      0.032
  4400.010 	      0.037
  4400.801 	      0.046
  4401.591 	      0.042
  4402.382 	     -0.054
  4403.173 	     -0.117
  4403.964 	     -0.107
  4404.755 	     -0.079
  4405.547 	     -0.049
  4406.338 	      0.068
  4407.130 	      0.053
  4407.922 	      0.026
  4408.714 	     -0.002
  4409.506 	     -0.026
  4410.298 	     -0.028
  4411.090 	      0.052
  4411.883 	      0.076
  4412.675 	      0.069
  4413.468 	      0.135
  4414.261 	      0.082
  4415.054 	     -0.024
  4415.848 	     -0.064
  4416.641 	     -0.009
  4417.434 	      0.046
  4418.228 	      0.101
  4419.022 	      0.134
  4419.816 	      0.120
  4420.610 	      0.022
  4421.404 	      0.040
  4422.199 	     -0.004
  4422.993 	     -0.072
  4423.788 	     -0.124
  4424.583 	     -0.073
  4425.377 	      0.004
  4426.173 	      0.057
  4426.968 	      0.075
  4427.763 	      0.059
  4428.559 	     -0.009
  4429.354 	     -0.021
  4430.150 	      0.024
  4430.946 	      0.039
  4431.742 	      0.009
  4432.538 	     -0.045
  4433.335 	     -0.039
  4434.131 	     -0.050
  4434.928 	     -0.032
  4435.725 	      0.041
  4436.522 	      0.008
  4437.319 	      0.031
  4438.116 	      0.028
  4438.913 	      0.014
  4439.711 	      0.003
  4440.509 	      0.027
  4441.306 	     -0.016
  4442.104 	     -0.043
  4442.902 	     -0.047
  4443.701 	     -0.001
  4444.499 	      0.052
  4445.298 	     -0.046
  4446.096 	     -0.097
  4446.895 	     -0.095
  4447.694 	     -0.177
  4448.493 	     -0.121
  4449.292 	     -0.124
  4450.092 	     -0.131
  4450.891 	     -0.129
  4451.691 	     -0.103
  4452.491 	      0.064
  4453.291 	      0.026
  4454.091 	     -0.036
  4454.891 	     -0.038
  4455.691 	     -0.057
  4456.492 	     -0.055
  4457.293 	     -0.079
  4458.093 	     -0.101
  4458.894 	     -0.098
  4459.695 	     -0.152
  4460.497 	     -0.153
  4461.298 	     -0.091
  4462.100 	     -0.016
  4462.901 	      0.010
  4463.703 	     -0.065
  4464.505 	     -0.053
  4465.307 	     -0.066
  4466.109 	     -0.088
  4466.912 	     -0.101
  4467.714 	     -0.061
  4468.517 	     -0.041
  4469.320 	      0.003
  4470.123 	      0.044
  4470.926 	      0.045
  4471.729 	      0.043
  4472.533 	      0.041
  4473.336 	      0.039
  4474.140 	      0.037
  4474.944 	      0.035
  4475.748 	      0.033
  4476.552 	      0.035
  4477.356 	      0.039
  4478.161 	      0.040
  4478.965 	      0.042
  4479.770 	      0.044
  4480.575 	      0.051
  4481.380 	      0.060
  4482.185 	      0.069
  4482.990 	      0.067
  4483.796 	      0.053
  4484.601 	      0.033
  4485.407 	      0.015
  4486.213 	      0.003
  4487.019 	      0.000
  4487.825 	      0.008
  4488.631 	      0.023
  4489.438 	      0.039
  4490.244 	      0.046
  4491.051 	      0.040
  4491.858 	      0.026
  4492.665 	      0.010
  4493.472 	     -0.002
  4494.280 	     -0.004
  4495.087 	      0.015
  4495.895 	      0.032
  4496.702 	      0.055
  4497.510 	      0.051
  4498.318 	      0.030
  4499.127 	      0.012
  4499.935 	      0.019
  4500.743 	      0.033
  4501.552 	      0.024
  4502.361 	     -0.011
  4503.170 	     -0.078
  4503.979 	     -0.031
  4504.788 	     -0.056
  4505.597 	     -0.071
  4506.407 	     -0.093
  4507.216 	     -0.153
  4508.026 	     -0.090
  4508.836 	      0.018
  4509.646 	      0.033
  4510.456 	      0.002
  4511.267 	     -0.021
  4512.077 	     -0.017
  4512.888 	     -0.039
  4513.699 	     -0.078
  4514.510 	     -0.098
  4515.321 	     -0.070
  4516.132 	      0.008
  4516.943 	     -0.030
  4517.755 	     -0.039
  4518.567 	     -0.049
  4519.379 	     -0.069
  4520.191 	     -0.020
  4521.003 	      0.012
  4521.815 	     -0.005
  4522.627 	     -0.057
  4523.440 	     -0.118
  4524.253 	     -0.076
  4525.065 	     -0.074
  4525.878 	     -0.090
  4526.692 	     -0.094
  4527.505 	     -0.088
  4528.318 	     -0.109
  4529.132 	     -0.135
  4529.946 	     -0.098
  4530.759 	     -0.115
  4531.573 	     -0.153
  4532.388 	     -0.141
  4533.202 	     -0.219
  4534.016 	     -0.157
  4534.831 	     -0.163
  4535.646 	     -0.170
  4536.461 	     -0.117
  4537.276 	     -0.083
  4538.091 	     -0.056
  4538.906 	     -0.039
  4539.722 	     -0.042
  4540.537 	     -0.066
  4541.353 	     -0.128
  4542.169 	     -0.032
  4542.985 	     -0.029
  4543.801 	     -0.048
  4544.618 	     -0.063
  4545.434 	     -0.052
  4546.251 	     -0.085
  4547.068 	     -0.091
  4547.885 	     -0.089
  4548.702 	     -0.089
  4549.519 	     -0.107
  4550.336 	     -0.073
  4551.154 	     -0.073
  4551.972 	     -0.078
  4552.789 	     -0.081
  4553.607 	     -0.077
  4554.425 	     -0.037
  4555.244 	     -0.018
  4556.062 	     -0.048
  4556.881 	     -0.090
  4557.699 	     -0.121
  4558.518 	     -0.097
  4559.337 	     -0.114
  4560.156 	     -0.135
  4560.976 	     -0.125
  4561.795 	     -0.095
  4562.615 	     -0.073
  4563.435 	     -0.175
  4564.254 	     -0.178
  4565.074 	     -0.148
  4565.895 	     -0.110
  4566.715 	     -0.087
  4567.535 	     -0.111
  4568.356 	     -0.065
  4569.177 	     -0.106
  4569.998 	     -0.119
  4570.819 	     -0.089
  4571.640 	     -0.055
  4572.461 	     -0.088
  4573.283 	     -0.129
  4574.105 	     -0.176
  4574.926 	     -0.177
  4575.748 	     -0.096
  4576.570 	     -0.034
  4577.393 	     -0.002
  4578.215 	     -0.024
  4579.038 	     -0.081
  4579.860 	     -0.130
  4580.683 	     -0.060
  4581.506 	     -0.154
  4582.329 	     -0.116
  4583.153 	     -0.069
  4583.976 	     -0.039
  4584.800 	     -0.031
  4585.623 	     -0.121
  4586.447 	     -0.087
  4587.271 	     -0.076
  4588.095 	     -0.091
  4588.920 	     -0.123
  4589.744 	     -0.114
  4590.569 	     -0.058
  4591.394 	     -0.068
  4592.219 	     -0.081
  4593.044 	     -0.097
  4593.869 	     -0.127
  4594.694 	     -0.152
  4595.520 	     -0.124
  4596.345 	     -0.075
  4597.171 	     -0.037
  4597.997 	     -0.029
  4598.823 	     -0.049
  4599.649 	     -0.122
  4600.476 	     -0.128
  4601.302 	     -0.093
  4602.129 	     -0.042
  4602.956 	     -0.007
  4603.783 	     -0.048
  4604.610 	     -0.064
  4605.437 	     -0.066
  4606.265 	     -0.064
  4607.092 	     -0.070
  4607.920 	     -0.105
  4608.748 	     -0.139
  4609.576 	     -0.120
  4610.404 	     -0.080
  4611.232 	     -0.048
  4612.061 	     -0.046
  4612.890 	     -0.070
  4613.718 	     -0.031
  4614.547 	     -0.040
  4615.376 	     -0.050
  4616.206 	     -0.051
  4617.035 	     -0.047
  4617.864 	     -0.089
  4618.694 	     -0.082
  4619.524 	     -0.101
  4620.354 	     -0.117
  4621.184 	     -0.121
  4622.014 	     -0.106
  4622.845 	     -0.095
  4623.675 	     -0.098
  4624.506 	     -0.109
  4625.337 	     -0.114
  4626.168 	     -0.107
  4626.999 	     -0.129
  4627.830 	     -0.092
  4628.662 	     -0.065
  4629.493 	     -0.026
  4630.325 	      0.000
  4631.157 	     -0.011
  4631.989 	     -0.118
  4632.821 	     -0.204
  4652.003 	     -0.232
  4652.839 	     -0.122
  4653.675 	     -0.055
  4654.511 	     -0.051
  4655.347 	     -0.086
  4656.184 	     -0.118
  4657.020 	     -0.085
  4657.857 	     -0.084
  4658.694 	     -0.094
  4659.531 	     -0.091
  4660.368 	     -0.062
  4661.205 	     -0.090
  4662.043 	     -0.128
  4662.881 	     -0.119
  4663.718 	     -0.119
  4664.556 	     -0.126
  4665.394 	     -0.127
  4666.232 	     -0.121
  4667.071 	     -0.102
  4667.909 	     -0.130
  4668.748 	     -0.115
  4669.587 	     -0.082
  4670.426 	     -0.092
  4671.265 	     -0.073
  4672.104 	     -0.103
  4672.944 	     -0.124
  4673.783 	     -0.119
  4674.623 	     -0.115
  4675.463 	     -0.155
  4676.303 	     -0.167
  4677.143 	     -0.096
  4677.983 	     -0.068
  4678.824 	     -0.065
  4679.664 	     -0.078
  4680.505 	     -0.091
  4681.346 	     -0.070
  4682.187 	     -0.067
  4683.028 	     -0.070
  4683.870 	     -0.075
  4684.711 	     -0.064
  4685.553 	     -0.028
  4686.395 	     -0.089
  4687.237 	      0.022
  4688.079 	      0.032
  4688.921 	      0.026
  4689.764 	     -0.017
  4690.606 	     -0.108
  4691.449 	     -0.126
  4692.292 	     -0.109
  4693.135 	     -0.068
  4693.978 	     -0.001
  4694.821 	      0.023
  4695.665 	     -0.034
  4696.508 	     -0.090
  4697.352 	     -0.045
  4698.196 	     -0.009
  4699.040 	     -0.008
  4699.885 	     -0.047
  4700.729 	     -0.089
  4701.574 	     -0.019
  4702.418 	      0.061
  4703.263 	     -0.040
  4704.108 	     -0.088
  4704.953 	     -0.082
  4705.799 	     -0.030
  4706.644 	      0.064
  4707.490 	      0.053
  4708.335 	      0.020
  4709.181 	      0.008
  4710.027 	     -0.021
  4710.874 	     -0.049
  4711.720 	     -0.030
  4712.567 	      0.009
  4713.413 	     -0.040
  4714.260 	     -0.039
  4715.107 	     -0.052
  4715.954 	     -0.084
  4716.802 	     -0.109
  4717.649 	     -0.054
  4718.497 	     -0.015
  4719.344 	     -0.046
  4720.192 	     -0.066
  4721.040 	     -0.072
  4721.888 	     -0.061
  4722.737 	     -0.020
  4723.585 	     -0.106
  4724.434 	     -0.047
  4725.283 	     -0.024
  4726.132 	     -0.044
  4726.981 	     -0.053
  4727.830 	      0.017
  4728.680 	     -0.012
  4729.529 	     -0.087
  4730.379 	     -0.102
  4731.229 	     -0.105
  4732.079 	     -0.084
  4732.929 	     -0.028
  4733.779 	      0.033
  4734.630 	      0.062
  4735.480 	     -0.067
  4736.331 	     -0.075
  4737.182 	     -0.062
  4738.033 	     -0.056
  4738.885 	      0.018
  4739.736 	     -0.131
  4740.588 	     -0.015
  4741.439 	     -0.047
  4742.291 	     -0.048
  4743.143 	     -0.041
  4743.995 	     -0.091
  4744.848 	     -0.119
  4745.700 	     -0.053
  4746.553 	     -0.017
  4747.406 	     -0.093
  4748.259 	     -0.138
  4749.112 	     -0.101
  4749.965 	     -0.070
  4750.818 	     -0.034
  4751.672 	     -0.078
  4752.526 	     -0.095
  4753.379 	     -0.079
  4754.233 	     -0.062
  4755.088 	     -0.069
  4755.942 	     -0.067
  4756.796 	     -0.013
  4757.651 	      0.018
  4758.506 	     -0.043
  4759.361 	     -0.074
  4760.216 	     -0.049
  4761.071 	     -0.029
  4761.926 	     -0.034
  4762.782 	     -0.034
  4763.638 	     -0.032
  4764.494 	     -0.028
  4765.350 	     -0.028
  4766.206 	     -0.040
  4767.062 	     -0.082
  4767.919 	     -0.088
  4768.775 	     -0.039
  4769.632 	     -0.077
  4770.489 	     -0.116
  4771.346 	     -0.102
  4772.203 	     -0.037
  4773.061 	     -0.018
  4773.918 	      0.048
  4774.776 	     -0.023
  4775.634 	     -0.097
  4776.492 	     -0.103
  4777.350 	     -0.073
  4778.208 	     -0.090
  4779.067 	     -0.086
  4779.925 	     -0.065
  4780.784 	     -0.133
  4781.643 	     -0.105
  4782.502 	     -0.030
  4783.361 	      0.008
  4784.221 	     -0.044
  4785.080 	     -0.025
  4785.940 	     -0.031
  4786.800 	     -0.055
  4787.660 	     -0.094
  4788.520 	     -0.110
  4789.381 	     -0.099
  4790.241 	     -0.121
  4791.102 	     -0.135
  4791.962 	     -0.094
  4792.823 	     -0.104
  4793.684 	     -0.108
  4794.546 	     -0.100
  4795.407 	     -0.077
  4796.269 	     -0.003
  4797.130 	     -0.099
  4797.992 	     -0.052
  4798.854 	     -0.065
  4799.717 	     -0.092
  4800.579 	     -0.109
  4801.441 	     -0.102
  4802.304 	     -0.040
  4803.167 	     -0.039
  4804.030 	     -0.048
  4804.893 	     -0.086
  4805.756 	     -0.088
  4806.620 	     -0.112
  4807.483 	     -0.154
  4808.347 	      0.032
  4809.211 	     -0.143
  4810.075 	     -0.005
  4810.939 	     -0.014
  4811.803 	     -0.055
  4812.668 	     -0.084
  4813.533 	     -0.085
  4814.397 	     -0.023
  4815.262 	      0.017
  4816.128 	     -0.007
  4816.993 	      0.015
  4817.858 	     -0.036
  4818.724 	     -0.080
  4819.590 	     -0.054
  4820.456 	     -0.068
  4821.322 	     -0.128
  4822.188 	     -0.108
  4823.054 	     -0.041
  4823.921 	     -0.019
  4824.787 	      0.006
  4825.654 	      0.038
  4826.521 	     -0.029
  4827.388 	     -0.062
  4828.256 	     -0.047
  4829.123 	     -0.080
  4829.991 	     -0.115
  4830.859 	     -0.125
  4831.727 	     -0.112
  4832.595 	     -0.105
  4833.463 	     -0.053
  4834.331 	     -0.053
  4835.200 	     -0.049
  4836.069 	     -0.042
  4836.937 	     -0.055
  4837.806 	     -0.075
  4838.676 	     -0.078
  4839.545 	     -0.084
  4840.415 	     -0.055
  4841.284 	     -0.040
  4842.154 	     -0.043
  4843.024 	     -0.024
  4843.894 	     -0.029
  4844.764 	     -0.084
  4845.635 	     -0.087
  4846.505 	     -0.116
  4847.376 	     -0.089
  4848.247 	     -0.076
  4849.118 	     -0.079
  4849.989 	     -0.079
  4850.861 	     -0.067
  4851.732 	     -0.055
  4852.604 	     -0.052
  4853.476 	     -0.044
  4854.348 	     -0.052
  4855.220 	     -0.050
  4856.092 	     -0.076
  4856.965 	     -0.116
  4857.837 	     -0.122
  4858.710 	     -0.078
  4859.583 	     -0.071
  4860.456 	     -0.047
  4861.329 	     -0.022
  4862.203 	     -0.074
  4863.076 	     -0.091
  4863.950 	     -0.053
  4864.824 	     -0.098
  4865.698 	     -0.136
  4866.572 	     -0.101
  4867.447 	      0.018
  4868.321 	      0.032
  4869.196 	     -0.024
  4870.071 	     -0.059
  4870.946 	     -0.043
  4871.821 	     -0.104
  4872.696 	     -0.004
  4873.571 	     -0.136
  4874.447 	     -0.131
  4875.323 	     -0.063
  4876.199 	     -0.050
  4877.075 	     -0.108
  4877.951 	     -0.137
  4878.827 	     -0.012
  4879.704 	     -0.020
  4880.581 	     -0.049
  4881.458 	     -0.106
  4896.388 	     -0.128
  4897.268 	     -0.042
  4898.148 	     -0.050
  4899.028 	     -0.106
  4899.908 	     -0.119
  4900.789 	     -0.085
  4901.669 	     -0.119
  4902.550 	     -0.136
  4903.431 	     -0.126
  4904.312 	     -0.103
  4905.193 	     -0.091
  4906.074 	     -0.110
  4906.955 	     -0.085
  4907.837 	     -0.039
  4908.719 	      0.008
  4909.601 	      0.041
  4910.483 	      0.263
  4911.365 	      0.770
  4912.247 	      1.394
  4913.130 	      1.717
  4914.013 	      1.676
  4914.896 	      1.164
  4915.779 	      0.522
  4916.662 	      0.103
  4917.545 	     -0.067
  4918.429 	     -0.086
  4919.312 	     -0.075
  4920.196 	     -0.104
  4921.080 	     -0.105
  4921.964 	     -0.146
  4922.849 	     -0.135
  4923.733 	     -0.087
  4924.618 	     -0.106
  4925.502 	     -0.129
  4926.387 	     -0.102
  4927.273 	     -0.119
  4928.158 	     -0.130
  4929.043 	     -0.084
  4929.929 	     -0.121
  4930.815 	     -0.106
  4931.700 	     -0.117
  4932.586 	     -0.126
  4933.473 	     -0.114
  4934.359 	     -0.110
  4935.246 	     -0.075
  4936.132 	     -0.095
  4937.019 	     -0.061
  4937.906 	     -0.073
  4938.793 	     -0.093
  4939.681 	     -0.114
  4940.568 	     -0.112
  4941.456 	     -0.089
  4942.344 	     -0.119
  4943.232 	     -0.076
  4944.120 	     -0.121
  4945.008 	     -0.096
  4945.896 	     -0.127
  4946.785 	     -0.152
  4947.674 	     -0.129
  4948.563 	     -0.108
  4949.452 	     -0.160
  4950.341 	     -0.125
  4951.230 	     -0.128
  4952.120 	     -0.155
  4953.010 	     -0.057
  4953.900 	     -0.105
  4954.790 	     -0.114
  4955.680 	     -0.076
  4956.570 	     -0.117
  4957.461 	     -0.134
  4958.351 	     -0.106
  4959.242 	     -0.153
  4960.133 	     -0.139
  4961.024 	     -0.141
  4961.916 	     -0.097
  4962.807 	     -0.079
  4963.699 	     -0.084
  4964.591 	     -0.037
  4965.483 	     -0.075
  4966.375 	     -0.072
  4967.267 	     -0.070
  4968.159 	     -0.095
  4969.052 	     -0.154
  4969.945 	     -0.142
  4970.838 	     -0.062
  4971.731 	     -0.009
  4972.624 	     -0.052
  4973.518 	     -0.109
  4974.411 	     -0.068
  4975.305 	     -0.081
  4976.199 	     -0.065
  4977.093 	     -0.092
  4977.987 	     -0.108
  4978.881 	     -0.106
  4979.776 	     -0.101
  4980.671 	     -0.076
  4981.565 	     -0.064
  4982.460 	     -0.104
  4983.356 	     -0.139
  4984.251 	     -0.126
  4985.146 	     -0.097
  4986.042 	     -0.075
  4986.938 	     -0.081
  4987.834 	     -0.103
  4988.730 	     -0.091
  4989.626 	     -0.098
  4990.523 	     -0.111
  4991.419 	     -0.079
  4992.316 	     -0.063
  4993.213 	     -0.058
  4994.110 	     -0.060
  4995.007 	     -0.078
  4995.905 	     -0.091
  4996.802 	     -0.055
  4997.700 	     -0.063
  4998.598 	     -0.071
  4999.496 	     -0.054
  5000.394 	     -0.051
  5001.293 	     -0.071
  5002.191 	     -0.101
  5003.090 	     -0.083
  5003.989 	     -0.048
  5004.888 	     -0.093
  5005.787 	     -0.152
  5006.687 	     -0.134
  5007.586 	     -0.104
  5008.486 	     -0.074
  5009.386 	     -0.010
  5010.286 	      0.043
  5011.186 	      0.082
  5012.086 	      0.084
  5012.987 	      0.036
  5013.887 	     -0.007
  5014.788 	     -0.076
  5015.689 	     -0.096
  5016.590 	     -0.094
  5017.492 	     -0.042
  5018.393 	     -0.051
  5019.295 	     -0.111
  5020.197 	     -0.140
  5021.098 	     -0.102
  5022.001 	     -0.058
  5022.903 	     -0.054
  5023.805 	     -0.103
  5024.708 	     -0.095
  5025.611 	     -0.063
  5026.514 	     -0.093
  5027.417 	     -0.095
  5028.320 	     -0.063
  5029.223 	     -0.042
  5030.127 	     -0.064
  5031.031 	     -0.123
  5031.935 	     -0.202
  5032.839 	     -0.108
  5033.743 	     -0.129
  5034.647 	     -0.230
  5035.552 	     -0.126
  5036.456 	     -0.115
  5037.361 	     -0.121
  5038.266 	     -0.088
  5039.172 	     -0.100
  5040.077 	     -0.055
  5040.982 	      0.025
  5041.888 	     -0.106
  5042.794 	     -0.158
  5043.700 	     -0.047
  5044.606 	     -0.049
  5045.513 	     -0.073
  5046.419 	     -0.047
  5047.326 	     -0.032
  5048.233 	     -0.077
  5049.140 	     -0.078
  5050.047 	     -0.121
  5050.954 	     -0.052
  5051.861 	      0.009
  5052.769 	     -0.078
  5053.677 	     -0.066
  5054.585 	      0.005
  5055.493 	     -0.036
  5056.401 	     -0.084
  5057.310 	      0.043
  5058.218 	      0.138
  5059.127 	      0.239
  5060.036 	      0.306
  5060.945 	      0.252
  5061.855 	      0.225
  5062.764 	      0.126
  5063.674 	     -0.015
  5064.583 	     -0.056
  5065.493 	     -0.042
  5066.403 	     -0.084
  5067.314 	     -0.119
  5068.224 	     -0.107
  5069.135 	     -0.041
  5070.045 	      0.015
  5070.956 	     -0.037
  5071.867 	     -0.063
  5072.779 	     -0.019
  5073.690 	     -0.008
  5074.602 	     -0.035
  5075.513 	     -0.039
  5076.425 	     -0.036
  5077.337 	     -0.100
  5078.249 	     -0.074
  5079.162 	     -0.053
  5080.074 	     -0.020
  5080.987 	     -0.052
  5081.900 	     -0.058
  5082.813 	     -0.083
  5083.726 	     -0.094
  5084.640 	     -0.065
  5085.553 	     -0.018
  5086.467 	      0.008
  5087.381 	     -0.030
  5088.295 	     -0.061
  5089.209 	     -0.088
  5090.123 	     -0.011
  5091.038 	     -0.015
  5091.952 	     -0.021
  5092.867 	     -0.001
  5093.782 	      0.010
  5094.697 	      0.001
  5095.613 	      0.009
  5096.528 	      0.035
  5097.444 	      0.004
  5098.360 	     -0.046
  5099.276 	      0.013
  5100.192 	     -0.010
  5101.108 	     -0.044
  5102.025 	     -0.041
  5102.941 	     -0.021
  5103.858 	     -0.022
  5104.775 	     -0.043
  5105.692 	     -0.049
  5106.610 	     -0.032
  5107.527 	     -0.037
  5108.445 	     -0.089
  5109.363 	     -0.098
  5110.281 	     -0.059
  5111.199 	     -0.024
  5112.117 	     -0.047
  5113.036 	     -0.032
  5113.954 	     -0.018
  5114.873 	     -0.022
  5115.792 	     -0.032
  5116.711 	     -0.069
  5117.630 	     -0.105
  5118.550 	     -0.120
  5119.469 	     -0.071
  5120.389 	     -0.012
  5121.309 	      0.018
  5122.229 	     -0.020
  5123.150 	     -0.005
  5124.070 	     -0.019
  5124.991 	     -0.027
  5125.911 	      0.004
  5126.832 	      0.014
  5127.753 	     -0.022
  5128.675 	     -0.058
  5129.596 	     -0.084
  5130.518 	      0.007
  5131.440 	      0.002
  5132.362 	      0.006
  5133.284 	      0.015
  5134.206 	      0.021
  5135.128 	      0.023
  5136.051 	     -0.016
  5136.974 	     -0.042
  5137.897 	      0.012
  5138.820 	      0.014
  5139.743 	     -0.033
  5140.666 	     -0.065
  5141.590 	      0.011
  5142.514 	      0.037
  5143.438 	     -0.045
  5144.362 	     -0.043
  5145.286 	     -0.016
  5146.211 	     -0.042
  5147.135 	     -0.092
  5148.060 	     -0.096
  5148.985 	     -0.045
  5149.910 	     -0.015
  5150.835 	     -0.047
  5151.761 	     -0.076
  5152.686 	      0.041
  5153.612 	     -0.075
  5154.538 	     -0.020
  5155.464 	     -0.048
  5156.390 	     -0.050
  5157.317 	     -0.083
  5158.243 	     -0.100
  5159.170 	     -0.040
  5160.097 	     -0.026
  5161.024 	     -0.131
  5161.951 	     -0.008
  5162.879 	     -0.076
  5163.806 	     -0.079
  5164.734 	     -0.117
  5165.662 	     -0.109
  5166.590 	     -0.069
  5167.518 	      0.001
  5168.447 	     -0.012
  5169.375 	     -0.068
  5170.304 	     -0.051
  5171.233 	      0.006
  5172.162 	     -0.013
  5173.091 	     -0.040
  5174.021 	      0.024
  5174.950 	     -0.056
  5175.880 	     -0.076
  5176.810 	     -0.020
  5177.740 	     -0.031
  5178.670 	     -0.000
  5179.601 	     -0.018
  5180.531 	     -0.058
  5181.462 	     -0.052
  5182.393 	     -0.043
  5183.324 	     -0.049
  5184.255 	     -0.019
  5185.187 	      0.001
  5186.118 	     -0.056
  5187.050 	     -0.032
  5187.982 	     -0.017
  5188.914 	      0.021
  5189.846 	      0.018
  5190.779 	      0.022
  5191.712 	      0.034
  5192.644 	      0.048
  5193.577 	      0.057
  5194.510 	      0.058
  5195.444 	      0.055
  5196.377 	      0.055
  5197.311 	      0.058
  5198.244 	      0.058
  5199.178 	      0.055
  5200.112 	      0.053
  5201.047 	      0.056
  5201.981 	      0.057
  5202.916 	      0.056
  5203.851 	      0.053
  5204.786 	      0.052
  5205.721 	      0.054
  5206.656 	      0.058
  5207.591 	      0.060
  5208.527 	      0.058
  5209.463 	      0.050
  5210.399 	      0.037
  5211.335 	      0.022
  5212.271 	      0.010
  5213.208 	      0.002
  5214.144 	     -0.001
  5215.081 	      0.000
  5216.018 	      0.006
  5216.955 	      0.015
  5217.892 	      0.027
  5218.830 	      0.045
  5219.768 	      0.073
  5220.705 	      0.113
  5221.643 	      0.156
  5222.582 	      0.182
  5223.520 	      0.182
  5224.458 	      0.165
  5225.397 	      0.152
  5226.336 	      0.158
  5227.275 	      0.171
  5228.214 	      0.167
  5229.153 	      0.136
  5230.093 	      0.092
  5231.032 	      0.055
  5231.972 	      0.034
  5232.912 	      0.025
  5233.852 	      0.024
  5234.793 	      0.033
  5235.733 	      0.035
  5236.674 	      0.023
  5237.615 	      0.028
  5238.556 	      0.067
  5239.497 	      0.080
  5240.438 	      0.041
  5241.380 	      0.030
  5242.322 	      0.049
  5243.263 	      0.007
  5244.205 	     -0.037
  5245.148 	     -0.003
  5246.090 	      0.026
  5247.033 	      0.029
  5247.975 	      0.050
  5248.918 	      0.093
  5249.861 	      0.113
  5250.804 	      0.120
  5251.748 	      0.140
  5252.691 	      0.121
  5253.635 	      0.131
  5254.579 	      0.143
  5255.523 	      0.063
  5256.467 	      0.053
  5257.412 	      0.068
  5258.356 	      0.016
  5259.301 	      0.001
  5260.246 	      0.020
  5261.191 	      0.035
  5262.136 	      0.064
  5263.082 	      0.097
  5264.027 	      0.077
  5264.973 	      0.037
  5265.919 	      0.031
  5266.865 	      0.029
  5267.811 	      0.028
  5268.758 	      0.038
  5269.704 	      0.040
  5270.651 	      0.053
  5271.598 	      0.023
  5272.545 	      0.014
  5273.493 	      0.060
  5274.440 	      0.008
  5275.388 	     -0.041
  5276.335 	      0.023
  5277.283 	     -0.017
  5278.232 	     -0.028
  5279.180 	     -0.053
  5280.128 	     -0.050
  5281.077 	      0.017
  5282.026 	      0.081
  5282.975 	      0.118
  5283.924 	      0.105
  5284.873 	      0.070
  5285.823 	      0.050
  5286.773 	     -0.014
  5287.722 	     -0.072
  5288.672 	     -0.005
  5289.623 	      0.032
  5290.573 	     -0.016
  5291.523 	     -0.025
  5292.474 	      0.002
  5293.425 	      0.047
  5294.376 	     -0.030
  5295.327 	     -0.024
  5296.279 	     -0.022
  5297.230 	     -0.031
  5298.182 	     -0.019
  5299.134 	     -0.034
  5300.086 	     -0.032
  5301.038 	     -0.064
  5301.991 	     -0.010
  5302.943 	     -0.007
  5303.896 	      0.001
  5304.849 	      0.112
  5305.802 	     -0.007
  5306.755 	     -0.021
  5307.709 	      0.032
  5308.662 	     -0.003
  5309.616 	     -0.048
  5310.570 	     -0.047
  5311.524 	      0.010
  5312.478 	      0.049
  5313.433 	      0.025
  5314.388 	     -0.033
  5315.342 	     -0.066
  5316.297 	     -0.061
  5317.252 	     -0.048
  5318.208 	     -0.037
  5319.163 	     -0.028
  5320.119 	     -0.008
  5321.075 	      0.029
  5322.031 	      0.042
  5322.987 	      0.005
  5323.943 	     -0.018
  5324.900 	      0.032
  5325.857 	      0.083
  5326.813 	      0.048
  5327.770 	      0.063
  5328.728 	      0.026
  5329.685 	     -0.009
  5330.643 	     -0.032
  5331.600 	      0.029
  5332.558 	      0.018
  5333.516 	     -0.048
  5334.475 	     -0.064
  5335.433 	     -0.038
  5336.392 	     -0.002
  5337.350 	     -0.016
  5338.309 	     -0.068
  5339.268 	     -0.039
  5340.228 	      0.011
  5341.187 	     -0.103
  5342.147 	     -0.018
  5343.107 	     -0.019
  5344.067 	     -0.005
  5345.027 	     -0.010
  5345.987 	      0.006
  5346.947 	      0.025
  5347.908 	      0.005
  5348.869 	      0.048
  5349.830 	      0.007
  5350.791 	      0.009
  5351.752 	      0.022
  5352.714 	      0.049
  5353.676 	      0.013
  5354.638 	     -0.037
  5355.600 	     -0.042
  5356.562 	     -0.041
  5357.524 	     -0.004
  5358.487 	      0.017
  5359.449 	     -0.021
  5360.412 	     -0.056
  5361.375 	     -0.023
  5362.339 	      0.043
  5363.302 	      0.001
  5364.266 	     -0.054
  5365.230 	      0.020
  5366.193 	      0.015
  5367.158 	      0.030
  5368.122 	     -0.020
  5369.086 	     -0.061
  5370.051 	     -0.007
  5371.016 	     -0.021
  5371.981 	     -0.010
  5372.946 	     -0.030
  5373.911 	     -0.007
  5374.877 	      0.016
  5375.842 	      0.020
  5376.808 	     -0.008
  5377.774 	      0.004
  5378.741 	      0.060
  5398.101 	      0.051
  5399.071 	      0.030
  5400.041 	     -0.015
  5401.011 	     -0.039
  5401.981 	      0.020
  5402.952 	      0.023
  5403.923 	     -0.063
  5404.894 	     -0.064
  5405.865 	      0.012
  5406.836 	      0.042
  5407.807 	      0.052
  5408.779 	      0.049
  5409.751 	      0.021
  5410.723 	      0.007
  5411.695 	      0.040
  5412.667 	      0.017
  5413.639 	      0.014
  5414.612 	     -0.026
  5415.585 	     -0.038
  5416.558 	     -0.074
  5417.531 	     -0.002
  5418.504 	     -0.046
  5419.478 	     -0.069
  5420.452 	     -0.045
  5421.426 	     -0.065
  5422.400 	     -0.057
  5423.374 	     -0.030
  5424.348 	     -0.045
  5425.323 	     -0.032
  5426.297 	     -0.003
  5427.272 	     -0.005
  5428.247 	      0.017
  5429.223 	      0.010
  5430.198 	     -0.035
  5431.174 	     -0.047
  5432.150 	     -0.063
  5433.126 	     -0.077
  5434.102 	     -0.048
  5435.078 	     -0.028
  5436.055 	     -0.027
  5437.031 	     -0.047
  5438.008 	     -0.033
  5438.985 	      0.011
  5439.962 	      0.001
  5440.940 	      0.003
  5441.917 	      0.038
  5442.895 	      0.002
  5443.873 	     -0.017
  5444.851 	     -0.016
  5445.829 	     -0.041
  5446.808 	      0.004
  5447.786 	     -0.014
  5448.765 	      0.023
  5449.744 	      0.029
  5450.723 	     -0.002
  5451.702 	      0.015
  5452.682 	     -0.045
  5453.661 	     -0.009
  5454.641 	     -0.014
  5455.621 	     -0.034
  5456.601 	     -0.035
  5457.582 	     -0.050
  5458.562 	     -0.060
  5459.543 	     -0.021
  5460.524 	     -0.017
  5461.505 	     -0.055
  5462.486 	     -0.053
  5463.468 	     -0.008
  5464.449 	     -0.000
  5465.431 	     -0.031
  5466.413 	     -0.006
  5467.395 	      0.056
  5468.377 	      0.067
  5469.360 	      0.044
  5470.343 	      0.022
  5471.325 	      0.009
  5472.308 	     -0.011
  5473.292 	     -0.006
  5474.275 	     -0.001
  5475.258 	     -0.023
  5476.242 	     -0.006
  5477.226 	      0.023
  5478.210 	      0.033
  5479.194 	      0.016
  5480.179 	      0.043
  5481.163 	      0.047
  5482.148 	     -0.005
  5483.133 	     -0.034
  5484.118 	     -0.031
  5485.104 	      0.008
  5486.089 	      0.061
  5487.075 	      0.076
  5488.060 	      0.030
  5489.047 	      0.001
  5490.033 	     -0.021
  5491.019 	     -0.015
  5492.006 	     -0.030
  5492.992 	     -0.021
  5493.979 	     -0.001
  5494.966 	      0.062
  5495.954 	      0.038
  5496.941 	     -0.027
  5497.929 	     -0.055
  5498.916 	     -0.057
  5499.904 	     -0.048
  5500.892 	     -0.022
  5501.881 	      0.002
  5502.869 	      0.027
  5503.858 	      0.019
  5504.847 	     -0.006
  5505.836 	     -0.010
  5506.825 	     -0.014
  5507.814 	     -0.014
  5508.804 	     -0.010
  5509.794 	     -0.011
  5510.784 	      0.008
  5511.774 	      0.034
  5512.764 	      0.048
  5513.754 	      0.034
  5514.745 	      0.037
  5515.736 	      0.069
  5516.727 	      0.040
  5517.718 	      0.024
  5518.709 	      0.049
  5519.701 	      0.046
  5520.693 	      0.036
  5521.684 	     -0.013
  5522.677 	     -0.019
  5523.669 	     -0.003
  5524.661 	     -0.003
  5525.654 	      0.005
  5526.647 	      0.006
  5527.639 	      0.005
  5528.633 	      0.048
  5529.626 	      0.010
  5530.619 	     -0.036
  5531.613 	     -0.015
  5532.607 	     -0.022
  5533.601 	     -0.042
  5534.595 	     -0.019
  5535.589 	      0.044
  5536.584 	      0.048
  5537.579 	      0.031
  5538.574 	      0.005
  5539.569 	      0.023
  5540.564 	      0.028
  5541.559 	      0.006
  5542.555 	     -0.038
  5543.551 	     -0.006
  5544.547 	      0.019
  5545.543 	      0.040
  5546.539 	      0.006
  5547.536 	     -0.042
  5548.533 	     -0.005
  5549.529 	      0.065
  5550.527 	      0.013
  5551.524 	     -0.037
  5552.521 	     -0.002
  5553.519 	      0.073
  5554.517 	      0.062
  5555.514 	      0.076
  5556.513 	      0.063
  5557.511 	      0.074
  5558.509 	      0.054
  5559.508 	      0.032
  5560.507 	      0.027
  5561.506 	      0.037
  5562.505 	     -0.008
  5563.505 	     -0.034
  5564.504 	     -0.004
  5565.504 	      0.021
  5566.504 	      0.010
  5567.504 	      0.020
  5568.504 	     -0.013
  5569.505 	     -0.013
  5570.505 	      0.029
  5571.506 	      0.064
  5572.507 	      0.041
  5573.508 	      0.066
  5574.510 	     -0.024
  5575.511 	     -0.100
  5576.513 	     -0.027
  5577.515 	     -0.097
  5578.517 	     -0.063
  5579.519 	     -0.003
  5580.522 	     -0.028
  5581.524 	     -0.008
  5582.527 	      0.024
  5583.530 	      0.034
  5584.533 	      0.009
  5585.537 	     -0.017
  5586.540 	      0.001
  5587.544 	      0.022
  5588.548 	      0.014
  5589.552 	      0.037
  5590.556 	      0.051
  5591.560 	      0.007
  5592.565 	     -0.003
  5593.570 	      0.063
  5594.575 	      0.058
  5595.580 	      0.025
  5596.585 	     -0.003
  5597.591 	     -0.023
  5598.596 	     -0.030
  5599.602 	     -0.016
  5600.608 	      0.004
  5601.615 	      0.011
  5602.621 	      0.017
  5603.628 	     -0.000
  5604.634 	     -0.042
  5605.641 	     -0.043
  5606.649 	     -0.019
  5607.656 	     -0.004
  5608.663 	     -0.026
  5609.671 	     -0.056
  5610.679 	     -0.064
  5611.687 	     -0.021
  5612.695 	     -0.008
  5613.704 	     -0.016
  5614.712 	     -0.028
  5615.721 	     -0.044
  5616.730 	     -0.022
  5617.739 	     -0.048
  5618.748 	     -0.039
  5619.758 	      0.039
  5620.767 	      0.050
  5621.777 	      0.061
  5622.787 	      0.079
  5623.798 	      0.026
  5624.808 	      0.022
  5625.819 	      0.043
  5626.829 	      0.003
  5627.840 	     -0.052
  5628.851 	     -0.048
  5629.863 	     -0.041
  5630.874 	     -0.010
  5631.886 	     -0.006
  5632.898 	     -0.028
  5633.910 	      0.001
  5634.922 	      0.039
  5635.934 	     -0.003
  5636.947 	     -0.038
  5637.960 	     -0.056
  5638.973 	     -0.059
  5639.986 	     -0.046
  5640.999 	     -0.061
  5642.013 	     -0.051
  5643.026 	     -0.066
  5644.040 	     -0.053
  5645.054 	     -0.009
  5646.068 	      0.010
  5647.083 	     -0.009
  5648.097 	     -0.001
  5649.112 	     -0.013
  5650.127 	      0.009
  5651.142 	     -0.030
  5652.157 	     -0.090
  5653.173 	     -0.102
  5654.189 	     -0.082
  5655.205 	     -0.075
  5656.221 	     -0.074
  5657.237 	     -0.024
  5658.253 	     -0.031
  5659.270 	     -0.003
  5660.287 	     -0.059
  5661.304 	     -0.054
  5662.321 	     -0.058
  5663.338 	     -0.028
  5664.355 	     -0.041
  5665.373 	     -0.087
  5666.391 	     -0.082
  5667.409 	     -0.016
  5668.427 	     -0.016
  5669.446 	     -0.074
  5670.464 	     -0.112
  5671.483 	     -0.073
  5672.502 	     -0.103
  5673.521 	     -0.050
  5674.541 	     -0.012
  5675.560 	     -0.023
  5676.580 	     -0.010
  5677.600 	     -0.036
  5678.620 	     -0.075
  5679.640 	     -0.060
  5680.660 	     -0.076
  5681.681 	     -0.067
  5682.702 	     -0.041
  5683.723 	     -0.069
  5684.744 	     -0.066
  5685.765 	     -0.093
  5686.787 	     -0.091
  5687.809 	     -0.071
  5688.830 	     -0.088
  5689.853 	     -0.096
  5690.875 	     -0.090
  5691.897 	     -0.072
  5692.920 	     -0.120
  5693.943 	     -0.136
  5694.966 	     -0.152
  5695.989 	     -0.101
  5697.012 	     -0.055
  5698.036 	     -0.056
  5699.060 	     -0.059
  5700.084 	     -0.035
  5701.108 	     -0.072
  5702.132 	     -0.104
  5711.359 	     -0.173
  5712.385 	     -0.173
  5713.411 	     -0.165
  5714.438 	     -0.147
  5715.464 	     -0.130
  5716.491 	     -0.078
  5717.518 	     -0.135
  5718.546 	     -0.159
  5719.573 	     -0.106
  5720.601 	     -0.144
  5721.628 	     -0.101
  5722.656 	     -0.140
  5723.685 	     -0.124
  5724.713 	     -0.176
  5725.741 	     -0.142
  5726.770 	     -0.176
  5727.799 	     -0.199
  5728.828 	     -0.151
  5729.857 	     -0.156
  5730.887 	     -0.160
  5731.916 	     -0.162
  5732.946 	     -0.179
  5733.976 	     -0.213
  5735.007 	     -0.210
  5736.037 	     -0.206
  5737.067 	     -0.178
  5738.098 	     -0.181
  5739.129 	     -0.120
  5740.160 	     -0.135
  5741.192 	     -0.163
  5742.223 	     -0.142
  5743.255 	     -0.166
  5744.287 	     -0.208
  5745.319 	     -0.180
  5746.351 	     -0.153
  5747.383 	     -0.152
  5748.416 	     -0.126
  5749.449 	     -0.138
  5750.482 	     -0.192
  5751.515 	     -0.199
  5752.548 	     -0.196
  5753.582 	     -0.175
  5754.615 	     -0.194
  5755.649 	     -0.210
  5756.683 	     -0.201
  5757.718 	     -0.198
  5758.752 	     -0.198
  5759.787 	     -0.169
  5760.822 	     -0.165
  5761.857 	     -0.168
  5762.892 	     -0.131
  5763.927 	     -0.201
  5764.963 	     -0.186
  5765.999 	     -0.196
  5767.035 	     -0.182
  5768.071 	     -0.128
  5769.107 	     -0.166
  5770.143 	     -0.121
  5771.180 	     -0.186
  5772.217 	     -0.143
  5773.254 	     -0.187
  5774.291 	     -0.140
  5775.329 	     -0.199
  5776.366 	     -0.174
  5777.404 	     -0.206
  5778.442 	     -0.182
  5779.480 	     -0.185
  5780.519 	     -0.191
  5781.557 	     -0.203
  5782.596 	     -0.204
  5783.635 	     -0.176
  5784.674 	     -0.193
  5785.713 	     -0.208
  5786.753 	     -0.209
  5787.793 	     -0.202
  5788.832 	     -0.204
  5789.873 	     -0.173
  5790.913 	     -0.167
  5791.953 	     -0.233
  5792.994 	     -0.187
  5794.035 	     -0.165
  5795.076 	     -0.199
  5796.117 	     -0.210
  5797.158 	     -0.146
  5798.200 	     -0.184
  5799.241 	     -0.231
  5800.283 	     -0.228
  5801.325 	     -0.115
  5802.368 	     -0.144
  5803.410 	     -0.163
  5804.453 	     -0.151
  5805.496 	     -0.176
  5806.539 	     -0.179
  5807.582 	     -0.167
  5808.625 	     -0.162
  5809.669 	     -0.191
  5810.713 	     -0.189
  5811.757 	     -0.175
  5812.801 	     -0.186
  5813.845 	     -0.216
  5814.890 	     -0.154
  5815.935 	     -0.146
  5816.980 	     -0.154
  5818.025 	     -0.148
  5819.070 	     -0.140
  5820.115 	     -0.136
  5821.161 	     -0.190
  5822.207 	     -0.178
  5823.253 	     -0.153
  5824.299 	     -0.139
  5825.346 	     -0.191
  5826.392 	     -0.160
  5827.439 	     -0.139
  5828.486 	     -0.173
  5829.533 	     -0.192
  5830.581 	     -0.204
  5831.628 	     -0.182
  5832.676 	     -0.181
  5833.724 	     -0.139
  5834.772 	     -0.140
  5835.820 	     -0.142
  5836.869 	     -0.173
  5837.917 	     -0.137
  5838.966 	     -0.149
  5840.015 	     -0.200
  5841.065 	     -0.189
  5842.114 	     -0.172
  5843.164 	     -0.197
  5844.213 	     -0.160
  5845.263 	     -0.133
  5846.314 	     -0.139
  5847.364 	     -0.134
  5848.415 	     -0.118
  5849.465 	     -0.142
  5850.516 	     -0.149
  5851.567 	     -0.140
  5852.619 	     -0.150
  5853.670 	     -0.141
  5854.722 	     -0.155
  5855.774 	     -0.193
  5856.826 	     -0.155
  5857.878 	     -0.151
  5858.931 	     -0.161
  5859.983 	     -0.173
  5861.036 	     -0.179
  5862.089 	     -0.212
  5863.142 	     -0.221
  5864.196 	     -0.197
  5865.249 	     -0.207
  5866.303 	     -0.148
  5867.357 	     -0.058
  5868.411 	     -0.052
  5869.466 	     -0.035
  5870.520 	      0.006
  5871.575 	     -0.047
  5872.630 	     -0.113
  5873.685 	     -0.155
  5874.740 	     -0.158
  5875.796 	     -0.155
  5876.851 	     -0.153
  5877.907 	     -0.143
  5878.963 	     -0.155
  5880.019 	     -0.202
  5881.076 	     -0.182
  5882.133 	     -0.130
  5883.189 	     -0.116
  5884.246 	     -0.139
  5885.304 	     -0.128
  5886.361 	     -0.111
  5887.419 	     -0.133
  5888.476 	     -0.144
  5889.534 	     -0.143
  5890.592 	     -0.189
  5891.651 	     -0.174
  5892.709 	     -0.135
  5893.768 	     -0.156
  5894.827 	     -0.144
  5895.886 	     -0.124
  5896.945 	     -0.176
  5898.005 	     -0.153
  5899.064 	     -0.165
  5900.124 	     -0.189
  5901.184 	     -0.116
  5902.245 	     -0.136
  5903.305 	     -0.186
  5904.366 	     -0.165
  5905.426 	     -0.126
  5906.487 	     -0.144
  5907.549 	     -0.130
  5908.610 	     -0.137
  5909.671 	     -0.165
  5910.733 	     -0.136
  5911.795 	     -0.122
  5912.857 	     -0.125
  5913.920 	     -0.140
  5914.982 	     -0.148
  5916.045 	     -0.146
  5917.108 	     -0.176
  5918.171 	     -0.140
  5919.234 	     -0.100
  5920.298 	     -0.099
  5921.361 	     -0.151
  5922.425 	     -0.141
  5923.489 	     -0.123
  5924.554 	     -0.127
  5925.618 	     -0.135
  5926.683 	     -0.138
  5927.747 	     -0.084
  5928.812 	     -0.030
  5929.878 	     -0.013
  5930.943 	     -0.004
  5932.009 	     -0.047
  5933.074 	     -0.095
  5934.140 	     -0.123
  5935.206 	     -0.067
  5936.273 	     -0.054
  5937.339 	      0.039
  5938.406 	     -0.007
  5939.473 	     -0.059
  5940.540 	     -0.110
  5941.607 	     -0.124
  5942.675 	     -0.121
  5943.743 	     -0.109
  5944.811 	     -0.062
  5945.879 	     -0.064
  5946.947 	     -0.096
  5948.015 	     -0.104
  5949.084 	     -0.192
  5950.153 	     -0.222
  5951.222 	     -0.131
  5952.291 	     -0.049
  5953.360 	     -0.095
  5954.430 	     -0.084
  5955.500 	     -0.084
  5956.570 	     -0.129
  5957.640 	     -0.083
  5958.710 	     -0.042
  5959.781 	     -0.026
  5960.852 	     -0.057
  5961.923 	     -0.017
  5962.994 	      0.019
  5964.065 	     -0.044
  5965.137 	     -0.094
  5966.209 	     -0.082
  5967.280 	     -0.077
  5968.353 	     -0.118
  5969.425 	     -0.064
  5970.497 	     -0.093
  5971.570 	     -0.052
  5972.643 	     -0.015
  5973.716 	     -0.062
  5974.789 	     -0.023
  5975.863 	     -0.039
  5976.936 	     -0.048
  5978.010 	     -0.083
  5979.084 	     -0.071
  5980.158 	     -0.037
  5981.233 	     -0.037
  5982.308 	     -0.014
  5983.382 	      0.007
  5984.457 	     -0.007
  5985.533 	     -0.029
  5986.608 	     -0.003
  5987.684 	     -0.007
  5988.759 	     -0.024
  5989.835 	     -0.043
  5990.911 	     -0.013
  5991.988 	     -0.052
  5993.064 	     -0.043
  5994.141 	     -0.036
  5995.218 	     -0.029
  5996.295 	     -0.024
  5997.372 	     -0.037
  5998.450 	     -0.055
  5999.528 	     -0.117
  6000.606 	     -0.101
  6001.684 	     -0.081
  6002.762 	     -0.070
  6003.840 	     -0.045
  6004.919 	     -0.005
  6005.998 	     -0.039
  6007.077 	     -0.074
  6008.156 	     -0.036
  6009.236 	     -0.049
  6010.315 	     -0.059
  6011.395 	     -0.062
  6012.475 	     -0.105
  6013.556 	     -0.067
  6014.636 	     -0.067
  6015.717 	     -0.022
  6016.797 	      0.019
  6017.878 	     -0.011
  6018.960 	     -0.053
  6020.041 	     -0.056
  6021.123 	      0.010
  6022.204 	      0.002
  6023.286 	     -0.049
  6024.369 	     -0.068
  6025.451 	     -0.058
  6026.534 	     -0.051
  6027.616 	     -0.020
  6028.699 	      0.027
  6029.782 	     -0.004
  6030.866 	     -0.057
  6031.949 	     -0.081
  6033.033 	     -0.067
  6034.117 	     -0.054
  6035.201 	     -0.041
  6036.285 	     -0.064
  6037.370 	     -0.092
  6038.455 	     -0.080
  6039.539 	     -0.049
  6040.625 	     -0.046
  6041.710 	     -0.029
  6042.795 	     -0.029
  6043.881 	     -0.090
  6044.967 	     -0.071
  6046.053 	      0.023
  6047.139 	      0.019
  6048.226 	      0.018
  6049.312 	      0.005
  6050.399 	     -0.089
  6051.486 	     -0.094
  6052.573 	     -0.072
  6053.661 	     -0.077
  6054.749 	     -0.068
  6055.836 	     -0.035
  6056.924 	     -0.019
  6058.013 	     -0.027
  6059.101 	      0.023
  6060.190 	     -0.017
  6061.278 	      0.007
  6062.367 	     -0.026
  6063.457 	     -0.054
  6064.546 	      0.015
  6065.636 	      0.025
  6066.725 	     -0.016
  6067.815 	     -0.027
  6068.906 	     -0.002
  6069.996 	     -0.021
  6071.086 	     -0.009
  6072.177 	     -0.039
  6073.268 	     -0.068
  6074.359 	      0.010
  6075.451 	      0.006
  6076.542 	     -0.013
  6077.634 	      0.038
  6078.726 	      0.008
  6079.818 	     -0.001
  6080.910 	     -0.005
  6082.003 	     -0.009
  6083.096 	      0.023
  6084.189 	      0.007
  6085.282 	      0.044
  6086.375 	      0.033
  6087.468 	      0.020
  6088.562 	      0.083
  6149.020 	      0.019
  6150.124 	      0.036
  6151.229 	      0.054
  6152.334 	      0.055
  6153.440 	      0.041
  6154.545 	      0.073
  6155.651 	      0.092
  6156.757 	      0.060
  6157.863 	      0.118
  6158.970 	      0.129
  6160.076 	      0.096
  6161.183 	      0.087
  6162.290 	      0.042
  6163.397 	      0.014
  6164.504 	      0.062
  6165.612 	      0.077
  6166.720 	      0.078
  6167.828 	      0.092
  6168.936 	      0.032
  6170.044 	      0.047
  6171.153 	      0.114
  6172.261 	      0.131
  6173.370 	      0.109
  6174.479 	      0.078
  6175.589 	      0.089
  6176.698 	      0.057
  6177.808 	      0.085
  6178.918 	      0.112
  6180.028 	      0.089
  6181.138 	      0.125
  6182.249 	      0.092
  6183.360 	      0.101
  6184.471 	      0.087
  6185.582 	      0.065
  6186.693 	      0.089
  6187.805 	      0.097
  6188.916 	      0.116
  6190.028 	      0.115
  6191.140 	      0.050
  6192.253 	      0.101
  6193.365 	      0.129
  6194.478 	      0.103
  6195.591 	      0.052
  6196.704 	      0.082
  6197.817 	      0.130
  6198.931 	      0.071
  6200.045 	      0.062
  6201.159 	      0.057
  6202.273 	      0.066
  6203.387 	      0.081
  6204.502 	      0.093
  6205.616 	      0.078
  6206.731 	      0.071
  6207.846 	      0.090
  6208.962 	      0.048
  6210.077 	      0.056
  6211.193 	      0.026
  6212.309 	      0.066
  6213.425 	      0.065
  6214.541 	      0.096
  6215.658 	      0.088
  6216.775 	      0.060
  6217.892 	      0.036
  6219.009 	      0.083
  6220.126 	      0.111
  6221.244 	      0.105
  6222.361 	      0.121
  6223.479 	      0.084
  6224.597 	      0.073
  6225.716 	      0.023
  6226.834 	      0.054
  6227.953 	      0.101
  6229.072 	      0.072
  6230.191 	      0.059
  6231.310 	      0.099
  6232.430 	      0.011
  6233.550 	      0.095
  6234.670 	      0.039
  6235.790 	      0.139
  6236.910 	      0.152
  6238.031 	      0.171
  6239.152 	      0.132
  6240.272 	      0.071
  6241.394 	      0.065
  6242.515 	      0.113
  6243.637 	      0.128
  6244.758 	      0.062
  6245.880 	      0.094
  6247.002 	      0.136
  6248.125 	      0.129
  6249.247 	      0.149
  6250.370 	      0.139
  6251.493 	      0.098
  6252.616 	      0.099
  6253.740 	      0.106
  6254.863 	      0.104
  6255.987 	      0.116
  6257.111 	      0.126
  6258.235 	      0.123
  6259.360 	      0.105
  6260.484 	      0.085
  6261.609 	      0.073
  6262.734 	      0.070
  6263.859 	      0.074
  6264.985 	      0.086
  6266.110 	      0.093
  6267.236 	      0.088
  6268.362 	      0.077
  6269.488 	      0.067
  6270.615 	      0.064
  6271.741 	      0.064
  6272.868 	      0.063
  6273.995 	      0.063
  6275.122 	      0.066
  6276.250 	      0.071
  6277.377 	      0.080
  6278.505 	      0.095
  6279.633 	      0.114
  6280.761 	      0.126
  6281.890 	      0.127
  6283.018 	      0.119
  6284.147 	      0.111
  6285.276 	      0.113
  6286.406 	      0.115
  6287.535 	      0.113
  6288.665 	      0.105
  6289.795 	      0.100
  6290.925 	      0.097
  6292.055 	      0.094
  6293.185 	      0.093
  6294.316 	      0.099
  6295.447 	      0.114
  6296.578 	      0.132
  6297.709 	      0.140
  6298.841 	      0.129
  6299.972 	      0.107
  6301.104 	      0.097
  6302.236 	      0.060
  6303.369 	      0.002
  6304.501 	      0.017
  6305.634 	      0.059
  6306.767 	      0.087
  6307.900 	      0.129
  6309.033 	      0.056
  6310.167 	      0.017
  6311.300 	      0.064
  6312.434 	      0.069
  6313.568 	      0.102
  6314.703 	      0.126
  6315.837 	      0.073
  6316.972 	      0.150
  6318.107 	      0.183
  6319.242 	      0.160
  6320.377 	      0.125
  6321.513 	      0.078
  6322.649 	      0.086
  6323.785 	      0.168
  6324.921 	      0.203
  6332.880 	     -0.079
  6334.017 	     -0.006
  6335.155 	      0.112
  6336.294 	      0.125
  6337.432 	      0.118
  6338.571 	      0.066
  6339.710 	      0.082
  6340.849 	      0.135
  6341.988 	      0.164
  6343.127 	      0.116
  6344.267 	      0.073
  6345.407 	      0.036
  6346.547 	      0.017
  6347.687 	      0.036
  6348.827 	      0.049
  6349.968 	      0.051
  6351.109 	      0.044
  6352.250 	      0.031
  6353.391 	      0.093
  6354.533 	      0.121
  6355.674 	      0.093
  6356.816 	      0.098
  6357.958 	      0.128
  6359.101 	      0.126
  6360.243 	      0.093
  6361.386 	      0.126
  6362.529 	      0.173
  6363.672 	      0.175
  6364.815 	      0.210
  6365.959 	      0.283
  6367.103 	      0.367
  6368.247 	      0.356
  6369.391 	      0.283
  6370.535 	      0.156
  6371.680 	      0.137
  6372.824 	      0.145
  6373.969 	      0.087
  6375.115 	      0.066
  6376.260 	      0.105
  6377.406 	      0.110
  6378.551 	      0.115
  6379.697 	      0.088
  6380.844 	      0.093
  6381.990 	      0.087
  6383.137 	      0.095
  6384.283 	      0.098
  6385.430 	      0.061
  6386.578 	      0.154
  6387.725 	      0.130
  6388.873 	      0.127
  6390.021 	      0.098
  6391.169 	      0.077
  6392.317 	      0.058
  6393.465 	      0.056
  6394.614 	      0.120
  6395.763 	      0.153
  6396.912 	      0.086
  6398.061 	      0.122
  6399.211 	      0.136
  6400.361 	      0.118
  6401.511 	      0.116
  6402.661 	      0.112
  6403.811 	      0.099
  6404.962 	      0.107
  6406.112 	      0.081
  6407.263 	      0.069
  6408.414 	      0.067
  6409.566 	      0.002
  6410.717 	     -0.030
  6411.869 	      0.038
  6413.021 	      0.086
  6414.173 	      0.098
  6415.326 	      0.106
  6416.478 	      0.116
  6417.631 	      0.092
  6418.784 	      0.045
  6419.937 	      0.044
  6421.091 	      0.056
  6422.245 	      0.082
  6423.398 	      0.113
  6424.552 	      0.094
  6425.707 	      0.076
  6426.861 	      0.091
  6428.016 	      0.073
  6429.171 	      0.155
  6430.326 	      0.168
  6431.481 	      0.143
  6432.637 	      0.149
  6433.792 	      0.121
  6434.948 	      0.100
  6436.104 	      0.064
  6437.261 	      0.064
  6438.417 	      0.057
  6439.574 	      0.032
  6440.731 	     -0.003
  6441.888 	     -0.003
  6443.046 	      0.012
  6444.203 	     -0.002
  6445.361 	      0.022
  6446.519 	      0.036
  6447.677 	      0.010
  6448.836 	      0.024
  6449.994 	      0.049
  6451.153 	      0.063
  6452.312 	      0.044
  6453.471 	      0.035
  6454.631 	      0.055
  6455.791 	      0.105
  6456.950 	      0.029
  6458.111 	      0.005
  6459.271 	      0.012
  6460.431 	      0.052
  6461.592 	      0.056
  6462.753 	      0.088
  6463.914 	      0.062
  6465.075 	      0.057
  6466.237 	      0.034
  6467.399 	      0.011
  6468.561 	      0.011
  6469.723 	     -0.000
  6470.885 	      0.028
  6472.048 	      0.056
  6473.211 	      0.038
  6474.374 	      0.013
  6475.537 	     -0.007
  6476.700 	     -0.007
  6477.864 	     -0.009
  6479.028 	      0.048
  6480.192 	      0.062
  6481.356 	      0.036
  6482.521 	      0.006
  6483.685 	     -0.000
  6484.850 	      0.008
  6486.015 	     -0.043
  6487.181 	     -0.002
  6488.346 	      0.065
  6489.512 	      0.044
  6490.678 	      0.015
  6491.844 	     -0.033
  6493.010 	      0.022
  6494.177 	      0.043
  6495.344 	      0.041
  6496.511 	      0.072
  6497.678 	      0.079
  6498.845 	      0.093
  6500.013 	      0.073
  6501.181 	      0.112
  6502.349 	      0.090
  6503.517 	      0.003
  6504.685 	     -0.005
  6505.854 	      0.037
  6507.023 	      0.013
  6508.192 	      0.035
  6509.361 	      0.054
  6510.531 	      0.007
  6511.700 	      0.023
  6512.870 	      0.036
  6514.041 	     -0.005
  6515.211 	     -0.055
  6516.381 	     -0.045
  6517.552 	     -0.028
  6518.723 	     -0.055
  6519.894 	     -0.027
  6521.066 	     -0.020
  6522.237 	     -0.025
  6523.409 	     -0.024
  6524.581 	     -0.034
  6525.753 	      0.017
  6526.926 	      0.035
  6528.099 	     -0.027
  6529.271 	     -0.007
  6530.445 	      0.119
  6531.618 	      0.181
  6532.791 	      0.077
  6533.965 	      0.031
  6535.139 	      0.021
  6536.313 	     -0.019
  6537.487 	     -0.010
  6538.662 	      0.027
  6539.837 	      0.040
  6541.012 	      0.064
  6542.187 	      0.075
  6543.362 	      0.107
  6544.538 	      0.095
  6545.714 	      0.061
  6546.890 	      0.071
  6548.066 	      0.033
  6549.243 	      0.037
  6550.419 	      0.107
  6551.596 	      0.101
  6552.773 	      0.071
  6553.950 	      0.073
  6555.128 	      0.074
  6556.306 	      0.003
  6557.484 	     -0.020
  6558.662 	     -0.013
  6559.840 	     -0.025
  6561.019 	      0.005
  6562.198 	      0.014
  6563.377 	      0.004
  6564.556 	     -0.036
  6565.735 	     -0.057
  6566.915 	     -0.069
  6568.095 	     -0.084
  6569.275 	     -0.094
  6570.455 	     -0.105
  6571.635 	     -0.112
  6572.816 	     -0.115
  6573.997 	     -0.112
  6575.178 	     -0.108
  6576.359 	     -0.100
  6577.541 	     -0.090
  6578.723 	     -0.083
  6579.905 	     -0.080
  6581.087 	     -0.076
  6582.269 	     -0.068
  6583.452 	     -0.056
  6584.635 	     -0.040
  6585.818 	     -0.024
  6587.001 	     -0.011
  6588.184 	     -0.005
  6589.368 	      0.019
  6590.552 	      0.064
  6591.736 	      0.069
  6592.920 	      0.059
  6594.105 	      0.069
  6595.290 	      0.072
  6596.475 	      0.049
  6597.660 	      0.044
  6598.845 	      0.093
  6600.031 	      0.099
  6601.216 	      0.122
  6602.402 	      0.100
  6603.589 	      0.064
  6604.775 	      0.056
  6605.962 	      0.060
  6607.149 	      0.068
  6608.336 	      0.076
  6609.523 	      0.093
  6610.710 	      0.086
  6611.898 	      0.059
  6613.086 	      0.059
  6614.274 	      0.160
  6615.463 	      0.450
  6616.651 	      0.835
  6617.840 	      1.013
  6619.029 	      0.790
  6620.218 	      0.465
  6621.408 	      0.165
  6622.597 	      0.058
  6623.787 	      0.081
  6624.977 	      0.118
  6626.167 	      0.117
  6627.358 	      0.258
  6628.549 	      0.369
  6629.740 	      0.980
  6630.931 	      2.971
  6632.122 	      5.416
  6633.314 	      5.796
  6634.505 	      3.831
  6635.697 	      1.676
  6636.890 	      0.567
  6638.082 	      0.272
  6639.275 	      0.180
  6640.467 	      0.202
  6641.660 	      0.238
  6642.854 	      0.220
  6644.047 	      0.199
  6645.241 	      0.185
  6646.435 	      0.149
  6647.629 	      0.187
  6648.823 	      0.291
  6650.018 	      0.484
  6651.213 	      1.121
  6652.408 	      2.277
  6653.603 	      2.911
  6654.798 	      2.378
  6655.994 	      1.241
  6657.190 	      0.396
  6658.386 	      0.113
  6659.582 	      0.093
  6660.779 	      0.094
  6661.975 	      0.100
  6663.172 	      0.081
  6664.369 	      0.072
  6665.567 	      0.079
  6666.764 	      0.084
  6667.962 	      0.093
  6669.160 	      0.081
  6670.358 	      0.104
  6671.557 	      0.096
  6672.755 	      0.063
  6673.954 	      0.052
  6675.153 	      0.055
  6676.353 	      0.075
  6677.552 	      0.070
  6678.752 	      0.082
  6679.952 	      0.073
  6681.152 	      0.067
  6682.352 	      0.079
  6683.553 	      0.140
  6684.754 	      0.123
  6685.955 	      0.046
  6687.156 	      0.040
  6688.357 	      0.062
  6689.559 	      0.080
  6690.761 	      0.041
  6691.963 	      0.014
  6693.165 	      0.007
  6694.368 	      0.050
  6695.571 	      0.042
  6696.774 	      0.013
  6697.977 	      0.022
  6699.180 	      0.047
  6700.384 	      0.018
  6701.588 	      0.038
  6702.792 	      0.040
  6703.996 	      0.066
  6705.200 	      0.107
  6706.405 	      0.047
  6707.610 	      0.040
  6708.815 	      0.072
  6710.020 	      0.038
  6711.226 	      0.017
  6712.432 	      0.051
  6713.638 	      0.075
  6714.844 	      0.109
  6716.050 	      0.096
  6717.257 	      0.095
  6718.464 	      0.088
  6719.671 	      0.085
  6720.878 	      0.065
  6722.086 	      0.028
  6723.293 	      0.015
  6724.501 	      0.038
  6725.710 	      0.088
  6726.918 	      0.073
  6728.127 	      0.009
  6729.335 	      0.013
  6730.544 	     -0.002
  6731.754 	     -0.003
  6732.963 	      0.058
  6734.173 	      0.103
  6735.383 	      0.062
  6736.593 	      0.043
  6737.803 	      0.008
  6739.014 	      0.014
  6740.224 	      0.012
  6741.435 	      0.028
  6742.647 	      0.041
  6743.858 	      0.054
  6745.070 	      0.074
  6746.281 	      0.030
  6747.494 	      0.053
  6748.706 	      0.095
  6749.918 	      0.114
  6751.131 	      0.125
  6752.344 	      0.050
  6753.557 	      0.013
  6754.771 	      0.032
  6755.984 	      0.028
  6757.198 	      0.011
  6758.412 	      0.016
  6759.626 	      0.043
  6760.841 	      0.008
  6762.055 	      0.044
  6763.270 	      0.038
  6764.485 	      0.056
  6765.701 	      0.021
  6766.916 	      0.043
  6768.132 	      0.064
  6769.348 	     -0.011
  6770.564 	     -0.014
  6771.781 	      0.005
  6772.997 	      0.071
  6774.214 	      0.108
  6775.431 	      0.031
  6776.649 	      0.011
  6777.866 	     -0.007
  6779.084 	      0.000
  6780.302 	     -0.003
  6781.520 	      0.027
  6782.738 	      0.081
  6783.957 	      0.114
  6785.176 	      0.312
  6786.395 	      0.778
  6787.614 	      1.120
  6788.834 	      1.061
  6790.053 	      0.636
  6791.273 	      0.240
  6792.494 	      0.050
  6793.714 	      0.020
  6794.935 	      0.035
  6796.155 	      0.019
  6797.376 	      0.015
  6798.598 	      0.094
  6799.819 	      0.318
  6801.041 	      0.658
  6802.263 	      0.876
  6803.485 	      0.762
  6804.707 	      0.430
  6805.930 	      0.161
  6807.153 	      0.036
  6808.376 	      0.016
  6809.599 	      0.078
  6810.822 	      0.054
  6812.046 	      0.038
  6813.270 	      0.033
  6814.494 	      0.026
  6815.718 	      0.029
  6816.943 	      0.051
  6818.168 	      0.050
  6819.392 	      0.147
  6820.618 	      0.091
  6821.843 	      0.093
  6823.069 	      0.055
  6824.295 	      0.046
  6825.521 	      0.047
  6826.747 	     -0.030
  6827.974 	      0.007
  6829.200 	      0.023
  6830.427 	      0.078
  6831.654 	      0.062
  6832.882 	      0.055
  6834.109 	      0.073
  6835.337 	      0.071
  6836.565 	      0.017
  6837.794 	      0.033
  6839.022 	      0.057
  6840.251 	      0.070
  6841.480 	      0.059
  6842.709 	      0.021
  6843.938 	     -0.030
  6845.168 	      0.044
  6846.398 	      0.066
  6847.628 	      0.098
  6848.858 	      0.096
  6850.089 	      0.046
  6851.319 	      0.020
  6852.550 	     -0.006
  6853.782 	      0.034
  6855.013 	      0.039
  6856.245 	      0.038
  6857.476 	      0.045
  6858.708 	      0.042
  6859.941 	      0.013
  6861.173 	      0.019
  6862.406 	      0.002
  6863.639 	      0.037
  6864.872 	      0.027
  6866.105 	     -0.053
  6867.339 	     -0.171
  6868.573 	     -0.250
  6869.807 	     -0.230
  6871.041 	     -0.204
  6872.276 	     -0.204
  6873.510 	     -0.214
  6874.745 	     -0.182
  6875.980 	     -0.179
  6877.216 	     -0.120
  6878.451 	     -0.048
  6879.687 	     -0.028
  6880.923 	     -0.037
  6882.159 	     -0.071
  6883.396 	     -0.035
  6884.633 	     -0.098
  6885.870 	     -0.103
  6887.107 	     -0.052
  6888.344 	     -0.110
  6889.582 	     -0.093
  6890.820 	     -0.101
  6892.058 	     -0.070
  6893.296 	     -0.030
  6894.534 	     -0.078
  6895.773 	     -0.104
  6897.012 	     -0.156
  6898.251 	     -0.140
  6899.490 	     -0.062
  6900.730 	     -0.030
  6901.970 	      0.012
  6903.210 	     -0.032
  6904.450 	     -0.046
  6905.691 	     -0.042
  6906.931 	     -0.033
  6908.172 	     -0.016
  6909.413 	     -0.036
  6910.655 	     -0.040
  6911.896 	     -0.031
  6913.138 	     -0.027
  6914.380 	     -0.006
  6915.623 	      0.016
  6916.865 	     -0.005
  6918.108 	     -0.027
  6919.351 	     -0.011
  6920.594 	      0.029
  6921.837 	     -0.012
  6923.081 	     -0.011
  6924.325 	     -0.015
  6925.569 	     -0.019
  6926.813 	     -0.003
  6928.058 	     -0.014
  6929.302 	     -0.032
  6930.547 	     -0.037
  6931.792 	     -0.042
  6933.038 	     -0.021
  6934.284 	     -0.016
  6935.529 	      0.003
  6936.775 	      0.017
  6938.022 	     -0.012
  6939.268 	     -0.016
  6940.515 	     -0.042
  6941.762 	     -0.039
  6943.009 	     -0.053
  6944.257 	     -0.048
  6945.504 	     -0.007
  6946.752 	      0.033
  6948.000 	     -0.008
  6949.248 	     -0.034
  6950.497 	      0.012
  6951.746 	      0.016
  6952.995 	      0.012
  6954.244 	     -0.019
  6955.493 	      0.014
  6956.743 	      0.030
  6957.993 	     -0.016
  6959.243 	     -0.014
  6960.493 	      0.033
  6961.744 	      0.025
  6962.995 	      0.006
  6964.246 	     -0.007
  6965.497 	     -0.018
  6966.748 	      0.019
  6968.000 	      0.027
  6969.252 	      0.044
  6970.504 	      0.028
  6971.756 	     -0.001
  6973.009 	      0.022
  6974.262 	      0.021
  6975.515 	      0.023
  6976.768 	      0.002
  6978.022 	      0.021
  6979.275 	      0.072
  6980.529 	      0.067
  6981.783 	      0.068
  6983.038 	      0.009
  6984.292 	     -0.021
  6985.547 	      0.002
  6986.802 	     -0.009
  6988.058 	     -0.001
  6989.313 	     -0.023
  6990.569 	     -0.025
  6991.825 	      0.003
  6993.081 	     -0.017
  6994.337 	     -0.045
  6995.594 	     -0.038
  6996.851 	      0.019
  6998.108 	      0.034
  6999.365 	      0.013
  7000.623 	      0.040
  7001.881 	      0.031
  7003.139 	     -0.025
  7004.397 	     -0.030
  7005.655 	     -0.038
  7006.914 	     -0.017
  7008.173 	     -0.004
  7009.432 	      0.023
  7010.691 	      0.026
  7011.951 	      0.014
  7013.211 	     -0.006
  7014.471 	     -0.019
  7015.731 	      0.004
  7016.991 	      0.034
  7018.252 	      0.012
  7019.513 	      0.013
  7020.774 	     -0.002
  7022.036 	     -0.019
  7023.297 	     -0.031
  7024.559 	      0.011
  7025.821 	      0.014
  7027.083 	      0.000
  7028.346 	     -0.028
  7029.609 	     -0.023
  7030.872 	     -0.032
  7032.135 	     -0.022
  7033.398 	      0.035
  7034.662 	      0.012
  7035.926 	     -0.052
  7037.190 	     -0.026
  7038.454 	      0.013
  7039.719 	      0.031
  7040.984 	      0.026
  7042.249 	      0.013
  7043.514 	      0.003
  7044.779 	      0.027
  7046.045 	      0.012
  7047.311 	      0.013
  7048.577 	      0.005
  7049.844 	     -0.008
  7051.110 	     -0.010
  7052.377 	      0.014
  7053.644 	      0.094
  7054.911 	      0.191
  7056.179 	      0.056
  7057.447 	     -0.021
  7058.715 	     -0.017
  7059.983 	      0.036
  7061.251 	      0.032
  7062.520 	      0.043
  7063.789 	      0.024
  7065.058 	      0.024
  7066.327 	      0.004
  7067.597 	     -0.069
  7068.867 	     -0.029
  7070.137 	      0.032
  7071.407 	      0.018
  7072.677 	      0.025
  7073.948 	      0.034
  7075.219 	      0.017
  7076.490 	      0.012
  7077.762 	     -0.006
  7079.033 	      0.014
  7080.305 	      0.015
  7081.577 	      0.011
  7082.850 	      0.026
  7084.122 	      0.017
  7085.395 	      0.007
  7086.668 	     -0.004
  7087.941 	     -0.023
  7089.214 	     -0.010
  7090.488 	      0.043
  7091.762 	      0.097
  7093.036 	      0.029
  7094.311 	     -0.032
  7095.585 	     -0.030
  7096.860 	     -0.026
  7098.135 	     -0.009
  7099.410 	      0.057
  7100.686 	      0.059
  7101.962 	      0.039
  7103.238 	      0.028
  7104.514 	      0.038
  7105.790 	      0.016
  7107.067 	      0.020
  7108.344 	      0.077
  7109.621 	      0.010
  7110.898 	     -0.010
  7112.176 	      0.009
  7113.454 	      0.019
  7114.732 	      0.078
  7116.010 	      0.039
  7117.288 	     -0.024
  7118.567 	     -0.037
  7119.846 	      0.033
  7121.125 	      0.023
  7122.405 	      0.016
  7123.684 	     -0.039
  7124.964 	     -0.019
  7126.244 	     -0.035
  7127.525 	     -0.010
  7128.805 	      0.001
  7130.086 	      0.029
  7131.367 	      0.036
  7132.648 	     -0.006
  7133.930 	      0.009
  7135.212 	      0.036
  7136.494 	      0.042
  7137.776 	      0.042
  7139.058 	      0.051
  7140.341 	     -0.003
  7141.624 	      0.005
  7142.907 	      0.001
  7144.190 	     -0.019
  7145.474 	      0.012
  7146.757 	      0.013
  7148.041 	      0.035
  7149.326 	      0.058
  7150.610 	      0.023
  7151.895 	     -0.000
  7153.180 	     -0.001
  7154.465 	      0.035
  7155.750 	      0.008
  7157.036 	     -0.023
  7158.322 	     -0.033
  7159.608 	     -0.054
  7160.894 	     -0.050
  7162.181 	     -0.014
  7163.468 	     -0.019
  7164.755 	     -0.003
  7166.042 	      0.006
  7167.329 	      0.012
  7168.617 	      0.039
  7169.905 	      0.004
  7171.193 	     -0.090
  7172.482 	     -0.051
  7173.770 	     -0.099
  7175.059 	     -0.155
  7176.348 	     -0.084
  7177.638 	     -0.108
  7178.927 	     -0.080
  7180.217 	     -0.074
  7181.507 	     -0.093
  7182.797 	     -0.117
  7184.088 	     -0.150
  7185.379 	     -0.195
  7186.670 	     -0.168
  7187.961 	     -0.131
  7189.252 	     -0.065
  7190.544 	     -0.070
  7191.836 	     -0.115
  7193.128 	     -0.109
  7194.420 	     -0.098
  7195.713 	     -0.087
  7197.006 	     -0.084
  7198.299 	     -0.104
  7199.592 	     -0.127
  7200.885 	     -0.134
  7202.179 	     -0.116
  7203.473 	     -0.105
  7204.767 	     -0.127
  7206.062 	     -0.096
  7207.356 	     -0.070
  7208.651 	     -0.020
  7209.947 	     -0.006
  7211.242 	      0.013
  7212.538 	      0.044
  7213.833 	     -0.039
  7215.129 	     -0.068
  7216.426 	     -0.037
  7217.722 	      0.000
  7219.019 	      0.021
  7220.316 	     -0.034
  7221.613 	     -0.051
  7222.911 	     -0.045
  7224.208 	     -0.083
  7225.506 	     -0.078
  7226.805 	     -0.079
  7228.103 	     -0.065
  7229.402 	     -0.048
  7230.700 	     -0.042
  7232.000 	     -0.083
  7233.299 	     -0.138
  7234.599 	     -0.175
  7235.898 	     -0.080
  7237.198 	     -0.012
  7238.499 	     -0.052
  7239.799 	     -0.098
  7241.100 	     -0.045
  7242.401 	     -0.034
  7243.702 	     -0.091
  7245.003 	     -0.074
  7246.305 	     -0.080
  7247.607 	     -0.070
  7248.909 	     -0.075
  7250.212 	     -0.099
  7251.514 	     -0.145
  7252.817 	     -0.127
  7254.120 	     -0.102
  7255.423 	     -0.056
  7256.727 	     -0.049
  7258.031 	     -0.030
  7259.335 	     -0.063
  7260.639 	     -0.091
  7261.943 	     -0.110
  7263.248 	     -0.121
  7264.553 	     -0.114
  7265.858 	     -0.065
  7267.164 	     -0.023
  7268.469 	     -0.018
  7269.775 	     -0.016
  7271.081 	     -0.058
  7272.388 	     -0.105
  7273.694 	      0.005
  7275.001 	      0.041
  7276.308 	     -0.004
  7277.616 	     -0.104
  7278.923 	     -0.177
  7280.231 	     -0.108
  7281.539 	     -0.003
  7282.847 	      0.025
  7284.156 	      0.066
  7285.464 	     -0.036
  7286.773 	     -0.064
  7288.082 	     -0.062
  7289.392 	     -0.129
  7290.701 	     -0.141
  7292.011 	     -0.103
  7293.321 	     -0.091
  7294.632 	     -0.103
  7295.942 	     -0.060
  7297.253 	     -0.090
  7298.564 	     -0.084
  7299.876 	     -0.081
  7301.187 	     -0.094
  7302.499 	     -0.129
  7303.811 	     -0.103
  7305.123 	     -0.051
  7306.436 	     -0.082
  7307.748 	     -0.082
  7309.061 	     -0.089
  7310.374 	     -0.062
  7311.688 	     -0.013
  7313.002 	      0.022
  7314.315 	      0.050
  7315.630 	     -0.047
  7316.944 	     -0.083
  7318.259 	     -0.134
  7319.573 	     -0.069
  7320.888 	     -0.032
  7322.204 	     -0.056
  7323.519 	     -0.066
  7324.835 	     -0.066
  7326.151 	     -0.063
  7327.467 	     -0.000
  7328.784 	      0.018
  7330.101 	     -0.040
