wlen 	 newgal_spectrum 
  4176.646 	      0.050
  4177.397 	      0.043
  4178.147 	      0.034
  4178.898 	      0.025
  4179.649 	      0.012
  4180.400 	      0.001
  4181.151 	     -0.009
  4181.902 	     -0.017
  4182.653 	     -0.022
  4183.405 	     -0.021
  4184.157 	     -0.016
  4184.908 	     -0.010
  4185.660 	     -0.008
  4186.412 	     -0.003
  4187.164 	     -0.001
  4187.917 	     -0.006
  4188.669 	     -0.072
  4189.422 	     -0.066
  4190.174 	     -0.066
  4190.927 	     -0.087
  4191.680 	     -0.049
  4192.433 	     -0.068
  4193.186 	     -0.098
  4193.940 	     -0.144
  4194.693 	     -0.057
  4195.447 	     -0.115
  4196.201 	     -0.152
  4196.955 	     -0.089
  4197.709 	     -0.061
  4198.463 	     -0.069
  4199.217 	     -0.078
  4199.972 	     -0.077
  4200.726 	     -0.105
  4201.481 	     -0.097
  4202.236 	     -0.075
  4202.991 	     -0.032
  4203.746 	     -0.024
  4204.501 	     -0.072
  4205.257 	     -0.123
  4206.012 	     -0.158
  4206.768 	     -0.103
  4207.524 	     -0.054
  4208.280 	     -0.028
  4209.036 	     -0.063
  4209.792 	     -0.100
  4210.548 	     -0.091
  4211.305 	     -0.065
  4212.061 	     -0.016
  4212.818 	      0.034
  4213.575 	      0.034
  4214.332 	      0.018
  4215.089 	     -0.023
  4215.846 	     -0.041
  4216.604 	     -0.056
  4217.361 	     -0.065
  4218.119 	     -0.058
  4218.877 	     -0.075
  4219.635 	     -0.067
  4220.393 	     -0.060
  4221.151 	     -0.059
  4221.910 	     -0.099
  4222.668 	     -0.092
  4223.427 	     -0.080
  4224.186 	     -0.065
  4224.945 	      0.015
  4225.704 	     -0.025
  4226.463 	     -0.057
  4227.222 	     -0.063
  4227.982 	     -0.079
  4228.741 	     -0.102
  4229.501 	     -0.088
  4230.261 	     -0.026
  4231.021 	     -0.051
  4231.781 	     -0.041
  4232.542 	     -0.041
  4233.302 	     -0.051
  4234.063 	     -0.072
  4234.823 	     -0.106
  4235.584 	     -0.091
  4236.345 	     -0.032
  4237.106 	      0.010
  4237.868 	     -0.022
  4238.629 	     -0.052
  4239.390 	     -0.077
  4240.152 	     -0.050
  4240.914 	     -0.014
  4241.676 	     -0.006
  4242.438 	     -0.011
  4243.200 	      0.001
  4243.963 	     -0.041
  4244.725 	     -0.043
  4245.488 	     -0.033
  4246.250 	     -0.033
  4247.013 	     -0.049
  4247.776 	     -0.020
  4248.540 	      0.016
  4249.303 	      0.034
  4250.066 	      0.016
  4250.830 	      0.003
  4251.594 	     -0.002
  4252.357 	      0.007
  4253.121 	     -0.038
  4253.886 	     -0.026
  4254.650 	     -0.002
  4255.414 	      0.031
  4256.179 	      0.018
  4256.944 	      0.025
  4257.708 	      0.023
  4258.473 	      0.006
  4259.238 	     -0.011
  4260.004 	     -0.055
  4260.769 	     -0.062
  4261.535 	     -0.040
  4262.300 	     -0.083
  4263.066 	      0.021
  4263.832 	     -0.005
  4264.598 	     -0.085
  4265.364 	     -0.003
  4266.130 	     -0.008
  4266.897 	     -0.013
  4267.664 	     -0.025
  4268.430 	     -0.068
  4269.197 	     -0.066
  4269.964 	     -0.044
  4270.731 	     -0.026
  4271.499 	     -0.030
  4272.266 	     -0.026
  4273.034 	     -0.008
  4273.801 	      0.006
  4274.569 	      0.013
  4275.337 	      0.010
  4276.105 	     -0.016
  4276.874 	     -0.022
  4277.642 	     -0.005
  4278.411 	      0.054
  4279.179 	      0.005
  4279.948 	     -0.012
  4280.717 	     -0.009
  4281.486 	      0.009
  4282.255 	     -0.007
  4283.025 	     -0.016
  4283.794 	     -0.019
  4284.564 	     -0.012
  4285.334 	      0.041
  4286.104 	      0.043
  4286.874 	      0.032
  4287.644 	      0.015
  4288.414 	      0.018
  4289.185 	      0.017
  4289.955 	     -0.012
  4290.726 	     -0.065
  4291.497 	      0.024
  4292.268 	      0.050
  4293.039 	      0.036
  4293.811 	      0.001
  4294.582 	     -0.004
  4295.354 	     -0.012
  4296.125 	      0.009
  4296.897 	      0.038
  4297.669 	      0.064
  4298.441 	     -0.009
  4299.214 	      0.005
  4299.986 	      0.028
  4300.759 	      0.045
  4301.531 	     -0.018
  4302.304 	     -0.004
  4303.077 	      0.023
  4303.850 	      0.053
  4304.623 	      0.031
  4305.397 	      0.007
  4306.170 	      0.009
  4306.944 	      0.025
  4307.718 	      0.048
  4308.492 	      0.056
  4309.266 	      0.058
  4310.040 	      0.047
  4310.814 	      0.014
  4311.589 	      0.035
  4312.364 	      0.040
  4313.138 	      0.040
  4313.913 	      0.037
  4314.688 	      0.041
  4315.464 	      0.007
  4316.239 	     -0.009
  4317.014 	     -0.003
  4317.790 	      0.059
  4318.566 	      0.026
  4319.342 	      0.016
  4320.118 	      0.019
  4320.894 	      0.034
  4321.670 	      0.068
  4322.447 	      0.081
  4323.223 	      0.088
  4324.000 	      0.089
  4324.777 	      0.083
  4325.554 	      0.098
  4326.331 	      0.051
  4327.108 	      0.007
  4327.886 	      0.047
  4328.663 	      0.160
  4329.441 	      0.075
  4330.219 	      0.006
  4330.997 	      0.002
  4331.775 	      0.109
  4332.553 	      0.050
  4333.332 	      0.047
  4334.110 	      0.067
  4334.889 	      0.014
  4335.668 	      0.031
  4336.447 	      0.024
  4337.226 	      0.025
  4338.005 	      0.052
  4338.784 	      0.030
  4339.564 	     -0.000
  4340.344 	     -0.005
  4341.123 	      0.015
  4341.903 	      0.051
  4342.683 	      0.062
  4343.464 	      0.073
  4344.244 	      0.066
  4345.024 	      0.004
  4345.805 	      0.039
  4346.586 	      0.039
  4347.367 	      0.033
  4348.148 	      0.024
  4348.929 	      0.020
  4349.710 	     -0.013
  4350.492 	     -0.017
  4351.274 	     -0.010
  4352.055 	     -0.009
  4352.837 	     -0.001
  4353.619 	      0.020
  4354.402 	      0.037
  4355.184 	      0.043
  4355.966 	      0.029
  4356.749 	      0.035
  4357.532 	      0.059
  4358.315 	      0.079
  4359.098 	      0.061
  4359.881 	      0.082
  4360.664 	      0.055
  4361.448 	      0.034
  4362.231 	      0.033
  4363.015 	      0.036
  4363.799 	      0.022
  4364.583 	     -0.006
  4365.367 	     -0.030
  4366.151 	     -0.021
  4366.936 	      0.117
  4367.720 	      0.067
  4368.505 	      0.031
  4369.290 	      0.043
  4370.075 	     -0.037
  4370.860 	      0.009
  4371.645 	      0.011
  4372.431 	      0.005
  4373.216 	      0.045
  4374.002 	      0.111
  4374.788 	      0.108
  4375.574 	      0.069
  4376.360 	      0.011
  4377.146 	      0.058
  4377.933 	      0.017
  4378.719 	     -0.004
  4396.849 	     -0.019
  4397.639 	     -0.012
  4398.429 	      0.016
  4399.220 	      0.006
  4400.010 	      0.022
  4400.801 	      0.015
  4401.591 	      0.007
  4402.382 	      0.086
  4403.173 	      0.075
  4403.964 	      0.044
  4404.755 	      0.015
  4405.547 	      0.001
  4406.338 	      0.072
  4407.130 	      0.043
  4407.922 	      0.066
  4408.714 	      0.084
  4409.506 	      0.042
  4410.298 	      0.055
  4411.090 	      0.019
  4411.883 	      0.031
  4412.675 	      0.064
  4413.468 	      0.025
  4414.261 	     -0.009
  4415.054 	     -0.001
  4415.848 	      0.012
  4416.641 	      0.022
  4417.434 	      0.029
  4418.228 	      0.036
  4419.022 	      0.017
  4419.816 	     -0.015
  4420.610 	     -0.054
  4421.404 	     -0.010
  4422.199 	      0.024
  4422.993 	      0.032
  4423.788 	      0.028
  4424.583 	      0.030
  4425.377 	      0.046
  4426.173 	      0.026
  4426.968 	      0.026
  4427.763 	      0.045
  4428.559 	      0.048
  4429.354 	      0.018
  4430.150 	      0.007
  4430.946 	      0.010
  4431.742 	      0.026
  4432.538 	      0.010
  4433.335 	      0.040
  4434.131 	      0.052
  4434.928 	      0.045
  4435.725 	      0.018
  4436.522 	      0.012
  4437.319 	     -0.000
  4438.116 	     -0.025
  4438.913 	     -0.037
  4439.711 	      0.004
  4440.509 	      0.009
  4441.306 	     -0.013
  4442.104 	     -0.015
  4442.902 	     -0.002
  4443.701 	      0.008
  4444.499 	      0.020
  4445.298 	      0.019
  4446.096 	      0.015
  4446.895 	      0.008
  4447.694 	     -0.014
  4448.493 	      0.019
  4449.292 	      0.035
  4450.092 	      0.029
  4450.891 	      0.006
  4451.691 	      0.037
  4452.491 	      0.007
  4453.291 	     -0.024
  4454.091 	     -0.028
  4454.891 	      0.010
  4455.691 	      0.049
  4456.492 	      0.012
  4457.293 	     -0.015
  4458.093 	     -0.021
  4458.894 	      0.005
  4459.695 	     -0.006
  4460.497 	     -0.037
  4461.298 	     -0.043
  4462.100 	     -0.034
  4462.901 	     -0.019
  4463.703 	      0.002
  4464.505 	      0.007
  4465.307 	     -0.000
  4466.109 	     -0.005
  4466.912 	      0.019
  4467.714 	     -0.017
  4468.517 	     -0.022
  4469.320 	     -0.011
  4470.123 	      0.005
  4470.926 	      0.005
  4471.729 	     -0.026
  4472.533 	     -0.040
  4473.336 	     -0.068
  4474.140 	     -0.091
  4474.944 	     -0.067
  4475.748 	     -0.062
  4476.552 	     -0.058
  4477.356 	     -0.052
  4478.161 	     -0.046
  4478.965 	     -0.039
  4479.770 	     -0.032
  4480.575 	     -0.026
  4481.380 	     -0.022
  4482.185 	     -0.019
  4482.990 	     -0.017
  4483.796 	     -0.017
  4484.601 	     -0.017
  4485.407 	     -0.018
  4486.213 	     -0.017
  4487.019 	     -0.015
  4487.825 	     -0.011
  4488.631 	     -0.007
  4489.438 	     -0.001
  4490.244 	      0.004
  4491.051 	      0.010
  4491.858 	      0.013
  4492.665 	      0.015
  4493.472 	      0.014
  4494.280 	      0.013
  4495.087 	      0.013
  4495.895 	      0.004
  4496.702 	      0.041
  4497.510 	      0.052
  4498.318 	      0.025
  4499.127 	     -0.052
  4499.935 	     -0.037
  4500.743 	     -0.007
  4501.552 	     -0.004
  4502.361 	     -0.030
  4503.170 	     -0.085
  4503.979 	     -0.055
  4504.788 	     -0.034
  4505.597 	     -0.003
  4506.407 	      0.014
  4507.216 	     -0.016
  4508.026 	     -0.004
  4508.836 	      0.008
  4509.646 	     -0.005
  4510.456 	     -0.025
  4511.267 	     -0.031
  4512.077 	      0.006
  4512.888 	      0.020
  4513.699 	      0.015
  4514.510 	      0.009
  4515.321 	      0.028
  4521.815 	      0.012
  4522.627 	      0.004
  4523.440 	      0.001
  4524.253 	     -0.006
  4525.065 	     -0.030
  4525.878 	     -0.017
  4526.692 	     -0.021
  4527.505 	     -0.040
  4528.318 	     -0.040
  4529.132 	     -0.073
  4529.946 	     -0.050
  4530.759 	     -0.031
  4531.573 	     -0.015
  4532.388 	      0.010
  4533.202 	      0.067
  4534.016 	      0.040
  4534.831 	      0.013
  4542.985 	     -0.082
  4543.801 	     -0.070
  4544.618 	     -0.042
  4545.434 	     -0.011
  4546.251 	      0.030
  4547.068 	      0.022
  4547.885 	     -0.003
  4548.702 	     -0.024
  4549.519 	     -0.018
  4550.336 	     -0.016
  4551.154 	     -0.014
  4551.972 	     -0.004
  4552.789 	      0.014
  4553.607 	      0.036
  4554.425 	      0.016
  4555.244 	      0.010
  4556.062 	     -0.000
  4556.881 	     -0.003
  4557.699 	      0.004
  4558.518 	      0.007
  4559.337 	     -0.005
  4560.156 	     -0.014
  4560.976 	     -0.015
  4561.795 	     -0.007
  4562.615 	      0.008
  4563.435 	      0.033
  4564.254 	      0.025
  4565.074 	      0.010
  4565.895 	     -0.009
  4566.715 	     -0.024
  4567.535 	     -0.011
  4568.356 	      0.003
  4569.177 	     -0.014
  4569.998 	     -0.031
  4570.819 	     -0.036
  4571.640 	     -0.020
  4572.461 	     -0.007
  4573.283 	     -0.000
  4574.105 	     -0.017
  4574.926 	     -0.025
  4575.748 	      0.006
  4576.570 	      0.002
  4577.393 	      0.001
  4578.215 	     -0.007
  4579.038 	      0.001
  4579.860 	      0.015
  4580.683 	     -0.028
  4581.506 	     -0.020
  4582.329 	     -0.037
  4583.153 	     -0.039
  4583.976 	     -0.030
  4584.800 	     -0.021
  4585.623 	      0.004
  4586.447 	      0.019
  4587.271 	     -0.025
  4588.095 	     -0.053
  4588.920 	     -0.039
  4589.744 	     -0.003
  4590.569 	      0.017
  4591.394 	      0.001
  4592.219 	     -0.009
  4593.044 	     -0.002
  4593.869 	      0.026
  4594.694 	      0.011
  4595.520 	     -0.038
  4596.345 	     -0.029
  4597.171 	     -0.016
  4597.997 	     -0.016
  4598.823 	     -0.014
  4599.649 	     -0.045
  4600.476 	     -0.046
  4601.302 	     -0.048
  4602.129 	     -0.060
  4602.956 	     -0.083
  4603.783 	     -0.086
  4604.610 	     -0.048
  4605.437 	     -0.017
  4606.265 	     -0.009
  4607.092 	     -0.024
  4607.920 	     -0.047
  4608.748 	     -0.040
  4609.576 	     -0.008
  4610.404 	      0.004
  4611.232 	     -0.001
  4612.061 	     -0.016
  4612.890 	     -0.024
  4613.718 	     -0.018
  4614.547 	     -0.042
  4615.376 	     -0.046
  4616.206 	     -0.032
  4617.035 	     -0.019
  4617.864 	     -0.003
  4618.694 	     -0.007
  4619.524 	     -0.026
  4620.354 	     -0.049
  4621.184 	     -0.064
  4622.014 	     -0.049
  4622.845 	     -0.039
  4623.675 	     -0.004
  4624.506 	     -0.000
  4625.337 	     -0.019
  4626.168 	     -0.043
  4626.999 	     -0.042
  4627.830 	     -0.039
  4628.662 	     -0.022
  4629.493 	     -0.023
  4630.325 	     -0.031
  4631.157 	     -0.028
  4631.989 	     -0.069
  4632.821 	     -0.073
  4633.654 	     -0.045
  4634.486 	     -0.028
  4635.319 	     -0.026
  4636.152 	     -0.025
  4636.985 	     -0.034
  4641.152 	     -0.104
  4641.985 	     -0.067
  4642.819 	     -0.031
  4643.654 	     -0.029
  4644.488 	     -0.035
  4645.322 	     -0.035
  4646.157 	     -0.050
  4646.992 	     -0.020
  4647.827 	     -0.035
  4648.662 	     -0.047
  4649.497 	     -0.047
  4650.332 	     -0.037
  4651.168 	     -0.046
  4652.003 	     -0.073
  4652.839 	     -0.070
  4653.675 	     -0.054
  4654.511 	     -0.030
  4655.347 	     -0.005
  4656.184 	     -0.012
  4657.020 	     -0.019
  4657.857 	     -0.016
  4658.694 	     -0.023
  4659.531 	     -0.031
  4660.368 	     -0.025
  4661.205 	     -0.013
  4662.043 	     -0.024
  4662.881 	     -0.027
  4663.718 	     -0.025
  4664.556 	     -0.025
  4665.394 	     -0.032
  4666.232 	     -0.020
  4667.071 	     -0.028
  4667.909 	     -0.020
  4668.748 	     -0.029
  4669.587 	     -0.042
  4670.426 	     -0.036
  4671.265 	     -0.044
  4672.104 	     -0.027
  4672.944 	     -0.022
  4673.783 	     -0.000
  4674.623 	      0.023
  4675.463 	      0.021
  4676.303 	     -0.001
  4677.143 	     -0.019
  4677.983 	     -0.004
  4678.824 	     -0.013
  4679.664 	     -0.043
  4680.505 	     -0.065
  4681.346 	      0.006
  4682.187 	      0.034
  4683.028 	      0.037
  4683.870 	      0.029
  4684.711 	      0.019
  4685.553 	      0.008
  4686.395 	     -0.011
  4687.237 	     -0.016
  4688.079 	     -0.011
  4688.921 	     -0.017
  4689.764 	     -0.040
  4690.606 	     -0.067
  4691.449 	     -0.014
  4692.292 	     -0.045
  4693.135 	     -0.007
  4693.978 	     -0.004
  4694.821 	     -0.004
  4695.665 	      0.015
  4696.508 	     -0.031
  4697.352 	     -0.101
  4698.196 	     -0.057
  4699.040 	     -0.041
  4699.885 	     -0.047
  4700.729 	     -0.046
  4701.574 	      0.007
  4702.418 	     -0.006
  4703.263 	     -0.012
  4704.108 	      0.002
  4704.953 	      0.020
  4705.799 	      0.028
  4706.644 	      0.012
  4707.490 	      0.015
  4708.335 	      0.022
  4709.181 	      0.034
  4710.027 	      0.016
  4710.874 	     -0.021
  4711.720 	     -0.040
  4712.567 	     -0.004
  4713.413 	     -0.004
  4714.260 	     -0.034
  4715.107 	     -0.063
  4715.954 	     -0.064
  4716.802 	     -0.033
  4717.649 	     -0.023
  4718.497 	     -0.019
  4719.344 	      0.008
  4720.192 	      0.030
  4721.040 	      0.008
  4721.888 	     -0.040
  4722.737 	     -0.006
  4723.585 	     -0.007
  4724.434 	     -0.013
  4725.283 	     -0.001
  4726.132 	      0.002
  4726.981 	     -0.002
  4727.830 	      0.014
  4728.680 	      0.034
  4729.529 	      0.012
  4730.379 	     -0.003
  4731.229 	     -0.016
  4732.079 	     -0.016
  4732.929 	      0.001
  4733.779 	      0.014
  4734.630 	     -0.014
  4735.480 	      0.012
  4736.331 	     -0.002
  4737.182 	     -0.009
  4738.033 	      0.001
  4738.885 	     -0.022
  4739.736 	      0.001
  4740.588 	      0.021
  4741.439 	      0.010
  4742.291 	     -0.003
  4743.143 	     -0.013
  4743.995 	     -0.030
  4744.848 	     -0.049
  4745.700 	     -0.037
  4746.553 	     -0.005
  4747.406 	     -0.034
  4748.259 	     -0.050
  4749.112 	     -0.033
  4749.965 	     -0.046
  4750.818 	     -0.034
  4751.672 	     -0.036
  4752.526 	     -0.008
  4753.379 	      0.003
  4754.233 	     -0.002
  4755.088 	     -0.003
  4755.942 	      0.022
  4756.796 	      0.007
  4757.651 	     -0.004
  4758.506 	     -0.003
  4759.361 	     -0.015
  4760.216 	     -0.033
  4761.071 	     -0.024
  4761.926 	     -0.001
  4762.782 	     -0.011
  4763.638 	     -0.032
  4764.494 	     -0.054
  4765.350 	     -0.055
  4766.206 	     -0.028
  4767.062 	     -0.002
  4767.919 	     -0.017
  4768.775 	     -0.012
  4769.632 	     -0.019
  4770.489 	     -0.024
  4771.346 	     -0.020
  4772.203 	     -0.004
  4773.061 	      0.014
  4773.918 	      0.030
  4774.776 	      0.022
  4775.634 	     -0.009
  4776.492 	     -0.033
  4777.350 	     -0.042
  4778.208 	     -0.048
  4779.067 	     -0.062
  4779.925 	     -0.022
  4780.784 	     -0.027
  4781.643 	     -0.016
  4782.502 	     -0.008
  4783.361 	     -0.014
  4784.221 	     -0.017
  4785.080 	     -0.023
  4785.940 	     -0.003
  4786.800 	     -0.023
  4787.660 	     -0.030
  4788.520 	     -0.026
  4789.381 	     -0.013
  4790.241 	      0.016
  4791.102 	     -0.013
  4791.962 	      0.006
  4792.823 	     -0.029
  4793.684 	     -0.008
  4794.546 	      0.004
  4795.407 	     -0.046
  4796.269 	     -0.056
  4797.130 	      0.000
  4797.992 	      0.012
  4798.854 	     -0.013
  4799.717 	     -0.034
  4800.579 	     -0.050
  4801.441 	     -0.057
  4802.304 	     -0.013
  4803.167 	     -0.034
  4804.030 	     -0.029
  4804.893 	     -0.062
  4805.756 	     -0.083
  4806.620 	     -0.058
  4807.483 	     -0.000
  4808.347 	     -0.012
  4809.211 	      0.008
  4810.075 	      0.026
  4810.939 	     -0.003
  4811.803 	     -0.027
  4812.668 	     -0.033
  4813.533 	     -0.029
  4814.397 	     -0.021
  4815.262 	     -0.043
  4816.128 	     -0.055
  4816.993 	     -0.043
  4817.858 	     -0.043
  4818.724 	     -0.052
  4819.590 	     -0.051
  4820.456 	     -0.033
  4821.322 	     -0.054
  4822.188 	     -0.001
  4823.054 	      0.012
  4823.921 	      0.014
  4824.787 	      0.017
  4825.654 	      0.018
  4826.521 	     -0.001
  4827.388 	     -0.014
  4828.256 	     -0.018
  4829.123 	     -0.017
  4829.991 	     -0.028
  4830.859 	     -0.036
  4831.727 	     -0.026
  4832.595 	      0.002
  4833.463 	      0.042
  4834.331 	     -0.027
  4835.200 	     -0.045
  4836.069 	     -0.034
  4836.937 	     -0.008
  4837.806 	      0.001
  4838.676 	     -0.022
  4839.545 	     -0.017
  4840.415 	     -0.010
  4841.284 	     -0.029
  4842.154 	     -0.025
  4843.024 	     -0.011
  4843.894 	     -0.001
  4844.764 	     -0.000
  4845.635 	      0.004
  4846.505 	      0.014
  4847.376 	     -0.007
  4848.247 	     -0.021
  4849.118 	     -0.036
  4849.989 	     -0.046
  4850.861 	     -0.039
  4851.732 	     -0.011
  4852.604 	      0.016
  4853.476 	      0.014
  4854.348 	     -0.029
  4855.220 	     -0.059
  4856.092 	     -0.045
  4856.965 	     -0.019
  4857.837 	     -0.027
  4858.710 	     -0.062
  4859.583 	     -0.038
  4860.456 	     -0.021
  4861.329 	      0.013
  4862.203 	     -0.012
  4863.076 	     -0.013
  4863.950 	      0.035
  4864.824 	      0.033
  4865.698 	     -0.027
  4866.572 	      0.018
  4867.447 	      0.010
  4868.321 	     -0.021
  4869.196 	     -0.033
  4870.071 	     -0.035
  4870.946 	     -0.051
  4871.821 	     -0.061
  4872.696 	     -0.013
  4873.571 	     -0.044
  4874.447 	     -0.067
  4875.323 	     -0.083
  4876.199 	     -0.057
  4877.075 	     -0.027
  4877.951 	     -0.058
  4878.827 	     -0.045
  4879.704 	     -0.023
  4880.581 	     -0.073
  4881.458 	     -0.062
  4882.335 	     -0.064
  4883.212 	     -0.064
  4884.089 	     -0.054
  4884.967 	     -0.069
  4885.844 	     -0.064
  4886.722 	     -0.036
  4887.600 	     -0.062
  4888.478 	     -0.056
  4889.356 	     -0.042
  4890.235 	     -0.038
  4891.114 	     -0.038
  4891.992 	     -0.020
  4892.871 	      0.032
  4893.750 	     -0.051
  4894.630 	     -0.057
  4895.509 	     -0.037
  4896.388 	     -0.027
  4897.268 	     -0.017
  4898.148 	     -0.004
  4899.028 	     -0.056
  4899.908 	     -0.081
  4900.789 	     -0.043
  4901.669 	     -0.034
  4902.550 	     -0.010
  4903.431 	      0.008
  4904.312 	      0.000
  4905.193 	     -0.028
  4906.074 	     -0.031
  4906.955 	     -0.012
  4907.837 	      0.032
  4908.719 	      0.094
  4909.601 	      0.304
  4910.483 	      0.884
  4911.365 	      1.866
  4912.247 	      2.935
  4913.130 	      3.423
  4914.013 	      3.033
  4914.896 	      1.983
  4915.779 	      0.914
  4916.662 	      0.302
  4917.545 	      0.066
  4918.429 	      0.009
  4919.312 	     -0.014
  4920.196 	     -0.030
  4921.080 	     -0.034
  4921.964 	     -0.017
  4922.849 	     -0.031
  4923.733 	     -0.058
  4924.618 	     -0.070
  4925.502 	     -0.060
  4926.387 	     -0.047
  4927.273 	     -0.062
  4928.158 	     -0.045
  4929.043 	     -0.020
  4929.929 	      0.006
  4930.815 	     -0.016
  4931.700 	     -0.046
  4932.586 	     -0.060
  4933.473 	     -0.057
  4934.359 	     -0.051
  4935.246 	     -0.073
  4936.132 	     -0.053
  4937.019 	     -0.109
  4937.906 	     -0.074
  4938.793 	     -0.049
  4939.681 	     -0.038
  4940.568 	     -0.025
  4941.456 	     -0.018
  4942.344 	     -0.063
  4943.232 	     -0.079
  4944.120 	     -0.085
  4945.008 	     -0.053
  4945.896 	     -0.046
  4946.785 	     -0.071
  4947.674 	     -0.077
  4948.563 	     -0.053
  4949.452 	     -0.054
  4950.341 	     -0.043
  4951.230 	     -0.070
  4952.120 	     -0.078
  4953.010 	     -0.070
  4953.900 	     -0.049
  4954.790 	     -0.045
  4955.680 	     -0.049
  4956.570 	     -0.031
  4957.461 	     -0.008
  4958.351 	     -0.066
  4959.242 	     -0.063
  4960.133 	     -0.099
  4961.024 	     -0.077
  4961.916 	     -0.062
  4962.807 	     -0.056
  4963.699 	     -0.059
  4964.591 	     -0.074
  4965.483 	     -0.027
  4966.375 	     -0.051
  4967.267 	     -0.050
  4968.159 	     -0.045
  4969.052 	     -0.045
  4969.945 	     -0.049
  4970.838 	     -0.062
  4971.731 	     -0.068
  4972.624 	     -0.045
  4973.518 	     -0.028
  4974.411 	     -0.047
  4975.305 	     -0.034
  4976.199 	     -0.030
  4977.093 	     -0.040
  4977.987 	     -0.043
  4978.881 	     -0.026
  4979.776 	     -0.006
  4980.671 	     -0.023
  4981.565 	     -0.075
  4982.460 	     -0.043
  4983.356 	     -0.059
  4984.251 	     -0.065
  4985.146 	     -0.073
  4986.042 	     -0.080
  4986.938 	     -0.073
  4987.834 	     -0.050
  4988.730 	     -0.023
  4989.626 	     -0.030
  4990.523 	     -0.066
  4991.419 	     -0.072
  4992.316 	     -0.045
  4993.213 	     -0.017
  4994.110 	     -0.007
  4995.007 	     -0.016
  4995.905 	     -0.033
  4996.802 	     -0.044
  4997.700 	     -0.046
  4998.598 	     -0.043
  4999.496 	     -0.033
  5000.394 	     -0.040
  5001.293 	     -0.033
  5002.191 	     -0.030
  5003.090 	     -0.048
  5003.989 	     -0.067
  5004.888 	     -0.053
  5005.787 	     -0.016
  5006.687 	     -0.055
  5007.586 	     -0.059
  5008.486 	     -0.042
  5009.386 	     -0.025
  5010.286 	      0.019
  5011.186 	      0.069
  5012.086 	      0.092
  5012.987 	      0.076
  5013.887 	      0.031
  5014.788 	     -0.042
  5015.689 	     -0.033
  5016.590 	     -0.029
  5017.492 	     -0.044
  5018.393 	     -0.043
  5019.295 	     -0.046
  5020.197 	     -0.058
  5021.098 	     -0.061
  5022.001 	     -0.052
  5022.903 	     -0.048
  5023.805 	     -0.019
  5024.708 	     -0.037
  5025.611 	     -0.039
  5026.514 	     -0.047
  5027.417 	     -0.048
  5028.320 	     -0.053
  5029.223 	     -0.057
  5030.127 	     -0.048
  5031.031 	     -0.041
  5031.935 	     -0.047
  5032.839 	     -0.063
  5033.743 	     -0.080
  5034.647 	     -0.068
  5035.552 	     -0.062
  5036.456 	     -0.089
  5037.361 	     -0.098
  5038.266 	     -0.056
  5039.172 	      0.005
  5040.077 	      0.032
  5040.982 	     -0.045
  5041.888 	     -0.016
  5042.794 	     -0.051
  5043.700 	     -0.078
  5044.606 	     -0.063
  5045.513 	     -0.049
  5046.419 	     -0.053
  5047.326 	     -0.049
  5048.233 	     -0.035
  5049.140 	     -0.075
  5050.047 	     -0.042
  5050.954 	     -0.011
  5051.861 	     -0.047
  5052.769 	     -0.078
  5053.677 	     -0.044
  5054.585 	     -0.044
  5055.493 	     -0.054
  5056.401 	     -0.028
  5057.310 	      0.039
  5058.218 	      0.161
  5059.127 	      0.254
  5060.036 	      0.304
  5060.945 	      0.284
  5061.855 	      0.209
  5062.764 	      0.107
  5063.674 	      0.034
  5064.583 	     -0.002
  5065.493 	     -0.029
  5066.403 	     -0.048
  5067.314 	     -0.038
  5068.224 	     -0.063
  5069.135 	     -0.018
  5070.045 	     -0.005
  5070.956 	     -0.042
  5071.867 	     -0.064
  5072.779 	     -0.056
  5073.690 	     -0.036
  5074.602 	     -0.025
  5075.513 	     -0.028
  5076.425 	     -0.041
  5077.337 	     -0.063
  5078.249 	     -0.043
  5079.162 	     -0.037
  5080.074 	     -0.038
  5080.987 	     -0.040
  5081.900 	     -0.010
  5082.813 	      0.011
  5083.726 	      0.008
  5084.640 	      0.002
  5085.553 	     -0.002
  5086.467 	     -0.015
  5087.381 	     -0.004
  5088.295 	     -0.012
  5089.209 	     -0.032
  5090.123 	     -0.040
  5091.038 	     -0.052
  5091.952 	     -0.036
  5092.867 	     -0.021
  5093.782 	     -0.020
  5094.697 	     -0.026
  5095.613 	     -0.020
  5096.528 	     -0.001
  5097.444 	      0.009
  5098.360 	      0.000
  5099.276 	      0.003
  5100.192 	      0.011
  5101.108 	     -0.014
  5102.025 	     -0.037
  5102.941 	     -0.041
  5103.858 	     -0.034
  5104.775 	     -0.026
  5105.692 	     -0.017
  5106.610 	     -0.015
  5107.527 	     -0.023
  5108.445 	     -0.018
  5109.363 	      0.002
  5110.281 	     -0.001
  5111.199 	     -0.024
  5112.117 	     -0.036
  5113.036 	     -0.002
  5113.954 	      0.036
  5114.873 	      0.033
  5115.792 	     -0.001
  5116.711 	     -0.024
  5117.630 	     -0.021
  5118.550 	     -0.015
  5119.469 	     -0.007
  5120.389 	     -0.012
  5121.309 	     -0.010
  5122.229 	     -0.012
  5123.150 	     -0.012
  5124.070 	      0.028
  5124.991 	      0.106
  5125.911 	      0.165
  5126.832 	      0.165
  5127.753 	      0.122
  5128.675 	      0.060
  5129.596 	      0.024
  5130.518 	      0.021
  5131.440 	      0.007
  5132.362 	      0.012
  5133.284 	     -0.002
  5134.206 	     -0.021
  5135.128 	     -0.040
  5136.051 	     -0.030
  5136.974 	     -0.014
  5137.897 	     -0.023
  5138.820 	      0.003
  5139.743 	     -0.018
  5140.666 	      0.027
  5141.590 	      0.018
  5142.514 	     -0.036
  5143.438 	     -0.038
  5144.362 	     -0.030
  5145.286 	     -0.027
  5146.211 	     -0.020
  5147.135 	     -0.013
  5148.060 	     -0.005
  5148.985 	      0.017
  5149.910 	      0.022
  5150.835 	     -0.028
  5151.761 	      0.015
  5152.686 	      0.002
  5153.612 	     -0.033
  5154.538 	     -0.028
  5155.464 	     -0.009
  5156.390 	      0.017
  5157.317 	      0.023
  5158.243 	     -0.008
  5159.170 	     -0.024
  5160.097 	      0.003
  5161.024 	      0.013
  5161.951 	      0.017
  5162.879 	     -0.047
  5163.806 	     -0.032
  5164.734 	     -0.015
  5165.662 	     -0.042
  5166.590 	     -0.039
  5167.518 	      0.016
  5168.447 	      0.012
  5169.375 	      0.013
  5170.304 	      0.016
  5171.233 	     -0.003
  5172.162 	      0.007
  5173.091 	      0.036
  5174.021 	      0.010
  5174.950 	     -0.005
  5175.880 	      0.011
  5176.810 	     -0.005
  5177.740 	     -0.007
  5178.670 	     -0.023
  5179.601 	     -0.025
  5180.531 	     -0.026
  5181.462 	     -0.004
  5182.393 	      0.012
  5183.324 	      0.004
  5184.255 	      0.001
  5185.187 	     -0.012
  5186.118 	     -0.036
  5187.050 	      0.013
  5187.982 	     -0.026
  5188.914 	     -0.015
  5189.846 	      0.024
  5190.779 	     -0.001
  5191.712 	      0.014
  5192.644 	      0.020
  5193.577 	      0.019
  5194.510 	      0.023
  5195.444 	      0.045
  5196.377 	      0.076
  5197.311 	      0.083
  5198.244 	      0.081
  5199.178 	      0.079
  5200.112 	      0.077
  5201.047 	      0.075
  5201.981 	      0.074
  5202.916 	      0.073
  5203.851 	      0.072
  5204.786 	      0.072
  5205.721 	      0.071
  5206.656 	      0.068
  5207.591 	      0.065
  5208.527 	      0.060
  5209.463 	      0.053
  5210.399 	      0.046
  5211.335 	      0.037
  5212.271 	      0.029
  5213.208 	      0.021
  5214.144 	      0.015
  5215.081 	      0.013
  5216.018 	      0.015
  5216.955 	      0.023
  5217.892 	      0.034
  5218.830 	      0.049
  5219.768 	      0.064
  5220.705 	      0.079
  5221.643 	      0.093
  5222.582 	      0.105
  5223.520 	      0.114
  5224.458 	      0.119
  5225.397 	      0.117
  5226.336 	      0.108
  5227.275 	      0.094
  5228.214 	      0.078
  5229.153 	      0.062
  5230.093 	      0.047
  5231.032 	      0.032
  5231.972 	      0.020
  5232.912 	      0.013
  5233.852 	      0.012
  5234.793 	      0.028
  5235.733 	      0.027
  5236.674 	     -0.008
  5237.615 	     -0.019
  5238.556 	      0.014
  5239.497 	      0.036
  5240.438 	      0.033
  5241.380 	      0.021
  5242.322 	      0.037
  5243.263 	      0.022
  5244.205 	      0.024
  5245.148 	      0.011
  5246.090 	      0.000
  5247.033 	     -0.016
  5247.975 	     -0.008
  5248.918 	      0.029
  5249.861 	      0.056
  5250.804 	      0.081
  5251.748 	      0.136
  5252.691 	      0.165
  5253.635 	      0.150
  5254.579 	      0.129
  5255.523 	      0.126
  5256.467 	      0.071
  5257.412 	      0.040
  5258.356 	      0.003
  5259.301 	     -0.006
  5260.246 	      0.002
  5261.191 	      0.004
  5262.136 	      0.002
  5263.082 	      0.006
  5264.027 	      0.028
  5264.973 	      0.035
  5265.919 	      0.019
  5266.865 	      0.023
  5267.811 	      0.036
  5268.758 	      0.028
  5269.704 	     -0.005
  5270.651 	      0.001
  5271.598 	     -0.013
  5272.545 	     -0.042
  5273.493 	     -0.013
  5274.440 	      0.018
  5275.388 	      0.036
  5276.335 	      0.056
  5277.283 	      0.025
  5278.232 	      0.009
  5279.180 	      0.007
  5280.128 	     -0.006
  5281.077 	     -0.016
  5282.026 	     -0.010
  5282.975 	      0.006
  5283.924 	      0.022
  5284.873 	      0.020
  5285.823 	      0.017
  5286.773 	     -0.008
  5287.722 	     -0.024
  5288.672 	     -0.040
  5289.623 	     -0.006
  5290.573 	     -0.000
  5291.523 	      0.007
  5292.474 	     -0.018
  5293.425 	     -0.025
  5294.376 	      0.005
  5295.327 	      0.026
  5296.279 	      0.002
  5297.230 	     -0.038
  5298.182 	     -0.029
  5299.134 	      0.003
  5300.086 	     -0.013
  5301.038 	     -0.017
  5301.991 	      0.002
  5302.943 	      0.001
  5303.896 	     -0.008
  5304.849 	      0.010
  5305.802 	      0.006
  5306.755 	      0.046
  5307.709 	      0.039
  5308.662 	      0.034
  5309.616 	      0.037
  5310.570 	      0.011
  5311.524 	     -0.008
  5312.478 	     -0.010
  5313.433 	      0.010
  5314.388 	      0.027
  5315.342 	      0.022
  5316.297 	     -0.009
  5317.252 	     -0.044
  5318.208 	     -0.034
  5319.163 	     -0.005
  5320.119 	      0.001
  5321.075 	     -0.008
  5322.031 	      0.028
  5322.987 	      0.047
  5323.943 	      0.009
  5324.900 	     -0.011
  5325.857 	     -0.031
  5326.813 	      0.002
  5327.770 	     -0.023
  5328.728 	     -0.020
  5329.685 	     -0.014
  5330.643 	     -0.012
  5331.600 	     -0.021
  5332.558 	     -0.030
  5333.516 	     -0.017
  5334.475 	      0.010
  5335.433 	      0.006
  5336.392 	     -0.017
  5337.350 	     -0.020
  5338.309 	     -0.049
  5339.268 	     -0.046
  5340.228 	     -0.060
  5341.187 	     -0.027
  5342.147 	      0.003
  5343.107 	      0.002
  5344.067 	     -0.038
  5345.027 	      0.003
  5345.987 	     -0.023
  5346.947 	      0.015
  5347.908 	     -0.013
  5348.869 	     -0.008
  5349.830 	     -0.043
  5350.791 	     -0.025
  5351.752 	     -0.004
  5352.714 	     -0.019
  5353.676 	     -0.035
  5354.638 	     -0.018
  5355.600 	      0.001
  5356.562 	     -0.005
  5357.524 	     -0.006
  5358.487 	     -0.012
  5359.449 	     -0.026
  5360.412 	     -0.060
  5361.375 	     -0.008
  5362.339 	     -0.046
  5363.302 	     -0.017
  5364.266 	     -0.009
  5365.230 	     -0.015
  5366.193 	     -0.034
  5367.158 	     -0.033
  5368.122 	     -0.035
  5369.086 	     -0.004
  5370.051 	     -0.018
  5371.016 	     -0.026
  5371.981 	     -0.022
  5372.946 	      0.005
  5373.911 	      0.006
  5374.877 	     -0.019
  5375.842 	      0.002
  5376.808 	      0.026
  5394.223 	     -0.038
  5395.192 	     -0.035
  5396.162 	     -0.050
  5397.131 	     -0.046
  5398.101 	     -0.029
  5399.071 	     -0.010
  5400.041 	     -0.023
  5401.011 	     -0.049
  5401.981 	     -0.054
  5402.952 	     -0.054
  5403.923 	     -0.042
  5404.894 	     -0.016
  5405.865 	     -0.017
  5406.836 	     -0.029
  5407.807 	     -0.022
  5408.779 	     -0.006
  5409.751 	     -0.019
  5410.723 	     -0.032
  5411.695 	     -0.031
  5412.667 	     -0.060
  5413.639 	     -0.030
  5414.612 	     -0.043
  5415.585 	     -0.032
  5416.558 	     -0.024
  5417.531 	     -0.030
  5418.504 	     -0.025
  5419.478 	     -0.059
  5420.452 	     -0.043
  5421.426 	     -0.033
  5422.400 	     -0.056
  5423.374 	     -0.042
  5424.348 	     -0.017
  5425.323 	     -0.032
  5426.297 	     -0.048
  5427.272 	     -0.055
  5428.247 	     -0.057
  5429.223 	     -0.048
  5430.198 	     -0.026
  5431.174 	     -0.016
  5432.150 	     -0.020
  5433.126 	     -0.020
  5434.102 	     -0.034
  5435.078 	     -0.062
  5436.055 	     -0.071
  5437.031 	     -0.054
  5438.008 	     -0.031
  5438.985 	     -0.037
  5439.962 	     -0.055
  5440.940 	     -0.039
  5441.917 	     -0.043
  5442.895 	     -0.058
  5443.873 	     -0.037
  5444.851 	     -0.026
  5445.829 	     -0.057
  5446.808 	     -0.065
  5447.786 	     -0.039
  5448.765 	     -0.037
  5449.744 	     -0.015
  5450.723 	     -0.034
  5451.702 	     -0.036
  5452.682 	     -0.026
  5453.661 	     -0.020
  5454.641 	     -0.024
  5455.621 	     -0.049
  5456.601 	     -0.044
  5457.582 	     -0.019
  5458.562 	     -0.031
  5459.543 	     -0.046
  5460.524 	     -0.049
  5461.505 	     -0.061
  5462.486 	     -0.061
  5463.468 	     -0.038
  5464.449 	     -0.017
  5465.431 	     -0.015
  5466.413 	     -0.019
  5467.395 	     -0.031
  5468.377 	     -0.037
  5469.360 	     -0.019
  5470.343 	     -0.010
  5471.325 	     -0.009
  5472.308 	     -0.036
  5473.292 	     -0.039
  5474.275 	     -0.033
  5475.258 	     -0.030
  5476.242 	     -0.021
  5477.226 	     -0.034
  5478.210 	     -0.044
  5479.194 	     -0.028
  5480.179 	     -0.013
  5481.163 	     -0.005
  5482.148 	     -0.030
  5483.133 	     -0.026
  5484.118 	     -0.022
  5485.104 	     -0.004
  5486.089 	     -0.013
  5487.075 	     -0.011
  5488.060 	     -0.004
  5489.047 	     -0.024
  5490.033 	     -0.015
  5491.019 	      0.004
  5492.006 	      0.003
  5492.992 	     -0.008
  5493.979 	      0.005
  5494.966 	      0.001
  5495.954 	      0.003
  5496.941 	      0.015
  5497.929 	     -0.001
  5498.916 	     -0.030
  5499.904 	     -0.051
  5500.892 	     -0.060
  5501.881 	     -0.045
  5502.869 	     -0.049
  5503.858 	     -0.039
  5504.847 	     -0.008
  5505.836 	      0.003
  5506.825 	     -0.005
  5507.814 	     -0.010
  5508.804 	      0.007
  5509.794 	      0.019
  5510.784 	      0.003
  5511.774 	     -0.010
  5512.764 	     -0.008
  5513.754 	     -0.017
  5514.745 	     -0.029
  5515.736 	     -0.006
  5516.727 	      0.021
  5517.718 	      0.004
  5518.709 	     -0.021
  5519.701 	     -0.013
  5520.693 	     -0.007
  5521.684 	     -0.033
  5522.677 	     -0.038
  5523.669 	     -0.003
  5524.661 	     -0.013
  5525.654 	     -0.024
  5526.647 	     -0.024
  5527.639 	     -0.032
  5528.633 	     -0.005
  5529.626 	      0.001
  5530.619 	     -0.016
  5531.613 	     -0.022
  5532.607 	     -0.046
  5533.601 	     -0.028
  5534.595 	     -0.010
  5535.589 	     -0.036
  5536.584 	     -0.025
  5537.579 	      0.000
  5538.574 	     -0.003
  5539.569 	     -0.035
  5540.564 	     -0.055
  5541.559 	     -0.033
  5542.555 	     -0.023
  5543.551 	     -0.026
  5544.547 	     -0.040
  5545.543 	     -0.051
  5546.539 	     -0.057
  5547.536 	     -0.073
  5548.533 	     -0.047
  5549.529 	     -0.025
  5550.527 	     -0.016
  5551.524 	     -0.015
  5552.521 	     -0.043
  5553.519 	     -0.029
  5554.517 	     -0.011
  5555.514 	      0.003
  5556.513 	     -0.016
  5557.511 	     -0.030
  5558.509 	     -0.024
  5559.508 	     -0.019
  5560.507 	     -0.034
  5561.506 	     -0.058
  5562.505 	     -0.059
  5563.505 	     -0.041
  5564.504 	     -0.029
  5565.504 	     -0.037
  5566.504 	     -0.049
  5567.504 	     -0.029
  5568.504 	     -0.037
  5569.505 	     -0.040
  5570.505 	     -0.042
  5571.506 	     -0.085
  5572.507 	     -0.080
  5573.508 	     -0.005
  5574.510 	     -0.025
  5575.511 	     -0.042
  5576.513 	     -0.034
  5577.515 	     -0.065
  5578.517 	     -0.062
  5579.519 	     -0.049
  5580.522 	     -0.037
  5581.524 	     -0.028
  5582.527 	     -0.025
  5583.530 	     -0.027
  5584.533 	     -0.041
  5585.537 	     -0.059
  5586.540 	     -0.051
  5587.544 	     -0.018
  5588.548 	      0.000
  5589.552 	     -0.005
  5590.556 	     -0.027
  5591.560 	     -0.040
  5592.565 	     -0.075
  5593.570 	     -0.075
  5594.575 	     -0.034
  5595.580 	     -0.036
  5596.585 	     -0.045
  5597.591 	     -0.036
  5598.596 	     -0.039
  5599.602 	     -0.061
  5600.608 	     -0.077
  5601.615 	     -0.066
  5602.621 	     -0.071
  5603.628 	     -0.084
  5604.634 	     -0.071
  5605.641 	     -0.062
  5606.649 	     -0.048
  5607.656 	     -0.057
  5608.663 	     -0.075
  5609.671 	     -0.085
  5610.679 	     -0.075
  5611.687 	     -0.069
  5612.695 	     -0.059
  5613.704 	     -0.044
  5614.712 	     -0.058
  5615.721 	     -0.059
  5616.730 	     -0.063
  5617.739 	     -0.060
  5618.748 	     -0.049
  5619.758 	     -0.050
  5620.767 	     -0.056
  5621.777 	     -0.075
  5622.787 	     -0.078
  5623.798 	     -0.057
  5624.808 	     -0.058
  5625.819 	     -0.061
  5626.829 	     -0.066
  5627.840 	     -0.035
  5628.851 	     -0.022
  5629.863 	     -0.031
  5630.874 	     -0.028
  5631.886 	     -0.049
  5632.898 	     -0.071
  5633.910 	     -0.059
  5634.922 	     -0.052
  5635.934 	     -0.067
  5636.947 	     -0.073
  5637.960 	     -0.078
  5638.973 	     -0.091
  5639.986 	     -0.077
  5640.999 	     -0.051
  5642.013 	     -0.057
  5643.026 	     -0.072
  5644.040 	     -0.072
  5645.054 	     -0.070
  5646.068 	     -0.074
  5647.083 	     -0.075
  5648.097 	     -0.097
  5649.112 	     -0.104
  5650.127 	     -0.116
  5651.142 	     -0.081
  5652.157 	     -0.065
  5653.173 	     -0.092
  5654.189 	     -0.101
  5655.205 	     -0.063
  5656.221 	     -0.062
  5657.237 	     -0.107
  5658.253 	     -0.084
  5659.270 	     -0.074
  5660.287 	     -0.103
  5661.304 	     -0.106
  5662.321 	     -0.087
  5663.338 	     -0.071
  5664.355 	     -0.079
  5665.373 	     -0.079
  5666.391 	     -0.098
  5667.409 	     -0.110
  5668.427 	     -0.100
  5669.446 	     -0.092
  5670.464 	     -0.091
  5671.483 	     -0.084
  5672.502 	     -0.106
  5673.521 	     -0.131
  5674.541 	     -0.138
  5675.560 	     -0.129
  5676.580 	     -0.087
  5677.600 	     -0.085
  5678.620 	     -0.097
  5679.640 	     -0.101
  5680.660 	     -0.079
  5681.681 	     -0.099
  5682.702 	     -0.127
  5683.723 	     -0.141
  5684.744 	     -0.131
  5685.765 	     -0.133
  5686.787 	     -0.120
  5687.809 	     -0.104
  5688.830 	     -0.108
  5689.853 	     -0.123
  5690.875 	     -0.147
  5691.897 	     -0.135
  5692.920 	     -0.128
  5693.943 	     -0.126
  5694.966 	     -0.133
  5695.989 	     -0.149
  5697.012 	     -0.150
  5698.036 	     -0.140
  5699.060 	     -0.108
  5700.084 	     -0.106
  5701.108 	     -0.117
  5702.132 	     -0.106
  5703.156 	     -0.107
  5704.181 	     -0.136
  5705.206 	     -0.130
  5706.231 	     -0.112
  5707.256 	     -0.112
  5708.282 	     -0.122
  5709.307 	     -0.149
  5710.333 	     -0.146
  5711.359 	     -0.163
  5712.385 	     -0.157
  5713.411 	     -0.150
  5714.438 	     -0.127
  5715.464 	     -0.163
  5716.491 	     -0.164
  5717.518 	     -0.143
  5718.546 	     -0.156
  5719.573 	     -0.170
  5720.601 	     -0.181
  5721.628 	     -0.156
  5722.656 	     -0.140
  5723.685 	     -0.135
  5724.713 	     -0.129
  5725.741 	     -0.152
  5726.770 	     -0.168
  5727.799 	     -0.161
  5728.828 	     -0.189
  5729.857 	     -0.174
  5730.887 	     -0.148
  5731.916 	     -0.138
  5732.946 	     -0.126
  5733.976 	     -0.159
  5735.007 	     -0.139
  5736.037 	     -0.155
  5737.067 	     -0.154
  5738.098 	     -0.135
  5739.129 	     -0.156
  5740.160 	     -0.144
  5741.192 	     -0.137
  5742.223 	     -0.138
  5743.255 	     -0.147
  5744.287 	     -0.162
  5745.319 	     -0.180
  5746.351 	     -0.189
  5747.383 	     -0.175
  5748.416 	     -0.147
  5749.449 	     -0.134
  5750.482 	     -0.155
  5751.515 	     -0.150
  5752.548 	     -0.139
  5753.582 	     -0.161
  5754.615 	     -0.156
  5755.649 	     -0.131
  5756.683 	     -0.153
  5757.718 	     -0.134
  5758.752 	     -0.149
  5759.787 	     -0.151
  5760.822 	     -0.151
  5761.857 	     -0.138
  5762.892 	     -0.162
  5763.927 	     -0.129
  5764.963 	     -0.165
  5765.999 	     -0.148
  5767.035 	     -0.187
  5768.071 	     -0.153
  5769.107 	     -0.160
  5770.143 	     -0.150
  5771.180 	     -0.152
  5772.217 	     -0.178
  5773.254 	     -0.158
  5774.291 	     -0.126
  5775.329 	     -0.148
  5776.366 	     -0.177
  5777.404 	     -0.168
  5778.442 	     -0.190
  5779.480 	     -0.168
  5780.519 	     -0.179
  5781.557 	     -0.179
  5782.596 	     -0.161
  5783.635 	     -0.176
  5784.674 	     -0.180
  5785.713 	     -0.186
  5786.753 	     -0.177
  5787.793 	     -0.172
  5788.832 	     -0.182
  5789.873 	     -0.143
  5790.913 	     -0.137
  5791.953 	     -0.175
  5792.994 	     -0.197
  5794.035 	     -0.179
  5795.076 	     -0.167
  5796.117 	     -0.161
  5797.158 	     -0.168
  5798.200 	     -0.171
  5799.241 	     -0.154
  5800.283 	     -0.178
  5801.325 	     -0.180
  5802.368 	     -0.175
  5803.410 	     -0.162
  5804.453 	     -0.149
  5805.496 	     -0.159
  5806.539 	     -0.156
  5807.582 	     -0.160
  5808.625 	     -0.154
  5809.669 	     -0.143
  5810.713 	     -0.153
  5811.757 	     -0.149
  5812.801 	     -0.162
  5813.845 	     -0.171
  5814.890 	     -0.147
  5815.935 	     -0.136
  5816.980 	     -0.134
  5818.025 	     -0.147
  5819.070 	     -0.156
  5820.115 	     -0.167
  5821.161 	     -0.166
  5822.207 	     -0.159
  5823.253 	     -0.154
  5824.299 	     -0.155
  5825.346 	     -0.147
  5826.392 	     -0.118
  5827.439 	     -0.127
  5828.486 	     -0.143
  5829.533 	     -0.148
  5830.581 	     -0.144
  5831.628 	     -0.160
  5832.676 	     -0.166
  5833.724 	     -0.140
  5834.772 	     -0.154
  5835.820 	     -0.147
  5836.869 	     -0.149
  5837.917 	     -0.167
  5838.966 	     -0.146
  5840.015 	     -0.156
  5841.065 	     -0.166
  5842.114 	     -0.154
  5843.164 	     -0.152
  5844.213 	     -0.155
  5845.263 	     -0.138
  5846.314 	     -0.138
  5847.364 	     -0.138
  5848.415 	     -0.128
  5849.465 	     -0.127
  5850.516 	     -0.141
  5851.567 	     -0.150
  5852.619 	     -0.134
  5853.670 	     -0.128
  5854.722 	     -0.122
  5855.774 	     -0.137
  5856.826 	     -0.146
  5857.878 	     -0.134
  5858.931 	     -0.147
  5859.983 	     -0.145
  5861.036 	     -0.124
  5862.089 	     -0.112
  5863.142 	     -0.122
  5864.196 	     -0.134
  5865.249 	     -0.132
  5866.303 	     -0.137
  5867.357 	     -0.124
  5868.411 	     -0.099
  5869.466 	     -0.096
  5870.520 	     -0.095
  5871.575 	     -0.091
  5872.630 	     -0.099
  5873.685 	     -0.111
  5874.740 	     -0.118
  5875.796 	     -0.124
  5876.851 	     -0.128
  5877.907 	     -0.124
  5878.963 	     -0.107
  5880.019 	     -0.092
  5881.076 	     -0.077
  5882.133 	     -0.088
  5883.189 	     -0.089
  5884.246 	     -0.087
  5885.304 	     -0.087
  5886.361 	     -0.091
  5887.419 	     -0.097
  5888.476 	     -0.121
  5889.534 	     -0.153
  5890.592 	     -0.162
  5891.651 	     -0.141
  5892.709 	     -0.115
  5893.768 	     -0.134
  5894.827 	     -0.140
  5895.886 	     -0.124
  5896.945 	     -0.112
  5898.005 	     -0.090
  5899.064 	     -0.096
  5900.124 	     -0.098
  5901.184 	     -0.082
  5902.245 	     -0.085
  5903.305 	     -0.070
  5904.366 	     -0.079
  5905.426 	     -0.062
  5906.487 	     -0.062
  5907.549 	     -0.091
  5908.610 	     -0.112
  5909.671 	     -0.098
  5910.733 	     -0.055
  5911.795 	     -0.030
  5912.857 	     -0.047
  5913.920 	     -0.050
  5914.982 	     -0.059
  5916.045 	     -0.075
  5917.108 	     -0.057
  5918.171 	     -0.066
  5919.234 	     -0.063
  5920.298 	     -0.059
  5921.361 	     -0.053
  5922.425 	     -0.069
  5923.489 	     -0.069
  5924.554 	     -0.060
  5925.618 	     -0.041
  5926.683 	     -0.053
  5927.747 	     -0.056
  5928.812 	     -0.057
  5929.878 	     -0.067
  5972.643 	      0.009
  5973.716 	      0.012
  5974.789 	     -0.014
  5975.863 	     -0.037
  5976.936 	     -0.058
  5978.010 	     -0.035
  5979.084 	     -0.029
  5980.158 	     -0.020
  5981.233 	      0.004
  5982.308 	     -0.003
  5983.382 	     -0.015
  5984.457 	     -0.008
  5985.533 	     -0.031
  5986.608 	      0.007
  5987.684 	      0.032
  5988.759 	      0.015
  5989.835 	     -0.015
  5990.911 	      0.001
  5991.988 	     -0.029
  5993.064 	     -0.028
  5994.141 	     -0.006
  5995.218 	      0.019
  5996.295 	      0.013
  5997.372 	      0.002
  5998.450 	      0.015
  5999.528 	      0.030
  6000.606 	      0.018
  6001.684 	      0.023
  6002.762 	      0.003
  6003.840 	     -0.027
  6004.919 	      0.005
  6005.998 	     -0.015
  6007.077 	      0.001
  6008.156 	      0.002
  6009.236 	     -0.022
  6010.315 	     -0.017
  6011.395 	     -0.019
  6012.475 	     -0.006
  6013.556 	      0.025
  6014.636 	      0.004
  6015.717 	     -0.003
  6016.797 	      0.028
  6017.878 	      0.021
  6018.960 	     -0.017
  6020.041 	     -0.003
  6021.123 	      0.025
  6022.204 	      0.026
  6023.286 	      0.028
  6024.369 	      0.018
  6025.451 	     -0.006
  6026.534 	     -0.008
  6027.616 	      0.004
  6028.699 	      0.008
  6029.782 	     -0.001
  6030.866 	      0.006
  6031.949 	     -0.003
  6033.033 	      0.018
  6034.117 	      0.036
  6035.201 	     -0.007
  6036.285 	     -0.028
  6037.370 	     -0.012
  6038.455 	     -0.002
  6039.539 	      0.002
  6040.625 	      0.022
  6041.710 	      0.047
  6042.795 	      0.056
  6043.881 	      0.040
  6044.967 	      0.039
  6046.053 	      0.024
  6047.139 	      0.009
  6048.226 	      0.015
  6049.312 	     -0.013
  6050.399 	     -0.006
  6051.486 	      0.020
  6052.573 	      0.014
  6053.661 	      0.003
  6054.749 	      0.012
  6055.836 	     -0.006
  6056.924 	     -0.016
  6058.013 	      0.018
  6059.101 	      0.013
  6060.190 	      0.018
  6061.278 	      0.020
  6062.367 	      0.016
  6063.457 	      0.034
  6064.546 	      0.044
  6065.636 	      0.041
  6066.725 	      0.035
  6067.815 	      0.038
  6068.906 	      0.025
  6069.996 	      0.033
  6071.086 	      0.041
  6072.177 	      0.030
  6073.268 	      0.013
  6074.359 	     -0.003
  6075.451 	      0.044
  6076.542 	      0.021
  6077.634 	     -0.000
  6078.726 	      0.029
  6079.818 	      0.068
  6080.910 	      0.062
  6082.003 	      0.044
  6083.096 	      0.037
  6084.189 	      0.051
  6085.282 	      0.040
  6086.375 	      0.035
  6087.468 	      0.059
  6088.562 	      0.063
  6089.656 	      0.082
  6090.750 	      0.062
  6091.844 	      0.048
  6092.939 	      0.043
  6094.034 	      0.034
  6095.129 	      0.047
  6096.224 	      0.064
  6097.319 	      0.075
  6098.414 	      0.090
  6099.510 	      0.069
  6100.606 	      0.061
  6101.702 	      0.028
  6102.798 	      0.039
  6103.895 	      0.052
  6104.991 	      0.036
  6106.088 	     -0.001
  6107.185 	      0.010
  6108.282 	      0.013
  6109.380 	      0.027
  6110.478 	      0.035
  6111.575 	      0.004
  6112.673 	     -0.017
  6113.772 	     -0.038
  6114.870 	     -0.040
  6115.969 	     -0.017
  6117.068 	      0.011
  6118.167 	     -0.013
  6119.266 	     -0.051
  6120.365 	     -0.015
  6121.465 	      0.000
  6122.565 	     -0.078
  6123.665 	     -0.119
  6124.765 	     -0.038
  6125.865 	     -0.029
  6126.966 	     -0.020
  6128.067 	     -0.011
  6129.168 	     -0.003
  6130.269 	      0.004
  6131.370 	      0.011
  6132.472 	      0.017
  6133.574 	      0.021
  6134.676 	      0.024
  6135.778 	      0.029
  6136.880 	      0.036
  6137.983 	      0.044
  6139.086 	      0.055
  6140.189 	      0.066
  6141.292 	      0.078
  6142.395 	      0.091
  6143.499 	      0.103
  6144.602 	      0.114
  6145.706 	      0.125
  6146.811 	      0.114
  6147.915 	      0.110
  6149.020 	      0.119
  6150.124 	      0.088
  6151.229 	      0.076
  6152.334 	      0.097
  6153.440 	      0.118
  6154.545 	      0.121
  6155.651 	      0.097
  6156.757 	      0.075
  6157.863 	      0.097
  6158.970 	      0.129
  6160.076 	      0.137
  6161.183 	      0.140
  6162.290 	      0.142
  6163.397 	      0.127
  6164.504 	      0.121
  6165.612 	      0.131
  6166.720 	      0.102
  6167.828 	      0.082
  6168.936 	      0.099
  6170.044 	      0.081
  6171.153 	      0.085
  6172.261 	      0.093
  6173.370 	      0.088
  6174.479 	      0.098
  6175.589 	      0.117
  6176.698 	      0.127
  6177.808 	      0.137
  6178.918 	      0.126
  6180.028 	      0.128
  6181.138 	      0.112
  6182.249 	      0.106
  6183.360 	      0.101
  6184.471 	      0.070
  6185.582 	      0.061
  6186.693 	      0.084
  6187.805 	      0.118
  6188.916 	      0.099
  6190.028 	      0.108
  6191.140 	      0.135
  6192.253 	      0.154
  6193.365 	      0.121
  6194.478 	      0.113
  6195.591 	      0.123
  6196.704 	      0.125
  6197.817 	      0.154
  6198.931 	      0.107
  6200.045 	      0.125
  6201.159 	      0.116
  6202.273 	      0.063
  6203.387 	      0.068
  6204.502 	      0.119
  6205.616 	      0.138
  6206.731 	      0.152
  6207.846 	      0.126
  6208.962 	      0.100
  6210.077 	      0.162
  6211.193 	      0.087
  6212.309 	      0.105
  6213.425 	      0.088
  6214.541 	      0.076
  6215.658 	      0.085
  6216.775 	      0.123
  6217.892 	      0.134
  6219.009 	      0.099
  6220.126 	      0.096
  6221.244 	      0.101
  6222.361 	      0.108
  6223.479 	      0.119
  6224.597 	      0.120
  6225.716 	      0.117
  6226.834 	      0.105
  6227.953 	      0.112
  6229.072 	      0.121
  6230.191 	      0.117
  6231.310 	      0.129
  6232.430 	      0.098
  6233.550 	      0.096
  6234.670 	      0.139
  6235.790 	      0.118
  6236.910 	      0.106
  6238.031 	      0.094
  6239.152 	      0.111
  6240.272 	      0.110
  6241.394 	      0.131
  6242.515 	      0.117
  6243.637 	      0.114
  6244.758 	      0.093
  6245.880 	      0.082
  6247.002 	      0.091
  6248.125 	      0.120
  6249.247 	      0.121
  6250.370 	      0.124
  6251.493 	      0.105
  6252.616 	      0.114
  6253.740 	      0.147
  6254.863 	      0.179
  6255.987 	      0.166
  6257.111 	      0.159
  6258.235 	      0.156
  6259.360 	      0.153
  6260.484 	      0.148
  6261.609 	      0.142
  6262.734 	      0.136
  6263.859 	      0.131
  6264.985 	      0.127
  6266.110 	      0.125
  6267.236 	      0.123
  6268.362 	      0.121
  6269.488 	      0.118
  6270.615 	      0.114
  6271.741 	      0.110
  6272.868 	      0.108
  6273.995 	      0.108
  6275.122 	      0.110
  6276.250 	      0.113
  6277.377 	      0.118
  6278.505 	      0.122
  6279.633 	      0.125
  6280.761 	      0.128
  6281.890 	      0.130
  6283.018 	      0.130
  6284.147 	      0.128
  6285.276 	      0.124
  6286.406 	      0.119
  6287.535 	      0.114
  6288.665 	      0.110
  6289.795 	      0.107
  6290.925 	      0.106
  6292.055 	      0.106
  6293.185 	      0.107
  6294.316 	      0.108
  6295.447 	      0.108
  6296.578 	      0.107
  6297.709 	      0.105
  6298.841 	      0.102
  6299.972 	      0.097
  6301.104 	      0.097
  6302.236 	      0.125
  6303.369 	      0.095
  6304.501 	      0.071
  6305.634 	      0.065
  6306.767 	      0.078
  6307.900 	      0.107
  6309.033 	      0.091
  6310.167 	      0.102
  6311.300 	      0.083
  6312.434 	      0.080
  6313.568 	      0.101
  6314.703 	      0.130
  6315.837 	      0.104
  6316.972 	      0.078
  6318.107 	      0.083
  6319.242 	      0.074
  6320.377 	      0.120
  6321.513 	      0.141
  6322.649 	      0.128
  6323.785 	      0.125
  6324.921 	      0.105
  6326.057 	      0.092
  6327.194 	      0.121
  6328.331 	      0.162
  6329.468 	      0.155
  6330.605 	      0.135
  6331.742 	      0.102
  6332.880 	      0.080
  6334.017 	      0.102
  6335.155 	      0.126
  6336.294 	      0.111
  6337.432 	      0.100
  6338.571 	      0.098
  6339.710 	      0.115
  6340.849 	      0.116
  6341.988 	      0.096
  6343.127 	      0.100
  6344.267 	      0.111
  6345.407 	      0.078
  6346.547 	      0.053
  6347.687 	      0.045
  6348.827 	      0.043
  6349.968 	      0.043
  6351.109 	      0.059
  6352.250 	      0.064
  6353.391 	      0.046
  6354.533 	      0.040
  6355.674 	      0.062
  6356.816 	      0.103
  6357.958 	      0.116
  6359.101 	      0.105
  6360.243 	      0.091
  6361.386 	      0.101
  6362.529 	      0.122
  6363.672 	      0.143
  6364.815 	      0.177
  6365.959 	      0.259
  6367.103 	      0.324
  6368.247 	      0.283
  6369.391 	      0.191
  6370.535 	      0.130
  6371.680 	      0.098
  6372.824 	      0.103
  6373.969 	      0.099
  6375.115 	      0.084
  6376.260 	      0.081
  6377.406 	      0.086
  6378.551 	      0.098
  6379.697 	      0.122
  6380.844 	      0.117
  6381.990 	      0.097
  6383.137 	      0.078
  6384.283 	      0.073
  6385.430 	      0.067
  6386.578 	      0.087
  6387.725 	      0.096
  6388.873 	      0.083
  6390.021 	      0.078
  6391.169 	      0.089
  6392.317 	      0.085
  6393.465 	      0.108
  6394.614 	      0.113
  6395.763 	      0.093
  6396.912 	      0.072
  6398.061 	      0.056
  6399.211 	      0.075
  6400.361 	      0.108
  6401.511 	      0.095
  6402.661 	      0.101
  6403.811 	      0.061
  6404.962 	      0.055
  6406.112 	      0.069
  6407.263 	      0.097
  6408.414 	      0.078
  6409.566 	      0.066
  6410.717 	      0.086
  6411.869 	      0.064
  6413.021 	      0.065
  6414.173 	      0.073
  6415.326 	      0.067
  6416.478 	      0.063
  6417.631 	      0.061
  6418.784 	      0.089
  6419.937 	      0.089
  6421.091 	      0.087
  6422.245 	      0.075
  6423.398 	      0.068
  6424.552 	      0.074
  6425.707 	      0.092
  6426.861 	      0.069
  6428.016 	      0.075
  6429.171 	      0.110
  6430.326 	      0.135
  6431.481 	      0.143
  6432.637 	      0.147
  6433.792 	      0.128
  6434.948 	      0.081
  6436.104 	      0.059
  6437.261 	      0.044
  6438.417 	      0.040
  6439.574 	      0.067
  6440.731 	      0.103
  6441.888 	      0.094
  6443.046 	      0.057
  6444.203 	      0.045
  6445.361 	      0.036
  6446.519 	      0.044
  6447.677 	      0.045
  6448.836 	      0.056
  6449.994 	      0.065
  6451.153 	      0.040
  6452.312 	      0.049
  6453.471 	      0.057
  6454.631 	      0.043
  6455.791 	      0.041
  6456.950 	      0.058
  6458.111 	      0.035
  6459.271 	      0.038
  6460.431 	      0.046
  6461.592 	      0.040
  6462.753 	      0.057
  6463.914 	      0.172
  6465.075 	      0.321
  6466.237 	      0.282
  6467.399 	      0.125
  6468.561 	      0.058
  6469.723 	      0.047
  6470.885 	      0.056
  6472.048 	      0.068
  6473.211 	      0.031
  6474.374 	      0.004
  6475.537 	     -0.004
  6476.700 	      0.004
  6477.864 	      0.013
  6479.028 	      0.030
  6480.192 	      0.022
  6481.356 	      0.024
  6482.521 	      0.029
  6483.685 	      0.028
  6484.850 	      0.015
  6486.015 	      0.018
  6487.181 	      0.020
  6488.346 	      0.030
  6489.512 	      0.046
  6490.678 	      0.027
  6491.844 	     -0.002
  6493.010 	     -0.005
  6494.177 	      0.005
  6495.344 	      0.019
  6496.511 	      0.020
  6497.678 	      0.017
  6498.845 	      0.008
  6500.013 	      0.022
  6501.181 	      0.018
  6502.349 	      0.016
  6503.517 	      0.033
  6504.685 	      0.031
  6505.854 	      0.015
  6507.023 	     -0.008
  6508.192 	     -0.017
  6509.361 	      0.011
  6510.531 	      0.014
  6511.700 	      0.012
  6512.870 	      0.008
  6514.041 	      0.001
  6515.211 	      0.002
  6516.381 	      0.011
  6517.552 	     -0.000
  6518.723 	     -0.010
  6519.894 	      0.007
  6521.066 	      0.022
  6522.237 	      0.018
  6523.409 	      0.018
  6524.581 	      0.018
  6525.753 	      0.013
  6526.926 	      0.014
  6528.099 	      0.025
  6529.271 	      0.038
  6530.445 	      0.069
  6531.618 	      0.068
  6532.791 	      0.011
  6533.965 	      0.016
  6535.139 	      0.011
  6536.313 	      0.016
  6537.487 	      0.035
  6538.662 	      0.040
  6539.837 	      0.062
  6541.012 	      0.073
  6542.187 	      0.055
  6543.362 	      0.040
  6544.538 	      0.041
  6545.714 	      0.069
  6546.890 	      0.054
  6548.066 	      0.035
  6549.243 	      0.030
  6550.419 	      0.017
  6551.596 	      0.044
  6552.773 	      0.021
  6553.950 	      0.027
  6555.128 	      0.037
  6556.306 	      0.052
  6557.484 	      0.021
  6558.662 	      0.058
  6559.840 	      0.008
  6561.019 	      0.013
  6562.198 	      0.025
  6563.377 	      0.025
  6564.556 	     -0.008
  6565.735 	     -0.045
  6566.915 	     -0.044
  6568.095 	     -0.043
  6569.275 	     -0.045
  6570.455 	     -0.048
  6571.635 	     -0.051
  6572.816 	     -0.051
  6573.997 	     -0.049
  6575.178 	     -0.044
  6576.359 	     -0.038
  6577.541 	     -0.030
  6578.723 	     -0.020
  6579.905 	     -0.010
  6581.087 	      0.001
  6582.269 	      0.012
  6583.452 	      0.022
  6584.635 	      0.032
  6585.818 	      0.041
  6587.001 	      0.051
  6588.184 	      0.050
  6589.368 	      0.039
  6590.552 	      0.053
  6591.736 	      0.046
  6592.920 	      0.051
  6594.105 	      0.059
  6595.290 	      0.050
  6596.475 	      0.048
  6597.660 	      0.048
  6598.845 	      0.053
  6600.031 	      0.083
  6601.216 	      0.074
  6602.402 	      0.068
  6603.589 	      0.085
  6604.775 	      0.076
  6605.962 	      0.061
  6607.149 	      0.066
  6608.336 	      0.080
  6609.523 	      0.087
  6610.710 	      0.097
  6611.898 	      0.112
  6613.086 	      0.118
  6614.274 	      0.268
  6615.463 	      0.847
  6616.651 	      1.895
  6617.840 	      2.503
  6619.029 	      2.104
  6620.218 	      0.930
  6621.408 	      0.295
  6622.597 	      0.146
  6623.787 	      0.149
  6624.977 	      0.171
  6626.167 	      0.223
  6627.358 	      0.392
  6628.549 	      0.982
  6629.740 	      3.490
  6630.931 	     11.254
  6632.122 	     18.980
  6633.314 	     19.105
  6634.505 	     11.146
  6635.697 	      3.841
  6636.890 	      0.964
  6638.082 	      0.346
  6639.275 	      0.235
  6640.467 	      0.176
  6641.660 	      0.141
  6642.854 	      0.131
  6644.047 	      0.150
  6645.241 	      0.135
  6646.435 	      0.187
  6647.629 	      0.242
  6648.823 	      0.380
  6650.018 	      0.853
  6651.213 	      2.647
  6652.408 	      5.912
  6653.603 	      7.487
  6654.798 	      5.842
  6655.994 	      2.806
  6657.190 	      0.831
  6658.386 	      0.221
  6659.582 	      0.130
  6660.779 	      0.127
  6661.975 	      0.116
  6663.172 	      0.095
  6664.369 	      0.085
  6665.567 	      0.083
  6666.764 	      0.081
  6667.962 	      0.081
  6669.160 	      0.091
  6670.358 	      0.088
  6671.557 	      0.090
  6672.755 	      0.089
  6673.954 	      0.089
  6675.153 	      0.085
  6676.353 	      0.072
  6677.552 	      0.059
  6678.752 	      0.053
  6679.952 	      0.062
  6681.152 	      0.072
  6682.352 	      0.055
  6683.553 	      0.073
  6684.754 	      0.085
  6685.955 	      0.079
  6687.156 	      0.068
  6688.357 	      0.083
  6689.559 	      0.090
  6690.761 	      0.069
  6691.963 	      0.074
  6693.165 	      0.078
  6694.368 	      0.056
  6695.571 	      0.070
  6696.774 	      0.068
  6697.977 	      0.049
  6699.180 	      0.060
  6700.384 	      0.042
  6701.588 	      0.062
  6702.792 	      0.047
  6703.996 	      0.043
  6705.200 	      0.057
  6706.405 	      0.061
  6707.610 	      0.070
  6708.815 	      0.080
  6710.020 	      0.063
  6711.226 	      0.047
  6712.432 	      0.043
  6713.638 	      0.053
  6714.844 	      0.057
  6716.050 	      0.039
  6717.257 	      0.040
  6718.464 	      0.060
  6719.671 	      0.079
  6720.878 	      0.075
  6722.086 	      0.052
  6723.293 	      0.036
  6724.501 	      0.038
  6725.710 	      0.027
  6726.918 	     -0.002
  6728.127 	      0.036
  6729.335 	      0.069
  6730.544 	      0.064
  6731.754 	      0.054
  6732.963 	      0.048
  6734.173 	      0.047
  6735.383 	      0.035
  6736.593 	      0.037
  6737.803 	      0.046
  6739.014 	      0.061
  6740.224 	      0.074
  6741.435 	      0.050
  6742.647 	      0.041
  6743.858 	      0.060
  6745.070 	      0.080
  6746.281 	      0.086
  6747.494 	      0.102
  6748.706 	      0.142
  6749.918 	      0.154
  6751.131 	      0.119
  6752.344 	      0.087
  6753.557 	      0.090
  6754.771 	      0.077
  6755.984 	      0.060
  6757.198 	      0.073
  6758.412 	      0.042
  6759.626 	      0.034
  6760.841 	      0.030
  6762.055 	      0.069
  6763.270 	      0.065
  6764.485 	      0.061
  6765.701 	      0.056
  6766.916 	      0.023
  6768.132 	      0.038
  6769.348 	      0.048
  6770.564 	      0.068
  6771.781 	      0.048
  6772.997 	      0.031
  6774.214 	      0.035
  6775.431 	      0.049
  6776.649 	      0.028
  6777.866 	      0.010
  6779.084 	      0.032
  6780.302 	      0.036
  6781.520 	      0.058
  6782.738 	      0.112
  6783.957 	      0.203
  6785.176 	      0.547
  6786.395 	      1.428
  6787.614 	      2.006
  6788.834 	      1.734
  6790.053 	      0.941
  6791.273 	      0.315
  6792.494 	      0.080
  6793.714 	      0.049
  6794.935 	      0.066
  6796.155 	      0.068
  6797.376 	      0.065
  6798.598 	      0.157
  6799.819 	      0.503
  6801.041 	      1.152
  6802.263 	      1.613
  6803.485 	      1.382
  6804.707 	      0.662
  6805.930 	      0.199
  6807.153 	      0.081
  6808.376 	      0.090
  6809.599 	      0.052
  6810.822 	      0.041
  6812.046 	      0.025
  6813.270 	      0.027
  6814.494 	      0.041
  6815.718 	      0.033
  6816.943 	      0.040
  6818.168 	      0.030
  6819.392 	      0.036
  6820.618 	      0.044
  6821.843 	      0.032
  6823.069 	      0.030
  6824.295 	      0.025
  6825.521 	      0.030
  6826.747 	      0.052
  6827.974 	      0.092
  6829.200 	      0.085
  6830.427 	      0.053
  6831.654 	      0.004
  6832.882 	      0.056
  6834.109 	      0.065
  6835.337 	      0.049
  6836.565 	      0.060
  6837.794 	      0.068
  6839.022 	      0.062
  6840.251 	      0.059
  6841.480 	      0.035
  6842.709 	      0.024
  6843.938 	      0.040
  6845.168 	      0.043
  6846.398 	      0.044
  6847.628 	      0.040
  6848.858 	      0.018
  6850.089 	      0.009
  6851.319 	      0.031
  6852.550 	      0.035
  6853.782 	      0.032
  6855.013 	      0.031
  6856.245 	      0.007
  6857.476 	      0.022
  6858.708 	      0.039
  6859.941 	      0.021
  6861.173 	      0.027
  6862.406 	      0.036
  6863.639 	      0.040
  6864.872 	     -0.006
  6866.105 	     -0.122
  6867.339 	     -0.207
  6868.573 	     -0.251
  6869.807 	     -0.262
  6871.041 	     -0.251
  6872.276 	     -0.218
  6873.510 	     -0.172
  6874.745 	     -0.137
  6875.980 	     -0.144
  6877.216 	     -0.141
  6878.451 	     -0.096
  6879.687 	     -0.042
  6880.923 	     -0.003
  6882.159 	     -0.016
  6883.396 	     -0.056
  6884.633 	     -0.071
  6885.870 	     -0.080
  6887.107 	     -0.072
  6888.344 	     -0.079
  6889.582 	     -0.067
  6890.820 	     -0.098
  6892.058 	     -0.081
  6893.296 	     -0.055
  6894.534 	     -0.075
  6895.773 	     -0.079
  6897.012 	     -0.065
  6898.251 	     -0.074
  6899.490 	     -0.072
  6900.730 	     -0.083
  6901.970 	     -0.070
  6903.210 	     -0.054
  6904.450 	     -0.063
  6905.691 	     -0.043
  6906.931 	     -0.035
  6908.172 	     -0.049
  6909.413 	     -0.038
  6910.655 	     -0.027
  6911.896 	     -0.032
  6913.138 	     -0.047
  6914.380 	     -0.036
  6915.623 	     -0.024
  6916.865 	     -0.019
  6918.108 	     -0.004
  6919.351 	      0.004
  6920.594 	      0.019
  6921.837 	     -0.003
  6923.081 	     -0.010
  6924.325 	      0.004
  6925.569 	      0.008
  6926.813 	     -0.005
  6928.058 	     -0.021
  6929.302 	     -0.032
  6930.547 	      0.005
  6931.792 	      0.006
  6933.038 	     -0.025
  6934.284 	     -0.024
  6935.529 	      0.002
  6936.775 	     -0.007
  6938.022 	     -0.037
  6939.268 	     -0.058
  6940.515 	     -0.026
  6941.762 	     -0.036
  6943.009 	     -0.032
  6944.257 	      0.006
  6945.504 	      0.007
  6946.752 	     -0.001
  6948.000 	     -0.010
  6949.248 	     -0.012
  6950.497 	      0.022
  6951.746 	      0.000
  6952.995 	     -0.026
  6954.244 	     -0.029
  6955.493 	     -0.006
  6956.743 	      0.014
  6957.993 	      0.018
  6959.243 	      0.000
  6960.493 	      0.010
  6961.744 	      0.002
  6962.995 	      0.000
  6964.246 	      0.022
  6965.497 	      0.018
  6966.748 	      0.019
  6968.000 	      0.022
  6969.252 	      0.034
  6970.504 	      0.031
  6971.756 	      0.038
  6973.009 	      0.048
  6974.262 	      0.033
  6975.515 	      0.027
  6976.768 	      0.013
  6978.022 	      0.027
  6979.275 	      0.029
  6980.529 	      0.018
  6981.783 	      0.021
  6983.038 	      0.026
  6984.292 	      0.019
  6985.547 	      0.008
  6986.802 	      0.000
  6988.058 	     -0.011
  6989.313 	     -0.006
  6990.569 	      0.004
  6991.825 	      0.017
  6993.081 	      0.001
  6994.337 	      0.006
  6995.594 	      0.005
  6996.851 	      0.018
  6998.108 	     -0.021
  6999.365 	     -0.004
  7000.623 	      0.004
  7001.881 	      0.005
  7003.139 	      0.011
  7004.397 	      0.003
  7005.655 	     -0.004
  7006.914 	     -0.015
  7008.173 	     -0.008
  7009.432 	     -0.007
  7010.691 	     -0.003
  7011.951 	     -0.011
  7013.211 	     -0.010
  7014.471 	     -0.005
  7015.731 	      0.001
  7016.991 	     -0.005
  7018.252 	     -0.007
  7019.513 	      0.005
  7020.774 	      0.007
  7022.036 	     -0.008
  7023.297 	     -0.017
  7024.559 	     -0.023
  7025.821 	     -0.017
  7027.083 	     -0.015
  7028.346 	     -0.025
  7029.609 	     -0.017
  7030.872 	      0.013
  7032.135 	      0.041
  7033.398 	      0.036
  7034.662 	      0.016
  7035.926 	     -0.008
  7037.190 	     -0.009
  7038.454 	     -0.001
  7039.719 	      0.003
  7040.984 	      0.016
  7042.249 	      0.018
  7043.514 	      0.021
  7044.779 	      0.024
  7046.045 	      0.019
  7047.311 	      0.012
  7048.577 	     -0.016
  7049.844 	     -0.002
  7051.110 	     -0.012
  7052.377 	      0.005
  7053.644 	      0.027
  7054.911 	      0.060
  7056.179 	      0.031
  7057.447 	      0.034
  7058.715 	      0.012
  7059.983 	      0.026
  7061.251 	      0.004
  7062.520 	      0.017
  7063.789 	      0.016
  7065.058 	     -0.012
  7066.327 	      0.007
  7067.597 	      0.012
  7068.867 	      0.018
  7070.137 	      0.020
  7071.407 	     -0.007
  7072.677 	     -0.012
  7073.948 	      0.008
  7075.219 	      0.015
  7076.490 	     -0.006
  7077.762 	     -0.014
  7079.033 	     -0.004
  7080.305 	      0.010
  7081.577 	      0.025
  7082.850 	      0.035
  7084.122 	      0.019
  7085.395 	      0.019
  7086.668 	      0.037
  7087.941 	      0.022
  7089.214 	      0.017
  7090.488 	      0.007
  7091.762 	      0.003
  7093.036 	      0.008
  7094.311 	      0.026
  7095.585 	      0.041
  7096.860 	      0.023
  7098.135 	      0.012
  7099.410 	      0.011
  7100.686 	      0.015
  7101.962 	      0.019
  7103.238 	      0.021
  7104.514 	      0.020
  7105.790 	     -0.007
  7107.067 	      0.017
  7108.344 	      0.039
  7109.621 	      0.011
  7110.898 	      0.007
  7112.176 	      0.016
  7113.454 	      0.012
  7114.732 	      0.017
  7116.010 	      0.036
  7117.288 	      0.021
  7118.567 	      0.004
  7119.846 	      0.020
  7121.125 	      0.017
  7122.405 	      0.019
  7123.684 	      0.024
  7124.964 	      0.013
  7126.244 	     -0.004
  7127.525 	     -0.007
  7128.805 	     -0.002
  7130.086 	      0.023
  7131.367 	      0.014
  7132.648 	      0.006
  7133.930 	      0.021
  7135.212 	      0.015
  7136.494 	      0.015
  7137.776 	      0.031
  7139.058 	      0.053
  7140.341 	      0.049
  7141.624 	      0.022
  7142.907 	      0.007
  7144.190 	      0.015
  7145.474 	      0.030
  7146.757 	      0.036
  7148.041 	      0.018
  7149.326 	     -0.000
  7150.610 	      0.003
  7151.895 	      0.015
  7153.180 	      0.032
  7154.465 	      0.027
  7155.750 	      0.022
  7157.036 	     -0.005
  7158.322 	     -0.016
  7159.608 	     -0.003
  7160.894 	      0.015
  7162.181 	     -0.006
  7163.468 	      0.007
  7164.755 	     -0.005
  7166.042 	     -0.003
  7167.329 	     -0.026
  7168.617 	     -0.018
  7169.905 	     -0.026
  7171.193 	     -0.070
  7172.482 	     -0.057
  7173.770 	     -0.060
  7175.059 	     -0.086
  7176.348 	     -0.098
  7177.638 	     -0.085
  7178.927 	     -0.045
  7180.217 	     -0.048
  7181.507 	     -0.076
  7182.797 	     -0.101
  7184.088 	     -0.165
  7185.379 	     -0.178
  7186.670 	     -0.115
  7187.961 	     -0.083
  7189.252 	     -0.070
  7190.544 	     -0.105
  7191.836 	     -0.134
  7193.128 	     -0.120
  7194.420 	     -0.073
  7195.713 	     -0.080
  7197.006 	     -0.092
  7198.299 	     -0.125
  7199.592 	     -0.127
  7200.885 	     -0.124
  7202.179 	     -0.098
  7203.473 	     -0.091
  7204.767 	     -0.110
  7206.062 	     -0.084
  7207.356 	     -0.044
  7208.651 	      0.004
  7209.947 	      0.032
  7211.242 	      0.051
  7212.538 	      0.046
  7213.833 	     -0.004
  7215.129 	     -0.033
  7216.426 	     -0.028
  7217.722 	     -0.061
  7219.019 	     -0.048
  7220.316 	     -0.030
  7221.613 	     -0.035
  7222.911 	     -0.056
  7224.208 	     -0.049
  7225.506 	     -0.081
  7226.805 	     -0.040
  7228.103 	     -0.023
  7229.402 	     -0.024
  7230.700 	     -0.080
  7232.000 	     -0.095
  7233.299 	     -0.128
  7234.599 	     -0.129
  7235.898 	     -0.075
  7237.198 	     -0.020
  7238.499 	     -0.034
  7239.799 	     -0.084
  7241.100 	     -0.096
  7242.401 	     -0.094
  7243.702 	     -0.080
  7245.003 	     -0.052
  7246.305 	     -0.056
  7247.607 	     -0.063
  7248.909 	     -0.064
  7250.212 	     -0.092
  7251.514 	     -0.127
  7252.817 	     -0.103
  7254.120 	     -0.060
  7255.423 	     -0.043
  7256.727 	     -0.077
  7258.031 	     -0.085
  7259.335 	     -0.065
  7260.639 	     -0.037
  7261.943 	     -0.059
  7263.248 	     -0.107
  7264.553 	     -0.108
  7265.858 	     -0.062
  7267.164 	     -0.033
  7268.469 	     -0.036
  7269.775 	     -0.068
  7271.081 	     -0.082
  7272.388 	     -0.093
  7273.694 	     -0.055
  7275.001 	     -0.067
  7276.308 	     -0.096
  7277.616 	     -0.139
  7278.923 	     -0.098
  7280.231 	     -0.057
  7281.539 	     -0.054
  7282.847 	     -0.022
  7284.156 	     -0.040
  7285.464 	     -0.075
  7286.773 	     -0.091
  7288.082 	     -0.106
  7289.392 	     -0.107
  7290.701 	     -0.079
  7292.011 	     -0.073
  7293.321 	     -0.080
  7294.632 	     -0.077
  7295.942 	     -0.065
  7297.253 	     -0.063
  7298.564 	     -0.081
  7299.876 	     -0.096
  7301.187 	     -0.088
  7302.499 	     -0.084
  7303.811 	     -0.087
  7305.123 	     -0.054
  7306.436 	     -0.037
  7307.748 	     -0.038
  7309.061 	     -0.052
  7310.374 	     -0.043
  7311.688 	     -0.022
  7313.002 	     -0.019
  7314.315 	     -0.024
  7315.630 	     -0.075
  7316.944 	     -0.083
  7318.259 	     -0.063
  7319.573 	     -0.036
  7320.888 	     -0.030
  7322.204 	     -0.032
  7323.519 	     -0.034
  7324.835 	     -0.011
  7326.151 	     -0.017
  7327.467 	     -0.040
  7328.784 	     -0.020
  7330.101 	     -0.018
