WV      	 Sigma   
4176.646	    0.004
4177.397	    0.007
4178.147	    0.010
4178.898	    0.012
4179.649	    0.014
4180.400	    0.015
4181.151	    0.016
4181.902	    0.016
4182.653	    0.015
4183.405	    0.013
4184.157	    0.011
4184.908	    0.010
4185.660	    0.009
4186.412	    0.010
4187.164	    0.012
4187.917	    0.014
4188.669	    0.014
4189.422	    0.012
4190.174	    0.009
4190.927	    0.004
4191.680	    0.012
4192.433	    0.012
4193.186	    0.013
4193.940	    0.016
4194.693	    0.014
4195.447	    0.003
4196.201	    0.010
4196.955	    0.010
4197.709	    0.009
4198.463	    0.007
4199.217	    0.004
4199.972	    0.008
4200.726	    0.007
4201.481	    0.010
4202.236	    0.011
4202.991	    0.011
4203.746	    0.009
4204.501	    0.008
4205.257	    0.008
4206.012	    0.011
4206.768	    0.010
4207.524	    0.009
4208.280	    0.008
4209.036	    0.009
4209.792	    0.011
4210.548	    0.011
4211.305	    0.011
4212.061	    0.010
4212.818	    0.009
4213.575	    0.006
4214.332	    0.012
4215.089	    0.012
4215.846	    0.006
4216.604	    0.003
4217.361	    0.004
4218.119	    0.010
4218.877	    0.008
4219.635	    0.009
4220.393	    0.010
4221.151	    0.009
4221.910	    0.006
4222.668	    0.007
4223.427	    0.009
4224.186	    0.003
4224.945	    0.011
4225.704	    0.009
4226.463	    0.007
4227.222	    0.007
4227.982	    0.006
4228.741	    0.006
4229.501	    0.003
4230.261	    0.010
4231.021	    0.006
4231.781	    0.010
4232.542	    0.010
4233.302	    0.004
4234.063	    0.006
4234.823	    0.006
4235.584	    0.006
4236.345	    0.005
4237.106	    0.013
4237.868	    0.017
4238.629	    0.015
4239.390	    0.005
4240.152	    0.010
4240.914	    0.004
4241.676	    0.006
4242.438	    0.003
4243.200	    0.003
4243.963	    0.012
4244.725	    0.013
4245.488	    0.013
4246.250	    0.011
4247.013	    0.006
4247.776	    0.005
4248.540	    0.006
4249.303	    0.010
4250.066	    0.007
4250.830	    0.007
4251.594	    0.007
4252.357	    0.009
4253.121	    0.008
4253.886	    0.004
4254.650	    0.009
4255.414	    0.016
4256.179	    0.008
4256.944	    0.010
4257.708	    0.007
4258.473	    0.007
4259.238	    0.015
4260.004	    0.012
4260.769	    0.011
4261.535	    0.010
4262.300	    0.006
4263.066	    0.010
4263.832	    0.012
4264.598	    0.014
4265.364	    0.014
4266.130	    0.014
4266.897	    0.014
4267.664	    0.012
4268.430	    0.008
4269.197	    0.015
4269.964	    0.016
4270.731	    0.015
4271.499	    0.011
4272.266	    0.006
4273.034	    0.007
4273.801	    0.006
4274.569	    0.004
4275.337	    0.012
4276.105	    0.012
4276.874	    0.011
4277.642	    0.008
4278.411	    0.013
4279.179	    0.011
4279.948	    0.011
4280.717	    0.012
4281.486	    0.011
4282.255	    0.011
4283.025	    0.011
4283.794	    0.011
4284.564	    0.011
4285.334	    0.015
4286.104	    0.017
4286.874	    0.017
4287.644	    0.015
4288.414	    0.012
4289.185	    0.010
4289.955	    0.011
4290.726	    0.015
4291.497	    0.017
4292.268	    0.020
4293.039	    0.021
4293.811	    0.020
4294.582	    0.013
4295.354	    0.011
4296.125	    0.011
4296.897	    0.012
4297.669	    0.016
4298.441	    0.006
4299.214	    0.004
4299.986	    0.006
4300.759	    0.014
4301.531	    0.008
4302.304	    0.007
4303.077	    0.009
4303.850	    0.013
4304.623	    0.018
4305.397	    0.018
4306.170	    0.017
4306.944	    0.014
4307.718	    0.004
4308.492	    0.014
4309.266	    0.016
4310.040	    0.016
4310.814	    0.014
4311.589	    0.016
4312.364	    0.018
4313.138	    0.018
4313.913	    0.017
4314.688	    0.014
4315.464	    0.015
4316.239	    0.016
4317.014	    0.016
4317.790	    0.018
4318.566	    0.018
4319.342	    0.017
4320.118	    0.017
4320.894	    0.020
4321.670	    0.015
4322.447	    0.014
4323.223	    0.014
4324.000	    0.012
4324.777	    0.013
4325.554	    0.019
4326.331	    0.018
4327.108	    0.016
4327.886	    0.014
4328.663	    0.012
4329.441	    0.016
4330.219	    0.020
4330.997	    0.025
4331.775	    0.020
4332.553	    0.019
4333.332	    0.019
4334.110	    0.019
4334.889	    0.020
4335.668	    0.023
4336.447	    0.020
4337.226	    0.018
4338.005	    0.022
4338.784	    0.017
4339.564	    0.022
4340.344	    0.022
4341.123	    0.019
4341.903	    0.019
4342.683	    0.018
4343.464	    0.017
4344.244	    0.017
4345.024	    0.018
4345.805	    0.020
4346.586	    0.021
4347.367	    0.020
4348.148	    0.019
4348.929	    0.017
4349.710	    0.020
4350.492	    0.020
4351.274	    0.020
4352.055	    0.019
4352.837	    0.018
4353.619	    0.019
4354.402	    0.020
4355.184	    0.019
4355.966	    0.018
4356.749	    0.016
4357.532	    0.012
4358.315	    0.010
4359.098	    0.013
4359.881	    0.017
4360.664	    0.016
4361.448	    0.014
4362.231	    0.012
4363.015	    0.017
4363.799	    0.016
4364.583	    0.018
4365.367	    0.020
4366.151	    0.020
4366.936	    0.020
4367.720	    0.022
4368.505	    0.020
4369.290	    0.011
4370.075	    0.018
4370.860	    0.014
4371.645	    0.013
4372.431	    0.015
4373.216	    0.019
4374.002	    0.017
4374.788	    0.012
4375.574	    0.010
4376.360	    0.008
4377.146	    0.011
4377.933	    0.006
4378.719	    0.014
4379.506	    0.017
4380.293	    0.016
4381.080	    0.015
4390.535	    0.010
4391.324	    0.017
4392.113	    0.012
4392.902	    0.010
4393.691	    0.012
4394.480	    0.018
4395.270	    0.013
4396.059	    0.014
4396.849	    0.015
4397.639	    0.014
4398.429	    0.012
4399.220	    0.018
4400.010	    0.019
4400.801	    0.017
4401.591	    0.013
4402.382	    0.011
4403.173	    0.014
4403.964	    0.017
4404.755	    0.019
4405.547	    0.020
4406.338	    0.017
4407.130	    0.017
4407.922	    0.017
4408.714	    0.016
4409.506	    0.012
4410.298	    0.023
4411.090	    0.021
4411.883	    0.019
4412.675	    0.016
4413.468	    0.011
4414.261	    0.014
4415.054	    0.011
4415.848	    0.011
4416.641	    0.015
4417.434	    0.012
4418.228	    0.017
4419.022	    0.016
4419.816	    0.013
4420.610	    0.012
4421.404	    0.003
4422.199	    0.010
4422.993	    0.011
4423.788	    0.012
4424.583	    0.014
4425.377	    0.013
4426.173	    0.016
4426.968	    0.016
4427.763	    0.014
4428.559	    0.014
4429.354	    0.014
4430.150	    0.014
4430.946	    0.012
4431.742	    0.010
4432.538	    0.008
4433.335	    0.012
4434.131	    0.011
4434.928	    0.011
4435.725	    0.014
4436.522	    0.012
4437.319	    0.013
4438.116	    0.011
4438.913	    0.007
4439.711	    0.004
4440.509	    0.012
4441.306	    0.010
4442.104	    0.007
4442.902	    0.006
4443.701	    0.011
4444.499	    0.017
4445.298	    0.017
4446.096	    0.016
4446.895	    0.016
4447.694	    0.013
4448.493	    0.014
4449.292	    0.013
4450.092	    0.008
4450.891	    0.007
4451.691	    0.007
4452.491	    0.008
4453.291	    0.003
4454.091	    0.006
4454.891	    0.015
4455.691	    0.010
4456.492	    0.008
4457.293	    0.010
4458.093	    0.012
4458.894	    0.013
4459.695	    0.013
4460.497	    0.010
4461.298	    0.007
4462.100	    0.003
4462.901	    0.007
4463.703	    0.007
4464.505	    0.010
4465.307	    0.006
4466.109	    0.008
4466.912	    0.005
4467.714	    0.005
4468.517	    0.010
4469.320	    0.012
4470.123	    0.013
4470.926	    0.014
4471.729	    0.014
4472.533	    0.013
4473.336	    0.014
4474.140	    0.015
4474.944	    0.014
4475.748	    0.012
4476.552	    0.011
4477.356	    0.009
4478.161	    0.007
4478.965	    0.004
4479.770	    0.004
4480.575	    0.003
4481.380	    0.005
4482.185	    0.009
4482.990	    0.012
4483.796	    0.013
4484.601	    0.013
4485.407	    0.012
4486.213	    0.009
4487.019	    0.004
4487.825	    0.004
4488.631	    0.005
4489.438	    0.005
4490.244	    0.007
4491.051	    0.010
4491.858	    0.011
4492.665	    0.012
4493.472	    0.012
4494.280	    0.011
4495.087	    0.009
4495.895	    0.007
4496.702	    0.003
4497.510	    0.004
4498.318	    0.007
4499.127	    0.007
4499.935	    0.014
4500.743	    0.013
4501.552	    0.013
4502.361	    0.013
4503.170	    0.012
4503.979	    0.010
4504.788	    0.006
4505.597	    0.003
4506.407	    0.003
4507.216	    0.003
4508.026	    0.005
4508.836	    0.003
4509.646	    0.005
4510.456	    0.006
4511.267	    0.005
4512.077	    0.007
4512.888	    0.007
4513.699	    0.007
4514.510	    0.007
4515.321	    0.006
4516.132	    0.003
4516.943	    0.004
4517.755	    0.004
4518.567	    0.006
4519.379	    0.004
4520.191	    0.007
4521.003	    0.004
4521.815	    0.007
4522.627	    0.009
4523.440	    0.008
4524.253	    0.005
4525.065	    0.009
4525.878	    0.010
4526.692	    0.008
4527.505	    0.006
4528.318	    0.008
4529.132	    0.003
4529.946	    0.010
4530.759	    0.011
4531.573	    0.009
4532.388	    0.004
4533.202	    0.010
4534.016	    0.003
4534.831	    0.010
4535.646	    0.012
4536.461	    0.008
4537.276	    0.008
4538.091	    0.011
4538.906	    0.011
4539.722	    0.006
4540.537	    0.008
4541.353	    0.005
4542.169	    0.009
4542.985	    0.008
4543.801	    0.004
4544.618	    0.010
4545.434	    0.009
4546.251	    0.004
4547.068	    0.008
4547.885	    0.007
4548.702	    0.015
4549.519	    0.014
4550.336	    0.011
4551.154	    0.010
4551.972	    0.010
4552.789	    0.009
4553.607	    0.008
4554.425	    0.009
4555.244	    0.012
4556.062	    0.011
4556.881	    0.010
4557.699	    0.006
4558.518	    0.004
4559.337	    0.008
4560.156	    0.004
4560.976	    0.007
4561.795	    0.006
4562.615	    0.007
4563.435	    0.010
4564.254	    0.007
4565.074	    0.008
4565.895	    0.010
4566.715	    0.010
4567.535	    0.005
4568.356	    0.011
4569.177	    0.009
4569.998	    0.003
4570.819	    0.008
4571.640	    0.011
4572.461	    0.006
4573.283	    0.008
4574.105	    0.008
4574.926	    0.004
4575.748	    0.006
4576.570	    0.009
4577.393	    0.006
4578.215	    0.004
4579.038	    0.004
4579.860	    0.003
4580.683	    0.006
4581.506	    0.010
4582.329	    0.012
4583.153	    0.012
4583.976	    0.013
4584.800	    0.015
4585.623	    0.010
4586.447	    0.014
4587.271	    0.014
4588.095	    0.011
4588.920	    0.007
4589.744	    0.012
4590.569	    0.013
4591.394	    0.011
4592.219	    0.010
4593.044	    0.008
4593.869	    0.004
4594.694	    0.004
4595.520	    0.011
4596.345	    0.013
4597.171	    0.015
4597.997	    0.015
4598.823	    0.012
4599.649	    0.009
4600.476	    0.006
4601.302	    0.007
4602.129	    0.010
4602.956	    0.012
4603.783	    0.011
4604.610	    0.010
4605.437	    0.009
4606.265	    0.011
4607.092	    0.014
4607.920	    0.016
4608.748	    0.011
4609.576	    0.003
4610.404	    0.009
4611.232	    0.009
4612.061	    0.007
4612.890	    0.007
4613.718	    0.010
4614.547	    0.012
4615.376	    0.014
4616.206	    0.014
4617.035	    0.008
4617.864	    0.007
4618.694	    0.007
4619.524	    0.008
4620.354	    0.010
4621.184	    0.010
4622.014	    0.014
4622.845	    0.013
4623.675	    0.009
4624.506	    0.010
4625.337	    0.011
4626.168	    0.008
4626.999	    0.008
4627.830	    0.012
4628.662	    0.014
4629.493	    0.013
4630.325	    0.012
4631.157	    0.012
4631.989	    0.011
4632.821	    0.014
4633.654	    0.015
4634.486	    0.013
4635.319	    0.009
4636.152	    0.013
4636.985	    0.016
4637.818	    0.008
4638.651	    0.008
4639.484	    0.006
4640.318	    0.012
4641.152	    0.020
4641.985	    0.019
4642.819	    0.012
4643.654	    0.011
4644.488	    0.014
4645.322	    0.016
4646.157	    0.004
4646.992	    0.007
4647.827	    0.006
4648.662	    0.004
4649.497	    0.006
4650.332	    0.008
4651.168	    0.003
4652.003	    0.004
4652.839	    0.008
4653.675	    0.012
4654.511	    0.014
4655.347	    0.013
4656.184	    0.011
4657.020	    0.012
4657.857	    0.013
4658.694	    0.014
4659.531	    0.013
4660.368	    0.010
4661.205	    0.008
4662.043	    0.008
4662.881	    0.011
4663.718	    0.011
4664.556	    0.009
4665.394	    0.011
4666.232	    0.013
4667.071	    0.008
4667.909	    0.010
4668.748	    0.011
4669.587	    0.012
4670.426	    0.013
4671.265	    0.006
4672.104	    0.010
4672.944	    0.007
4673.783	    0.005
4674.623	    0.008
4675.463	    0.009
4676.303	    0.009
4677.143	    0.011
4677.983	    0.008
4678.824	    0.006
4679.664	    0.006
4680.505	    0.008
4681.346	    0.008
4682.187	    0.004
4683.028	    0.011
4683.870	    0.011
4684.711	    0.007
4685.553	    0.003
4686.395	    0.012
4687.237	    0.008
4688.079	    0.010
4688.921	    0.010
4689.764	    0.010
4690.606	    0.010
4691.449	    0.009
4692.292	    0.010
4693.135	    0.012
4693.978	    0.010
4694.821	    0.004
4695.665	    0.003
4696.508	    0.008
4697.352	    0.007
4698.196	    0.008
4699.040	    0.012
4699.885	    0.014
4700.729	    0.010
4701.574	    0.007
4702.418	    0.004
4703.263	    0.006
4704.108	    0.007
4704.953	    0.009
4705.799	    0.011
4706.644	    0.008
4707.490	    0.011
4708.335	    0.006
4709.181	    0.004
4710.027	    0.007
4710.874	    0.008
4711.720	    0.004
4712.567	    0.008
4713.413	    0.010
4714.260	    0.010
4715.107	    0.010
4715.954	    0.010
4716.802	    0.008
4717.649	    0.006
4718.497	    0.010
4719.344	    0.006
4720.192	    0.004
4721.040	    0.010
4721.888	    0.012
4722.737	    0.011
4723.585	    0.007
4724.434	    0.012
4725.283	    0.012
4726.132	    0.009
4726.981	    0.006
4727.830	    0.010
4728.680	    0.004
4729.529	    0.008
4730.379	    0.003
4731.229	    0.006
4732.079	    0.004
4732.929	    0.012
4733.779	    0.009
4734.630	    0.007
4735.480	    0.004
4736.331	    0.004
4737.182	    0.010
4738.033	    0.014
4738.885	    0.014
4739.736	    0.009
4740.588	    0.007
4741.439	    0.008
4742.291	    0.008
4743.143	    0.010
4743.995	    0.015
4744.848	    0.017
4745.700	    0.007
4746.553	    0.009
4747.406	    0.003
4748.259	    0.004
4749.112	    0.010
4749.965	    0.011
4750.818	    0.008
4751.672	    0.012
4752.526	    0.009
4753.379	    0.008
4754.233	    0.009
4755.088	    0.007
4755.942	    0.010
4756.796	    0.013
4757.651	    0.008
4758.506	    0.005
4759.361	    0.008
4760.216	    0.012
4761.071	    0.013
4761.926	    0.014
4762.782	    0.013
4763.638	    0.013
4764.494	    0.013
4765.350	    0.013
4766.206	    0.013
4767.062	    0.016
4767.919	    0.010
4768.775	    0.008
4769.632	    0.010
4770.489	    0.010
4771.346	    0.008
4772.203	    0.005
4773.061	    0.008
4773.918	    0.014
4774.776	    0.015
4775.634	    0.013
4776.492	    0.011
4777.350	    0.011
4778.208	    0.013
4779.067	    0.014
4779.925	    0.009
4780.784	    0.009
4781.643	    0.010
4782.502	    0.009
4783.361	    0.007
4784.221	    0.006
4785.080	    0.011
4785.940	    0.010
4786.800	    0.008
4787.660	    0.009
4788.520	    0.010
4789.381	    0.008
4790.241	    0.011
4791.102	    0.012
4791.962	    0.011
4792.823	    0.003
4793.684	    0.005
4794.546	    0.011
4795.407	    0.013
4796.269	    0.006
4797.130	    0.007
4797.992	    0.014
4798.854	    0.010
4799.717	    0.007
4800.579	    0.009
4801.441	    0.012
4802.304	    0.012
4803.167	    0.011
4804.030	    0.004
4804.893	    0.008
4805.756	    0.007
4806.620	    0.008
4807.483	    0.011
4808.347	    0.003
4809.211	    0.006
4810.075	    0.007
4810.939	    0.011
4811.803	    0.008
4812.668	    0.006
4813.533	    0.003
4814.397	    0.009
4815.262	    0.005
4816.128	    0.009
4816.993	    0.004
4817.858	    0.008
4818.724	    0.011
4819.590	    0.007
4820.456	    0.012
4821.322	    0.014
4822.188	    0.009
4823.054	    0.012
4823.921	    0.010
4824.787	    0.008
4825.654	    0.012
4826.521	    0.011
4827.388	    0.008
4828.256	    0.008
4829.123	    0.011
4829.991	    0.013
4830.859	    0.014
4831.727	    0.012
4832.595	    0.005
4833.463	    0.004
4834.331	    0.007
4835.200	    0.004
4836.069	    0.007
4836.937	    0.007
4837.806	    0.008
4838.676	    0.011
4839.545	    0.013
4840.415	    0.008
4841.284	    0.004
4842.154	    0.004
4843.024	    0.006
4843.894	    0.007
4844.764	    0.009
4845.635	    0.012
4846.505	    0.012
4847.376	    0.009
4848.247	    0.003
4849.118	    0.004
4849.989	    0.009
4850.861	    0.010
4851.732	    0.010
4852.604	    0.011
4853.476	    0.010
4854.348	    0.007
4855.220	    0.008
4856.092	    0.008
4856.965	    0.009
4857.837	    0.013
4858.710	    0.010
4859.583	    0.008
4860.456	    0.010
4861.329	    0.012
4862.203	    0.012
4863.076	    0.013
4863.950	    0.016
4864.824	    0.016
4865.698	    0.016
4866.572	    0.007
4867.447	    0.010
4868.321	    0.013
4869.196	    0.015
4870.071	    0.012
4870.946	    0.008
4871.821	    0.008
4872.696	    0.014
4873.571	    0.014
4874.447	    0.015
4875.323	    0.015
4876.199	    0.014
4877.075	    0.014
4877.951	    0.015
4878.827	    0.013
4879.704	    0.017
4880.581	    0.015
4881.458	    0.015
4882.335	    0.016
4883.212	    0.017
4884.089	    0.017
4884.967	    0.017
4885.844	    0.009
4886.722	    0.014
4887.600	    0.014
4888.478	    0.011
4889.356	    0.008
4890.235	    0.011
4891.114	    0.015
4891.992	    0.012
4892.871	    0.011
4893.750	    0.018
4894.630	    0.017
4895.509	    0.017
4896.388	    0.019
4897.268	    0.019
4898.148	    0.017
4899.028	    0.016
4899.908	    0.021
4900.789	    0.019
4901.669	    0.018
4902.550	    0.017
4903.431	    0.016
4904.312	    0.014
4905.193	    0.014
4906.074	    0.016
4906.955	    0.007
4907.837	    0.024
4908.719	    0.037
4909.601	    0.049
4910.483	    0.056
4911.365	    0.057
4912.247	    0.052
4913.130	    0.043
4914.013	    0.029
4914.896	    0.016
4915.779	    0.008
4916.662	    0.016
4917.545	    0.019
4918.429	    0.020
4919.312	    0.019
4920.196	    0.019
4921.080	    0.017
4921.964	    0.014
4922.849	    0.016
4923.733	    0.018
4924.618	    0.016
4925.502	    0.014
4926.387	    0.015
4927.273	    0.019
4928.158	    0.017
4929.043	    0.017
4929.929	    0.019
4930.815	    0.017
4931.700	    0.015
4932.586	    0.015
4933.473	    0.017
4934.359	    0.017
4935.246	    0.015
4936.132	    0.012
4937.019	    0.015
4937.906	    0.018
4938.793	    0.017
4939.681	    0.015
4940.568	    0.013
4941.456	    0.014
4942.344	    0.015
4943.232	    0.019
4944.120	    0.018
4945.008	    0.018
4945.896	    0.017
4946.785	    0.020
4947.674	    0.022
4948.563	    0.019
4949.452	    0.010
4950.341	    0.013
4951.230	    0.016
4952.120	    0.015
4953.010	    0.014
4953.900	    0.017
4954.790	    0.018
4955.680	    0.017
4956.570	    0.017
4957.461	    0.016
4958.351	    0.019
4959.242	    0.015
4960.133	    0.016
4961.024	    0.017
4961.916	    0.017
4962.807	    0.015
4963.699	    0.012
4964.591	    0.015
4965.483	    0.015
4966.375	    0.015
4967.267	    0.017
4968.159	    0.017
4969.052	    0.013
4969.945	    0.014
4970.838	    0.014
4971.731	    0.013
4972.624	    0.017
4973.518	    0.018
4974.411	    0.016
4975.305	    0.016
4976.199	    0.020
4977.093	    0.021
4977.987	    0.016
4978.881	    0.012
4979.776	    0.014
4980.671	    0.013
4981.565	    0.012
4982.460	    0.015
4983.356	    0.016
4984.251	    0.014
4985.146	    0.014
4986.042	    0.016
4986.938	    0.017
4987.834	    0.015
4988.730	    0.015
4989.626	    0.018
4990.523	    0.020
4991.419	    0.018
4992.316	    0.017
4993.213	    0.019
4994.110	    0.020
4995.007	    0.018
4995.905	    0.016
4996.802	    0.017
4997.700	    0.018
4998.598	    0.019
4999.496	    0.019
5000.394	    0.018
5001.293	    0.018
5002.191	    0.018
5003.090	    0.016
5003.989	    0.010
5004.888	    0.003
5005.787	    0.004
5006.687	    0.008
5007.586	    0.015
5008.486	    0.017
5009.386	    0.018
5010.286	    0.016
5011.186	    0.011
5012.086	    0.004
5012.987	    0.009
5013.887	    0.013
5014.788	    0.013
5015.689	    0.014
5016.590	    0.015
5017.492	    0.015
5018.393	    0.015
5019.295	    0.016
5020.197	    0.016
5021.098	    0.015
5022.001	    0.013
5022.903	    0.015
5023.805	    0.014
5024.708	    0.015
5025.611	    0.014
5026.514	    0.015
5027.417	    0.016
5028.320	    0.016
5029.223	    0.017
5030.127	    0.017
5031.031	    0.013
5031.935	    0.015
5032.839	    0.014
5033.743	    0.016
5034.647	    0.011
5035.552	    0.010
5036.456	    0.014
5037.361	    0.017
5038.266	    0.016
5039.172	    0.013
5040.077	    0.016
5040.982	    0.017
5041.888	    0.014
5042.794	    0.011
5043.700	    0.017
5044.606	    0.018
5045.513	    0.018
5046.419	    0.016
5047.326	    0.012
5048.233	    0.010
5049.140	    0.010
5050.047	    0.011
5050.954	    0.012
5051.861	    0.015
5052.769	    0.009
5053.677	    0.010
5054.585	    0.016
5055.493	    0.024
5056.401	    0.031
5057.310	    0.035
5058.218	    0.035
5059.127	    0.033
5060.036	    0.025
5060.945	    0.018
5061.855	    0.011
5062.764	    0.006
5063.674	    0.004
5064.583	    0.004
5065.493	    0.008
5066.403	    0.011
5067.314	    0.013
5068.224	    0.016
5069.135	    0.012
5070.045	    0.010
5070.956	    0.015
5071.867	    0.016
5072.779	    0.012
5073.690	    0.011
5074.602	    0.010
5075.513	    0.006
5076.425	    0.011
5077.337	    0.011
5078.249	    0.003
5079.162	    0.003
5080.074	    0.007
5080.987	    0.011
5081.900	    0.010
5082.813	    0.012
5083.726	    0.013
5084.640	    0.011
5085.553	    0.009
5086.467	    0.005
5087.381	    0.008
5088.295	    0.003
5089.209	    0.003
5090.123	    0.005
5091.038	    0.004
5091.952	    0.007
5092.867	    0.006
5093.782	    0.005
5094.697	    0.011
5095.613	    0.015
5096.528	    0.013
5097.444	    0.011
5098.360	    0.008
5099.276	    0.003
5100.192	    0.005
5101.108	    0.004
5102.025	    0.004
5102.941	    0.004
5103.858	    0.007
5104.775	    0.012
5105.692	    0.013
5106.610	    0.006
5107.527	    0.003
5108.445	    0.013
5109.363	    0.014
5110.281	    0.012
5111.199	    0.011
5112.117	    0.007
5113.036	    0.005
5113.954	    0.008
5114.873	    0.007
5115.792	    0.004
5116.711	    0.004
5117.630	    0.005
5118.550	    0.004
5119.469	    0.005
5120.389	    0.010
5121.309	    0.010
5122.229	    0.005
5123.150	    0.003
5124.070	    0.004
5124.991	    0.004
5125.911	    0.007
5126.832	    0.008
5127.753	    0.004
5128.675	    0.006
5129.596	    0.011
5130.518	    0.003
5131.440	    0.010
5132.362	    0.014
5133.284	    0.013
5134.206	    0.003
5135.128	    0.008
5136.051	    0.007
5136.974	    0.007
5137.897	    0.012
5138.820	    0.012
5139.743	    0.003
5140.666	    0.008
5141.590	    0.010
5142.514	    0.003
5143.438	    0.006
5144.362	    0.005
5145.286	    0.004
5146.211	    0.008
5147.135	    0.011
5148.060	    0.009
5148.985	    0.007
5149.910	    0.007
5150.835	    0.005
5151.761	    0.003
5152.686	    0.011
5153.612	    0.007
5154.538	    0.010
5155.464	    0.010
5156.390	    0.007
5157.317	    0.007
5158.243	    0.003
5159.170	    0.009
5160.097	    0.005
5161.024	    0.008
5161.951	    0.009
5162.879	    0.012
5163.806	    0.010
5164.734	    0.008
5165.662	    0.010
5166.590	    0.008
5167.518	    0.009
5168.447	    0.005
5169.375	    0.010
5170.304	    0.007
5171.233	    0.006
5172.162	    0.009
5173.091	    0.004
5174.021	    0.010
5174.950	    0.004
5175.880	    0.003
5176.810	    0.007
5177.740	    0.009
5178.670	    0.008
5179.601	    0.011
5180.531	    0.012
5181.462	    0.010
5182.393	    0.007
5183.324	    0.008
5184.255	    0.003
5185.187	    0.011
5186.118	    0.011
5187.050	    0.008
5187.982	    0.007
5188.914	    0.008
5189.846	    0.004
5190.779	    0.008
5191.712	    0.014
5192.644	    0.015
5193.577	    0.013
5194.510	    0.015
5195.444	    0.017
5196.377	    0.015
5197.311	    0.013
5198.244	    0.016
5199.178	    0.019
5200.112	    0.019
5201.047	    0.019
5201.981	    0.018
5202.916	    0.018
5203.851	    0.018
5204.786	    0.017
5205.721	    0.017
5206.656	    0.015
5207.591	    0.012
5208.527	    0.008
5209.463	    0.003
5210.399	    0.008
5231.032	    0.012
5231.972	    0.014
5232.912	    0.015
5233.852	    0.016
5234.793	    0.016
5235.733	    0.016
5236.674	    0.018
5237.615	    0.019
5238.556	    0.018
5239.497	    0.015
5240.438	    0.015
5241.380	    0.016
5242.322	    0.016
5243.263	    0.013
5244.205	    0.015
5245.148	    0.018
5246.090	    0.020
5247.033	    0.020
5247.975	    0.021
5259.301	    0.015
5260.246	    0.018
5261.191	    0.018
5262.136	    0.017
5263.082	    0.018
5264.027	    0.018
5264.973	    0.016
5265.919	    0.012
5266.865	    0.008
5267.811	    0.009
5268.758	    0.014
5269.704	    0.017
5270.651	    0.017
5271.598	    0.015
5272.545	    0.014
5273.493	    0.012
5274.440	    0.013
5275.388	    0.013
5276.335	    0.013
5277.283	    0.011
5278.232	    0.009
5279.180	    0.011
5280.128	    0.016
5281.077	    0.017
5282.026	    0.015
5282.975	    0.014
5283.924	    0.010
5284.873	    0.010
5285.823	    0.014
5286.773	    0.013
5287.722	    0.009
5288.672	    0.008
5289.623	    0.013
5290.573	    0.011
5291.523	    0.011
5292.474	    0.013
5293.425	    0.012
5294.376	    0.011
5295.327	    0.012
5296.279	    0.009
5297.230	    0.006
5298.182	    0.008
5299.134	    0.004
5300.086	    0.007
5301.038	    0.004
5301.991	    0.006
5302.943	    0.010
5303.896	    0.007
5304.849	    0.007
5305.802	    0.010
5306.755	    0.013
5307.709	    0.015
5308.662	    0.010
5309.616	    0.012
5310.570	    0.012
5311.524	    0.006
5312.478	    0.006
5313.433	    0.003
5314.388	    0.003
5315.342	    0.008
5316.297	    0.010
5317.252	    0.007
5318.208	    0.009
5319.163	    0.010
5320.119	    0.009
5321.075	    0.011
5322.031	    0.016
5322.987	    0.017
5323.943	    0.015
5324.900	    0.014
5325.857	    0.013
5326.813	    0.015
5327.770	    0.014
5328.728	    0.011
5329.685	    0.012
5330.643	    0.012
5331.600	    0.008
5332.558	    0.005
5333.516	    0.011
5334.475	    0.010
5335.433	    0.004
5336.392	    0.006
5337.350	    0.008
5338.309	    0.007
5339.268	    0.008
5340.228	    0.008
5341.187	    0.003
5342.147	    0.010
5343.107	    0.010
5344.067	    0.009
5345.027	    0.010
5345.987	    0.008
5346.947	    0.004
5347.908	    0.011
5348.869	    0.006
5349.830	    0.008
5350.791	    0.005
5351.752	    0.010
5352.714	    0.012
5353.676	    0.008
5354.638	    0.004
5355.600	    0.008
5356.562	    0.012
5357.524	    0.008
5358.487	    0.008
5359.449	    0.008
5360.412	    0.010
5361.375	    0.009
5362.339	    0.007
5363.302	    0.004
5364.266	    0.007
5365.230	    0.003
5366.193	    0.011
5367.158	    0.015
5368.122	    0.012
5369.086	    0.006
5370.051	    0.003
5371.016	    0.015
5371.981	    0.005
5372.946	    0.006
5373.911	    0.004
5374.877	    0.006
5375.842	    0.005
5376.808	    0.004
5377.774	    0.005
5378.741	    0.004
5379.707	    0.011
5380.673	    0.010
5381.640	    0.006
5382.607	    0.006
5383.574	    0.004
5384.541	    0.004
5385.509	    0.009
5393.254	    0.026
5394.223	    0.003
5395.192	    0.003
5396.162	    0.008
5397.131	    0.009
5398.101	    0.008
5399.071	    0.011
5400.041	    0.013
5401.011	    0.011
5401.981	    0.008
5402.952	    0.010
5403.923	    0.011
5404.894	    0.012
5405.865	    0.013
5406.836	    0.012
5407.807	    0.007
5408.779	    0.005
5409.751	    0.009
5410.723	    0.011
5411.695	    0.012
5412.667	    0.016
5413.639	    0.014
5414.612	    0.013
5415.585	    0.015
5416.558	    0.015
5417.531	    0.015
5418.504	    0.016
5419.478	    0.017
5420.452	    0.012
5421.426	    0.010
5422.400	    0.012
5423.374	    0.005
5424.348	    0.005
5425.323	    0.003
5426.297	    0.010
5427.272	    0.010
5428.247	    0.003
5429.223	    0.006
5430.198	    0.008
5431.174	    0.011
5432.150	    0.014
5433.126	    0.016
5434.102	    0.017
5435.078	    0.014
5436.055	    0.008
5437.031	    0.009
5438.008	    0.010
5438.985	    0.011
5439.962	    0.010
5440.940	    0.012
5441.917	    0.012
5442.895	    0.015
5443.873	    0.009
5444.851	    0.004
5445.829	    0.011
5446.808	    0.011
5447.786	    0.013
5448.765	    0.009
5454.641	    0.004
5455.621	    0.007
5456.601	    0.008
5457.582	    0.011
5458.562	    0.014
5459.543	    0.013
5460.524	    0.007
5461.505	    0.006
5462.486	    0.005
5463.468	    0.005
5464.449	    0.004
5465.431	    0.007
5466.413	    0.011
5467.395	    0.010
5468.377	    0.004
5469.360	    0.011
5470.343	    0.011
5471.325	    0.004
5472.308	    0.004
5473.292	    0.006
5474.275	    0.008
5475.258	    0.011
5476.242	    0.008
5477.226	    0.011
5478.210	    0.011
5479.194	    0.004
5480.179	    0.011
5481.163	    0.007
5482.148	    0.007
5483.133	    0.010
5484.118	    0.010
5485.104	    0.007
5486.089	    0.008
5487.075	    0.008
5488.060	    0.004
5489.047	    0.006
5490.033	    0.005
5491.019	    0.007
5492.006	    0.006
5492.992	    0.007
5493.979	    0.004
5494.966	    0.006
5495.954	    0.004
5496.941	    0.009
5497.929	    0.010
5498.916	    0.011
5499.904	    0.010
5500.892	    0.008
5501.881	    0.007
5502.869	    0.004
5503.858	    0.004
5504.847	    0.004
5505.836	    0.008
5506.825	    0.011
5507.814	    0.011
5508.804	    0.008
5509.794	    0.004
5510.784	    0.008
5511.774	    0.011
5512.764	    0.010
5513.754	    0.006
5514.745	    0.012
5515.736	    0.007
5516.727	    0.008
5517.718	    0.008
5518.709	    0.003
5519.701	    0.003
5520.693	    0.006
5521.684	    0.006
5522.677	    0.008
5523.669	    0.008
5524.661	    0.007
5525.654	    0.008
5526.647	    0.007
5527.639	    0.007
5528.633	    0.007
5529.626	    0.008
5530.619	    0.007
5531.613	    0.008
5532.607	    0.004
5533.601	    0.006
5534.595	    0.003
5535.589	    0.003
5536.584	    0.007
5537.579	    0.005
5538.574	    0.005
5539.569	    0.007
5540.564	    0.012
5541.559	    0.011
5542.555	    0.011
5543.551	    0.009
5544.547	    0.008
5545.543	    0.013
5546.539	    0.012
5547.536	    0.013
5548.533	    0.015
5549.529	    0.013
5550.527	    0.010
5551.524	    0.011
5552.521	    0.013
5553.519	    0.011
5554.517	    0.007
5555.514	    0.012
5556.513	    0.012
5557.511	    0.009
5558.509	    0.009
5559.508	    0.014
5560.507	    0.014
5561.506	    0.007
5562.505	    0.007
5563.505	    0.009
5564.504	    0.014
5565.504	    0.011
5566.504	    0.010
5567.504	    0.010
5568.504	    0.008
5569.505	    0.008
5570.505	    0.010
5571.506	    0.010
5572.507	    0.005
5573.508	    0.004
5574.510	    0.020
5575.511	    0.026
5576.513	    0.019
5577.515	    0.016
5578.517	    0.014
5579.519	    0.014
5580.522	    0.014
5581.524	    0.016
5582.527	    0.015
5583.530	    0.013
5584.533	    0.014
5585.537	    0.012
5586.540	    0.011
5587.544	    0.013
5588.548	    0.010
5589.552	    0.008
5590.556	    0.008
5591.560	    0.008
5592.565	    0.012
5593.570	    0.014
5594.575	    0.015
5595.580	    0.014
5596.585	    0.014
5597.591	    0.014
5598.596	    0.016
5599.602	    0.017
5600.608	    0.018
5601.615	    0.016
5602.621	    0.016
5603.628	    0.015
5604.634	    0.015
5605.641	    0.015
5606.649	    0.015
5607.656	    0.015
5608.663	    0.016
5609.671	    0.018
5610.679	    0.019
5611.687	    0.017
5612.695	    0.016
5613.704	    0.017
5614.712	    0.019
5615.721	    0.019
5616.730	    0.018
5617.739	    0.017
5618.748	    0.016
5619.758	    0.012
5620.767	    0.011
5621.777	    0.012
5622.787	    0.013
5623.798	    0.012
5624.808	    0.016
5625.819	    0.017
5626.829	    0.016
5627.840	    0.017
5628.851	    0.015
5629.863	    0.017
5630.874	    0.018
5631.886	    0.017
5632.898	    0.017
5633.910	    0.018
5634.922	    0.017
5635.934	    0.019
5636.947	    0.019
5637.960	    0.019
5638.973	    0.019
5639.986	    0.019
5640.999	    0.019
5642.013	    0.019
5643.026	    0.018
5644.040	    0.017
5645.054	    0.017
5646.068	    0.016
5647.083	    0.019
5648.097	    0.021
5649.112	    0.020
5650.127	    0.018
5651.142	    0.017
5652.157	    0.021
5653.173	    0.021
5654.189	    0.021
5655.205	    0.020
5656.221	    0.020
5657.237	    0.021
5658.253	    0.020
5659.270	    0.022
5660.287	    0.020
5661.304	    0.020
5662.321	    0.020
5663.338	    0.025
5664.355	    0.026
5665.373	    0.026
5666.391	    0.026
5667.409	    0.023
5668.427	    0.023
5669.446	    0.024
5670.464	    0.025
5671.483	    0.025
5672.502	    0.023
5673.521	    0.020
5674.541	    0.024
5675.560	    0.025
5676.580	    0.024
5677.600	    0.026
5678.620	    0.025
5679.640	    0.025
5680.660	    0.026
5681.681	    0.024
5682.702	    0.022
5683.723	    0.025
5684.744	    0.024
5685.765	    0.026
5686.787	    0.027
5687.809	    0.028
5688.830	    0.027
5689.853	    0.028
5690.875	    0.027
5691.897	    0.028
5692.920	    0.029
5693.943	    0.029
5694.966	    0.028
5695.989	    0.030
5697.012	    0.030
5698.036	    0.029
5699.060	    0.029
5700.084	    0.029
5701.108	    0.030
5702.132	    0.031
5703.156	    0.030
5704.181	    0.029
5705.206	    0.029
5706.231	    0.031
5707.256	    0.031
5708.282	    0.029
5709.307	    0.029
5710.333	    0.030
5711.359	    0.030
5712.385	    0.029
5713.411	    0.030
5714.438	    0.028
5715.464	    0.028
5716.491	    0.028
5717.518	    0.028
5718.546	    0.029
5719.573	    0.029
5720.601	    0.029
5721.628	    0.031
5722.656	    0.031
5723.685	    0.030
5724.713	    0.030
5725.741	    0.030
5726.770	    0.031
5727.799	    0.031
5728.828	    0.029
5729.857	    0.031
5730.887	    0.033
5731.916	    0.030
5732.946	    0.033
5733.976	    0.033
5735.007	    0.032
5736.037	    0.032
5737.067	    0.032
5738.098	    0.032
5739.129	    0.031
5740.160	    0.032
5741.192	    0.032
5742.223	    0.030
5743.255	    0.032
5744.287	    0.032
5745.319	    0.031
5746.351	    0.032
5747.383	    0.032
5748.416	    0.032
5749.449	    0.032
5750.482	    0.031
5751.515	    0.031
5752.548	    0.031
5753.582	    0.033
5754.615	    0.034
5755.649	    0.033
5756.683	    0.031
5757.718	    0.030
5758.752	    0.031
5759.787	    0.031
5760.822	    0.031
5761.857	    0.033
5762.892	    0.034
5763.927	    0.033
5764.963	    0.033
5765.999	    0.032
5767.035	    0.030
5768.071	    0.031
5769.107	    0.032
5770.143	    0.034
5771.180	    0.032
5772.217	    0.032
5773.254	    0.033
5774.291	    0.035
5775.329	    0.033
5776.366	    0.031
5777.404	    0.035
5778.442	    0.035
5779.480	    0.035
5780.519	    0.036
5781.557	    0.035
5782.596	    0.033
5783.635	    0.032
5784.674	    0.032
5785.713	    0.033
5786.753	    0.034
5787.793	    0.035
5788.832	    0.035
5789.873	    0.035
5790.913	    0.033
5791.953	    0.033
5792.994	    0.034
5794.035	    0.032
5795.076	    0.035
5796.117	    0.034
5797.158	    0.034
5798.200	    0.032
5799.241	    0.032
5800.283	    0.033
5801.325	    0.033
5802.368	    0.034
5803.410	    0.034
5804.453	    0.034
5805.496	    0.033
5806.539	    0.035
5807.582	    0.034
5808.625	    0.034
5809.669	    0.035
5810.713	    0.032
5811.757	    0.030
5812.801	    0.029
5813.845	    0.030
5814.890	    0.031
5815.935	    0.032
5816.980	    0.033
5818.025	    0.031
5819.070	    0.032
5820.115	    0.031
5821.161	    0.031
5822.207	    0.031
5823.253	    0.032
5824.299	    0.033
5825.346	    0.030
5826.392	    0.031
5827.439	    0.033
5828.486	    0.033
5829.533	    0.034
5830.581	    0.033
5831.628	    0.030
5832.676	    0.032
5833.724	    0.032
5834.772	    0.033
5835.820	    0.033
5836.869	    0.034
5837.917	    0.035
5838.966	    0.035
5840.015	    0.035
5841.065	    0.035
5842.114	    0.034
5843.164	    0.032
5844.213	    0.031
5845.263	    0.031
5846.314	    0.031
5847.364	    0.031
5848.415	    0.030
5849.465	    0.029
5850.516	    0.029
5851.567	    0.028
5852.619	    0.030
5853.670	    0.031
5854.722	    0.031
5855.774	    0.030
5856.826	    0.030
5857.878	    0.029
5858.931	    0.029
5859.983	    0.029
5861.036	    0.029
5862.089	    0.029
5863.142	    0.029
5864.196	    0.029
5865.249	    0.027
5866.303	    0.027
5867.357	    0.028
5868.411	    0.027
5869.466	    0.026
5870.520	    0.026
5871.575	    0.027
5872.630	    0.027
5873.685	    0.026
5874.740	    0.026
5875.796	    0.026
5876.851	    0.025
5877.907	    0.025
5878.963	    0.027
5880.019	    0.027
5881.076	    0.025
5882.133	    0.025
5883.189	    0.026
5884.246	    0.028
5885.304	    0.026
5886.361	    0.026
5887.419	    0.030
5888.476	    0.034
5889.534	    0.035
5890.592	    0.034
5891.651	    0.030
5892.709	    0.027
5893.768	    0.027
5894.827	    0.030
5895.886	    0.032
5896.945	    0.032
5898.005	    0.027
5899.064	    0.023
5900.124	    0.023
5901.184	    0.025
5902.245	    0.024
5903.305	    0.022
5904.366	    0.020
5905.426	    0.021
5906.487	    0.022
5907.549	    0.022
5908.610	    0.021
5909.671	    0.021
5910.733	    0.022
5911.795	    0.021
5912.857	    0.019
5913.920	    0.019
5914.982	    0.019
5916.045	    0.016
5917.108	    0.019
5918.171	    0.020
5919.234	    0.018
5920.298	    0.018
5921.361	    0.016
5922.425	    0.018
5923.489	    0.019
5924.554	    0.020
5925.618	    0.018
5926.683	    0.019
5927.747	    0.014
5928.812	    0.012
5929.878	    0.016
5930.943	    0.016
5932.009	    0.012
5933.074	    0.005
5934.140	    0.013
5935.206	    0.017
5936.273	    0.018
5937.339	    0.010
5938.406	    0.006
5939.473	    0.015
5940.540	    0.013
5941.607	    0.015
5942.675	    0.017
5943.743	    0.019
5944.811	    0.027
5945.879	    0.035
5946.947	    0.041
5948.015	    0.049
5949.084	    0.055
5950.153	    0.057
5951.222	    0.057
5952.291	    0.052
5953.360	    0.047
5954.430	    0.048
5955.500	    0.050
5956.570	    0.052
5957.640	    0.048
5958.710	    0.038
5959.781	    0.024
5960.852	    0.012
5961.923	    0.015
5962.994	    0.014
5964.065	    0.011
5965.137	    0.011
5966.209	    0.004
5967.280	    0.005
5968.353	    0.006
5969.425	    0.008
5970.497	    0.006
5971.570	    0.008
5972.643	    0.008
5973.716	    0.012
5974.789	    0.003
5975.863	    0.010
5976.936	    0.009
5978.010	    0.008
5979.084	    0.008
5980.158	    0.004
5981.233	    0.006
5982.308	    0.007
5983.382	    0.004
5984.457	    0.007
5985.533	    0.010
5986.608	    0.013
5987.684	    0.004
5988.759	    0.008
5989.835	    0.008
5990.911	    0.010
5991.988	    0.010
5993.064	    0.013
5994.141	    0.014
5995.218	    0.009
5996.295	    0.011
5997.372	    0.012
5998.450	    0.009
5999.528	    0.008
6000.606	    0.007
6001.684	    0.010
6002.762	    0.020
6003.840	    0.018
6004.919	    0.016
6005.998	    0.014
6007.077	    0.012
6008.156	    0.014
6009.236	    0.015
6010.315	    0.014
6011.395	    0.015
6012.475	    0.012
6013.556	    0.011
6014.636	    0.012
6015.717	    0.011
6016.797	    0.010
6029.782	    0.016
6030.866	    0.017
6031.949	    0.018
6033.033	    0.015
6034.117	    0.013
6035.201	    0.006
6036.285	    0.011
6037.370	    0.017
6038.455	    0.018
6039.539	    0.015
6040.625	    0.013
6041.710	    0.013
6042.795	    0.013
6043.881	    0.014
6044.967	    0.016
6046.053	    0.016
6047.139	    0.018
6048.226	    0.016
6049.312	    0.017
6050.399	    0.016
6051.486	    0.017
6052.573	    0.018
6053.661	    0.017
6054.749	    0.015
6055.836	    0.016
6056.924	    0.021
6058.013	    0.018
6059.101	    0.016
6060.190	    0.016
6061.278	    0.015
6062.367	    0.017
6063.457	    0.016
6064.546	    0.012
6065.636	    0.017
6066.725	    0.019
6067.815	    0.020
6068.906	    0.021
6069.996	    0.017
6071.086	    0.016
6072.177	    0.018
6073.268	    0.017
6074.359	    0.019
6075.451	    0.020
6076.542	    0.021
6077.634	    0.019
6078.726	    0.018
6079.818	    0.017
6080.910	    0.023
6082.003	    0.026
6083.096	    0.024
6084.189	    0.024
6085.282	    0.023
6086.375	    0.026
6087.468	    0.024
6088.562	    0.026
6089.656	    0.024
6090.750	    0.024
6091.844	    0.025
6092.939	    0.024
6094.034	    0.024
6095.129	    0.027
6096.224	    0.024
6097.319	    0.027
6098.414	    0.023
6099.510	    0.025
6100.606	    0.025
6101.702	    0.021
6102.798	    0.024
6103.895	    0.024
6104.991	    0.022
6106.088	    0.024
6107.185	    0.023
6108.282	    0.024
6109.380	    0.023
6110.478	    0.027
6111.575	    0.023
6112.673	    0.023
6113.772	    0.024
6114.870	    0.023
6115.969	    0.026
6117.068	    0.024
6118.167	    0.024
6119.266	    0.024
6120.365	    0.024
6121.465	    0.025
6122.565	    0.020
6123.665	    0.019
6124.765	    0.020
6125.865	    0.022
6126.966	    0.022
6128.067	    0.022
6129.168	    0.021
6130.269	    0.020
6131.370	    0.019
6132.472	    0.019
6133.574	    0.020
6134.676	    0.021
6135.778	    0.022
6136.880	    0.024
6137.983	    0.026
6139.086	    0.027
6140.189	    0.029
6141.292	    0.030
6142.395	    0.031
6143.499	    0.032
6144.602	    0.033
6145.706	    0.033
6146.811	    0.032
6147.915	    0.031
6149.020	    0.031
6150.124	    0.031
6151.229	    0.031
6152.334	    0.031
6153.440	    0.031
6154.545	    0.031
6155.651	    0.029
6156.757	    0.029
6163.397	    0.032
6164.504	    0.033
6165.612	    0.034
6166.720	    0.035
6167.828	    0.033
6168.936	    0.030
6170.044	    0.031
6171.153	    0.033
6172.261	    0.032
6173.370	    0.032
6174.479	    0.032
6175.589	    0.032
6176.698	    0.034
6177.808	    0.034
6178.918	    0.034
6180.028	    0.035
6181.138	    0.033
6182.249	    0.035
6183.360	    0.035
6184.471	    0.034
6185.582	    0.033
6186.693	    0.033
6187.805	    0.034
6188.916	    0.034
6190.028	    0.035
6191.140	    0.037
6192.253	    0.033
6193.365	    0.033
6194.478	    0.033
6195.591	    0.032
6196.704	    0.032
6197.817	    0.034
6198.931	    0.035
6200.045	    0.034
6201.159	    0.034
6202.273	    0.035
6203.387	    0.035
6204.502	    0.035
6205.616	    0.036
6206.731	    0.035
6207.846	    0.035
6208.962	    0.032
6210.077	    0.032
6211.193	    0.033
6212.309	    0.033
6213.425	    0.032
6214.541	    0.033
6215.658	    0.033
6216.775	    0.033
6217.892	    0.034
6219.009	    0.033
6220.126	    0.034
6221.244	    0.029
6222.361	    0.031
6223.479	    0.034
6224.597	    0.035
6225.716	    0.034
6226.834	    0.035
6227.953	    0.035
6229.072	    0.035
6230.191	    0.034
6231.310	    0.036
6232.430	    0.035
6233.550	    0.033
6234.670	    0.033
6235.790	    0.034
6236.910	    0.033
6238.031	    0.032
6239.152	    0.032
6240.272	    0.033
6241.394	    0.033
6242.515	    0.033
6243.637	    0.033
6244.758	    0.033
6245.880	    0.033
6247.002	    0.033
6248.125	    0.032
6249.247	    0.033
6250.370	    0.033
6251.493	    0.032
6252.616	    0.033
6253.740	    0.033
6254.863	    0.033
6255.987	    0.032
6257.111	    0.031
6258.235	    0.030
6259.360	    0.029
6260.484	    0.029
6261.609	    0.029
6262.734	    0.030
6263.859	    0.029
6264.985	    0.029
6266.110	    0.028
6267.236	    0.028
6268.362	    0.027
6269.488	    0.027
6270.615	    0.028
6271.741	    0.029
6272.868	    0.030
6273.995	    0.031
6275.122	    0.033
6276.250	    0.034
6277.377	    0.035
6278.505	    0.036
6279.633	    0.036
6280.761	    0.036
6281.890	    0.036
6283.018	    0.036
6284.147	    0.036
6285.276	    0.035
6286.406	    0.034
6287.535	    0.034
6288.665	    0.033
6289.795	    0.033
6290.925	    0.033
6292.055	    0.034
6293.185	    0.034
6294.316	    0.034
6295.447	    0.033
6296.578	    0.032
6297.709	    0.030
6298.841	    0.029
6299.972	    0.028
6301.104	    0.031
6302.236	    0.030
6303.369	    0.029
6304.501	    0.031
6305.634	    0.031
6306.767	    0.030
6307.900	    0.031
6309.033	    0.029
6310.167	    0.029
6311.300	    0.029
6312.434	    0.031
6313.568	    0.031
6314.703	    0.032
6315.837	    0.033
6316.972	    0.033
6318.107	    0.033
6319.242	    0.032
6320.377	    0.031
6321.513	    0.031
6322.649	    0.032
6323.785	    0.030
6324.921	    0.031
6326.057	    0.031
6327.194	    0.032
6328.331	    0.034
6329.468	    0.033
6330.605	    0.032
6331.742	    0.030
6332.880	    0.031
6334.017	    0.031
6335.155	    0.031
6336.294	    0.030
6337.432	    0.031
6338.571	    0.032
6339.710	    0.031
6340.849	    0.030
6341.988	    0.028
6343.127	    0.026
6344.267	    0.027
6345.407	    0.026
6346.547	    0.021
6347.687	    0.018
6348.827	    0.016
6349.968	    0.018
6351.109	    0.021
6352.250	    0.026
6353.391	    0.027
6354.533	    0.028
6355.674	    0.029
6356.816	    0.030
6357.958	    0.030
6359.101	    0.032
6360.243	    0.035
6361.386	    0.041
6362.529	    0.045
6363.672	    0.047
6364.815	    0.047
6365.959	    0.045
6367.103	    0.041
6368.247	    0.037
6369.391	    0.033
6370.535	    0.030
6371.680	    0.028
6372.824	    0.028
6373.969	    0.029
6375.115	    0.029
6376.260	    0.029
6377.406	    0.027
6378.551	    0.027
6379.697	    0.027
6380.844	    0.026
6381.990	    0.026
6383.137	    0.026
6384.283	    0.027
6385.430	    0.030
6386.578	    0.029
6387.725	    0.030
6388.873	    0.030
6390.021	    0.030
6391.169	    0.030
6392.317	    0.032
6393.465	    0.033
6394.614	    0.032
6395.763	    0.031
6396.912	    0.028
6398.061	    0.028
6399.211	    0.029
6400.361	    0.030
6401.511	    0.028
6402.661	    0.028
6403.811	    0.027
6404.962	    0.026
6406.112	    0.025
6407.263	    0.025
6408.414	    0.026
6409.566	    0.027
6410.717	    0.027
6411.869	    0.025
6413.021	    0.024
6414.173	    0.026
6415.326	    0.028
6416.478	    0.027
6417.631	    0.024
6418.784	    0.023
6419.937	    0.023
6421.091	    0.025
6422.245	    0.027
6423.398	    0.027
6424.552	    0.027
6425.707	    0.027
6426.861	    0.029
6428.016	    0.030
6429.171	    0.032
6430.326	    0.029
6431.481	    0.025
6432.637	    0.024
6433.792	    0.023
6434.948	    0.024
6436.104	    0.025
6437.261	    0.023
6438.417	    0.023
6439.574	    0.025
6440.731	    0.024
6441.888	    0.022
6443.046	    0.020
6444.203	    0.022
6445.361	    0.025
6446.519	    0.025
6447.677	    0.023
6448.836	    0.023
6449.994	    0.023
6451.153	    0.024
6452.312	    0.024
6453.471	    0.025
6454.631	    0.024
6455.791	    0.019
6456.950	    0.020
6458.111	    0.021
6459.271	    0.021
6460.431	    0.020
6461.592	    0.020
6462.753	    0.022
6463.914	    0.021
6465.075	    0.023
6466.237	    0.023
6467.399	    0.020
6468.561	    0.021
6469.723	    0.021
6470.885	    0.020
6472.048	    0.021
6473.211	    0.013
6474.374	    0.014
6475.537	    0.013
6476.700	    0.013
6477.864	    0.011
6479.028	    0.012
6480.192	    0.013
6481.356	    0.014
6482.521	    0.016
6483.685	    0.014
6484.850	    0.012
6486.015	    0.016
6487.181	    0.019
6488.346	    0.017
6489.512	    0.018
6490.678	    0.016
6491.844	    0.015
6493.010	    0.015
6494.177	    0.016
6495.344	    0.016
6496.511	    0.016
6497.678	    0.014
6498.845	    0.014
6500.013	    0.014
6501.181	    0.011
6502.349	    0.009
6503.517	    0.011
6504.685	    0.014
6505.854	    0.015
6507.023	    0.016
6508.192	    0.014
6509.361	    0.015
6510.531	    0.012
6511.700	    0.012
6512.870	    0.009
6514.041	    0.012
6515.211	    0.010
6516.381	    0.009
6517.552	    0.014
6518.723	    0.014
6519.894	    0.010
6521.066	    0.004
6522.237	    0.007
6523.409	    0.012
6524.581	    0.012
6525.753	    0.003
6526.926	    0.012
6528.099	    0.011
6529.271	    0.010
6530.445	    0.015
6531.618	    0.015
6532.791	    0.010
6533.965	    0.010
6535.139	    0.013
6536.313	    0.018
6537.487	    0.020
6538.662	    0.021
6539.837	    0.019
6541.012	    0.018
6542.187	    0.017
6543.362	    0.014
6544.538	    0.017
6545.714	    0.016
6546.890	    0.013
6548.066	    0.014
6549.243	    0.017
6550.419	    0.017
6551.596	    0.013
6552.773	    0.008
6553.950	    0.012
6555.128	    0.013
6556.306	    0.017
6557.484	    0.016
6558.662	    0.015
6559.840	    0.013
6561.019	    0.018
6562.198	    0.019
6563.377	    0.017
6564.556	    0.014
6565.735	    0.007
6566.915	    0.013
6568.095	    0.009
6569.275	    0.003
6570.455	    0.007
6571.635	    0.009
6572.816	    0.008
6573.997	    0.007
6575.178	    0.004
6576.359	    0.003
6577.541	    0.006
6578.723	    0.009
6579.905	    0.012
6581.087	    0.015
6582.269	    0.017
6583.452	    0.018
6584.635	    0.019
6585.818	    0.019
6587.001	    0.019
6588.184	    0.018
6589.368	    0.019
6590.552	    0.021
6591.736	    0.021
6592.920	    0.020
6594.105	    0.018
6595.290	    0.017
6596.475	    0.017
6597.660	    0.019
6598.845	    0.020
6600.031	    0.020
6601.216	    0.019
6602.402	    0.022
6603.589	    0.021
6604.775	    0.020
6605.962	    0.022
6607.149	    0.024
6608.336	    0.030
6609.523	    0.036
6610.710	    0.046
6611.898	    0.060
6613.086	    0.074
6614.274	    0.082
6615.463	    0.080
6616.651	    0.071
6617.840	    0.058
6619.029	    0.046
6620.218	    0.037
6621.408	    0.033
6622.597	    0.035
6623.787	    0.048
6624.977	    0.070
6626.167	    0.104
6627.358	    0.147
6628.549	    0.171
6629.740	    0.173
6630.931	    0.157
6632.122	    0.132
6633.314	    0.099
6634.505	    0.067
6635.697	    0.045
6636.890	    0.036
6638.082	    0.033
6639.275	    0.032
6640.467	    0.030
6641.660	    0.031
6642.854	    0.034
6644.047	    0.041
6645.241	    0.054
6646.435	    0.079
6647.629	    0.108
6648.823	    0.131
6650.018	    0.142
6651.213	    0.138
6652.408	    0.121
6653.603	    0.096
6654.798	    0.072
6655.994	    0.052
6657.190	    0.037
6658.386	    0.030
6659.582	    0.028
6660.779	    0.027
6661.975	    0.026
6663.172	    0.027
6664.369	    0.028
6665.567	    0.030
6666.764	    0.030
6667.962	    0.028
6669.160	    0.027
6670.358	    0.028
6671.557	    0.028
6672.755	    0.027
6673.954	    0.026
6675.153	    0.026
6676.353	    0.027
6677.552	    0.026
6678.752	    0.026
6679.952	    0.028
6681.152	    0.028
6682.352	    0.025
6683.553	    0.026
6684.754	    0.024
6685.955	    0.025
6687.156	    0.029
6688.357	    0.028
6689.559	    0.027
6690.761	    0.025
6691.963	    0.025
6693.165	    0.025
6694.368	    0.026
6695.571	    0.027
6696.774	    0.024
6697.977	    0.024
6699.180	    0.025
6700.384	    0.025
6701.588	    0.024
6702.792	    0.027
6703.996	    0.026
6705.200	    0.026
6706.405	    0.025
6707.610	    0.025
6708.815	    0.027
6710.020	    0.027
6711.226	    0.026
6712.432	    0.024
6713.638	    0.026
6714.844	    0.027
6716.050	    0.027
6717.257	    0.026
6718.464	    0.025
6719.671	    0.023
6720.878	    0.022
6722.086	    0.025
6723.293	    0.024
6724.501	    0.024
6725.710	    0.024
6726.918	    0.024
6728.127	    0.023
6729.335	    0.023
6730.544	    0.024
6731.754	    0.026
6732.963	    0.027
6734.173	    0.027
6735.383	    0.026
6736.593	    0.023
6737.803	    0.023
6739.014	    0.025
6740.224	    0.026
6741.435	    0.024
6742.647	    0.024
6743.858	    0.026
6745.070	    0.027
6746.281	    0.026
6747.494	    0.026
6748.706	    0.028
6749.918	    0.026
6751.131	    0.024
6752.344	    0.024
6753.557	    0.024
6754.771	    0.025
6755.984	    0.025
6757.198	    0.025
6758.412	    0.025
6759.626	    0.026
6760.841	    0.026
6762.055	    0.023
6763.270	    0.023
6764.485	    0.025
6765.701	    0.024
6766.916	    0.022
6768.132	    0.018
6769.348	    0.021
6770.564	    0.021
6771.781	    0.022
6772.997	    0.022
6774.214	    0.022
6775.431	    0.023
6776.649	    0.024
6777.866	    0.026
6779.084	    0.030
6780.302	    0.040
6781.520	    0.053
6782.738	    0.064
6783.957	    0.071
6785.176	    0.071
6786.395	    0.064
6787.614	    0.053
6788.834	    0.042
6790.053	    0.032
6791.273	    0.025
6792.494	    0.025
6793.714	    0.031
6794.935	    0.039
6796.155	    0.049
6797.376	    0.059
6798.598	    0.065
6799.819	    0.064
6801.041	    0.059
6802.263	    0.049
6803.485	    0.037
6804.707	    0.027
6805.930	    0.023
6807.153	    0.020
6808.376	    0.020
6809.599	    0.020
6810.822	    0.020
6812.046	    0.018
6813.270	    0.018
6814.494	    0.019
6815.718	    0.015
6816.943	    0.019
6818.168	    0.022
6819.392	    0.019
6820.618	    0.018
6821.843	    0.017
6823.069	    0.020
6824.295	    0.019
6825.521	    0.017
6826.747	    0.017
6827.974	    0.019
6829.200	    0.018
6830.427	    0.021
6831.654	    0.021
6832.882	    0.021
6834.109	    0.019
6835.337	    0.017
6836.565	    0.014
6837.794	    0.021
6839.022	    0.019
6840.251	    0.020
6841.480	    0.019
6842.709	    0.015
6843.938	    0.017
6845.168	    0.017
6846.398	    0.017
6847.628	    0.017
6848.858	    0.015
6850.089	    0.015
6851.319	    0.014
6852.550	    0.016
6853.782	    0.016
6855.013	    0.015
6856.245	    0.017
6857.476	    0.019
6858.708	    0.019
6859.941	    0.018
6861.173	    0.016
6862.406	    0.014
6863.639	    0.012
6864.872	    0.012
6866.105	    0.031
6867.339	    0.045
6868.573	    0.052
6869.807	    0.054
6871.041	    0.050
6872.276	    0.048
6873.510	    0.045
6874.745	    0.042
6875.980	    0.038
6877.216	    0.035
6878.451	    0.031
6879.687	    0.025
6880.923	    0.018
6882.159	    0.009
6883.396	    0.013
6884.633	    0.026
6885.870	    0.030
6887.107	    0.031
6888.344	    0.033
6889.582	    0.031
6890.820	    0.032
6892.058	    0.031
6893.296	    0.031
6894.534	    0.033
6895.773	    0.031
6897.012	    0.029
6898.251	    0.027
6899.490	    0.027
6900.730	    0.026
6901.970	    0.026
6903.210	    0.026
6904.450	    0.026
6905.691	    0.024
6906.931	    0.022
6908.172	    0.024
6909.413	    0.023
6910.655	    0.021
6911.896	    0.021
6913.138	    0.022
6914.380	    0.020
6915.623	    0.015
6916.865	    0.013
6918.108	    0.016
6919.351	    0.017
6920.594	    0.015
6921.837	    0.014
6923.081	    0.016
6924.325	    0.015
6925.569	    0.014
6926.813	    0.010
6928.058	    0.014
6929.302	    0.017
6930.547	    0.015
6931.792	    0.012
6933.038	    0.011
6934.284	    0.012
6935.529	    0.010
6936.775	    0.003
6938.022	    0.009
6939.268	    0.010
6940.515	    0.010
6941.762	    0.013
6943.009	    0.004
6944.257	    0.009
6945.504	    0.005
6946.752	    0.011
6948.000	    0.011
6949.248	    0.010
6950.497	    0.011
6951.746	    0.009
6952.995	    0.008
6954.244	    0.008
6955.493	    0.012
6956.743	    0.012
6957.993	    0.005
6959.243	    0.007
6960.493	    0.007
6961.744	    0.003
6962.995	    0.004
6964.246	    0.008
6965.497	    0.013
6966.748	    0.014
6968.000	    0.013
6969.252	    0.013
6970.504	    0.014
6971.756	    0.011
6973.009	    0.010
6974.262	    0.010
6975.515	    0.011
6976.768	    0.011
6978.022	    0.008
6979.275	    0.008
6980.529	    0.005
6981.783	    0.006
6983.038	    0.010
6984.292	    0.011
6985.547	    0.008
6986.802	    0.009
6988.058	    0.009
6989.313	    0.008
6990.569	    0.010
6991.825	    0.011
6993.081	    0.013
6994.337	    0.016
6995.594	    0.013
6996.851	    0.011
6998.108	    0.016
6999.365	    0.018
7000.623	    0.009
7001.881	    0.005
7003.139	    0.009
7004.397	    0.016
7005.655	    0.017
7006.914	    0.006
7008.173	    0.007
7009.432	    0.006
7010.691	    0.005
7011.951	    0.007
7013.211	    0.007
7014.471	    0.013
7015.731	    0.016
7016.991	    0.016
7018.252	    0.011
7019.513	    0.010
7020.774	    0.016
7022.036	    0.015
7023.297	    0.016
7024.559	    0.015
7025.821	    0.016
7027.083	    0.016
7028.346	    0.013
7029.609	    0.008
7030.872	    0.008
7032.135	    0.004
7033.398	    0.004
7034.662	    0.004
7035.926	    0.007
7037.190	    0.014
7038.454	    0.016
7039.719	    0.013
7040.984	    0.008
7042.249	    0.008
7043.514	    0.003
7044.779	    0.006
7046.045	    0.009
7047.311	    0.008
7048.577	    0.007
7049.844	    0.006
7051.110	    0.009
7052.377	    0.012
7053.644	    0.005
7054.911	    0.014
7056.179	    0.009
7057.447	    0.009
7058.715	    0.004
7059.983	    0.007
7061.251	    0.011
7062.520	    0.011
7063.789	    0.011
7065.058	    0.003
7066.327	    0.010
7067.597	    0.010
7068.867	    0.006
7070.137	    0.004
7071.407	    0.012
7072.677	    0.004
7073.948	    0.004
7075.219	    0.006
7076.490	    0.005
7077.762	    0.009
7079.033	    0.015
7080.305	    0.013
7081.577	    0.011
7082.850	    0.010
7084.122	    0.004
7085.395	    0.007
7086.668	    0.007
7087.941	    0.009
7089.214	    0.011
7090.488	    0.011
7091.762	    0.004
7093.036	    0.009
7094.311	    0.012
7095.585	    0.009
7096.860	    0.011
7098.135	    0.010
7099.410	    0.007
7100.686	    0.005
7101.962	    0.004
7103.238	    0.004
7104.514	    0.009
7105.790	    0.010
7107.067	    0.003
7108.344	    0.010
7109.621	    0.008
7110.898	    0.011
7112.176	    0.004
7113.454	    0.006
7114.732	    0.006
7116.010	    0.005
7117.288	    0.007
7118.567	    0.006
7119.846	    0.006
7121.125	    0.008
7122.405	    0.008
7123.684	    0.007
7124.964	    0.003
7126.244	    0.006
7127.525	    0.004
7128.805	    0.005
7130.086	    0.011
7131.367	    0.004
7132.648	    0.010
7133.930	    0.008
7135.212	    0.003
7136.494	    0.007
7137.776	    0.011
7139.058	    0.004
7140.341	    0.003
7141.624	    0.007
7142.907	    0.006
7144.190	    0.007
7145.474	    0.005
7146.757	    0.008
7148.041	    0.012
7149.326	    0.011
7150.610	    0.009
7151.895	    0.010
7153.180	    0.010
7154.465	    0.007
7155.750	    0.011
7157.036	    0.013
7158.322	    0.017
7159.608	    0.015
7160.894	    0.010
7162.181	    0.012
7163.468	    0.007
7164.755	    0.016
7166.042	    0.021
7167.329	    0.022
7168.617	    0.023
7169.905	    0.025
7171.193	    0.033
7172.482	    0.032
7173.770	    0.031
7175.059	    0.032
7176.348	    0.033
7177.638	    0.032
7178.927	    0.030
7180.217	    0.029
7181.507	    0.033
7182.797	    0.037
7184.088	    0.042
7185.379	    0.045
7186.670	    0.041
7187.961	    0.034
7189.252	    0.032
7190.544	    0.036
7191.836	    0.039
7193.128	    0.038
7194.420	    0.033
7195.713	    0.032
7197.006	    0.032
7198.299	    0.037
7199.592	    0.040
7200.885	    0.038
7202.179	    0.037
7203.473	    0.034
7204.767	    0.033
7206.062	    0.030
7207.356	    0.027
7208.651	    0.023
7209.947	    0.019
7211.242	    0.015
7212.538	    0.018
7213.833	    0.022
7215.129	    0.023
7216.426	    0.022
7217.722	    0.019
7219.019	    0.018
7220.316	    0.017
7221.613	    0.023
7222.911	    0.025
7224.208	    0.024
7225.506	    0.027
7226.805	    0.028
7228.103	    0.026
7229.402	    0.027
7230.700	    0.033
7232.000	    0.039
7233.299	    0.043
7234.599	    0.040
7235.898	    0.033
7237.198	    0.028
7238.499	    0.031
7239.799	    0.035
7241.100	    0.036
7242.401	    0.036
7243.702	    0.037
7245.003	    0.035
7246.305	    0.031
7247.607	    0.030
7248.909	    0.029
7250.212	    0.035
7251.514	    0.040
7252.817	    0.038
7254.120	    0.034
7255.423	    0.030
7256.727	    0.030
7258.031	    0.031
7259.335	    0.031
7260.639	    0.031
7261.943	    0.034
7263.248	    0.037
7264.553	    0.037
7265.858	    0.032
7267.164	    0.029
7268.469	    0.028
7269.775	    0.030
7271.081	    0.035
7272.388	    0.034
7273.694	    0.033
7275.001	    0.039
7276.308	    0.042
7277.616	    0.039
7278.923	    0.031
7280.231	    0.024
7281.539	    0.022
7282.847	    0.023
7284.156	    0.024
7285.464	    0.029
7286.773	    0.031
7288.082	    0.036
7289.392	    0.039
7290.701	    0.039
7292.011	    0.036
7293.321	    0.032
7294.632	    0.030
7295.942	    0.029
7297.253	    0.029
7298.564	    0.030
7299.876	    0.033
7301.187	    0.036
7302.499	    0.037
7303.811	    0.034
7305.123	    0.028
7306.436	    0.029
7307.748	    0.031
7309.061	    0.033
7310.374	    0.032
7311.688	    0.030
7313.002	    0.031
7314.315	    0.030
7315.630	    0.032
7316.944	    0.035
7318.259	    0.033
7319.573	    0.027
7320.888	    0.024
7322.204	    0.025
7323.519	    0.026
7324.835	    0.028
7326.151	    0.028
7327.467	    0.024
7328.784	    0.021
7330.101	    0.024
