1 1 1077.11 1081.80
24.3110 
0.5522 
name    flux    f_err    vel    sig
Hgamma      	   2.94498	      0.12	 2889.8292	      0.54
Hbeta       	   7.32856	      0.12	 2889.8292	      0.54
Halpha      	  75.07291	      0.10	 2889.8292	      0.54
[SII]6716   	  11.28368	      0.10	 2893.7883	     10.91
[SII]6731   	   8.32389	      0.10	 2893.7883	     10.91
[OIII]5007_d	   2.88146	      0.15	 2893.7883	     10.91
[OI]6300_d  	   3.32879	      0.13	 2893.7883	     10.91
[NII]6583_d 	  50.54073	      0.13	 2893.7883	     10.91
