wlen 	 newgal_spectrum 
  4176.646 	      0.068
  4177.397 	      0.061
  4178.147 	      0.052
  4178.898 	      0.043
  4179.649 	      0.031
  4180.400 	      0.020
  4181.151 	      0.008
  4181.902 	     -0.003
  4182.653 	     -0.016
  4183.405 	     -0.022
  4184.157 	     -0.027
  4184.908 	     -0.029
  4185.660 	     -0.034
  4186.412 	     -0.030
  4187.164 	     -0.031
  4187.917 	     -0.043
  4188.669 	     -0.044
  4189.422 	     -0.041
  4190.174 	     -0.013
  4190.927 	      0.080
  4191.680 	     -0.021
  4192.433 	     -0.030
  4193.186 	     -0.015
  4193.940 	      0.031
  4194.693 	     -0.047
  4195.447 	     -0.064
  4196.201 	     -0.063
  4196.955 	     -0.037
  4197.709 	     -0.089
  4198.463 	     -0.074
  4199.217 	     -0.030
  4199.972 	      0.069
  4200.726 	      0.096
  4201.481 	      0.027
  4202.236 	     -0.022
  4202.991 	      0.028
  4203.746 	      0.019
  4204.501 	      0.009
  4205.257 	      0.016
  4206.012 	      0.068
  4206.768 	      0.089
  4207.524 	      0.056
  4208.280 	      0.018
  4209.036 	     -0.008
  4209.792 	     -0.000
  4210.548 	     -0.004
  4211.305 	     -0.009
  4212.061 	     -0.011
  4212.818 	      0.024
  4213.575 	      0.034
  4214.332 	      0.029
  4215.089 	     -0.001
  4215.846 	     -0.008
  4216.604 	      0.006
  4217.361 	      0.010
  4218.119 	     -0.016
  4218.877 	     -0.048
  4219.635 	     -0.055
  4220.393 	     -0.041
  4221.151 	      0.013
  4221.910 	      0.072
  4222.668 	      0.005
  4223.427 	     -0.054
  4224.186 	     -0.079
  4224.945 	     -0.050
  4225.704 	      0.039
  4226.463 	      0.072
  4227.222 	      0.010
  4227.982 	      0.113
  4228.741 	      0.044
  4229.501 	      0.016
  4230.261 	      0.054
  4231.021 	      0.097
  4231.781 	      0.049
  4232.542 	      0.038
  4233.302 	      0.068
  4234.063 	      0.046
  4234.823 	      0.023
  4235.584 	      0.009
  4236.345 	      0.003
  4237.106 	     -0.049
  4237.868 	      0.001
  4238.629 	      0.001
  4239.390 	     -0.029
  4240.152 	      0.015
  4240.914 	      0.009
  4241.676 	     -0.012
  4242.438 	     -0.036
  4243.200 	     -0.020
  4243.963 	     -0.017
  4244.725 	     -0.006
  4245.488 	      0.007
  4246.250 	      0.021
  4247.013 	      0.041
  4247.776 	      0.046
  4248.540 	      0.050
  4249.303 	      0.075
  4250.066 	      0.106
  4250.830 	      0.086
  4251.594 	      0.086
  4252.357 	      0.162
  4253.121 	      0.108
  4253.886 	      0.093
  4254.650 	      0.082
  4255.414 	      0.068
  4256.179 	      0.009
  4256.944 	      0.098
  4257.708 	      0.113
  4258.473 	      0.025
  4259.238 	     -0.011
  4260.004 	     -0.039
  4260.769 	     -0.032
  4261.535 	      0.010
  4262.300 	      0.128
  4263.066 	      0.113
  4263.832 	      0.076
  4264.598 	      0.034
  4265.364 	      0.039
  4266.130 	      0.046
  4266.897 	      0.007
  4267.664 	     -0.031
  4268.430 	      0.008
  4269.197 	      0.020
  4269.964 	      0.005
  4270.731 	     -0.016
  4271.499 	     -0.036
  4272.266 	     -0.026
  4273.034 	      0.021
  4273.801 	      0.047
  4274.569 	      0.038
  4275.337 	     -0.003
  4276.105 	      0.042
  4276.874 	      0.069
  4277.642 	      0.074
  4278.411 	      0.069
  4279.179 	      0.055
  4279.948 	      0.050
  4280.717 	      0.052
  4281.486 	      0.061
  4282.255 	      0.032
  4283.025 	      0.034
  4283.794 	      0.040
  4284.564 	      0.030
  4285.334 	      0.041
  4286.104 	      0.026
  4286.874 	      0.016
  4287.644 	      0.025
  4288.414 	      0.094
  4289.185 	      0.076
  4289.955 	      0.036
  4290.726 	     -0.017
  4291.497 	      0.011
  4292.268 	      0.056
  4293.039 	      0.060
  4293.811 	      0.036
  4294.582 	     -0.003
  4295.354 	      0.071
  4296.125 	      0.057
  4296.897 	      0.029
  4297.669 	      0.050
  4298.441 	     -0.050
  4299.214 	      0.057
  4299.986 	      0.107
  4300.759 	      0.017
  4301.531 	      0.071
  4302.304 	      0.104
  4303.077 	      0.100
  4303.850 	      0.066
  4304.623 	      0.031
  4305.397 	      0.044
  4306.170 	      0.050
  4306.944 	      0.053
  4307.718 	      0.063
  4308.492 	      0.033
  4309.266 	      0.060
  4310.040 	      0.093
  4310.814 	      0.115
  4311.589 	      0.050
  4312.364 	      0.060
  4313.138 	      0.076
  4313.913 	      0.092
  4314.688 	      0.098
  4315.464 	      0.067
  4316.239 	      0.041
  4317.014 	      0.022
  4317.790 	      0.024
  4318.566 	      0.070
  4319.342 	      0.068
  4320.118 	      0.073
  4320.894 	      0.111
  4321.670 	      0.033
  4322.447 	      0.064
  4323.223 	      0.098
  4324.000 	      0.123
  4324.777 	      0.071
  4325.554 	      0.090
  4326.331 	      0.139
  4327.108 	      0.158
  4327.886 	      0.045
  4328.663 	      0.009
  4329.441 	      0.012
  4330.219 	      0.020
  4330.997 	      0.026
  4331.775 	      0.004
  4332.553 	      0.048
  4333.332 	      0.043
  4334.110 	      0.014
  4334.889 	      0.020
  4335.668 	      0.055
  4336.447 	      0.030
  4337.226 	      0.022
  4338.005 	      0.085
  4338.784 	      0.076
  4339.564 	      0.070
  4340.344 	      0.071
  4341.123 	      0.080
  4341.903 	      0.109
  4342.683 	      0.086
  4343.464 	      0.033
  4344.244 	     -0.003
  4345.024 	      0.035
  4345.805 	      0.020
  4346.586 	      0.036
  4347.367 	      0.041
  4348.148 	      0.033
  4348.929 	      0.047
  4349.710 	      0.032
  4350.492 	      0.025
  4351.274 	      0.023
  4352.055 	      0.019
  4352.837 	     -0.002
  4353.619 	     -0.003
  4354.402 	      0.009
  4355.184 	      0.035
  4355.966 	      0.073
  4356.749 	      0.067
  4357.532 	      0.048
  4358.315 	      0.040
  4359.098 	      0.097
  4359.881 	      0.115
  4360.664 	      0.090
  4361.448 	      0.050
  4362.231 	      0.007
  4363.015 	      0.121
  4363.799 	      0.065
  4364.583 	      0.075
  4365.367 	      0.098
  4366.151 	      0.049
  4366.936 	      0.122
  4367.720 	      0.174
  4368.505 	      0.168
  4369.290 	      0.101
  4370.075 	      0.104
  4370.860 	      0.119
  4371.645 	      0.099
  4372.431 	      0.084
  4373.216 	      0.143
  4374.002 	      0.186
  4374.788 	      0.160
  4375.574 	      0.107
  4376.360 	      0.043
  4377.146 	      0.054
  4377.933 	      0.047
  4378.719 	      0.060
  4379.506 	      0.080
  4380.293 	      0.098
  4381.080 	      0.139
  4381.867 	      0.088
  4382.654 	      0.089
  4390.535 	      0.147
  4391.324 	      0.103
  4392.113 	      0.104
  4392.902 	      0.123
  4393.691 	      0.111
  4394.480 	      0.060
  4395.270 	      0.052
  4396.059 	      0.053
  4396.849 	      0.063
  4397.639 	      0.061
  4398.429 	      0.018
  4399.220 	      0.114
  4400.010 	      0.087
  4400.801 	      0.069
  4401.591 	      0.065
  4402.382 	      0.071
  4403.173 	      0.090
  4403.964 	      0.135
  4404.755 	      0.151
  4405.547 	      0.123
  4406.338 	      0.153
  4407.130 	      0.123
  4407.922 	      0.080
  4408.714 	      0.060
  4409.506 	      0.103
  4410.298 	      0.129
  4411.090 	      0.085
  4411.883 	      0.112
  4412.675 	      0.163
  4413.468 	      0.064
  4414.261 	      0.063
  4415.054 	     -0.007
  4415.848 	     -0.038
  4416.641 	     -0.002
  4417.434 	      0.084
  4418.228 	      0.100
  4419.022 	      0.100
  4419.816 	      0.082
  4420.610 	      0.043
  4421.404 	      0.015
  4422.199 	      0.046
  4422.993 	      0.063
  4423.788 	      0.073
  4424.583 	      0.088
  4425.377 	      0.067
  4426.173 	      0.066
  4426.968 	      0.050
  4427.763 	      0.026
  4428.559 	      0.046
  4429.354 	      0.029
  4430.150 	      0.004
  4430.946 	      0.001
  4431.742 	      0.032
  4432.538 	      0.089
  4433.335 	      0.021
  4434.131 	     -0.019
  4434.928 	     -0.031
  4435.725 	     -0.010
  4436.522 	      0.005
  4437.319 	     -0.050
  4438.116 	     -0.055
  4438.913 	     -0.039
  4439.711 	     -0.040
  4440.509 	     -0.007
  4441.306 	     -0.003
  4442.104 	      0.021
  4442.902 	      0.054
  4443.701 	      0.075
  4444.499 	      0.051
  4445.298 	      0.057
  4446.096 	      0.030
  4446.895 	     -0.021
  4447.694 	     -0.013
  4448.493 	     -0.051
  4449.292 	      0.007
  4450.092 	      0.074
  4450.891 	      0.111
  4451.691 	      0.041
  4452.491 	     -0.003
  4453.291 	     -0.019
  4454.091 	      0.020
  4454.891 	      0.122
  4455.691 	      0.100
  4456.492 	      0.028
  4457.293 	      0.019
  4458.093 	      0.019
  4458.894 	     -0.008
  4459.695 	     -0.051
  4460.497 	     -0.038
  4461.298 	      0.014
  4462.100 	      0.063
  4462.901 	      0.064
  4463.703 	      0.002
  4464.505 	      0.008
  4465.307 	      0.020
  4466.109 	      0.030
  4466.912 	      0.028
  4467.714 	      0.011
  4468.517 	      0.007
  4469.320 	      0.013
  4470.123 	      0.019
  4470.926 	      0.007
  4471.729 	     -0.047
  4472.533 	     -0.047
  4473.336 	     -0.042
  4474.140 	     -0.038
  4474.944 	     -0.034
  4475.748 	     -0.030
  4476.552 	     -0.026
  4477.356 	     -0.022
  4478.161 	     -0.018
  4478.965 	     -0.014
  4479.770 	     -0.007
  4480.575 	     -0.000
  4481.380 	      0.007
  4482.185 	      0.013
  4482.990 	      0.015
  4483.796 	      0.013
  4484.601 	      0.008
  4485.407 	      0.004
  4486.213 	      0.002
  4487.019 	      0.005
  4487.825 	      0.013
  4488.631 	      0.024
  4489.438 	      0.035
  4490.244 	      0.042
  4491.051 	      0.045
  4491.858 	      0.044
  4492.665 	      0.040
  4493.472 	      0.038
  4494.280 	      0.037
  4495.087 	      0.039
  4495.895 	      0.043
  4496.702 	      0.007
  4497.510 	     -0.028
  4498.318 	     -0.038
  4499.127 	      0.019
  4499.935 	     -0.033
  4500.743 	     -0.015
  4501.552 	     -0.015
  4502.361 	     -0.021
  4503.170 	     -0.002
  4503.979 	     -0.038
  4504.788 	      0.009
  4505.597 	     -0.001
  4506.407 	     -0.042
  4507.216 	     -0.074
  4508.026 	     -0.035
  4508.836 	     -0.019
  4509.646 	     -0.021
  4510.456 	     -0.014
  4511.267 	      0.027
  4512.077 	      0.059
  4512.888 	      0.051
  4513.699 	      0.045
  4514.510 	      0.033
  4515.321 	      0.013
  4516.132 	      0.036
  4516.943 	      0.045
  4517.755 	      0.058
  4518.567 	      0.076
  4519.379 	      0.095
  4520.191 	      0.071
  4521.003 	      0.048
  4525.065 	      0.019
  4525.878 	     -0.009
  4526.692 	     -0.012
  4527.505 	     -0.013
  4528.318 	     -0.004
  4529.132 	      0.006
  4529.946 	      0.048
  4530.759 	      0.050
  4531.573 	      0.027
  4532.388 	      0.019
  4533.202 	     -0.014
  4534.016 	      0.040
  4534.831 	      0.057
  4535.646 	      0.054
  4536.461 	      0.047
  4537.276 	      0.066
  4541.353 	     -0.001
  4542.169 	     -0.058
  4542.985 	     -0.044
  4543.801 	     -0.013
  4544.618 	      0.011
  4545.434 	     -0.001
  4546.251 	     -0.036
  4547.068 	     -0.015
  4547.885 	      0.017
  4548.702 	      0.033
  4549.519 	      0.005
  4550.336 	     -0.015
  4551.154 	     -0.004
  4551.972 	     -0.007
  4552.789 	     -0.009
  4553.607 	     -0.002
  4554.425 	      0.006
  4555.244 	      0.026
  4556.062 	      0.017
  4556.881 	      0.001
  4557.699 	     -0.010
  4558.518 	     -0.010
  4559.337 	     -0.021
  4560.156 	     -0.015
  4560.976 	      0.002
  4561.795 	      0.015
  4562.615 	      0.006
  4563.435 	     -0.025
  4564.254 	     -0.013
  4565.074 	      0.015
  4565.895 	      0.030
  4566.715 	      0.017
  4567.535 	      0.004
  4568.356 	     -0.007
  4569.177 	     -0.020
  4569.998 	     -0.014
  4570.819 	     -0.001
  4571.640 	     -0.020
  4572.461 	     -0.008
  4573.283 	      0.002
  4574.105 	      0.010
  4574.926 	      0.002
  4575.748 	     -0.034
  4576.570 	     -0.011
  4577.393 	     -0.075
  4578.215 	     -0.078
  4579.038 	     -0.058
  4579.860 	     -0.029
  4580.683 	      0.003
  4581.506 	      0.006
  4582.329 	     -0.004
  4583.153 	     -0.011
  4583.976 	     -0.001
  4584.800 	      0.039
  4585.623 	     -0.001
  4586.447 	      0.023
  4587.271 	      0.009
  4588.095 	      0.014
  4588.920 	      0.037
  4589.744 	     -0.022
  4590.569 	     -0.054
  4591.394 	     -0.029
  4592.219 	     -0.006
  4593.044 	      0.003
  4593.869 	     -0.003
  4594.694 	      0.010
  4595.520 	     -0.008
  4596.345 	     -0.035
  4597.171 	     -0.044
  4597.997 	     -0.037
  4598.823 	     -0.055
  4599.649 	     -0.050
  4600.476 	     -0.012
  4601.302 	     -0.009
  4602.129 	     -0.020
  4602.956 	     -0.014
  4603.783 	     -0.000
  4604.610 	     -0.017
  4605.437 	     -0.024
  4606.265 	     -0.020
  4607.092 	     -0.013
  4607.920 	     -0.022
  4608.748 	     -0.015
  4609.576 	     -0.003
  4610.404 	      0.017
  4611.232 	      0.037
  4612.061 	      0.047
  4612.890 	      0.021
  4613.718 	     -0.013
  4614.547 	     -0.008
  4615.376 	     -0.010
  4616.206 	     -0.013
  4617.035 	     -0.005
  4617.864 	      0.003
  4618.694 	     -0.008
  4619.524 	     -0.025
  4620.354 	     -0.055
  4621.184 	     -0.093
  4622.014 	     -0.124
  4622.845 	     -0.020
  4623.675 	     -0.008
  4624.506 	     -0.039
  4625.337 	     -0.051
  4626.168 	     -0.018
  4626.999 	     -0.017
  4627.830 	     -0.013
  4628.662 	     -0.036
  4629.493 	     -0.043
  4630.325 	     -0.051
  4631.157 	     -0.078
  4631.989 	     -0.081
  4632.821 	     -0.065
  4633.654 	     -0.054
  4634.486 	     -0.038
  4635.319 	     -0.027
  4636.152 	     -0.039
  4636.985 	     -0.016
  4637.818 	     -0.042
  4638.651 	      0.032
  4643.654 	     -0.069
  4644.488 	     -0.075
  4645.322 	     -0.055
  4646.157 	     -0.013
  4646.992 	      0.041
  4647.827 	      0.001
  4648.662 	     -0.041
  4649.497 	     -0.050
  4650.332 	     -0.024
  4651.168 	     -0.031
  4652.003 	     -0.044
  4652.839 	     -0.045
  4653.675 	     -0.023
  4654.511 	     -0.001
  4655.347 	     -0.002
  4656.184 	     -0.001
  4657.020 	     -0.038
  4657.857 	     -0.058
  4658.694 	     -0.054
  4659.531 	     -0.049
  4660.368 	     -0.063
  4661.205 	     -0.043
  4662.043 	      0.006
  4662.881 	      0.000
  4663.718 	     -0.022
  4664.556 	     -0.027
  4665.394 	      0.009
  4666.232 	      0.025
  4667.071 	      0.018
  4667.909 	     -0.049
  4668.748 	     -0.079
  4669.587 	     -0.061
  4670.426 	     -0.020
  4671.265 	     -0.017
  4672.104 	     -0.003
  4672.944 	     -0.023
  4673.783 	     -0.020
  4674.623 	     -0.008
  4675.463 	     -0.020
  4676.303 	     -0.027
  4677.143 	     -0.050
  4677.983 	     -0.067
  4678.824 	     -0.058
  4679.664 	     -0.025
  4680.505 	      0.012
  4681.346 	      0.010
  4682.187 	      0.008
  4683.028 	     -0.061
  4683.870 	     -0.085
  4684.711 	     -0.070
  4685.553 	     -0.058
  4686.395 	     -0.054
  4687.237 	     -0.033
  4688.079 	     -0.021
  4688.921 	     -0.001
  4689.764 	      0.011
  4690.606 	     -0.007
  4691.449 	     -0.087
  4692.292 	     -0.104
  4693.135 	     -0.088
  4693.978 	     -0.058
  4694.821 	     -0.047
  4695.665 	     -0.067
  4696.508 	     -0.066
  4697.352 	     -0.052
  4698.196 	     -0.042
  4699.040 	     -0.017
  4699.885 	      0.002
  4700.729 	      0.001
  4701.574 	     -0.019
  4702.418 	     -0.013
  4703.263 	     -0.030
  4704.108 	     -0.025
  4704.953 	     -0.011
  4705.799 	      0.009
  4706.644 	      0.042
  4707.490 	      0.015
  4708.335 	     -0.013
  4709.181 	     -0.023
  4710.027 	     -0.016
  4710.874 	     -0.010
  4711.720 	     -0.030
  4712.567 	     -0.049
  4713.413 	     -0.035
  4714.260 	     -0.022
  4715.107 	     -0.021
  4715.954 	     -0.036
  4716.802 	     -0.060
  4717.649 	     -0.073
  4718.497 	     -0.043
  4719.344 	     -0.017
  4720.192 	     -0.002
  4721.040 	     -0.002
  4721.888 	     -0.010
  4722.737 	     -0.010
  4723.585 	      0.004
  4724.434 	      0.030
  4725.283 	      0.009
  4726.132 	     -0.028
  4726.981 	     -0.051
  4727.830 	     -0.038
  4728.680 	     -0.030
  4729.529 	     -0.021
  4730.379 	     -0.009
  4731.229 	     -0.038
  4732.079 	     -0.041
  4732.929 	      0.028
  4733.779 	      0.038
  4734.630 	     -0.014
  4735.480 	     -0.003
  4736.331 	     -0.017
  4737.182 	     -0.022
  4738.033 	     -0.013
  4738.885 	     -0.019
  4739.736 	     -0.060
  4740.588 	     -0.044
  4741.439 	      0.020
  4742.291 	      0.028
  4743.143 	     -0.004
  4743.995 	     -0.021
  4744.848 	     -0.004
  4745.700 	      0.012
  4746.553 	     -0.034
  4747.406 	     -0.071
  4748.259 	     -0.087
  4749.112 	     -0.078
  4749.965 	     -0.055
  4750.818 	     -0.081
  4751.672 	     -0.048
  4752.526 	     -0.012
  4753.379 	     -0.027
  4754.233 	     -0.070
  4755.088 	     -0.094
  4755.942 	     -0.075
  4756.796 	     -0.059
  4757.651 	     -0.068
  4758.506 	     -0.039
  4759.361 	     -0.024
  4760.216 	     -0.040
  4761.071 	     -0.062
  4761.926 	     -0.046
  4762.782 	     -0.021
  4763.638 	     -0.034
  4764.494 	     -0.033
  4765.350 	     -0.032
  4766.206 	     -0.036
  4767.062 	     -0.018
  4767.919 	     -0.022
  4768.775 	     -0.036
  4769.632 	     -0.059
  4770.489 	     -0.067
  4771.346 	     -0.062
  4772.203 	     -0.057
  4773.061 	     -0.069
  4773.918 	     -0.020
  4774.776 	      0.000
  4775.634 	     -0.002
  4776.492 	     -0.021
  4777.350 	     -0.046
  4778.208 	     -0.062
  4779.067 	     -0.050
  4779.925 	     -0.034
  4780.784 	     -0.025
  4781.643 	     -0.025
  4782.502 	     -0.031
  4783.361 	     -0.032
  4784.221 	     -0.017
  4785.080 	     -0.062
  4785.940 	     -0.059
  4786.800 	     -0.032
  4787.660 	     -0.004
  4788.520 	      0.003
  4789.381 	     -0.021
  4790.241 	     -0.060
  4791.102 	      0.005
  4791.962 	     -0.028
  4792.823 	      0.009
  4793.684 	      0.017
  4794.546 	     -0.007
  4795.407 	     -0.038
  4796.269 	     -0.063
  4797.130 	     -0.010
  4797.992 	     -0.004
  4798.854 	     -0.043
  4799.717 	     -0.013
  4800.579 	      0.016
  4801.441 	     -0.035
  4802.304 	     -0.069
  4803.167 	     -0.058
  4804.030 	     -0.056
  4804.893 	     -0.094
  4805.756 	     -0.098
  4806.620 	     -0.072
  4807.483 	     -0.039
  4808.347 	      0.038
  4809.211 	     -0.026
  4810.075 	     -0.031
  4810.939 	     -0.033
  4811.803 	     -0.051
  4812.668 	     -0.068
  4813.533 	     -0.073
  4814.397 	     -0.103
  4815.262 	     -0.006
  4816.128 	     -0.047
  4816.993 	     -0.036
  4817.858 	     -0.011
  4818.724 	      0.005
  4819.590 	     -0.000
  4820.456 	     -0.021
  4821.322 	      0.024
  4822.188 	     -0.012
  4823.054 	     -0.063
  4823.921 	     -0.069
  4824.787 	     -0.046
  4825.654 	     -0.028
  4826.521 	     -0.026
  4827.388 	      0.002
  4828.256 	     -0.035
  4829.123 	     -0.032
  4829.991 	     -0.004
  4830.859 	      0.005
  4831.727 	     -0.020
  4832.595 	     -0.050
  4833.463 	     -0.062
  4834.331 	     -0.061
  4835.200 	     -0.033
  4836.069 	     -0.030
  4836.937 	     -0.048
  4837.806 	     -0.064
  4838.676 	     -0.057
  4839.545 	     -0.020
  4840.415 	     -0.012
  4841.284 	     -0.025
  4842.154 	     -0.035
  4843.024 	     -0.023
  4843.894 	     -0.005
  4844.764 	     -0.004
  4845.635 	     -0.012
  4846.505 	     -0.046
  4847.376 	     -0.068
  4848.247 	     -0.065
  4849.118 	     -0.049
  4849.989 	     -0.048
  4850.861 	     -0.071
  4851.732 	     -0.089
  4852.604 	     -0.057
  4853.476 	     -0.029
  4854.348 	     -0.042
  4855.220 	     -0.043
  4856.092 	     -0.036
  4856.965 	     -0.030
  4857.837 	     -0.036
  4858.710 	     -0.068
  4859.583 	     -0.039
  4860.456 	     -0.066
  4861.329 	     -0.028
  4862.203 	     -0.030
  4863.076 	     -0.033
  4863.950 	     -0.006
  4864.824 	      0.021
  4865.698 	      0.024
  4866.572 	     -0.026
  4867.447 	      0.033
  4868.321 	     -0.015
  4869.196 	     -0.051
  4870.071 	     -0.053
  4870.946 	     -0.049
  4871.821 	      0.002
  4872.696 	     -0.015
  4873.571 	     -0.108
  4874.447 	     -0.079
  4875.323 	     -0.067
  4876.199 	     -0.094
  4877.075 	     -0.106
  4877.951 	     -0.056
  4878.827 	     -0.072
  4879.704 	     -0.120
  4880.581 	     -0.085
  4881.458 	     -0.097
  4882.335 	     -0.089
  4883.212 	     -0.093
  4884.089 	     -0.115
  4884.967 	     -0.093
  4885.844 	     -0.059
  4886.722 	     -0.061
  4887.600 	     -0.091
  4888.478 	     -0.093
  4889.356 	     -0.094
  4890.235 	     -0.095
  4891.114 	     -0.079
  4891.992 	     -0.044
  4892.871 	     -0.003
  4893.750 	     -0.066
  4894.630 	     -0.053
  4895.509 	     -0.038
  4896.388 	     -0.038
  4897.268 	     -0.043
  4898.148 	     -0.038
  4899.028 	     -0.028
  4899.908 	     -0.057
  4900.789 	     -0.031
  4901.669 	     -0.046
  4902.550 	     -0.021
  4903.431 	     -0.011
  4904.312 	     -0.022
  4905.193 	     -0.027
  4906.074 	     -0.027
  4906.955 	      0.004
  4907.837 	      0.004
  4908.719 	      0.035
  4909.601 	      0.222
  4910.483 	      0.660
  4911.365 	      1.304
  4912.247 	      1.933
  4913.130 	      2.206
  4914.013 	      1.861
  4914.896 	      1.126
  4915.779 	      0.527
  4916.662 	      0.165
  4917.545 	      0.028
  4918.429 	      0.004
  4919.312 	     -0.013
  4920.196 	     -0.037
  4921.080 	     -0.049
  4921.964 	     -0.086
  4922.849 	     -0.088
  4923.733 	     -0.068
  4924.618 	     -0.058
  4925.502 	     -0.058
  4926.387 	     -0.052
  4927.273 	     -0.045
  4928.158 	     -0.099
  4929.043 	     -0.127
  4929.929 	     -0.123
  4930.815 	     -0.088
  4931.700 	     -0.069
  4932.586 	     -0.057
  4933.473 	     -0.029
  4934.359 	     -0.006
  4935.246 	     -0.065
  4936.132 	     -0.047
  4937.019 	     -0.084
  4937.906 	     -0.103
  4938.793 	     -0.098
  4939.681 	     -0.098
  4940.568 	     -0.107
  4941.456 	     -0.107
  4942.344 	     -0.101
  4943.232 	     -0.108
  4944.120 	     -0.095
  4945.008 	     -0.080
  4945.896 	     -0.097
  4946.785 	     -0.079
  4947.674 	     -0.069
  4948.563 	     -0.076
  4949.452 	     -0.036
  4950.341 	     -0.060
  4951.230 	     -0.053
  4952.120 	     -0.083
  4953.010 	     -0.119
  4953.900 	     -0.152
  4954.790 	     -0.138
  4955.680 	     -0.082
  4956.570 	     -0.042
  4957.461 	     -0.073
  4958.351 	     -0.100
  4959.242 	     -0.082
  4960.133 	     -0.089
  4961.024 	     -0.108
  4961.916 	     -0.141
  4962.807 	     -0.161
  4963.699 	     -0.141
  4964.591 	     -0.088
  4965.483 	     -0.044
  4966.375 	     -0.096
  4967.267 	     -0.029
  4968.159 	     -0.052
  4969.052 	     -0.065
  4969.945 	     -0.096
  4970.838 	     -0.139
  4971.731 	     -0.156
  4972.624 	     -0.126
  4973.518 	     -0.082
  4974.411 	     -0.101
  4975.305 	     -0.113
  4976.199 	     -0.144
  4977.093 	     -0.110
  4977.987 	     -0.075
  4978.881 	     -0.071
  4979.776 	     -0.075
  4980.671 	     -0.070
  4981.565 	     -0.104
  4982.460 	     -0.066
  4983.356 	     -0.076
  4984.251 	     -0.070
  4985.146 	     -0.074
  4986.042 	     -0.080
  4986.938 	     -0.076
  4987.834 	     -0.068
  4988.730 	     -0.075
  4989.626 	     -0.100
  4990.523 	     -0.063
  4991.419 	     -0.078
  4992.316 	     -0.087
  4993.213 	     -0.088
  4994.110 	     -0.086
  4995.007 	     -0.085
  4995.905 	     -0.083
  4996.802 	     -0.078
  4997.700 	     -0.045
  4998.598 	     -0.043
  4999.496 	     -0.062
  5000.394 	     -0.068
  5001.293 	     -0.069
  5002.191 	     -0.074
  5003.090 	     -0.076
  5003.989 	     -0.066
  5004.888 	     -0.040
  5005.787 	     -0.009
  5006.687 	     -0.043
  5007.586 	     -0.087
  5008.486 	     -0.070
  5009.386 	     -0.021
  5010.286 	      0.023
  5011.186 	      0.050
  5012.086 	      0.049
  5012.987 	      0.017
  5013.887 	     -0.023
  5014.788 	     -0.045
  5015.689 	     -0.069
  5016.590 	     -0.056
  5017.492 	     -0.071
  5018.393 	     -0.089
  5019.295 	     -0.096
  5020.197 	     -0.103
  5021.098 	     -0.104
  5022.001 	     -0.079
  5022.903 	     -0.085
  5023.805 	     -0.058
  5024.708 	     -0.036
  5025.611 	     -0.037
  5026.514 	     -0.066
  5027.417 	     -0.055
  5028.320 	     -0.048
  5029.223 	     -0.068
  5030.127 	     -0.094
  5031.031 	     -0.125
  5031.935 	     -0.110
  5032.839 	     -0.104
  5033.743 	     -0.130
  5034.647 	     -0.064
  5035.552 	     -0.077
  5036.456 	     -0.080
  5037.361 	     -0.085
  5038.266 	     -0.104
  5039.172 	     -0.108
  5040.077 	     -0.112
  5040.982 	     -0.047
  5041.888 	     -0.118
  5042.794 	     -0.082
  5043.700 	     -0.083
  5044.606 	     -0.076
  5045.513 	     -0.065
  5046.419 	     -0.049
  5047.326 	     -0.049
  5048.233 	     -0.082
  5049.140 	     -0.088
  5050.047 	     -0.060
  5050.954 	     -0.051
  5051.861 	     -0.073
  5052.769 	     -0.066
  5053.677 	     -0.069
  5054.585 	     -0.092
  5055.493 	     -0.067
  5056.401 	     -0.040
  5057.310 	     -0.030
  5058.218 	      0.160
  5059.127 	      0.210
  5060.036 	      0.290
  5060.945 	      0.240
  5061.855 	      0.103
  5062.764 	      0.007
  5063.674 	     -0.036
  5064.583 	     -0.070
  5065.493 	     -0.099
  5066.403 	     -0.089
  5067.314 	     -0.054
  5068.224 	     -0.064
  5069.135 	     -0.037
  5070.045 	     -0.030
  5070.956 	     -0.106
  5071.867 	     -0.084
  5072.779 	     -0.068
  5073.690 	     -0.081
  5074.602 	     -0.090
  5075.513 	     -0.077
  5076.425 	     -0.057
  5077.337 	     -0.044
  5078.249 	     -0.061
  5079.162 	     -0.065
  5080.074 	     -0.083
  5080.987 	     -0.054
  5081.900 	     -0.051
  5082.813 	     -0.049
  5083.726 	     -0.047
  5084.640 	     -0.070
  5085.553 	     -0.102
  5086.467 	     -0.090
  5087.381 	     -0.089
  5088.295 	     -0.070
  5089.209 	     -0.079
  5090.123 	     -0.096
  5091.038 	     -0.100
  5091.952 	     -0.103
  5092.867 	     -0.076
  5093.782 	     -0.052
  5094.697 	     -0.041
  5095.613 	     -0.037
  5096.528 	     -0.059
  5097.444 	     -0.061
  5098.360 	     -0.046
  5099.276 	     -0.087
  5100.192 	     -0.097
  5101.108 	     -0.107
  5102.025 	     -0.094
  5102.941 	     -0.069
  5103.858 	     -0.051
  5104.775 	     -0.047
  5105.692 	     -0.054
  5106.610 	     -0.061
  5107.527 	     -0.055
  5108.445 	     -0.044
  5109.363 	     -0.040
  5110.281 	     -0.043
  5111.199 	     -0.037
  5112.117 	     -0.031
  5113.036 	     -0.025
  5113.954 	     -0.048
  5124.991 	     -0.026
  5125.911 	     -0.041
  5126.832 	     -0.019
  5127.753 	     -0.005
  5128.675 	     -0.048
  5129.596 	     -0.069
  5130.518 	     -0.053
  5131.440 	     -0.079
  5132.362 	     -0.043
  5133.284 	     -0.051
  5134.206 	     -0.046
  5135.128 	     -0.050
  5136.051 	     -0.047
  5136.974 	     -0.029
  5137.897 	     -0.018
  5138.820 	      0.001
  5139.743 	     -0.003
  5140.666 	     -0.058
  5141.590 	     -0.045
  5142.514 	     -0.077
  5143.438 	     -0.057
  5144.362 	     -0.062
  5145.286 	     -0.061
  5146.211 	     -0.031
  5147.135 	     -0.004
  5148.060 	      0.006
  5148.985 	      0.012
  5149.910 	     -0.016
  5150.835 	     -0.066
  5151.761 	     -0.077
  5152.686 	     -0.037
  5153.612 	     -0.121
  5154.538 	     -0.052
  5155.464 	     -0.046
  5156.390 	     -0.098
  5157.317 	     -0.087
  5158.243 	     -0.056
  5159.170 	     -0.039
  5160.097 	     -0.034
  5161.024 	     -0.076
  5161.951 	     -0.063
  5162.879 	     -0.097
  5163.806 	     -0.084
  5164.734 	     -0.063
  5165.662 	     -0.043
  5166.590 	     -0.021
  5167.518 	      0.013
  5168.447 	     -0.027
  5169.375 	     -0.049
  5170.304 	     -0.047
  5171.233 	     -0.042
  5172.162 	     -0.030
  5173.091 	     -0.065
  5174.021 	     -0.024
  5174.950 	     -0.019
  5175.880 	     -0.030
  5176.810 	     -0.080
  5177.740 	     -0.070
  5178.670 	     -0.048
  5179.601 	      0.065
  5180.531 	      0.080
  5181.462 	     -0.013
  5182.393 	     -0.089
  5183.324 	     -0.093
  5184.255 	     -0.071
  5185.187 	     -0.064
  5186.118 	     -0.069
  5187.050 	     -0.099
  5187.982 	     -0.070
  5188.914 	     -0.059
  5189.846 	      0.022
  5190.779 	      0.004
  5191.712 	      0.025
  5192.644 	     -0.005
  5193.577 	      0.007
  5194.510 	      0.033
  5195.444 	      0.042
  5196.377 	      0.071
  5197.311 	      0.095
  5198.244 	      0.083
  5199.178 	      0.079
  5200.112 	      0.075
  5201.047 	      0.071
  5201.981 	      0.068
  5202.916 	      0.064
  5203.851 	      0.061
  5204.786 	      0.060
  5205.721 	      0.061
  5206.656 	      0.060
  5207.591 	      0.057
  5208.527 	      0.050
  5209.463 	      0.039
  5210.399 	      0.026
  5211.335 	      0.014
  5212.271 	      0.003
  5213.208 	     -0.005
  5214.144 	     -0.010
  5215.081 	     -0.013
  5216.018 	     -0.013
  5216.955 	     -0.011
  5217.892 	     -0.007
  5218.830 	      0.003
  5219.768 	      0.019
  5220.705 	      0.043
  5221.643 	      0.065
  5222.582 	      0.078
  5223.520 	      0.078
  5224.458 	      0.068
  5225.397 	      0.059
  5226.336 	      0.054
  5227.275 	      0.051
  5228.214 	      0.041
  5229.153 	      0.020
  5230.093 	     -0.005
  5231.032 	     -0.027
  5231.972 	     -0.042
  5232.912 	     -0.050
  5233.852 	     -0.053
  5234.793 	     -0.065
  5235.733 	     -0.069
  5236.674 	     -0.038
  5237.615 	      0.004
  5238.556 	      0.015
  5239.497 	     -0.017
  5240.438 	     -0.028
  5241.380 	     -0.009
  5242.322 	     -0.045
  5243.263 	     -0.046
  5244.205 	     -0.022
  5245.148 	     -0.033
  5246.090 	     -0.023
  5247.033 	      0.003
  5247.975 	     -0.011
  5248.918 	     -0.021
  5249.861 	      0.007
  5250.804 	      0.052
  5251.748 	      0.110
  5252.691 	      0.153
  5253.635 	      0.136
  5254.579 	      0.133
  5255.523 	      0.127
  5256.467 	      0.049
  5257.412 	     -0.025
  5258.356 	     -0.059
  5259.301 	     -0.028
  5260.246 	     -0.001
  5261.191 	     -0.014
  5262.136 	      0.005
  5263.082 	      0.041
  5264.027 	      0.045
  5264.973 	      0.013
  5265.919 	     -0.011
  5266.865 	      0.001
  5267.811 	      0.005
  5268.758 	     -0.042
  5269.704 	     -0.061
  5270.651 	     -0.023
  5271.598 	      0.009
  5272.545 	     -0.045
  5273.493 	     -0.053
  5274.440 	     -0.056
  5275.388 	     -0.064
  5276.335 	     -0.023
  5277.283 	     -0.015
  5278.232 	     -0.025
  5279.180 	     -0.033
  5280.128 	     -0.035
  5281.077 	     -0.023
  5282.026 	      0.001
  5282.975 	      0.014
  5283.924 	      0.002
  5284.873 	     -0.010
  5285.823 	     -0.033
  5286.773 	     -0.042
  5287.722 	     -0.009
  5288.672 	     -0.001
  5289.623 	      0.002
  5290.573 	     -0.023
  5291.523 	     -0.004
  5292.474 	     -0.056
  5293.425 	     -0.099
  5294.376 	     -0.075
  5295.327 	     -0.047
  5296.279 	     -0.025
  5297.230 	     -0.038
  5298.182 	     -0.068
  5299.134 	     -0.057
  5300.086 	     -0.046
  5301.038 	     -0.043
  5301.991 	     -0.019
  5302.943 	     -0.000
  5303.896 	     -0.038
  5304.849 	     -0.052
  5305.802 	      0.023
  5306.755 	      0.005
  5307.709 	     -0.063
  5308.662 	     -0.030
  5309.616 	     -0.035
  5310.570 	     -0.001
  5311.524 	      0.006
  5312.478 	     -0.025
  5313.433 	     -0.045
  5314.388 	     -0.044
  5315.342 	     -0.058
  5316.297 	     -0.090
  5317.252 	     -0.108
  5318.208 	     -0.105
  5319.163 	     -0.097
  5320.119 	     -0.108
  5321.075 	     -0.049
  5322.031 	     -0.097
  5322.987 	     -0.047
  5323.943 	     -0.042
  5324.900 	     -0.048
  5325.857 	     -0.017
  5326.813 	     -0.009
  5327.770 	     -0.037
  5328.728 	     -0.010
  5329.685 	     -0.024
  5330.643 	     -0.017
  5331.600 	     -0.013
  5332.558 	     -0.039
  5333.516 	     -0.084
  5334.475 	     -0.079
  5335.433 	     -0.055
  5336.392 	     -0.087
  5337.350 	     -0.074
  5338.309 	     -0.038
  5339.268 	     -0.054
  5340.228 	     -0.015
  5341.187 	     -0.031
  5342.147 	      0.004
  5343.107 	     -0.016
  5344.067 	      0.014
  5345.027 	     -0.020
  5345.987 	     -0.010
  5346.947 	     -0.007
  5347.908 	     -0.027
  5348.869 	     -0.046
  5349.830 	     -0.082
  5350.791 	     -0.080
  5351.752 	     -0.014
  5352.714 	      0.020
  5353.676 	     -0.009
  5354.638 	     -0.034
  5355.600 	     -0.032
  5356.562 	     -0.012
  5357.524 	      0.002
  5358.487 	     -0.032
  5359.449 	     -0.032
  5360.412 	     -0.011
  5361.375 	     -0.071
  5362.339 	     -0.021
  5363.302 	     -0.046
  5364.266 	      0.012
  5365.230 	     -0.067
  5366.193 	     -0.050
  5367.158 	     -0.016
  5368.122 	     -0.100
  5369.086 	     -0.064
  5370.051 	     -0.003
  5371.016 	     -0.032
  5371.981 	     -0.007
  5372.946 	     -0.008
  5373.911 	     -0.021
  5374.877 	     -0.052
  5375.842 	     -0.051
  5376.808 	     -0.044
  5377.774 	     -0.045
  5378.741 	     -0.035
  5379.707 	     -0.048
  5380.673 	     -0.048
  5381.640 	     -0.069
  5382.607 	     -0.100
  5383.574 	     -0.132
  5384.541 	     -0.108
  5385.509 	     -0.132
  5394.223 	     -0.095
  5395.192 	     -0.062
  5396.162 	     -0.067
  5397.131 	     -0.059
  5398.101 	     -0.044
  5399.071 	     -0.067
  5400.041 	     -0.097
  5401.011 	     -0.079
  5401.981 	     -0.057
  5402.952 	     -0.069
  5403.923 	     -0.078
  5404.894 	     -0.067
  5405.865 	     -0.063
  5406.836 	     -0.093
  5407.807 	     -0.081
  5408.779 	     -0.063
  5409.751 	     -0.033
  5410.723 	     -0.016
  5411.695 	     -0.032
  5412.667 	      0.002
  5413.639 	     -0.036
  5414.612 	     -0.002
  5415.585 	     -0.003
  5416.558 	     -0.015
  5417.531 	     -0.049
  5418.504 	     -0.082
  5419.478 	     -0.117
  5420.452 	     -0.076
  5421.426 	     -0.062
  5422.400 	     -0.075
  5423.374 	     -0.088
  5424.348 	     -0.077
  5425.323 	     -0.074
  5426.297 	     -0.088
  5427.272 	     -0.070
  5428.247 	     -0.036
  5429.223 	      0.002
  5430.198 	     -0.003
  5431.174 	     -0.033
  5432.150 	     -0.043
  5433.126 	     -0.040
  5434.102 	     -0.029
  5435.078 	     -0.050
  5436.055 	     -0.053
  5437.031 	     -0.056
  5438.008 	     -0.045
  5438.985 	     -0.077
  5439.962 	     -0.046
  5440.940 	     -0.020
  5441.917 	     -0.019
  5442.895 	     -0.001
  5443.873 	     -0.022
  5444.851 	     -0.074
  5445.829 	     -0.064
  5446.808 	     -0.072
  5447.786 	     -0.069
  5448.765 	     -0.046
  5449.744 	     -0.056
  5450.723 	     -0.063
  5451.702 	     -0.051
  5452.682 	     -0.060
  5453.661 	     -0.053
  5454.641 	     -0.054
  5455.621 	     -0.058
  5456.601 	     -0.068
  5461.505 	     -0.064
  5462.486 	     -0.059
  5463.468 	     -0.038
  5464.449 	     -0.034
  5465.431 	     -0.036
  5466.413 	     -0.030
  5467.395 	     -0.034
  5468.377 	     -0.025
  5469.360 	     -0.014
  5470.343 	     -0.004
  5471.325 	     -0.024
  5472.308 	     -0.032
  5473.292 	     -0.008
  5474.275 	      0.008
  5475.258 	     -0.023
  5476.242 	     -0.025
  5477.226 	     -0.053
  5478.210 	     -0.060
  5479.194 	     -0.086
  5480.179 	     -0.089
  5481.163 	     -0.074
  5482.148 	     -0.032
  5483.133 	     -0.035
  5484.118 	     -0.102
  5485.104 	     -0.069
  5486.089 	     -0.056
  5487.075 	     -0.047
  5488.060 	     -0.042
  5489.047 	     -0.027
  5490.033 	     -0.057
  5491.019 	     -0.050
  5492.006 	     -0.023
  5492.992 	     -0.022
  5493.979 	     -0.017
  5494.966 	     -0.002
  5495.954 	     -0.026
  5496.941 	     -0.054
  5497.929 	     -0.063
  5498.916 	     -0.054
  5499.904 	     -0.054
  5500.892 	     -0.051
  5501.881 	     -0.054
  5502.869 	     -0.053
  5503.858 	     -0.066
  5504.847 	     -0.066
  5505.836 	     -0.047
  5506.825 	     -0.048
  5507.814 	     -0.062
  5508.804 	     -0.052
  5509.794 	     -0.046
  5510.784 	     -0.063
  5511.774 	     -0.058
  5512.764 	     -0.026
  5513.754 	     -0.020
  5514.745 	     -0.033
  5515.736 	     -0.028
  5516.727 	     -0.028
  5517.718 	     -0.036
  5518.709 	     -0.039
  5519.701 	     -0.039
  5520.693 	     -0.040
  5521.684 	     -0.047
  5522.677 	     -0.074
  5523.669 	     -0.064
  5524.661 	     -0.022
  5525.654 	     -0.016
  5526.647 	     -0.025
  5527.639 	     -0.013
  5528.633 	     -0.014
  5529.626 	     -0.036
  5530.619 	     -0.043
  5531.613 	     -0.056
  5532.607 	     -0.084
  5533.601 	     -0.101
  5534.595 	     -0.030
  5535.589 	     -0.016
  5536.584 	     -0.031
  5537.579 	     -0.055
  5538.574 	     -0.048
  5539.569 	     -0.023
  5540.564 	     -0.021
  5541.559 	     -0.022
  5542.555 	     -0.070
  5543.551 	     -0.066
  5544.547 	     -0.073
  5545.543 	     -0.077
  5546.539 	     -0.066
  5547.536 	     -0.012
  5548.533 	     -0.037
  5549.529 	     -0.060
  5550.527 	     -0.064
  5551.524 	     -0.021
  5552.521 	     -0.037
  5553.519 	     -0.025
  5554.517 	     -0.002
  5555.514 	     -0.008
  5556.513 	     -0.039
  5557.511 	     -0.029
  5558.509 	     -0.026
  5559.508 	     -0.017
  5560.507 	     -0.047
  5561.506 	     -0.048
  5562.505 	     -0.044
  5563.505 	     -0.042
  5564.504 	     -0.018
  5565.504 	     -0.024
  5566.504 	     -0.026
  5567.504 	     -0.047
  5568.504 	     -0.062
  5569.505 	     -0.052
  5570.505 	     -0.059
  5571.506 	     -0.065
  5572.507 	     -0.058
  5573.508 	      0.017
  5574.510 	     -0.007
  5575.511 	      0.000
  5576.513 	      0.039
  5577.515 	     -0.057
  5578.517 	     -0.100
  5579.519 	     -0.088
  5580.522 	     -0.073
  5581.524 	     -0.052
  5582.527 	     -0.042
  5583.530 	     -0.044
  5584.533 	     -0.044
  5585.537 	     -0.054
  5586.540 	     -0.067
  5587.544 	     -0.042
  5588.548 	     -0.007
  5589.552 	     -0.051
  5590.556 	     -0.086
  5591.560 	     -0.073
  5592.565 	     -0.056
  5593.570 	     -0.035
  5594.575 	     -0.046
  5595.580 	     -0.049
  5596.585 	     -0.046
  5597.591 	     -0.054
  5598.596 	     -0.069
  5599.602 	     -0.074
  5600.608 	     -0.071
  5601.615 	     -0.078
  5602.621 	     -0.074
  5603.628 	     -0.063
  5604.634 	     -0.060
  5605.641 	     -0.050
  5606.649 	     -0.048
  5607.656 	     -0.045
  5608.663 	     -0.051
  5609.671 	     -0.065
  5610.679 	     -0.070
  5611.687 	     -0.062
  5612.695 	     -0.052
  5613.704 	     -0.051
  5614.712 	     -0.077
  5615.721 	     -0.095
  5616.730 	     -0.060
  5617.739 	     -0.060
  5618.748 	     -0.071
  5619.758 	     -0.064
  5620.767 	     -0.048
  5621.777 	     -0.037
  5622.787 	     -0.034
  5623.798 	     -0.035
  5624.808 	     -0.048
  5625.819 	     -0.081
  5626.829 	     -0.082
  5627.840 	     -0.062
  5628.851 	     -0.064
  5629.863 	     -0.073
  5630.874 	     -0.074
  5631.886 	     -0.048
  5632.898 	     -0.046
  5633.910 	     -0.071
  5634.922 	     -0.072
  5635.934 	     -0.069
  5636.947 	     -0.075
  5637.960 	     -0.071
  5638.973 	     -0.055
  5639.986 	     -0.065
  5640.999 	     -0.101
  5642.013 	     -0.092
  5643.026 	     -0.112
  5644.040 	     -0.067
  5645.054 	     -0.096
  5646.068 	     -0.086
  5647.083 	     -0.073
  5648.097 	     -0.111
  5649.112 	     -0.099
  5650.127 	     -0.066
  5651.142 	     -0.112
  5652.157 	     -0.140
  5653.173 	     -0.092
  5654.189 	     -0.078
  5655.205 	     -0.126
  5656.221 	     -0.136
  5657.237 	     -0.122
  5658.253 	     -0.106
  5659.270 	     -0.079
  5660.287 	     -0.079
  5661.304 	     -0.091
  5662.321 	     -0.070
  5663.338 	     -0.086
  5664.355 	     -0.091
  5665.373 	     -0.081
  5666.391 	     -0.159
  5667.409 	     -0.107
  5668.427 	     -0.127
  5669.446 	     -0.157
  5670.464 	     -0.152
  5671.483 	     -0.127
  5672.502 	     -0.137
  5673.521 	     -0.103
  5674.541 	     -0.083
  5675.560 	     -0.123
  5676.580 	     -0.082
  5677.600 	     -0.082
  5678.620 	     -0.127
  5679.640 	     -0.132
  5680.660 	     -0.134
  5681.681 	     -0.130
  5682.702 	     -0.145
  5683.723 	     -0.131
  5684.744 	     -0.111
  5685.765 	     -0.109
  5686.787 	     -0.121
  5687.809 	     -0.148
  5688.830 	     -0.154
  5689.853 	     -0.152
  5690.875 	     -0.142
  5691.897 	     -0.144
  5692.920 	     -0.155
  5693.943 	     -0.160
  5694.966 	     -0.123
  5695.989 	     -0.134
  5697.012 	     -0.165
  5698.036 	     -0.149
  5699.060 	     -0.157
  5700.084 	     -0.171
  5701.108 	     -0.175
  5702.132 	     -0.151
  5703.156 	     -0.129
  5704.181 	     -0.152
  5705.206 	     -0.165
  5706.231 	     -0.162
  5707.256 	     -0.183
  5708.282 	     -0.150
  5709.307 	     -0.130
  5710.333 	     -0.118
  5711.359 	     -0.151
  5712.385 	     -0.166
  5713.411 	     -0.180
  5714.438 	     -0.152
  5715.464 	     -0.169
  5716.491 	     -0.196
  5717.518 	     -0.182
  5718.546 	     -0.200
  5719.573 	     -0.167
  5720.601 	     -0.172
  5721.628 	     -0.199
  5722.656 	     -0.202
  5723.685 	     -0.206
  5724.713 	     -0.160
  5725.741 	     -0.202
  5726.770 	     -0.159
  5727.799 	     -0.190
  5728.828 	     -0.165
  5729.857 	     -0.169
  5730.887 	     -0.162
  5731.916 	     -0.152
  5732.946 	     -0.188
  5733.976 	     -0.169
  5735.007 	     -0.187
  5736.037 	     -0.197
  5737.067 	     -0.194
  5738.098 	     -0.189
  5739.129 	     -0.203
  5740.160 	     -0.173
  5741.192 	     -0.153
  5742.223 	     -0.158
  5743.255 	     -0.159
  5744.287 	     -0.187
  5745.319 	     -0.214
  5746.351 	     -0.218
  5747.383 	     -0.170
  5748.416 	     -0.195
  5749.449 	     -0.198
  5750.482 	     -0.207
  5751.515 	     -0.189
  5752.548 	     -0.157
  5753.582 	     -0.167
  5754.615 	     -0.178
  5755.649 	     -0.206
  5756.683 	     -0.187
  5757.718 	     -0.190
  5758.752 	     -0.192
  5759.787 	     -0.202
  5760.822 	     -0.203
  5761.857 	     -0.188
  5762.892 	     -0.153
  5763.927 	     -0.219
  5764.963 	     -0.236
  5765.999 	     -0.161
  5767.035 	     -0.181
  5768.071 	     -0.216
  5769.107 	     -0.215
  5770.143 	     -0.180
  5771.180 	     -0.176
  5772.217 	     -0.178
  5773.254 	     -0.194
  5774.291 	     -0.182
  5775.329 	     -0.182
  5776.366 	     -0.194
  5777.404 	     -0.180
  5778.442 	     -0.195
  5779.480 	     -0.232
  5780.519 	     -0.218
  5781.557 	     -0.189
  5782.596 	     -0.229
  5783.635 	     -0.217
  5784.674 	     -0.191
  5785.713 	     -0.211
  5786.753 	     -0.207
  5787.793 	     -0.202
  5788.832 	     -0.192
  5789.873 	     -0.202
  5790.913 	     -0.212
  5791.953 	     -0.166
  5792.994 	     -0.161
  5794.035 	     -0.160
  5795.076 	     -0.162
  5796.117 	     -0.183
  5797.158 	     -0.167
  5798.200 	     -0.166
  5799.241 	     -0.197
  5800.283 	     -0.209
  5801.325 	     -0.198
  5802.368 	     -0.172
  5803.410 	     -0.161
  5804.453 	     -0.172
  5805.496 	     -0.216
  5806.539 	     -0.177
  5807.582 	     -0.191
  5808.625 	     -0.186
  5809.669 	     -0.175
  5810.713 	     -0.173
  5811.757 	     -0.172
  5812.801 	     -0.147
  5813.845 	     -0.149
  5814.890 	     -0.155
  5815.935 	     -0.157
  5816.980 	     -0.165
  5818.025 	     -0.187
  5819.070 	     -0.199
  5820.115 	     -0.179
  5821.161 	     -0.185
  5822.207 	     -0.171
  5823.253 	     -0.152
  5824.299 	     -0.158
  5825.346 	     -0.152
  5826.392 	     -0.187
  5827.439 	     -0.201
  5828.486 	     -0.182
  5829.533 	     -0.170
  5830.581 	     -0.181
  5831.628 	     -0.194
  5832.676 	     -0.164
  5833.724 	     -0.165
  5834.772 	     -0.175
  5835.820 	     -0.164
  5836.869 	     -0.183
  5837.917 	     -0.171
  5838.966 	     -0.194
  5840.015 	     -0.198
  5841.065 	     -0.184
  5842.114 	     -0.210
  5843.164 	     -0.211
  5844.213 	     -0.207
  5845.263 	     -0.212
  5846.314 	     -0.198
  5847.364 	     -0.182
  5848.415 	     -0.158
  5849.465 	     -0.139
  5850.516 	     -0.129
  5851.567 	     -0.132
  5852.619 	     -0.126
  5853.670 	     -0.153
  5854.722 	     -0.142
  5855.774 	     -0.148
  5856.826 	     -0.145
  5857.878 	     -0.178
  5858.931 	     -0.194
  5859.983 	     -0.138
  5861.036 	     -0.116
  5862.089 	     -0.146
  5863.142 	     -0.173
  5864.196 	     -0.161
  5865.249 	     -0.125
  5866.303 	     -0.104
  5867.357 	     -0.102
  5868.411 	     -0.113
  5869.466 	     -0.120
  5870.520 	     -0.106
  5871.575 	     -0.101
  5872.630 	     -0.095
  5873.685 	     -0.102
  5874.740 	     -0.109
  5875.796 	     -0.096
  5876.851 	     -0.108
  5877.907 	     -0.092
  5878.963 	     -0.096
  5880.019 	     -0.118
  5881.076 	     -0.101
  5882.133 	     -0.078
  5883.189 	     -0.069
  5884.246 	     -0.075
  5885.304 	     -0.056
  5886.361 	     -0.063
  5887.419 	     -0.133
  5888.476 	     -0.194
  5889.534 	     -0.187
  5890.592 	     -0.142
  5891.651 	     -0.121
  5892.709 	     -0.115
  5893.768 	     -0.094
  5894.827 	     -0.092
  5895.886 	     -0.084
  5896.945 	     -0.087
  5898.005 	     -0.087
  5899.064 	     -0.093
  5900.124 	     -0.103
  5901.184 	     -0.116
  5902.245 	     -0.102
  5903.305 	     -0.103
  5904.366 	     -0.101
  5905.426 	     -0.085
  5906.487 	     -0.093
  5907.549 	     -0.084
  5908.610 	     -0.081
  5909.671 	     -0.078
  5910.733 	     -0.042
  5911.795 	     -0.061
  5912.857 	     -0.083
  5913.920 	     -0.056
  5914.982 	     -0.054
  5916.045 	     -0.058
  5917.108 	     -0.073
  5918.171 	     -0.106
  5919.234 	     -0.069
  5920.298 	     -0.080
  5921.361 	     -0.101
  5922.425 	     -0.104
  5923.489 	     -0.067
  5924.554 	     -0.038
  5925.618 	     -0.044
  5926.683 	     -0.045
  5927.747 	     -0.052
  5928.812 	     -0.022
  5929.878 	      0.003
  5930.943 	     -0.012
  5932.009 	     -0.019
  5933.074 	     -0.009
  5934.140 	      0.030
  5935.206 	      0.017
  5966.209 	      0.031
  5967.280 	     -0.020
  5968.353 	     -0.004
  5969.425 	     -0.064
  5970.497 	      0.015
  5971.570 	     -0.008
  5972.643 	     -0.040
  5973.716 	      0.003
  5974.789 	      0.011
  5975.863 	      0.024
  5976.936 	     -0.037
  5978.010 	     -0.012
  5979.084 	     -0.016
  5980.158 	     -0.003
  5981.233 	      0.008
  5982.308 	     -0.032
  5983.382 	     -0.003
  5984.457 	      0.015
  5985.533 	      0.016
  5986.608 	      0.025
  5987.684 	     -0.030
  5988.759 	      0.006
  5989.835 	     -0.023
  5990.911 	     -0.024
  5991.988 	     -0.044
  5993.064 	     -0.033
  5994.141 	     -0.024
  5995.218 	     -0.023
  5996.295 	     -0.028
  5997.372 	      0.010
  5998.450 	      0.012
  5999.528 	     -0.017
  6000.606 	     -0.007
  6001.684 	     -0.009
  6002.762 	      0.017
  6003.840 	      0.017
  6004.919 	      0.019
  6005.998 	      0.026
  6007.077 	      0.023
  6008.156 	     -0.015
  6009.236 	     -0.008
  6010.315 	     -0.005
  6011.395 	     -0.001
  6012.475 	      0.026
  6013.556 	      0.029
  6014.636 	      0.033
  6015.717 	     -0.001
  6016.797 	     -0.019
  6017.878 	      0.007
  6018.960 	      0.000
  6020.041 	      0.011
  6021.123 	      0.036
  6022.204 	      0.031
  6023.286 	     -0.012
  6024.369 	     -0.029
  6025.451 	     -0.042
  6026.534 	     -0.030
  6027.616 	     -0.006
  6028.699 	      0.027
  6029.782 	      0.021
  6030.866 	     -0.005
  6031.949 	      0.022
  6033.033 	      0.007
  6034.117 	      0.003
  6035.201 	      0.028
  6036.285 	      0.002
  6037.370 	     -0.016
  6038.455 	      0.006
  6039.539 	      0.010
  6040.625 	      0.012
  6041.710 	      0.016
  6042.795 	      0.017
  6043.881 	      0.025
  6044.967 	      0.024
  6046.053 	     -0.004
  6047.139 	     -0.011
  6048.226 	      0.015
  6049.312 	      0.019
  6050.399 	      0.039
  6051.486 	      0.009
  6052.573 	     -0.020
  6053.661 	     -0.003
  6054.749 	      0.029
  6055.836 	      0.041
  6056.924 	      0.043
  6058.013 	      0.006
  6059.101 	     -0.014
  6060.190 	      0.014
  6061.278 	      0.044
  6062.367 	      0.032
  6063.457 	      0.056
  6064.546 	      0.047
  6065.636 	      0.027
  6066.725 	      0.015
  6067.815 	      0.026
  6068.906 	      0.029
  6069.996 	      0.015
  6071.086 	      0.018
  6072.177 	      0.027
  6073.268 	      0.029
  6074.359 	      0.062
  6075.451 	      0.049
  6076.542 	      0.054
  6077.634 	      0.020
  6078.726 	      0.062
  6079.818 	      0.036
  6080.910 	      0.024
  6082.003 	      0.031
  6083.096 	      0.040
  6084.189 	      0.029
  6085.282 	      0.074
  6086.375 	      0.037
  6087.468 	      0.075
  6088.562 	      0.041
  6089.656 	      0.034
  6090.750 	      0.052
  6091.844 	      0.108
  6092.939 	      0.102
  6094.034 	      0.108
  6095.129 	      0.129
  6096.224 	      0.130
  6097.319 	      0.078
  6098.414 	      0.076
  6099.510 	      0.135
  6100.606 	      0.022
  6101.702 	      0.019
  6102.798 	      0.057
  6103.895 	      0.057
  6104.991 	      0.030
  6106.088 	      0.009
  6107.185 	      0.013
  6108.282 	     -0.044
  6109.380 	     -0.012
  6110.478 	     -0.087
  6111.575 	     -0.054
  6112.673 	     -0.014
  6113.772 	      0.002
  6114.870 	     -0.117
  6115.969 	     -0.084
  6117.068 	     -0.040
  6118.167 	     -0.062
  6119.266 	     -0.080
  6120.365 	     -0.012
  6121.465 	      0.022
  6122.565 	      0.025
  6123.665 	      0.027
  6124.765 	      0.030
  6125.865 	      0.037
  6126.966 	      0.048
  6128.067 	      0.061
  6129.168 	      0.072
  6130.269 	      0.076
  6131.370 	      0.072
  6132.472 	      0.066
  6133.574 	      0.062
  6134.676 	      0.063
  6135.778 	      0.068
  6136.880 	      0.073
  6137.983 	      0.078
  6139.086 	      0.084
  6140.189 	      0.092
  6141.292 	      0.101
  6142.395 	      0.112
  6143.499 	      0.121
  6144.602 	      0.130
  6145.706 	      0.138
  6146.811 	      0.146
  6147.915 	      0.162
  6149.020 	      0.137
  6150.124 	      0.126
  6151.229 	      0.123
  6152.334 	      0.120
  6153.440 	      0.136
  6154.545 	      0.157
  6155.651 	      0.154
  6156.757 	      0.160
  6157.863 	      0.148
  6158.970 	      0.124
  6160.076 	      0.131
  6161.183 	      0.110
  6162.290 	      0.111
  6163.397 	      0.115
  6164.504 	      0.109
  6165.612 	      0.094
  6166.720 	      0.094
  6167.828 	      0.092
  6168.936 	      0.106
  6170.044 	      0.111
  6171.153 	      0.125
  6172.261 	      0.134
  6173.370 	      0.145
  6174.479 	      0.158
  6175.589 	      0.131
  6176.698 	      0.120
  6177.808 	      0.124
  6178.918 	      0.114
  6180.028 	      0.159
  6181.138 	      0.132
  6182.249 	      0.170
  6183.360 	      0.178
  6184.471 	      0.175
  6185.582 	      0.154
  6186.693 	      0.132
  6187.805 	      0.139
  6188.916 	      0.163
  6190.028 	      0.148
  6191.140 	      0.122
  6192.253 	      0.103
  6193.365 	      0.121
  6194.478 	      0.135
  6195.591 	      0.107
  6196.704 	      0.083
  6197.817 	      0.109
  6198.931 	      0.108
  6200.045 	      0.064
  6201.159 	      0.092
  6202.273 	      0.115
  6203.387 	      0.106
  6204.502 	      0.146
  6205.616 	      0.139
  6206.731 	      0.114
  6207.846 	      0.083
  6208.962 	      0.139
  6210.077 	      0.126
  6211.193 	      0.141
  6212.309 	      0.113
  6213.425 	      0.147
  6214.541 	      0.089
  6215.658 	      0.092
  6216.775 	      0.124
  6217.892 	      0.125
  6219.009 	      0.178
  6220.126 	      0.102
  6221.244 	      0.041
  6222.361 	      0.093
  6223.479 	      0.086
  6224.597 	      0.113
  6225.716 	      0.086
  6226.834 	      0.078
  6227.953 	      0.096
  6229.072 	      0.133
  6230.191 	      0.108
  6231.310 	      0.172
  6232.430 	      0.126
  6233.550 	      0.125
  6234.670 	      0.116
  6235.790 	      0.113
  6236.910 	      0.101
  6238.031 	      0.092
  6239.152 	      0.095
  6240.272 	      0.093
  6241.394 	      0.099
  6242.515 	      0.123
  6243.637 	      0.124
  6244.758 	      0.095
  6245.880 	      0.105
  6247.002 	      0.143
  6248.125 	      0.163
  6249.247 	      0.140
  6250.370 	      0.118
  6251.493 	      0.133
  6252.616 	      0.122
  6253.740 	      0.121
  6254.863 	      0.150
  6255.987 	      0.241
  6257.111 	      0.295
  6258.235 	      0.290
  6259.360 	      0.305
  6260.484 	      0.321
  6261.609 	      0.307
  6262.734 	      0.340
  6263.859 	      0.331
  6264.985 	      0.325
  6266.110 	      0.316
  6267.236 	      0.300
  6268.362 	      0.281
  6269.488 	      0.263
  6270.615 	      0.247
  6271.741 	      0.233
  6272.868 	      0.220
  6273.995 	      0.208
  6275.122 	      0.198
  6276.250 	      0.191
  6277.377 	      0.187
  6278.505 	      0.186
  6279.633 	      0.185
  6280.761 	      0.178
  6281.890 	      0.165
  6283.018 	      0.149
  6284.147 	      0.134
  6285.276 	      0.121
  6286.406 	      0.108
  6287.535 	      0.094
  6288.665 	      0.078
  6289.795 	      0.062
  6290.925 	      0.047
  6292.055 	      0.033
  6293.185 	      0.021
  6294.316 	      0.015
  6295.447 	      0.013
  6296.578 	      0.011
  6297.709 	      0.001
  6298.841 	     -0.020
  6299.972 	      0.036
  6301.104 	      0.131
  6302.236 	      0.165
  6303.369 	      0.179
  6304.501 	      0.302
  6305.634 	      0.274
  6306.767 	      0.286
  6311.300 	      0.123
  6312.434 	      0.036
  6313.568 	      0.097
  6314.703 	      0.139
  6315.837 	      0.133
  6316.972 	      0.167
  6318.107 	      0.188
  6319.242 	      0.159
  6320.377 	      0.138
  6321.513 	      0.157
  6322.649 	      0.139
  6323.785 	      0.125
  6324.921 	      0.117
  6326.057 	      0.100
  6327.194 	      0.132
  6328.331 	      0.171
  6329.468 	      0.151
  6330.605 	      0.119
  6331.742 	      0.099
  6332.880 	      0.099
  6334.017 	      0.097
  6335.155 	      0.114
  6336.294 	      0.123
  6337.432 	      0.121
  6338.571 	      0.138
  6339.710 	      0.155
  6340.849 	      0.151
  6341.988 	      0.139
  6343.127 	      0.119
  6344.267 	      0.089
  6345.407 	      0.106
  6346.547 	      0.088
  6347.687 	      0.049
  6348.827 	      0.037
  6349.968 	      0.023
  6351.109 	      0.002
  6352.250 	     -0.001
  6353.391 	      0.034
  6354.533 	      0.054
  6355.674 	      0.060
  6356.816 	      0.098
  6357.958 	      0.130
  6359.101 	      0.146
  6360.243 	      0.162
  6361.386 	      0.190
  6362.529 	      0.190
  6363.672 	      0.193
  6364.815 	      0.258
  6365.959 	      0.413
  6367.103 	      0.485
  6368.247 	      0.441
  6369.391 	      0.294
  6370.535 	      0.147
  6371.680 	      0.133
  6372.824 	      0.138
  6373.969 	      0.121
  6375.115 	      0.075
  6376.260 	      0.110
  6377.406 	      0.138
  6378.551 	      0.133
  6379.697 	      0.133
  6380.844 	      0.123
  6381.990 	      0.108
  6383.137 	      0.096
  6384.283 	      0.073
  6385.430 	      0.116
  6386.578 	      0.109
  6387.725 	      0.106
  6388.873 	      0.133
  6390.021 	      0.136
  6391.169 	      0.152
  6392.317 	      0.147
  6393.465 	      0.153
  6394.614 	      0.138
  6395.763 	      0.150
  6396.912 	      0.172
  6398.061 	      0.153
  6399.211 	      0.153
  6400.361 	      0.106
  6401.511 	      0.088
  6402.661 	      0.108
  6403.811 	      0.116
  6404.962 	      0.107
  6406.112 	      0.076
  6407.263 	      0.092
  6408.414 	      0.117
  6409.566 	      0.071
  6410.717 	      0.100
  6411.869 	      0.127
  6413.021 	      0.119
  6414.173 	      0.124
  6415.326 	      0.116
  6416.478 	      0.116
  6417.631 	      0.095
  6418.784 	      0.077
  6419.937 	      0.110
  6421.091 	      0.118
  6422.245 	      0.082
  6423.398 	      0.059
  6424.552 	      0.054
  6425.707 	      0.061
  6426.861 	      0.090
  6428.016 	      0.106
  6429.171 	      0.125
  6430.326 	      0.178
  6431.481 	      0.204
  6432.637 	      0.181
  6433.792 	      0.123
  6434.948 	      0.106
  6436.104 	      0.104
  6437.261 	      0.109
  6438.417 	      0.111
  6439.574 	      0.099
  6440.731 	      0.092
  6441.888 	      0.096
  6443.046 	      0.101
  6444.203 	      0.088
  6445.361 	      0.089
  6446.519 	      0.103
  6447.677 	      0.071
  6448.836 	      0.068
  6449.994 	      0.067
  6451.153 	      0.082
  6452.312 	      0.097
  6453.471 	      0.081
  6454.631 	      0.057
  6455.791 	      0.038
  6456.950 	      0.062
  6458.111 	      0.071
  6459.271 	      0.065
  6460.431 	      0.062
  6461.592 	      0.038
  6462.753 	      0.056
  6463.914 	      0.057
  6465.075 	      0.054
  6466.237 	      0.062
  6467.399 	      0.120
  6468.561 	      0.078
  6469.723 	      0.051
  6470.885 	      0.035
  6472.048 	      0.050
  6473.211 	      0.014
  6474.374 	     -0.015
  6475.537 	     -0.005
  6476.700 	      0.023
  6477.864 	      0.053
  6479.028 	      0.046
  6480.192 	      0.056
  6481.356 	      0.029
  6482.521 	      0.028
  6483.685 	      0.008
  6484.850 	      0.030
  6486.015 	      0.069
  6487.181 	      0.057
  6488.346 	      0.063
  6489.512 	      0.040
  6490.678 	      0.052
  6491.844 	      0.053
  6493.010 	      0.042
  6494.177 	      0.034
  6495.344 	      0.018
  6496.511 	      0.045
  6497.678 	      0.008
  6498.845 	      0.019
  6500.013 	      0.034
  6501.181 	      0.033
  6502.349 	      0.034
  6503.517 	      0.009
  6504.685 	      0.027
  6505.854 	      0.042
  6507.023 	      0.040
  6508.192 	      0.056
  6509.361 	      0.065
  6510.531 	      0.037
  6511.700 	      0.020
  6512.870 	      0.013
  6514.041 	      0.009
  6515.211 	      0.013
  6516.381 	      0.009
  6517.552 	     -0.007
  6518.723 	     -0.007
  6519.894 	     -0.011
  6521.066 	     -0.020
  6522.237 	     -0.003
  6523.409 	     -0.020
  6524.581 	     -0.020
  6525.753 	      0.007
  6526.926 	      0.043
  6528.099 	      0.032
  6529.271 	      0.012
  6530.445 	      0.087
  6531.618 	      0.122
  6532.791 	      0.048
  6533.965 	      0.032
  6535.139 	      0.035
  6536.313 	      0.040
  6537.487 	      0.051
  6538.662 	      0.118
  6539.837 	      0.081
  6541.012 	      0.048
  6542.187 	      0.079
  6543.362 	      0.092
  6544.538 	      0.055
  6545.714 	      0.063
  6546.890 	      0.010
  6548.066 	      0.048
  6549.243 	      0.069
  6550.419 	      0.081
  6551.596 	      0.080
  6552.773 	      0.063
  6553.950 	      0.043
  6555.128 	      0.040
  6556.306 	      0.034
  6557.484 	      0.023
  6558.662 	      0.006
  6559.840 	     -0.016
  6561.019 	     -0.014
  6562.198 	     -0.025
  6563.377 	     -0.008
  6564.556 	     -0.013
  6565.735 	     -0.014
  6566.915 	     -0.017
  6568.095 	     -0.024
  6569.275 	     -0.033
  6570.455 	     -0.041
  6571.635 	     -0.046
  6572.816 	     -0.046
  6573.997 	     -0.040
  6575.178 	     -0.032
  6576.359 	     -0.022
  6577.541 	     -0.013
  6578.723 	     -0.006
  6579.905 	      0.001
  6581.087 	      0.009
  6582.269 	      0.020
  6583.452 	      0.034
  6584.635 	      0.050
  6585.818 	      0.065
  6587.001 	      0.077
  6588.184 	      0.082
  6589.368 	      0.083
  6590.552 	      0.071
  6591.736 	      0.054
  6592.920 	      0.055
  6594.105 	      0.087
  6595.290 	      0.076
  6596.475 	      0.070
  6597.660 	      0.064
  6598.845 	      0.069
  6600.031 	      0.092
  6601.216 	      0.095
  6602.402 	      0.104
  6603.589 	      0.097
  6604.775 	      0.095
  6605.962 	      0.111
  6607.149 	      0.119
  6608.336 	      0.127
  6609.523 	      0.110
  6610.710 	      0.139
  6611.898 	      0.153
  6613.086 	      0.209
  6614.274 	      0.488
  6615.463 	      1.152
  6616.651 	      2.184
  6617.840 	      2.787
  6619.029 	      2.230
  6620.218 	      0.910
  6621.408 	      0.316
  6622.597 	      0.197
  6623.787 	      0.194
  6624.977 	      0.217
  6626.167 	      0.299
  6627.358 	      0.485
  6628.549 	      1.117
  6629.740 	      3.967
  6630.931 	     10.735
  6632.122 	     17.316
  6633.314 	     17.315
  6634.505 	      9.372
  6635.697 	      3.173
  6636.890 	      0.932
  6638.082 	      0.388
  6639.275 	      0.302
  6640.467 	      0.235
  6641.660 	      0.236
  6642.854 	      0.292
  6644.047 	      0.290
  6645.241 	      0.253
  6646.435 	      0.291
  6647.629 	      0.337
  6648.823 	      0.527
  6650.018 	      1.238
  6651.213 	      3.330
  6652.408 	      6.675
  6653.603 	      8.329
  6654.798 	      6.260
  6655.994 	      2.834
  6657.190 	      0.867
  6658.386 	      0.305
  6659.582 	      0.186
  6660.779 	      0.145
  6661.975 	      0.126
  6663.172 	      0.130
  6664.369 	      0.143
  6665.567 	      0.126
  6666.764 	      0.091
  6667.962 	      0.098
  6669.160 	      0.105
  6670.358 	      0.123
  6671.557 	      0.157
  6672.755 	      0.112
  6673.954 	      0.110
  6675.153 	      0.112
  6676.353 	      0.086
  6677.552 	      0.105
  6678.752 	      0.127
  6679.952 	      0.126
  6681.152 	      0.115
  6682.352 	      0.129
  6683.553 	      0.103
  6684.754 	      0.085
  6685.955 	      0.081
  6687.156 	      0.100
  6688.357 	      0.095
  6689.559 	      0.137
  6690.761 	      0.128
  6691.963 	      0.132
  6693.165 	      0.146
  6694.368 	      0.127
  6695.571 	      0.084
  6696.774 	      0.107
  6697.977 	      0.094
  6699.180 	      0.075
  6700.384 	      0.080
  6701.588 	      0.060
  6702.792 	      0.068
  6703.996 	      0.115
  6705.200 	      0.112
  6706.405 	      0.104
  6707.610 	      0.091
  6708.815 	      0.091
  6710.020 	      0.110
  6711.226 	      0.103
  6712.432 	      0.100
  6713.638 	      0.095
  6714.844 	      0.078
  6716.050 	      0.070
  6717.257 	      0.066
  6718.464 	      0.057
  6719.671 	      0.052
  6720.878 	      0.052
  6722.086 	      0.080
  6723.293 	      0.091
  6724.501 	      0.075
  6725.710 	      0.045
  6726.918 	      0.061
  6728.127 	      0.061
  6729.335 	      0.040
  6730.544 	      0.049
  6731.754 	      0.063
  6732.963 	      0.069
  6734.173 	      0.065
  6735.383 	      0.087
  6736.593 	      0.095
  6737.803 	      0.088
  6739.014 	      0.091
  6740.224 	      0.088
  6741.435 	      0.081
  6742.647 	      0.053
  6743.858 	      0.097
  6745.070 	      0.123
  6746.281 	      0.098
  6747.494 	      0.114
  6748.706 	      0.180
  6749.918 	      0.167
  6751.131 	      0.123
  6752.344 	      0.117
  6753.557 	      0.089
  6754.771 	      0.097
  6755.984 	      0.083
  6757.198 	      0.122
  6758.412 	      0.120
  6759.626 	      0.075
  6760.841 	      0.079
  6762.055 	      0.084
  6763.270 	      0.041
  6764.485 	      0.053
  6765.701 	      0.082
  6766.916 	      0.075
  6768.132 	      0.037
  6769.348 	      0.068
  6770.564 	      0.089
  6771.781 	      0.093
  6772.997 	      0.055
  6774.214 	      0.059
  6775.431 	      0.106
  6776.649 	      0.111
  6777.866 	      0.090
  6779.084 	      0.060
  6780.302 	      0.057
  6781.520 	      0.090
  6782.738 	      0.158
  6783.957 	      0.282
  6785.176 	      0.777
  6786.395 	      1.817
  6787.614 	      2.555
  6788.834 	      2.224
  6790.053 	      1.183
  6791.273 	      0.402
  6792.494 	      0.112
  6793.714 	      0.062
  6794.935 	      0.071
  6796.155 	      0.093
  6797.376 	      0.101
  6798.598 	      0.260
  6799.819 	      0.729
  6801.041 	      1.479
  6802.263 	      1.967
  6803.485 	      1.651
  6804.707 	      0.765
  6805.930 	      0.263
  6807.153 	      0.117
  6808.376 	      0.052
  6809.599 	      0.038
  6810.822 	      0.086
  6812.046 	      0.085
  6813.270 	      0.052
  6814.494 	      0.053
  6815.718 	      0.053
  6816.943 	      0.054
  6818.168 	      0.017
  6819.392 	      0.029
  6820.618 	      0.076
  6821.843 	      0.067
  6823.069 	      0.089
  6824.295 	      0.089
  6825.521 	      0.084
  6826.747 	      0.063
  6827.974 	      0.038
  6829.200 	      0.039
  6830.427 	      0.087
  6831.654 	      0.113
  6832.882 	      0.079
  6834.109 	      0.082
  6835.337 	      0.058
  6836.565 	      0.042
  6837.794 	      0.063
  6839.022 	      0.064
  6840.251 	      0.086
  6841.480 	      0.077
  6842.709 	      0.051
  6843.938 	      0.059
  6845.168 	      0.083
  6846.398 	      0.076
  6847.628 	      0.043
  6848.858 	      0.025
  6850.089 	      0.034
  6851.319 	      0.019
  6852.550 	      0.015
  6853.782 	      0.036
  6855.013 	      0.047
  6856.245 	      0.026
  6857.476 	      0.030
  6858.708 	      0.058
  6859.941 	      0.041
  6861.173 	      0.070
  6862.406 	      0.084
  6863.639 	      0.066
  6864.872 	     -0.001
  6866.105 	     -0.093
  6867.339 	     -0.229
  6868.573 	     -0.322
  6869.807 	     -0.331
  6871.041 	     -0.297
  6872.276 	     -0.292
  6873.510 	     -0.280
  6874.745 	     -0.242
  6875.980 	     -0.220
  6877.216 	     -0.177
  6878.451 	     -0.120
  6879.687 	     -0.089
  6880.923 	     -0.031
  6882.159 	     -0.009
  6883.396 	     -0.022
  6884.633 	     -0.081
  6885.870 	     -0.088
  6887.107 	     -0.103
  6888.344 	     -0.155
  6889.582 	     -0.136
  6890.820 	     -0.141
  6892.058 	     -0.113
  6893.296 	     -0.103
  6894.534 	     -0.110
  6895.773 	     -0.071
  6897.012 	     -0.065
  6898.251 	     -0.083
  6899.490 	     -0.068
  6900.730 	     -0.029
  6901.970 	     -0.014
  6903.210 	     -0.051
  6904.450 	     -0.085
  6905.691 	     -0.078
  6906.931 	     -0.060
  6908.172 	     -0.025
  6909.413 	     -0.038
  6910.655 	     -0.038
  6911.896 	     -0.043
  6913.138 	     -0.051
  6914.380 	     -0.048
  6915.623 	     -0.032
  6916.865 	     -0.013
  6918.108 	     -0.037
  6919.351 	     -0.034
  6920.594 	     -0.004
  6921.837 	     -0.010
  6923.081 	     -0.029
  6924.325 	     -0.063
  6925.569 	     -0.055
  6926.813 	     -0.025
  6928.058 	     -0.028
  6929.302 	     -0.010
  6930.547 	     -0.036
  6931.792 	     -0.043
  6933.038 	     -0.036
  6934.284 	     -0.017
  6935.529 	     -0.027
  6936.775 	     -0.006
  6938.022 	     -0.013
  6939.268 	     -0.015
  6940.515 	     -0.020
  6941.762 	     -0.028
  6943.009 	      0.028
  6944.257 	      0.028
  6945.504 	     -0.013
  6946.752 	     -0.012
  6948.000 	      0.035
  6949.248 	      0.053
  6950.497 	      0.035
  6951.746 	     -0.018
  6952.995 	      0.037
  6954.244 	      0.003
  6955.493 	     -0.038
  6956.743 	      0.012
  6957.993 	     -0.002
  6959.243 	     -0.003
  6960.493 	      0.008
  6961.744 	     -0.003
  6962.995 	      0.021
  6964.246 	      0.051
  6965.497 	      0.052
  6966.748 	      0.061
  6968.000 	      0.045
  6969.252 	      0.039
  6970.504 	      0.061
  6971.756 	      0.057
  6973.009 	      0.015
  6974.262 	      0.025
  6975.515 	      0.038
  6976.768 	      0.022
  6978.022 	      0.016
  6979.275 	      0.038
  6980.529 	      0.068
  6981.783 	      0.042
  6983.038 	      0.021
  6984.292 	      0.015
  6985.547 	     -0.008
  6986.802 	      0.006
  6988.058 	      0.007
  6989.313 	      0.008
  6990.569 	      0.004
  6991.825 	      0.019
  6993.081 	      0.001
  6994.337 	      0.012
  6995.594 	      0.048
  6996.851 	      0.042
  6998.108 	      0.027
  6999.365 	     -0.015
  7000.623 	      0.001
  7001.881 	      0.016
  7003.139 	      0.059
  7004.397 	      0.018
  7005.655 	     -0.029
  7006.914 	      0.019
  7008.173 	     -0.009
  7009.432 	     -0.009
  7010.691 	     -0.014
  7011.951 	      0.010
  7013.211 	      0.023
  7014.471 	      0.009
  7015.731 	     -0.003
  7016.991 	     -0.012
  7018.252 	     -0.015
  7019.513 	     -0.019
  7020.774 	      0.011
  7022.036 	      0.000
  7023.297 	     -0.031
  7024.559 	     -0.035
  7025.821 	     -0.025
  7027.083 	     -0.019
  7028.346 	     -0.021
  7029.609 	     -0.011
  7030.872 	      0.029
  7032.135 	      0.045
  7033.398 	      0.032
  7034.662 	      0.011
  7035.926 	      0.009
  7037.190 	      0.006
  7038.454 	      0.001
  7039.719 	     -0.001
  7040.984 	      0.017
  7042.249 	      0.007
  7043.514 	      0.012
  7044.779 	      0.021
  7046.045 	      0.007
  7047.311 	      0.031
  7048.577 	      0.031
  7049.844 	      0.026
  7051.110 	     -0.017
  7052.377 	      0.020
  7053.644 	      0.072
  7054.911 	      0.128
  7056.179 	      0.087
  7057.447 	      0.052
  7058.715 	      0.025
  7059.983 	      0.024
  7061.251 	      0.043
  7062.520 	      0.045
  7063.789 	      0.096
  7065.058 	      0.057
  7066.327 	      0.016
  7067.597 	      0.004
  7068.867 	      0.040
  7070.137 	      0.064
  7071.407 	      0.025
  7072.677 	      0.007
  7073.948 	      0.029
  7075.219 	      0.027
  7076.490 	      0.041
  7077.762 	      0.038
  7079.033 	      0.023
  7080.305 	      0.030
  7081.577 	      0.017
  7082.850 	      0.022
  7084.122 	      0.050
  7085.395 	      0.032
  7086.668 	      0.046
  7087.941 	      0.038
  7089.214 	      0.001
  7090.488 	     -0.013
  7091.762 	      0.017
  7093.036 	      0.044
  7094.311 	      0.062
  7095.585 	      0.038
  7096.860 	     -0.000
  7098.135 	     -0.006
  7099.410 	      0.010
  7100.686 	      0.017
  7101.962 	     -0.004
  7103.238 	      0.007
  7104.514 	      0.026
  7105.790 	      0.041
  7107.067 	      0.026
  7108.344 	      0.048
  7109.621 	      0.064
  7110.898 	      0.051
  7112.176 	      0.048
  7113.454 	      0.056
  7114.732 	      0.058
  7116.010 	      0.057
  7117.288 	      0.059
  7118.567 	      0.035
  7119.846 	      0.047
  7121.125 	      0.039
  7122.405 	      0.009
  7123.684 	      0.042
  7124.964 	      0.053
  7126.244 	     -0.009
  7127.525 	      0.016
  7128.805 	      0.021
  7130.086 	      0.031
  7131.367 	      0.038
  7132.648 	      0.059
  7133.930 	      0.034
  7135.212 	     -0.013
  7136.494 	      0.001
  7137.776 	      0.026
  7139.058 	      0.091
  7140.341 	      0.091
  7141.624 	      0.049
  7142.907 	      0.016
  7144.190 	      0.025
  7145.474 	      0.045
  7146.757 	      0.025
  7148.041 	      0.008
  7149.326 	      0.010
  7150.610 	      0.015
  7151.895 	      0.024
  7153.180 	      0.058
  7154.465 	      0.043
  7155.750 	     -0.004
  7157.036 	     -0.037
  7158.322 	     -0.023
  7159.608 	      0.003
  7160.894 	      0.006
  7162.181 	      0.025
  7163.468 	      0.006
  7164.755 	     -0.026
  7166.042 	     -0.040
  7167.329 	     -0.047
  7168.617 	     -0.082
  7169.905 	     -0.049
  7171.193 	     -0.108
  7172.482 	     -0.068
  7173.770 	     -0.067
  7175.059 	     -0.094
  7176.348 	     -0.131
  7177.638 	     -0.106
  7178.927 	     -0.097
  7180.217 	     -0.093
  7181.507 	     -0.123
  7182.797 	     -0.169
  7184.088 	     -0.206
  7185.379 	     -0.219
  7186.670 	     -0.176
  7187.961 	     -0.135
  7189.252 	     -0.104
  7190.544 	     -0.114
  7191.836 	     -0.175
  7193.128 	     -0.192
  7194.420 	     -0.155
  7195.713 	     -0.122
  7197.006 	     -0.102
  7198.299 	     -0.153
  7199.592 	     -0.183
  7200.885 	     -0.200
  7202.179 	     -0.195
  7203.473 	     -0.142
  7204.767 	     -0.150
  7206.062 	     -0.116
  7207.356 	     -0.063
  7208.651 	     -0.007
  7209.947 	     -0.003
  7211.242 	      0.037
  7212.538 	      0.034
  7213.833 	     -0.008
  7215.129 	     -0.034
  7216.426 	     -0.065
  7217.722 	     -0.032
  7219.019 	     -0.028
  7220.316 	     -0.091
  7221.613 	     -0.060
  7222.911 	     -0.034
  7224.208 	     -0.047
  7225.506 	     -0.063
  7226.805 	     -0.093
  7228.103 	     -0.064
  7229.402 	     -0.077
  7230.700 	     -0.121
  7232.000 	     -0.187
  7233.299 	     -0.192
  7234.599 	     -0.151
  7235.898 	     -0.099
  7237.198 	     -0.036
  7238.499 	     -0.066
  7239.799 	     -0.097
  7241.100 	     -0.118
  7242.401 	     -0.088
  7243.702 	     -0.091
  7245.003 	     -0.127
  7246.305 	     -0.131
  7247.607 	     -0.103
  7248.909 	     -0.096
  7250.212 	     -0.138
  7251.514 	     -0.180
  7252.817 	     -0.162
  7254.120 	     -0.115
  7255.423 	     -0.077
  7256.727 	     -0.097
  7258.031 	     -0.117
  7259.335 	     -0.128
  7260.639 	     -0.123
  7261.943 	     -0.133
  7263.248 	     -0.167
  7264.553 	     -0.154
  7265.858 	     -0.116
  7267.164 	     -0.097
  7268.469 	     -0.108
  7269.775 	     -0.090
  7271.081 	     -0.108
  7272.388 	     -0.107
  7273.694 	     -0.086
  7275.001 	     -0.125
  7276.308 	     -0.150
  7277.616 	     -0.206
  7278.923 	     -0.155
  7280.231 	     -0.109
  7281.539 	     -0.082
  7282.847 	     -0.080
  7284.156 	     -0.044
  7285.464 	     -0.076
  7286.773 	     -0.104
  7288.082 	     -0.162
  7289.392 	     -0.174
  7290.701 	     -0.187
  7292.011 	     -0.185
  7293.321 	     -0.112
  7294.632 	     -0.098
  7295.942 	     -0.104
  7297.253 	     -0.125
  7298.564 	     -0.117
  7299.876 	     -0.143
  7301.187 	     -0.182
  7302.499 	     -0.184
  7303.811 	     -0.137
  7305.123 	     -0.092
  7306.436 	     -0.087
  7307.748 	     -0.107
  7309.061 	     -0.143
  7310.374 	     -0.115
  7311.688 	     -0.062
  7313.002 	     -0.049
  7314.315 	     -0.047
  7315.630 	     -0.099
  7316.944 	     -0.144
  7318.259 	     -0.189
  7319.573 	     -0.138
  7320.888 	     -0.082
  7322.204 	     -0.052
  7323.519 	     -0.073
  7324.835 	     -0.083
  7326.151 	     -0.044
  7327.467 	     -0.079
  7328.784 	     -0.032
  7330.101 	     -0.057
