WV      	 Sigma   
4184.326	    0.080
4185.077	    0.081
4185.828	    0.073
4186.580	    0.053
4187.331	    0.042
4188.083	    0.035
4188.835	    0.038
4189.586	    0.054
4190.339	    0.046
4191.091	    0.021
4191.843	    0.032
4192.595	    0.046
4193.348	    0.008
4194.101	    0.055
4194.853	    0.062
4195.606	    0.029
4196.359	    0.043
4197.113	    0.030
4197.866	    0.011
4198.620	    0.008
4199.373	    0.028
4200.127	    0.038
4200.881	    0.043
4201.635	    0.043
4202.389	    0.058
4203.143	    0.050
4203.898	    0.079
4204.652	    0.051
4205.407	    0.073
4206.162	    0.064
4206.917	    0.043
4207.672	    0.031
4208.427	    0.058
4209.183	    0.054
4209.938	    0.043
4210.694	    0.024
4211.450	    0.008
4212.206	    0.039
4212.962	    0.038
4213.718	    0.056
4214.474	    0.039
4215.231	    0.040
4215.987	    0.048
4216.744	    0.062
4217.501	    0.040
4218.258	    0.039
4219.015	    0.018
4219.773	    0.041
4220.530	    0.011
4221.288	    0.052
4222.045	    0.075
4222.803	    0.085
4223.561	    0.058
4224.319	    0.039
4225.077	    0.035
4225.836	    0.062
4226.594	    0.061
4227.353	    0.043
4228.112	    0.020
4228.871	    0.016
4229.630	    0.082
4230.389	    0.041
4231.148	    0.040
4231.908	    0.034
4232.667	    0.079
4233.427	    0.084
4234.187	    0.077
4234.947	    0.048
4235.707	    0.076
4236.468	    0.075
4237.228	    0.069
4237.989	    0.059
4238.749	    0.079
4239.510	    0.077
4240.271	    0.066
4241.032	    0.039
4241.793	    0.048
4242.555	    0.087
4243.316	    0.095
4244.078	    0.086
4244.840	    0.062
4245.602	    0.018
4246.364	    0.033
4247.126	    0.029
4247.888	    0.057
4248.651	    0.067
4249.413	    0.064
4250.176	    0.058
4250.939	    0.078
4251.702	    0.075
4252.465	    0.076
4253.229	    0.075
4253.992	    0.045
4254.756	    0.030
4255.519	    0.042
4256.283	    0.048
4257.047	    0.039
4257.811	    0.038
4258.575	    0.042
4259.340	    0.052
4260.104	    0.069
4260.869	    0.061
4261.634	    0.053
4262.399	    0.051
4263.164	    0.060
4263.929	    0.021
4264.695	    0.037
4265.460	    0.044
4266.226	    0.029
4266.991	    0.060
4267.757	    0.061
4268.523	    0.086
4269.290	    0.112
4270.056	    0.081
4270.822	    0.055
4271.589	    0.060
4272.356	    0.070
4273.123	    0.011
4273.890	    0.074
4274.657	    0.071
4275.424	    0.064
4276.191	    0.083
4276.959	    0.065
4277.727	    0.056
4278.494	    0.060
4279.262	    0.082
4280.031	    0.046
4280.799	    0.074
4281.567	    0.086
4282.336	    0.085
4283.104	    0.062
4283.873	    0.014
4284.642	    0.014
4285.411	    0.050
4286.180	    0.071
4286.950	    0.081
4287.719	    0.078
4288.489	    0.065
4289.259	    0.025
4290.029	    0.050
4290.799	    0.065
4291.569	    0.077
4292.339	    0.092
4293.110	    0.091
4293.880	    0.089
4294.651	    0.084
4295.422	    0.070
4296.193	    0.080
4296.964	    0.072
4297.735	    0.059
4298.507	    0.042
4299.278	    0.057
4300.050	    0.059
4300.822	    0.085
4301.594	    0.100
4302.366	    0.057
4303.138	    0.078
4303.910	    0.078
4304.683	    0.067
4305.456	    0.020
4306.229	    0.035
4307.001	    0.042
4307.775	    0.049
4308.548	    0.055
4309.321	    0.043
4310.095	    0.077
4310.868	    0.074
4311.642	    0.021
4312.416	    0.029
4313.190	    0.071
4313.964	    0.065
4314.739	    0.058
4315.513	    0.077
4316.288	    0.077
4317.062	    0.066
4317.837	    0.071
4318.612	    0.096
4319.388	    0.099
4320.163	    0.092
4320.938	    0.083
4321.714	    0.073
4322.490	    0.073
4323.266	    0.070
4324.042	    0.076
4324.818	    0.082
4325.594	    0.078
4326.370	    0.089
4327.147	    0.067
4327.924	    0.037
4328.700	    0.028
4329.477	    0.035
4330.255	    0.048
4331.032	    0.066
4331.809	    0.077
4332.587	    0.062
4333.364	    0.070
4334.142	    0.081
4334.920	    0.078
4335.698	    0.028
4336.477	    0.097
4337.255	    0.065
4338.034	    0.051
4338.812	    0.073
4339.591	    0.052
4340.370	    0.056
4341.149	    0.060
4341.928	    0.065
4342.708	    0.075
4343.487	    0.053
4344.267	    0.071
4345.046	    0.073
4345.826	    0.048
4346.606	    0.059
4347.387	    0.020
4348.167	    0.031
4348.947	    0.061
4349.728	    0.079
4350.509	    0.070
4351.290	    0.084
4352.071	    0.092
4352.852	    0.085
4353.633	    0.087
4354.415	    0.092
4355.196	    0.089
4355.978	    0.080
4356.760	    0.084
4357.542	    0.089
4358.324	    0.087
4359.106	    0.081
4359.889	    0.069
4360.671	    0.036
4361.454	    0.023
4362.237	    0.024
4363.020	    0.043
4363.803	    0.055
4364.587	    0.023
4365.370	    0.036
4366.153	    0.036
4366.937	    0.045
4367.721	    0.059
4368.505	    0.064
4369.289	    0.055
4370.073	    0.032
4370.858	    0.030
4371.642	    0.039
4372.427	    0.059
4373.212	    0.077
4373.997	    0.093
4374.782	    0.113
4375.567	    0.081
4376.353	    0.059
4377.138	    0.061
4377.924	    0.076
4385.001	    0.091
4385.788	    0.103
4386.576	    0.089
4387.363	    0.076
4388.151	    0.076
4388.938	    0.078
4389.726	    0.077
4390.514	    0.068
4391.302	    0.059
4392.090	    0.072
4392.879	    0.087
4393.667	    0.071
4394.456	    0.059
4395.245	    0.063
4396.033	    0.085
4396.823	    0.073
4397.612	    0.075
4398.401	    0.082
4399.191	    0.089
4399.980	    0.076
4400.770	    0.042
4401.560	    0.038
4402.350	    0.061
4403.140	    0.069
4403.931	    0.071
4404.721	    0.074
4405.512	    0.067
4406.302	    0.039
4407.093	    0.065
4407.884	    0.037
4408.676	    0.065
4409.467	    0.092
4410.258	    0.096
4411.050	    0.086
4411.842	    0.089
4412.634	    0.080
4413.426	    0.062
4414.218	    0.075
4415.010	    0.081
4415.803	    0.082
4416.595	    0.089
4417.388	    0.101
4418.181	    0.068
4418.974	    0.077
4419.767	    0.053
4420.561	    0.053
4421.354	    0.053
4422.148	    0.053
4422.941	    0.051
4423.735	    0.041
4424.529	    0.025
4425.324	    0.016
4426.118	    0.049
4426.912	    0.063
4427.707	    0.068
4428.502	    0.070
4429.297	    0.083
4430.092	    0.062
4430.887	    0.055
4431.682	    0.056
4432.478	    0.060
4433.273	    0.046
4434.069	    0.039
4434.865	    0.052
4435.661	    0.058
4436.457	    0.027
4437.253	    0.044
4438.050	    0.073
4438.847	    0.075
4439.643	    0.060
4440.440	    0.038
4441.237	    0.042
4442.034	    0.045
4442.832	    0.039
4443.629	    0.020
4444.427	    0.033
4445.225	    0.032
4446.023	    0.027
4446.821	    0.053
4447.619	    0.065
4448.417	    0.048
4449.216	    0.011
4450.014	    0.029
4450.813	    0.020
4451.612	    0.030
4452.411	    0.038
4453.210	    0.037
4454.009	    0.046
4454.809	    0.056
4455.609	    0.060
4456.408	    0.024
4457.208	    0.053
4458.008	    0.057
4458.808	    0.048
4459.609	    0.027
4460.409	    0.018
4461.210	    0.036
4462.011	    0.048
4462.812	    0.053
4463.613	    0.055
4464.414	    0.047
4465.215	    0.027
4466.017	    0.030
4466.818	    0.048
4467.620	    0.040
4468.422	    0.034
4469.224	    0.044
4470.026	    0.035
4470.829	    0.023
4471.631	    0.029
4472.434	    0.039
4473.237	    0.060
4474.039	    0.069
4474.843	    0.067
4475.646	    0.048
4476.449	    0.023
4477.253	    0.049
4478.056	    0.055
4478.860	    0.048
4479.664	    0.055
4480.468	    0.048
4481.272	    0.043
4482.077	    0.041
4482.881	    0.043
4483.686	    0.049
4484.491	    0.055
4485.296	    0.057
4486.101	    0.056
4486.906	    0.051
4487.711	    0.046
4488.517	    0.041
4489.322	    0.038
4490.128	    0.037
4490.934	    0.037
4491.740	    0.037
4492.547	    0.057
4493.353	    0.014
4494.160	    0.050
4494.966	    0.023
4495.773	    0.082
4496.580	    0.032
4497.387	    0.038
4498.194	    0.008
4499.002	    0.028
4499.809	    0.048
4500.617	    0.058
4501.425	    0.052
4502.233	    0.038
4503.041	    0.011
4503.849	    0.024
4504.658	    0.035
4505.466	    0.043
4506.275	    0.043
4507.084	    0.018
4507.893	    0.056
4508.702	    0.065
4509.511	    0.061
4510.321	    0.047
4511.130	    0.018
4511.940	    0.032
4512.750	    0.034
4513.560	    0.060
4514.370	    0.063
4515.180	    0.041
4515.991	    0.046
4516.802	    0.021
4517.612	    0.054
4518.423	    0.071
4519.234	    0.066
4520.045	    0.018
4520.857	    0.059
4521.668	    0.068
4522.480	    0.065
4523.292	    0.052
4524.103	    0.023
4524.916	    0.030
4525.728	    0.025
4526.540	    0.028
4527.353	    0.050
4528.165	    0.057
4528.978	    0.011
4529.791	    0.044
4530.604	    0.050
4531.417	    0.044
4532.231	    0.033
4533.044	    0.045
4533.858	    0.045
4534.672	    0.032
4535.486	    0.018
4536.300	    0.037
4537.114	    0.039
4537.928	    0.024
4538.743	    0.059
4539.558	    0.072
4540.372	    0.070
4541.187	    0.043
4542.002	    0.037
4542.818	    0.056
4543.633	    0.064
4544.449	    0.057
4545.264	    0.008
4546.080	    0.056
4546.896	    0.059
4547.712	    0.050
4548.529	    0.033
4549.345	    0.014
4550.162	    0.014
4550.979	    0.014
4551.795	    0.014
4552.612	    0.014
4553.430	    0.034
4554.247	    0.040
4555.064	    0.045
4555.882	    0.057
4556.700	    0.067
4557.518	    0.073
4558.336	    0.060
4559.154	    0.011
4559.972	    0.044
4560.791	    0.051
4561.609	    0.043
4562.428	    0.011
4563.247	    0.027
4564.066	    0.039
4564.885	    0.057
4565.705	    0.060
4566.524	    0.044
4567.344	    0.011
4568.164	    0.034
4568.984	    0.038
4569.804	    0.016
4570.624	    0.046
4571.445	    0.057
4572.265	    0.016
4573.086	    0.048
4573.907	    0.060
4574.728	    0.057
4575.549	    0.043
4576.370	    0.023
4577.192	    0.014
4578.013	    0.031
4578.835	    0.039
4579.657	    0.044
4580.479	    0.050
4581.301	    0.044
4582.123	    0.028
4582.946	    0.011
4583.768	    0.025
4584.591	    0.029
4585.414	    0.039
4586.237	    0.050
4587.060	    0.050
4587.884	    0.039
4588.707	    0.020
4589.531	    0.048
4590.355	    0.063
4591.179	    0.064
4592.003	    0.053
4592.827	    0.032
4593.651	    0.018
4594.476	    0.035
4595.301	    0.045
4596.125	    0.050
4596.950	    0.050
4597.776	    0.045
4598.601	    0.033
4599.426	    0.008
4600.252	    0.020
4601.078	    0.023
4601.903	    0.023
4602.730	    0.030
4603.556	    0.045
4604.382	    0.051
4605.208	    0.053
4606.035	    0.050
4606.862	    0.039
4607.689	    0.029
4608.516	    0.049
4609.343	    0.053
4610.170	    0.051
4610.998	    0.049
4611.826	    0.050
4612.653	    0.055
4613.481	    0.055
4614.309	    0.048
4615.138	    0.031
4615.966	    0.018
4616.795	    0.025
4617.623	    0.021
4618.452	    0.032
4619.281	    0.032
4620.110	    0.027
4620.940	    0.018
4621.769	    0.014
4622.599	    0.014
4623.428	    0.014
4624.258	    0.021
4625.088	    0.028
4625.918	    0.028
4626.749	    0.023
4627.579	    0.018
4628.410	    0.032
4629.241	    0.048
4630.072	    0.057
4630.903	    0.051
4631.734	    0.030
4632.565	    0.030
4633.397	    0.037
4634.229	    0.045
4635.060	    0.053
4635.892	    0.051
4636.724	    0.057
4637.557	    0.064
4638.389	    0.066
4639.222	    0.061
4640.054	    0.044
4640.887	    0.033
4641.720	    0.041
4642.553	    0.055
4643.387	    0.064
4644.220	    0.067
4645.054	    0.057
4645.888	    0.030
4646.722	    0.011
4647.556	    0.008
4648.390	    0.035
4649.224	    0.054
4650.059	    0.063
4650.893	    0.055
4651.728	    0.044
4652.563	    0.037
4653.398	    0.031
4654.234	    0.024
4655.069	    0.011
4655.905	    0.030
4656.740	    0.039
4657.576	    0.043
4658.412	    0.043
4659.248	    0.040
4660.085	    0.028
4660.921	    0.025
4661.758	    0.040
4662.594	    0.045
4663.431	    0.040
4664.268	    0.025
4665.106	    0.033
4665.943	    0.038
4666.781	    0.028
4667.618	    0.018
4668.456	    0.036
4669.294	    0.042
4670.132	    0.037
4670.970	    0.032
4671.809	    0.030
4672.647	    0.030
4673.486	    0.033
4674.325	    0.041
4675.164	    0.031
4676.003	    0.024
4676.843	    0.039
4677.682	    0.037
4678.522	    0.008
4679.361	    0.044
4680.201	    0.041
4681.041	    0.036
4681.882	    0.047
4682.722	    0.054
4683.563	    0.046
4684.403	    0.033
4685.244	    0.040
4686.085	    0.076
4686.926	    0.064
4687.767	    0.058
4688.609	    0.065
4689.450	    0.020
4690.292	    0.053
4691.134	    0.048
4691.976	    0.029
4692.818	    0.018
4693.661	    0.027
4694.503	    0.030
4695.346	    0.030
4696.189	    0.059
4697.032	    0.020
4697.875	    0.020
4698.718	    0.031
4699.561	    0.025
4700.405	    0.044
4701.249	    0.051
4702.092	    0.037
4702.936	    0.029
4703.781	    0.046
4704.625	    0.062
4705.469	    0.047
4706.314	    0.056
4707.159	    0.049
4708.004	    0.041
4708.849	    0.040
4709.694	    0.037
4710.539	    0.023
4711.385	    0.037
4712.231	    0.020
4713.076	    0.011
4713.922	    0.016
4714.768	    0.031
4715.615	    0.021
4716.461	    0.030
4717.308	    0.030
4718.154	    0.052
4719.001	    0.067
4719.848	    0.054
4720.696	    0.018
4721.543	    0.055
4722.390	    0.056
4723.238	    0.050
4724.086	    0.057
4724.934	    0.067
4725.782	    0.064
4726.630	    0.047
4727.479	    0.046
4728.327	    0.039
4729.176	    0.008
4730.025	    0.024
4730.874	    0.024
4731.723	    0.061
4732.572	    0.032
4733.422	    0.033
4734.271	    0.043
4735.121	    0.008
4735.971	    0.048
4736.821	    0.032
4737.671	    0.032
4738.522	    0.056
4739.372	    0.039
4740.223	    0.020
4741.074	    0.033
4741.925	    0.020
4742.776	    0.057
4743.627	    0.032
4744.479	    0.014
4745.330	    0.037
4746.182	    0.055
4747.034	    0.058
4747.886	    0.048
4748.738	    0.008
4749.591	    0.066
4750.443	    0.061
4751.296	    0.039
4752.149	    0.008
4753.002	    0.016
4753.855	    0.046
4754.708	    0.023
4755.562	    0.040
4756.415	    0.070
4757.269	    0.075
4758.123	    0.053
4758.977	    0.036
4759.831	    0.021
4760.686	    0.027
4761.540	    0.008
4762.395	    0.014
4763.250	    0.016
4764.105	    0.043
4764.960	    0.051
4765.815	    0.025
4766.671	    0.036
4767.526	    0.034
4768.382	    0.018
4769.238	    0.032
4770.094	    0.063
4770.950	    0.071
4771.807	    0.029
4772.663	    0.027
4773.520	    0.055
4774.377	    0.069
4775.234	    0.060
4776.091	    0.008
4776.948	    0.045
4777.805	    0.037
4778.663	    0.045
4779.521	    0.046
4780.379	    0.048
4781.237	    0.057
4782.095	    0.025
4782.953	    0.051
4783.812	    0.050
4784.670	    0.039
4785.529	    0.020
4786.388	    0.016
4787.247	    0.011
4788.107	    0.014
4788.966	    0.050
4789.826	    0.062
4790.686	    0.072
4791.545	    0.062
4792.405	    0.018
4793.266	    0.055
4794.126	    0.025
4794.987	    0.033
4795.847	    0.020
4796.708	    0.043
4797.569	    0.039
4798.430	    0.036
4799.292	    0.011
4800.153	    0.035
4801.015	    0.032
4801.876	    0.062
4802.738	    0.056
4803.600	    0.032
4804.463	    0.045
4805.325	    0.063
4806.188	    0.028
4807.050	    0.035
4807.913	    0.011
4808.776	    0.028
4809.639	    0.046
4810.503	    0.039
4811.366	    0.042
4812.230	    0.059
4813.093	    0.049
4813.957	    0.056
4814.821	    0.050
4815.686	    0.025
4816.550	    0.008
4817.415	    0.071
4818.279	    0.025
4819.144	    0.021
4820.009	    0.020
4820.874	    0.028
4821.740	    0.039
4822.605	    0.055
4823.471	    0.027
4824.337	    0.011
4825.203	    0.020
4826.069	    0.060
4826.935	    0.059
4827.801	    0.044
4828.668	    0.043
4829.535	    0.030
4830.401	    0.011
4831.269	    0.039
4832.136	    0.048
4833.003	    0.047
4833.871	    0.050
4834.738	    0.054
4835.606	    0.021
4836.474	    0.043
4837.342	    0.035
4838.210	    0.048
4839.079	    0.035
4839.947	    0.030
4840.816	    0.043
4841.685	    0.035
4842.554	    0.051
4843.423	    0.029
4844.293	    0.023
4845.162	    0.008
4846.032	    0.029
4846.902	    0.048
4847.772	    0.048
4848.642	    0.048
4849.512	    0.044
4850.383	    0.051
4851.253	    0.062
4852.124	    0.048
4852.995	    0.036
4853.866	    0.053
4854.737	    0.053
4855.609	    0.016
4856.480	    0.023
4857.352	    0.039
4858.224	    0.034
4859.096	    0.039
4859.968	    0.049
4860.841	    0.040
4861.713	    0.016
4862.586	    0.063
4863.459	    0.064
4864.332	    0.031
4865.205	    0.021
4866.078	    0.031
4866.951	    0.054
4867.825	    0.052
4868.699	    0.083
4869.573	    0.058
4870.447	    0.045
4871.321	    0.054
4872.195	    0.071
4873.070	    0.075
4873.945	    0.043
4874.819	    0.064
4875.694	    0.024
4876.570	    0.058
4877.445	    0.059
4878.320	    0.051
4879.196	    0.051
4880.072	    0.064
4880.948	    0.085
4881.824	    0.037
4882.700	    0.066
4883.577	    0.086
4884.453	    0.068
4885.330	    0.048
4886.207	    0.042
4887.084	    0.011
4887.961	    0.016
4888.838	    0.008
4889.716	    0.066
4890.594	    0.063
4891.472	    0.051
4892.350	    0.043
4893.228	    0.046
4894.106	    0.053
4894.984	    0.050
4895.863	    0.045
4896.742	    0.047
4897.621	    0.059
4898.500	    0.070
4899.379	    0.071
4900.259	    0.061
4901.138	    0.047
4902.018	    0.025
4902.898	    0.080
4903.778	    0.155
4904.658	    0.246
4905.538	    0.327
4906.419	    0.378
4907.300	    0.388
4908.180	    0.350
4909.061	    0.258
4909.943	    0.160
4910.824	    0.109
4911.705	    0.065
4912.587	    0.020
4913.469	    0.030
4914.351	    0.039
4915.233	    0.059
4916.115	    0.045
4916.998	    0.059
4917.880	    0.064
4918.763	    0.059
4919.646	    0.051
4920.529	    0.045
4921.412	    0.041
4922.295	    0.053
4923.179	    0.061
4924.063	    0.071
4924.947	    0.071
4925.831	    0.075
4926.715	    0.071
4927.599	    0.074
4928.484	    0.078
4929.368	    0.057
4930.253	    0.102
4931.138	    0.047
4932.023	    0.078
4932.908	    0.076
4933.794	    0.068
4934.679	    0.076
4935.565	    0.083
4936.451	    0.060
4937.337	    0.048
4938.223	    0.080
4939.110	    0.070
4939.996	    0.060
4940.883	    0.032
4941.770	    0.053
4942.657	    0.077
4943.544	    0.070
4944.431	    0.088
4945.319	    0.083
4946.207	    0.042
4947.094	    0.075
4947.982	    0.069
4948.871	    0.054
4949.759	    0.047
4950.647	    0.040
4951.536	    0.060
4952.425	    0.080
4953.314	    0.077
4954.203	    0.089
4955.092	    0.076
4955.981	    0.070
4956.871	    0.069
4957.761	    0.064
4958.651	    0.057
4959.541	    0.047
4960.431	    0.081
4961.321	    0.059
4962.212	    0.071
4963.103	    0.057
4963.993	    0.050
4964.884	    0.062
4965.776	    0.071
4966.667	    0.075
4967.558	    0.066
4968.450	    0.027
4969.342	    0.064
4970.234	    0.073
4971.126	    0.076
4972.018	    0.075
4972.911	    0.066
4973.803	    0.051
4974.696	    0.048
4975.589	    0.043
4976.482	    0.060
4977.375	    0.054
4978.269	    0.066
4979.162	    0.073
4980.056	    0.067
4980.950	    0.062
4981.844	    0.075
4982.738	    0.076
4983.633	    0.083
4984.527	    0.071
4985.422	    0.067
4986.317	    0.063
4987.212	    0.047
4988.107	    0.046
4989.002	    0.067
4989.898	    0.080
4990.794	    0.076
4991.689	    0.061
4992.585	    0.060
4993.482	    0.063
4994.378	    0.041
4995.274	    0.044
4996.171	    0.056
4997.068	    0.061
4997.965	    0.061
4998.862	    0.052
4999.759	    0.072
5000.657	    0.089
5001.554	    0.082
5002.452	    0.053
5003.350	    0.018
5004.248	    0.048
5005.146	    0.064
5006.045	    0.048
5006.943	    0.039
5007.842	    0.071
5008.741	    0.034
5009.640	    0.072
5010.539	    0.063
5011.438	    0.073
5012.338	    0.073
5013.238	    0.056
5014.137	    0.056
5015.037	    0.077
5015.938	    0.065
5016.838	    0.036
5017.738	    0.057
5018.639	    0.061
5019.540	    0.063
5020.441	    0.077
5021.342	    0.074
5022.243	    0.041
5023.145	    0.035
5024.046	    0.059
5024.948	    0.077
5025.850	    0.057
5026.752	    0.076
5027.655	    0.075
5028.557	    0.076
5029.460	    0.076
5030.362	    0.077
5031.265	    0.071
5032.168	    0.014
5033.072	    0.063
5033.975	    0.047
5034.879	    0.048
5035.782	    0.046
5036.686	    0.035
5037.590	    0.045
5038.495	    0.043
5039.399	    0.029
5040.304	    0.059
5041.208	    0.076
5042.113	    0.064
5043.018	    0.044
5043.923	    0.044
5044.829	    0.044
5045.734	    0.053
5046.640	    0.056
5047.546	    0.046
5048.452	    0.027
5049.358	    0.016
5050.264	    0.036
5051.171	    0.044
5052.078	    0.098
5052.984	    0.123
5053.891	    0.124
5054.799	    0.119
5055.706	    0.102
5056.613	    0.059
5057.521	    0.057
5058.429	    0.070
5059.337	    0.063
5060.245	    0.050
5061.153	    0.062
5062.062	    0.048
5062.970	    0.029
5063.879	    0.025
5064.788	    0.033
5065.697	    0.039
5066.606	    0.051
5067.516	    0.066
5068.425	    0.061
5069.335	    0.043
5070.245	    0.053
5071.155	    0.039
5072.065	    0.039
5072.976	    0.042
5073.886	    0.061
5074.797	    0.062
5075.708	    0.057
5076.619	    0.057
5077.530	    0.032
5078.442	    0.027
5079.353	    0.039
5080.265	    0.045
5081.177	    0.062
5082.089	    0.054
5083.001	    0.053
5083.914	    0.045
5084.826	    0.034
5085.739	    0.030
5086.652	    0.016
5087.565	    0.045
5088.478	    0.049
5089.391	    0.065
5090.305	    0.024
5091.219	    0.029
5092.132	    0.056
5093.046	    0.050
5093.961	    0.035
5094.875	    0.039
5095.789	    0.058
5096.704	    0.074
5097.619	    0.059
5098.534	    0.008
5099.449	    0.018
5100.364	    0.043
5101.280	    0.016
5102.196	    0.043
5103.111	    0.040
5104.027	    0.032
5104.944	    0.041
5105.860	    0.040
5106.776	    0.018
5107.693	    0.045
5108.610	    0.057
5109.527	    0.060
5110.444	    0.059
5111.361	    0.051
5112.279	    0.063
5113.196	    0.060
5114.114	    0.048
5115.032	    0.057
5115.950	    0.068
5116.868	    0.042
5117.787	    0.025
5118.706	    0.047
5119.624	    0.040
5120.543	    0.065
5121.462	    0.021
5122.382	    0.008
5123.301	    0.060
5124.221	    0.081
5125.141	    0.078
5126.060	    0.043
5126.981	    0.045
5127.901	    0.059
5128.821	    0.055
5129.742	    0.025
5130.663	    0.062
5131.584	    0.028
5132.505	    0.041
5133.426	    0.033
5134.347	    0.030
5135.269	    0.030
5136.191	    0.021
5137.113	    0.038
5138.035	    0.039
5138.957	    0.040
5139.879	    0.050
5140.802	    0.039
5141.725	    0.031
5142.648	    0.033
5143.571	    0.052
5144.494	    0.061
5145.417	    0.068
5146.341	    0.057
5147.265	    0.029
5148.189	    0.033
5149.113	    0.051
5150.037	    0.016
5150.961	    0.058
5151.886	    0.048
5152.811	    0.066
5153.736	    0.021
5154.661	    0.036
5155.586	    0.050
5156.511	    0.044
5157.437	    0.025
5158.363	    0.027
5159.289	    0.040
5160.215	    0.039
5161.141	    0.014
5162.067	    0.014
5162.994	    0.039
5163.921	    0.031
5164.848	    0.048
5165.775	    0.014
5166.702	    0.034
5167.629	    0.039
5168.557	    0.039
5169.485	    0.025
5170.412	    0.059
5171.341	    0.041
5172.269	    0.039
5173.197	    0.024
5174.126	    0.043
5175.054	    0.023
5175.983	    0.032
5176.912	    0.033
5177.842	    0.039
5178.771	    0.030
5179.701	    0.048
5180.630	    0.050
5181.560	    0.016
5182.490	    0.039
5183.421	    0.041
5184.351	    0.028
5185.282	    0.052
5186.212	    0.039
5187.143	    0.021
5188.074	    0.034
5189.006	    0.024
5189.937	    0.043
5190.868	    0.039
5191.800	    0.024
5192.732	    0.040
5193.664	    0.037
5194.596	    0.034
5195.529	    0.032
5196.461	    0.030
5197.394	    0.027
5198.327	    0.023
5199.260	    0.023
5200.193	    0.024
5201.127	    0.025
5202.060	    0.023
5202.994	    0.014
5203.928	    0.020
5204.862	    0.034
5205.796	    0.045
5206.731	    0.052
5207.665	    0.056
5208.600	    0.059
5209.535	    0.059
5210.470	    0.058
5211.405	    0.056
5212.341	    0.052
5213.276	    0.045
5214.212	    0.028
5215.148	    0.032
5216.084	    0.053
5217.021	    0.062
5217.957	    0.061
5218.894	    0.053
5219.830	    0.046
5220.767	    0.047
5221.704	    0.050
5222.642	    0.043
5223.579	    0.016
5224.517	    0.042
5225.454	    0.058
5226.392	    0.066
5227.331	    0.069
5228.269	    0.070
5229.207	    0.068
5230.146	    0.061
5231.085	    0.048
5232.024	    0.025
5232.963	    0.042
5233.902	    0.060
5234.842	    0.045
5235.781	    0.018
5236.721	    0.051
5237.661	    0.036
5238.601	    0.045
5239.541	    0.040
5240.482	    0.044
5241.423	    0.036
5242.363	    0.036
5243.304	    0.054
5244.245	    0.086
5245.187	    0.100
5246.128	    0.100
5247.070	    0.096
5248.012	    0.089
5248.954	    0.091
5249.896	    0.091
5250.838	    0.051
5251.781	    0.033
5252.723	    0.053
5253.666	    0.036
5254.609	    0.052
5255.552	    0.040
5256.496	    0.034
5257.439	    0.011
5258.383	    0.016
5259.327	    0.043
5260.271	    0.059
5261.215	    0.051
5262.159	    0.027
5263.104	    0.052
5264.049	    0.036
5264.994	    0.048
5265.939	    0.029
5266.884	    0.062
5267.829	    0.029
5268.775	    0.055
5269.721	    0.028
5270.666	    0.046
5271.612	    0.027
5272.559	    0.043
5273.505	    0.036
5274.452	    0.028
5275.398	    0.023
5276.345	    0.045
5277.292	    0.068
5278.240	    0.062
5279.187	    0.051
5280.135	    0.023
5281.082	    0.038
5282.030	    0.020
5282.979	    0.062
5283.927	    0.024
5284.875	    0.033
5285.824	    0.028
5286.773	    0.045
5287.722	    0.033
5288.671	    0.011
5289.620	    0.046
5290.569	    0.048
5291.519	    0.039
5292.469	    0.025
5293.419	    0.014
5294.369	    0.036
5295.319	    0.039
5296.270	    0.034
5297.220	    0.034
5298.171	    0.046
5299.122	    0.038
5300.073	    0.043
5301.025	    0.018
5301.976	    0.014
5302.928	    0.030
5303.880	    0.014
5304.832	    0.028
5305.784	    0.048
5306.736	    0.048
5307.689	    0.016
5308.642	    0.030
5309.595	    0.035
5310.548	    0.051
5311.501	    0.058
5312.454	    0.029
5313.408	    0.008
5314.362	    0.044
5315.315	    0.055
5316.270	    0.045
5317.224	    0.028
5318.178	    0.067
5319.133	    0.071
5320.088	    0.037
5321.043	    0.011
5321.998	    0.028
5322.953	    0.036
5323.908	    0.011
5324.864	    0.028
5325.820	    0.021
5326.776	    0.023
5327.732	    0.027
5328.688	    0.035
5329.645	    0.053
5330.601	    0.045
5331.558	    0.021
5332.515	    0.018
5333.472	    0.027
5334.430	    0.021
5335.387	    0.040
5336.345	    0.061
5337.303	    0.040
5338.261	    0.041
5339.219	    0.065
5340.177	    0.040
5341.136	    0.035
5342.094	    0.037
5343.053	    0.034
5344.012	    0.027
5344.972	    0.025
5345.931	    0.052
5346.891	    0.059
5347.850	    0.053
5348.810	    0.037
5349.770	    0.036
5350.731	    0.046
5351.691	    0.014
5352.652	    0.028
5353.612	    0.047
5354.573	    0.014
5355.535	    0.042
5356.496	    0.028
5357.457	    0.025
5358.419	    0.024
5359.381	    0.011
5360.343	    0.038
5361.305	    0.024
5362.267	    0.023
5363.230	    0.031
5364.192	    0.008
5365.155	    0.023
5366.118	    0.023
5367.081	    0.020
5368.045	    0.020
5369.008	    0.036
5369.972	    0.032
5370.936	    0.039
5371.900	    0.040
5372.864	    0.027
5373.829	    0.029
5374.793	    0.014
5375.758	    0.016
5376.723	    0.028
5377.688	    0.023
5378.653	    0.011
5379.619	    0.046
5380.584	    0.059
5381.550	    0.036
5382.516	    0.025
5383.482	    0.011
5384.449	    0.025
5385.415	    0.054
5386.382	    0.079
5387.349	    0.111
5388.316	    0.137
5389.283	    0.128
5390.250	    0.092
5391.218	    0.062
5392.185	    0.050
5393.153	    0.052
5394.121	    0.056
5395.090	    0.059
5396.058	    0.062
5397.027	    0.036
5397.995	    0.023
5398.964	    0.037
5399.933	    0.039
5400.903	    0.051
5401.872	    0.038
5402.842	    0.016
5403.811	    0.027
5404.781	    0.042
5405.751	    0.008
5406.722	    0.039
5407.692	    0.027
5408.663	    0.008
5409.634	    0.027
5410.605	    0.020
5411.576	    0.040
5412.547	    0.034
5413.519	    0.025
5414.491	    0.039
5415.462	    0.039
5416.434	    0.032
5417.407	    0.039
5418.379	    0.036
5419.352	    0.037
5420.324	    0.058
5421.297	    0.042
5422.270	    0.058
5423.244	    0.045
5424.217	    0.038
5425.191	    0.036
5426.165	    0.048
5427.139	    0.018
5428.113	    0.031
5429.087	    0.027
5430.062	    0.065
5431.036	    0.056
5432.011	    0.060
5432.986	    0.011
5433.961	    0.008
5434.937	    0.020
5435.912	    0.025
5436.888	    0.016
5437.864	    0.041
5438.840	    0.032
5439.816	    0.034
5440.793	    0.041
5441.769	    0.036
5442.746	    0.042
5443.723	    0.032
5444.700	    0.040
5445.677	    0.056
5446.655	    0.039
5447.632	    0.037
5448.610	    0.045
5449.588	    0.025
5450.566	    0.035
5451.545	    0.046
5452.523	    0.060
5453.502	    0.035
5454.481	    0.033
5455.460	    0.023
5456.439	    0.051
5457.419	    0.063
5458.398	    0.059
5459.378	    0.032
5460.358	    0.047
5461.338	    0.027
5462.318	    0.014
5463.299	    0.035
5464.279	    0.035
5465.260	    0.060
5466.241	    0.048
5467.222	    0.065
5468.204	    0.011
5469.185	    0.035
5470.167	    0.016
5471.149	    0.008
5472.131	    0.028
5473.113	    0.048
5474.096	    0.020
5475.078	    0.039
5476.061	    0.023
5477.044	    0.018
5478.027	    0.029
5479.010	    0.016
5479.994	    0.016
5480.977	    0.038
5481.961	    0.034
5482.945	    0.018
5483.929	    0.039
5484.914	    0.036
5485.898	    0.024
5486.883	    0.039
5487.868	    0.040
5488.853	    0.024
5489.838	    0.045
5490.823	    0.014
5491.809	    0.023
5492.795	    0.031
5493.781	    0.044
5494.767	    0.058
5495.753	    0.058
5496.740	    0.028
5497.726	    0.014
5498.713	    0.029
5499.700	    0.029
5500.687	    0.008
5501.675	    0.029
5502.662	    0.059
5503.650	    0.046
5504.638	    0.067
5505.626	    0.021
5506.614	    0.011
5507.602	    0.051
5508.591	    0.031
5509.580	    0.008
5510.569	    0.032
5511.558	    0.014
5512.547	    0.023
5513.537	    0.031
5514.526	    0.031
5515.516	    0.036
5516.506	    0.036
5517.496	    0.018
5518.487	    0.055
5519.477	    0.056
5520.468	    0.039
5521.459	    0.050
5522.450	    0.053
5523.441	    0.039
5524.433	    0.018
5525.424	    0.059
5526.416	    0.048
5527.408	    0.023
5528.400	    0.024
5529.392	    0.029
5530.385	    0.039
5531.378	    0.030
5532.370	    0.035
5533.363	    0.016
5534.357	    0.046
5535.350	    0.039
5536.344	    0.029
5537.337	    0.032
5538.331	    0.028
5539.325	    0.032
5540.320	    0.037
5541.314	    0.053
5542.309	    0.036
5543.304	    0.050
5544.299	    0.044
5545.294	    0.008
5546.289	    0.024
5547.285	    0.027
5548.280	    0.034
5549.276	    0.027
5550.272	    0.024
5551.269	    0.031
5552.265	    0.018
5553.262	    0.043
5554.259	    0.064
5555.255	    0.063
5556.253	    0.037
5557.250	    0.046
5558.247	    0.039
5559.245	    0.049
5560.243	    0.038
5561.241	    0.036
5562.239	    0.061
5563.238	    0.027
5564.236	    0.037
5565.235	    0.037
5566.234	    0.052
5567.233	    0.024
5568.232	    0.008
5569.232	    0.030
5570.231	    0.040
5571.231	    0.048
5572.231	    0.051
5573.232	    0.052
5574.232	    0.053
5575.232	    0.053
5576.233	    0.053
5577.234	    0.051
5578.235	    0.046
5579.236	    0.039
5580.238	    0.031
5581.240	    0.031
5582.241	    0.040
5583.243	    0.050
5584.246	    0.056
5585.248	    0.057
5586.250	    0.057
5587.253	    0.056
5588.256	    0.056
5589.259	    0.057
5590.262	    0.032
5591.266	    0.053
5592.269	    0.039
5593.273	    0.035
5594.277	    0.020
5595.281	    0.063
5596.286	    0.059
5597.290	    0.030
5598.295	    0.043
5599.300	    0.055
5600.305	    0.039
5601.310	    0.008
5602.315	    0.051
5603.321	    0.036
5604.327	    0.021
5605.333	    0.033
5606.339	    0.055
5607.345	    0.061
5608.352	    0.050
5609.358	    0.045
5610.365	    0.043
5611.372	    0.043
5612.379	    0.021
5613.387	    0.018
5614.394	    0.038
5615.402	    0.050
5616.410	    0.057
5617.418	    0.055
5618.427	    0.030
5619.435	    0.043
5620.444	    0.065
5621.453	    0.038
5622.462	    0.025
5623.471	    0.018
5624.480	    0.068
5625.490	    0.042
5626.499	    0.053
5627.509	    0.053
5628.520	    0.077
5629.530	    0.075
5630.540	    0.062
5631.551	    0.060
5632.562	    0.008
5633.573	    0.024
5634.584	    0.073
5635.595	    0.066
5636.607	    0.060
5637.619	    0.077
5638.631	    0.052
5639.643	    0.052
5640.655	    0.076
5641.668	    0.048
5642.680	    0.057
5643.693	    0.058
5644.706	    0.055
5645.719	    0.080
5646.733	    0.078
5647.746	    0.078
5648.760	    0.087
5649.774	    0.051
5650.788	    0.029
5651.802	    0.060
5652.817	    0.085
5653.831	    0.085
5654.846	    0.043
5655.861	    0.068
5656.876	    0.074
5657.892	    0.048
5658.907	    0.065
5659.923	    0.074
5660.939	    0.066
5661.955	    0.072
5662.972	    0.080
5663.988	    0.057
5665.005	    0.041
5666.022	    0.067
5667.039	    0.089
5668.056	    0.093
5669.073	    0.059
5670.091	    0.064
5671.109	    0.068
5672.126	    0.094
5673.145	    0.084
5674.163	    0.083
5675.181	    0.083
5676.200	    0.073
5677.219	    0.052
5678.238	    0.080
5679.257	    0.088
5680.277	    0.081
5681.296	    0.084
5682.316	    0.078
5683.336	    0.083
5684.356	    0.073
5685.376	    0.068
5686.397	    0.084
5687.418	    0.087
5688.438	    0.088
5689.459	    0.088
5690.481	    0.072
5691.502	    0.079
5692.524	    0.091
5693.545	    0.095
5694.567	    0.100
5695.590	    0.088
5696.612	    0.073
5697.634	    0.071
5698.657	    0.061
5699.680	    0.075
5700.703	    0.086
5701.726	    0.089
5702.750	    0.090
5703.773	    0.085
5704.797	    0.085
5705.821	    0.089
5706.845	    0.086
5707.870	    0.097
5708.894	    0.093
5709.919	    0.089
5710.944	    0.099
5711.969	    0.090
5712.994	    0.066
5714.020	    0.083
5715.045	    0.098
5716.071	    0.098
5717.097	    0.085
5718.123	    0.085
5719.150	    0.103
5720.176	    0.105
5721.203	    0.110
5722.230	    0.099
5723.257	    0.096
5724.284	    0.071
5725.312	    0.090
5726.340	    0.096
5727.367	    0.098
5728.396	    0.079
5729.424	    0.080
5730.452	    0.096
5731.481	    0.109
5732.510	    0.108
5733.538	    0.097
5734.568	    0.080
5735.597	    0.081
5736.626	    0.092
5737.656	    0.108
5738.686	    0.105
5739.716	    0.102
5740.746	    0.104
5741.777	    0.103
5742.807	    0.103
5743.838	    0.105
5744.869	    0.097
5745.900	    0.092
5746.932	    0.100
5747.963	    0.107
5748.995	    0.099
5750.027	    0.091
5751.059	    0.087
5752.091	    0.095
5753.124	    0.095
5754.157	    0.089
5755.189	    0.094
5756.222	    0.104
5757.256	    0.109
5758.289	    0.102
5759.323	    0.102
5760.356	    0.112
5761.390	    0.108
5762.425	    0.105
5763.459	    0.103
5764.493	    0.102
5765.528	    0.089
5766.563	    0.088
5767.598	    0.093
5768.633	    0.096
5769.669	    0.093
5770.704	    0.087
5771.740	    0.101
5772.776	    0.103
5773.812	    0.103
5774.849	    0.105
5775.885	    0.109
5776.922	    0.113
5777.959	    0.110
5778.996	    0.099
5780.033	    0.092
5781.071	    0.085
5782.109	    0.085
5783.146	    0.092
5784.185	    0.093
5785.223	    0.102
5786.261	    0.107
5787.300	    0.102
5788.339	    0.094
5789.378	    0.095
5790.417	    0.103
5791.456	    0.106
5792.496	    0.106
5793.535	    0.106
5794.575	    0.103
5795.615	    0.100
5796.656	    0.102
5797.696	    0.104
5798.737	    0.103
5799.778	    0.099
5800.819	    0.083
5801.860	    0.095
5802.901	    0.100
5803.943	    0.103
5804.985	    0.103
5806.027	    0.099
5807.069	    0.087
5808.111	    0.081
5809.154	    0.085
5810.196	    0.079
5811.239	    0.074
5812.282	    0.082
5813.326	    0.093
5814.369	    0.093
5815.413	    0.092
5816.457	    0.087
5817.501	    0.085
5818.545	    0.086
5819.589	    0.087
5820.634	    0.087
5821.679	    0.091
5822.724	    0.102
5823.769	    0.103
5824.814	    0.100
5825.860	    0.092
5826.905	    0.086
5827.951	    0.098
5828.997	    0.098
5830.044	    0.089
5831.090	    0.099
5832.137	    0.107
5833.184	    0.097
5834.231	    0.111
5835.278	    0.122
5836.325	    0.112
5837.373	    0.105
5838.421	    0.097
5839.469	    0.088
5840.517	    0.093
5841.565	    0.097
5842.614	    0.092
5843.663	    0.085
5844.711	    0.087
5845.761	    0.082
5846.810	    0.075
5847.859	    0.086
5848.909	    0.098
5849.959	    0.094
5851.009	    0.083
5852.059	    0.089
5853.110	    0.093
5854.160	    0.079
5855.211	    0.076
5856.262	    0.077
5857.313	    0.079
5858.364	    0.078
5859.416	    0.083
5860.468	    0.076
5861.520	    0.068
5862.572	    0.068
5863.624	    0.078
5864.677	    0.095
5865.729	    0.097
5866.782	    0.098
5867.835	    0.093
5868.888	    0.091
5869.942	    0.087
5870.996	    0.094
5872.049	    0.085
5873.103	    0.077
5874.158	    0.086
5875.212	    0.078
5876.267	    0.079
5877.321	    0.082
5878.376	    0.081
5879.431	    0.078
5880.487	    0.072
5881.542	    0.060
5882.598	    0.067
5883.654	    0.072
5884.710	    0.062
5885.766	    0.008
5886.823	    0.053
5887.879	    0.073
5888.936	    0.083
5889.993	    0.088
5891.051	    0.079
5892.108	    0.071
5893.166	    0.082
5894.223	    0.088
5895.281	    0.091
5896.340	    0.085
5897.398	    0.058
5898.456	    0.053
5899.515	    0.056
5900.574	    0.075
5901.633	    0.078
5902.693	    0.080
5903.752	    0.070
5904.812	    0.053
5905.872	    0.073
5906.932	    0.063
5907.992	    0.053
5909.052	    0.061
5910.113	    0.042
5911.174	    0.016
5912.235	    0.043
5913.296	    0.051
5914.358	    0.053
5915.419	    0.065
5916.481	    0.072
5917.543	    0.072
5918.605	    0.054
5919.668	    0.057
5920.730	    0.031
5921.793	    0.048
5922.856	    0.031
5923.919	    0.064
5924.982	    0.038
5926.046	    0.042
5959.109	    0.048
5960.179	    0.050
5961.249	    0.028
5962.319	    0.062
5963.389	    0.020
5964.460	    0.038
5965.530	    0.041
5966.601	    0.024
5967.672	    0.011
5968.743	    0.021
5969.814	    0.008
5970.886	    0.016
5971.958	    0.018
5973.030	    0.023
5974.102	    0.011
5975.174	    0.036
5976.247	    0.043
5977.319	    0.018
5978.392	    0.043
5979.465	    0.030
5980.539	    0.045
5981.612	    0.020
5982.686	    0.027
5983.760	    0.023
5984.834	    0.072
5985.908	    0.063
5986.982	    0.053
5988.057	    0.061
5989.132	    0.049
5990.207	    0.039
5991.282	    0.054
5992.358	    0.055
5993.433	    0.051
5994.509	    0.045
5995.585	    0.041
5996.661	    0.056
5997.738	    0.043
5998.814	    0.046
5999.891	    0.051
6000.968	    0.040
6002.045	    0.051
6003.122	    0.045
6004.200	    0.018
6005.278	    0.018
6006.356	    0.021
6007.434	    0.043
6008.512	    0.052
6009.590	    0.057
6010.669	    0.070
6011.748	    0.071
6012.827	    0.051
6013.906	    0.051
6014.986	    0.018
6016.066	    0.047
6017.145	    0.054
6018.225	    0.044
6019.306	    0.027
6020.386	    0.033
6021.467	    0.059
6022.548	    0.069
6023.629	    0.062
6024.710	    0.051
6025.791	    0.059
6026.873	    0.067
6027.955	    0.063
6029.037	    0.053
6030.119	    0.045
6031.201	    0.050
6032.284	    0.056
6033.367	    0.056
6034.450	    0.059
6035.533	    0.068
6036.616	    0.069
6037.700	    0.056
6038.783	    0.028
6039.867	    0.035
6040.951	    0.032
6042.036	    0.016
6043.120	    0.034
6044.205	    0.051
6045.290	    0.057
6046.375	    0.050
6047.460	    0.028
6048.546	    0.027
6049.631	    0.062
6050.717	    0.076
6051.803	    0.062
6052.890	    0.059
6053.976	    0.083
6055.063	    0.083
6056.150	    0.057
6057.237	    0.041
6058.324	    0.046
6059.411	    0.036
6060.499	    0.014
6061.587	    0.031
6062.675	    0.052
6063.763	    0.056
6064.852	    0.055
6065.940	    0.039
6067.029	    0.034
6068.118	    0.048
6069.207	    0.039
6070.297	    0.008
6071.386	    0.025
6072.476	    0.069
6073.566	    0.093
6074.656	    0.094
6075.747	    0.076
6076.837	    0.048
6077.928	    0.045
6079.019	    0.055
6080.110	    0.054
6081.201	    0.059
6082.293	    0.066
6083.385	    0.069
6084.477	    0.068
6085.569	    0.067
6086.661	    0.070
6087.754	    0.070
6088.846	    0.067
6089.939	    0.075
6091.032	    0.088
6092.126	    0.091
6093.219	    0.084
6094.313	    0.075
6095.407	    0.072
6096.501	    0.080
6097.595	    0.078
6098.690	    0.068
6099.784	    0.073
6100.879	    0.082
6101.974	    0.080
6103.070	    0.072
6104.165	    0.061
6105.261	    0.072
6106.357	    0.092
6107.453	    0.101
6108.549	    0.098
6109.646	    0.100
6110.742	    0.102
6111.839	    0.095
6112.936	    0.080
6114.033	    0.091
6115.131	    0.092
6116.228	    0.085
6117.326	    0.094
6118.424	    0.095
6119.523	    0.096
6120.621	    0.099
6121.720	    0.103
6122.818	    0.106
6123.917	    0.105
6125.017	    0.102
6126.116	    0.098
6127.216	    0.096
6128.315	    0.095
6129.415	    0.096
6130.516	    0.096
6131.616	    0.097
6132.717	    0.098
6133.817	    0.100
6134.918	    0.102
6136.020	    0.105
6137.121	    0.107
6138.223	    0.108
6139.324	    0.109
6140.426	    0.110
6141.529	    0.111
6142.631	    0.110
6143.734	    0.110
6144.836	    0.110
6145.939	    0.110
6147.042	    0.111
6148.146	    0.113
6149.249	    0.114
6150.353	    0.114
6151.457	    0.113
6152.561	    0.112
6153.666	    0.111
6154.770	    0.112
6155.875	    0.112
6156.980	    0.112
6158.085	    0.113
6159.190	    0.117
6160.296	    0.123
6161.402	    0.126
6162.508	    0.124
6163.614	    0.119
6164.720	    0.112
6165.827	    0.093
6166.933	    0.108
6168.040	    0.117
6169.148	    0.101
6170.255	    0.088
6171.362	    0.096
6172.470	    0.098
6173.578	    0.092
6174.686	    0.095
6175.795	    0.108
6176.903	    0.113
6178.012	    0.112
6179.121	    0.113
6180.230	    0.105
6181.339	    0.094
6182.449	    0.100
6183.558	    0.117
6184.668	    0.112
6185.778	    0.086
6186.889	    0.094
6187.999	    0.118
6189.110	    0.112
6190.221	    0.093
6191.332	    0.091
6192.443	    0.092
6193.555	    0.081
6194.667	    0.080
6195.779	    0.096
6196.891	    0.110
6198.003	    0.112
6199.116	    0.104
6200.228	    0.103
6201.341	    0.112
6202.454	    0.120
6203.568	    0.121
6204.681	    0.116
6205.795	    0.112
6206.909	    0.106
6208.023	    0.103
6209.137	    0.107
6210.252	    0.114
6211.366	    0.108
6212.481	    0.099
6213.596	    0.099
6214.712	    0.108
6215.827	    0.115
6216.943	    0.106
6218.059	    0.084
6219.175	    0.085
6220.291	    0.104
6221.408	    0.105
6222.525	    0.091
6223.641	    0.075
6224.759	    0.067
6225.876	    0.070
6226.993	    0.085
6228.111	    0.103
6229.229	    0.103
6230.347	    0.100
6231.466	    0.110
6232.584	    0.117
6233.703	    0.108
6234.822	    0.101
6235.941	    0.108
6237.060	    0.107
6238.180	    0.093
6239.299	    0.085
6240.419	    0.092
6241.539	    0.094
6242.660	    0.092
6243.780	    0.090
6244.901	    0.085
6246.022	    0.077
6247.143	    0.082
6248.264	    0.097
6249.386	    0.100
6250.508	    0.094
6251.630	    0.109
6252.752	    0.125
6253.874	    0.122
6254.997	    0.107
6256.119	    0.097
6257.242	    0.096
6258.366	    0.097
6259.489	    0.097
6260.612	    0.093
6261.736	    0.088
6262.860	    0.083
6263.984	    0.081
6265.109	    0.078
6266.233	    0.076
6267.358	    0.074
6268.483	    0.073
6269.608	    0.073
6270.734	    0.074
6271.859	    0.078
6272.985	    0.082
6274.111	    0.082
6275.237	    0.080
6276.363	    0.075
6277.490	    0.071
6278.617	    0.069
6279.744	    0.067
6280.871	    0.063
6281.998	    0.057
6283.126	    0.052
6284.254	    0.048
6285.382	    0.042
6286.510	    0.038
6287.638	    0.039
6288.767	    0.045
6289.896	    0.052
6291.025	    0.051
6292.154	    0.039
6293.283	    0.008
6294.413	    0.037
6295.543	    0.045
6296.673	    0.045
6297.803	    0.042
6298.933	    0.038
6300.064	    0.014
6301.195	    0.020
6302.326	    0.023
6303.457	    0.028
6304.589	    0.034
6305.720	    0.043
6306.852	    0.049
6307.984	    0.062
6309.117	    0.084
6310.249	    0.084
6311.382	    0.090
6312.514	    0.089
6313.648	    0.079
6314.781	    0.101
6315.914	    0.117
6317.048	    0.101
6318.182	    0.092
6319.316	    0.096
6320.450	    0.099
6321.585	    0.092
6322.719	    0.098
6323.854	    0.102
6324.989	    0.089
6326.125	    0.105
6327.260	    0.088
6328.396	    0.087
6329.532	    0.089
6330.668	    0.082
6331.804	    0.076
6332.941	    0.075
6334.078	    0.080
6335.215	    0.080
6336.352	    0.080
6337.489	    0.079
6338.627	    0.070
6339.764	    0.057
6340.902	    0.072
6342.041	    0.048
6343.179	    0.039
6344.317	    0.014
6345.456	    0.062
6346.595	    0.077
6347.734	    0.073
6348.874	    0.067
6350.013	    0.098
6351.153	    0.107
6352.293	    0.088
6353.433	    0.090
6354.574	    0.091
6355.714	    0.100
6356.855	    0.119
6357.996	    0.152
6359.138	    0.184
6360.279	    0.191
6361.421	    0.159
6362.563	    0.112
6363.705	    0.077
6364.847	    0.056
6365.989	    0.048
6367.132	    0.043
6368.275	    0.072
6369.418	    0.071
6370.561	    0.055
6371.705	    0.064
6372.848	    0.078
6373.992	    0.088
6375.136	    0.089
6376.281	    0.084
6377.425	    0.047
6378.570	    0.061
6379.715	    0.081
6380.860	    0.085
6382.005	    0.094
6383.151	    0.084
6384.297	    0.068
6385.443	    0.079
6386.589	    0.084
6387.735	    0.094
6388.882	    0.085
6390.028	    0.081
6391.175	    0.062
6392.323	    0.055
6393.470	    0.071
6394.618	    0.077
6395.765	    0.088
6396.913	    0.089
6398.062	    0.091
6399.210	    0.094
6400.359	    0.086
6401.508	    0.077
6402.657	    0.082
6403.806	    0.088
6404.955	    0.073
6406.105	    0.056
6407.255	    0.073
6408.405	    0.078
6409.555	    0.079
6410.706	    0.071
6411.856	    0.077
6413.007	    0.073
6414.158	    0.090
6415.310	    0.086
6416.461	    0.076
6417.613	    0.088
6418.765	    0.077
6419.917	    0.055
6421.069	    0.070
6422.222	    0.092
6423.375	    0.101
6424.528	    0.108
6425.681	    0.090
6426.834	    0.077
6427.988	    0.080
6429.142	    0.080
6430.296	    0.075
6431.450	    0.084
6432.604	    0.088
6433.759	    0.087
6434.914	    0.080
6436.069	    0.076
6437.224	    0.071
6438.380	    0.072
6439.535	    0.075
6440.691	    0.060
6441.847	    0.050
6443.003	    0.059
6444.160	    0.072
6445.317	    0.073
6446.474	    0.059
6447.631	    0.050
6448.788	    0.060
6449.945	    0.058
6451.103	    0.056
6452.261	    0.071
6453.419	    0.071
6454.578	    0.060
6455.736	    0.043
6456.895	    0.048
6458.054	    0.064
6459.213	    0.062
6460.373	    0.064
6461.532	    0.054
6462.692	    0.065
6463.852	    0.064
6465.012	    0.020
6466.173	    0.008
6467.333	    0.050
6468.494	    0.043
6469.655	    0.014
6470.817	    0.042
6471.978	    0.055
6473.140	    0.037
6474.302	    0.014
6475.464	    0.033
6476.626	    0.037
6477.789	    0.043
6478.951	    0.035
6480.114	    0.024
6481.277	    0.040
6482.441	    0.039
6483.604	    0.056
6484.768	    0.011
6485.932	    0.042
6487.096	    0.033
6488.261	    0.074
6489.425	    0.064
6490.590	    0.060
6491.755	    0.025
6492.921	    0.063
6494.086	    0.084
6495.252	    0.084
6496.418	    0.044
6497.584	    0.030
6498.750	    0.025
6499.916	    0.028
6501.083	    0.033
6502.250	    0.048
6503.417	    0.023
6504.584	    0.044
6505.752	    0.011
6506.920	    0.037
6508.088	    0.030
6509.256	    0.032
6510.424	    0.034
6511.593	    0.047
6512.762	    0.057
6513.931	    0.055
6515.100	    0.045
6516.269	    0.025
6517.439	    0.033
6518.609	    0.038
6519.779	    0.031
6520.949	    0.030
6522.120	    0.011
6523.290	    0.051
6524.461	    0.068
6525.632	    0.067
6526.804	    0.080
6527.975	    0.088
6529.147	    0.074
6530.319	    0.050
6531.491	    0.025
6532.664	    0.037
6533.836	    0.028
6535.009	    0.030
6536.182	    0.016
6537.355	    0.020
6538.529	    0.029
6539.702	    0.024
6540.876	    0.036
6542.050	    0.031
6543.224	    0.028
6544.399	    0.023
6545.574	    0.024
6546.748	    0.018
6547.924	    0.068
6549.099	    0.075
6550.274	    0.081
6551.450	    0.062
6552.626	    0.032
6553.802	    0.049
6554.979	    0.046
6556.155	    0.021
6557.332	    0.057
6558.509	    0.078
6559.686	    0.070
6560.864	    0.032
6562.041	    0.036
6563.219	    0.053
6564.397	    0.014
6565.576	    0.035
6566.754	    0.036
6567.933	    0.008
6569.112	    0.008
6570.291	    0.021
6571.470	    0.041
6572.650	    0.073
6573.830	    0.077
6575.010	    0.075
6576.190	    0.077
6577.370	    0.079
6578.551	    0.081
6579.732	    0.082
6580.913	    0.080
6582.094	    0.075
6583.275	    0.070
6584.457	    0.065
6585.639	    0.063
6586.821	    0.062
6588.003	    0.063
6589.186	    0.062
6590.368	    0.050
6591.551	    0.046
6592.735	    0.055
6593.918	    0.051
6595.102	    0.038
6596.285	    0.058
6597.469	    0.068
6598.654	    0.079
6599.838	    0.083
6601.023	    0.071
6602.207	    0.067
6603.393	    0.080
6604.578	    0.087
6605.763	    0.107
6606.949	    0.178
6608.135	    0.285
6609.321	    0.383
6610.507	    0.404
6611.694	    0.350
6612.881	    0.250
6614.068	    0.160
6615.255	    0.108
6616.442	    0.101
6617.630	    0.118
6618.818	    0.148
6620.006	    0.204
6621.194	    0.328
6622.383	    0.603
6623.571	    0.901
6624.760	    1.073
6625.949	    1.031
6627.139	    0.786
6628.328	    0.471
6629.518	    0.258
6630.708	    0.170
6631.898	    0.127
6633.089	    0.109
6634.279	    0.112
6635.470	    0.116
6636.661	    0.118
6637.852	    0.106
6639.044	    0.110
6640.235	    0.135
6641.427	    0.194
6642.619	    0.325
6643.812	    0.510
6645.004	    0.670
6646.197	    0.720
6647.390	    0.624
6648.583	    0.409
6649.777	    0.251
6650.970	    0.162
6652.164	    0.120
6653.358	    0.100
6654.552	    0.092
6655.747	    0.069
6656.941	    0.080
6658.136	    0.087
6659.331	    0.078
6660.527	    0.074
6661.722	    0.085
6662.918	    0.092
6664.114	    0.082
6665.310	    0.069
6666.507	    0.058
6667.703	    0.059
6668.900	    0.056
6670.097	    0.057
6671.294	    0.059
6672.492	    0.062
6673.689	    0.073
6674.887	    0.081
6676.086	    0.080
6677.284	    0.066
6678.482	    0.056
6679.681	    0.076
6680.880	    0.082
6682.079	    0.069
6683.279	    0.059
6684.478	    0.062
6685.678	    0.079
6686.878	    0.085
6688.079	    0.077
6689.279	    0.081
6690.480	    0.088
6691.681	    0.083
6692.882	    0.064
6694.083	    0.061
6695.285	    0.067
6696.486	    0.071
6697.688	    0.075
6698.891	    0.050
6700.093	    0.070
6701.296	    0.089
6702.499	    0.066
6703.702	    0.050
6704.905	    0.057
6706.108	    0.078
6707.312	    0.069
6708.516	    0.036
6709.720	    0.039
6710.925	    0.056
6712.129	    0.077
6713.334	    0.088
6714.539	    0.050
6715.744	    0.014
6716.950	    0.046
6718.155	    0.030
6719.361	    0.050
6720.567	    0.066
6721.774	    0.058
6722.980	    0.044
6724.187	    0.053
6725.394	    0.074
6726.601	    0.086
6727.808	    0.080
6729.016	    0.061
6730.224	    0.067
6731.432	    0.067
6732.640	    0.067
6733.849	    0.064
6735.057	    0.068
6736.266	    0.050
6737.475	    0.059
6738.685	    0.081
6739.894	    0.097
6741.104	    0.112
6742.314	    0.118
6743.524	    0.096
6744.735	    0.071
6745.945	    0.067
6747.156	    0.057
6748.367	    0.047
6749.579	    0.062
6750.790	    0.065
6752.002	    0.083
6753.214	    0.078
6754.426	    0.062
6755.638	    0.064
6756.851	    0.040
6758.064	    0.036
6759.277	    0.076
6760.490	    0.071
6761.704	    0.066
6762.917	    0.045
6764.131	    0.039
6765.345	    0.048
6766.560	    0.020
6767.774	    0.036
6768.989	    0.043
6770.204	    0.038
6771.419	    0.065
6772.635	    0.071
6773.851	    0.046
6775.066	    0.080
6776.282	    0.124
6777.499	    0.217
6778.715	    0.330
6779.932	    0.385
6781.149	    0.364
6782.366	    0.279
6783.584	    0.168
6784.801	    0.089
6786.019	    0.062
6787.237	    0.048
6788.455	    0.057
6789.674	    0.070
6790.893	    0.127
6792.112	    0.206
6793.331	    0.293
6794.550	    0.342
6795.770	    0.312
6796.990	    0.232
6798.210	    0.150
6799.430	    0.087
6800.650	    0.056
6801.871	    0.043
6803.092	    0.014
6804.313	    0.025
6805.534	    0.050
6806.756	    0.056
6807.978	    0.065
6809.200	    0.064
6810.422	    0.051
6811.644	    0.045
6812.867	    0.045
6814.090	    0.050
6815.313	    0.060
6816.536	    0.066
6817.760	    0.045
6818.984	    0.039
6820.208	    0.035
6821.432	    0.033
6822.656	    0.049
6823.881	    0.103
6825.106	    0.110
6826.331	    0.094
6827.556	    0.092
6828.782	    0.095
6830.007	    0.078
6831.233	    0.058
6832.460	    0.027
6833.686	    0.057
6834.913	    0.062
6836.139	    0.055
6837.366	    0.050
6838.594	    0.020
6839.821	    0.020
6841.049	    0.011
6842.277	    0.048
6843.505	    0.044
6844.733	    0.044
6845.962	    0.011
6847.191	    0.014
6848.420	    0.036
6849.649	    0.046
6850.879	    0.025
6852.108	    0.043
6853.338	    0.059
6854.568	    0.045
6855.799	    0.041
6857.029	    0.060
6858.260	    0.090
6859.491	    0.100
6860.722	    0.082
6861.954	    0.089
6863.186	    0.143
6864.418	    0.163
6865.650	    0.164
6866.882	    0.153
6868.115	    0.146
6869.347	    0.138
6870.580	    0.136
6871.814	    0.135
6873.047	    0.121
6874.281	    0.098
6875.515	    0.076
6876.749	    0.057
6877.983	    0.060
6879.218	    0.077
6880.453	    0.081
6881.688	    0.087
6882.923	    0.090
6884.158	    0.082
6885.394	    0.072
6886.630	    0.090
6887.866	    0.097
6889.102	    0.101
6890.339	    0.096
6891.576	    0.091
6892.813	    0.085
6894.050	    0.067
6895.287	    0.050
6896.525	    0.063
6897.763	    0.075
6899.001	    0.087
6900.239	    0.090
6901.478	    0.088
6902.717	    0.089
6903.956	    0.077
6905.195	    0.067
6906.434	    0.045
6907.674	    0.039
6908.914	    0.036
6910.154	    0.062
6911.395	    0.065
6912.635	    0.067
6913.876	    0.056
6915.117	    0.065
6916.358	    0.043
6917.600	    0.051
6918.841	    0.046
6920.083	    0.025
6921.325	    0.042
6922.568	    0.064
6923.810	    0.064
6925.053	    0.057
6926.296	    0.063
6927.539	    0.065
6928.783	    0.048
6930.026	    0.021
6931.270	    0.021
6932.514	    0.021
6933.759	    0.045
6935.003	    0.023
6936.248	    0.025
6937.493	    0.039
6938.739	    0.053
6939.984	    0.048
6941.230	    0.031
6942.476	    0.053
6943.722	    0.064
6944.968	    0.064
6946.215	    0.056
6947.462	    0.008
6948.709	    0.014
6949.956	    0.064
6951.203	    0.073
6952.451	    0.070
6953.699	    0.062
6954.947	    0.045
6956.196	    0.042
6957.444	    0.059
6958.693	    0.038
6959.942	    0.044
6961.191	    0.030
6962.441	    0.016
6963.691	    0.018
6964.941	    0.031
6966.191	    0.039
6967.441	    0.040
6968.692	    0.040
6969.943	    0.042
6971.194	    0.031
6972.445	    0.061
6973.696	    0.045
6974.948	    0.053
6976.200	    0.042
6977.452	    0.052
6978.705	    0.061
6979.957	    0.051
6981.210	    0.025
6982.463	    0.032
6983.717	    0.016
6984.970	    0.028
6986.224	    0.016
6987.478	    0.043
6988.732	    0.033
6989.987	    0.034
6991.241	    0.024
6992.496	    0.030
6993.751	    0.042
6995.007	    0.036
6996.262	    0.039
6997.518	    0.045
6998.774	    0.027
7000.030	    0.034
7001.287	    0.008
7002.544	    0.045
7003.801	    0.025
7005.058	    0.046
7006.315	    0.033
7007.573	    0.038
7008.831	    0.027
7010.089	    0.066
7011.347	    0.065
7012.605	    0.042
7013.864	    0.051
7015.123	    0.029
7016.382	    0.008
7017.642	    0.011
7018.901	    0.045
7020.161	    0.045
7021.421	    0.030
7022.682	    0.030
7023.942	    0.040
7025.203	    0.014
7026.464	    0.038
7027.725	    0.055
7028.987	    0.037
7030.248	    0.056
7031.510	    0.053
7032.772	    0.023
7034.035	    0.049
7035.297	    0.050
7036.560	    0.030
7037.823	    0.040
7039.086	    0.040
7040.350	    0.048
7041.614	    0.039
7042.877	    0.040
7044.142	    0.032
7045.406	    0.041
7046.671	    0.024
7047.936	    0.024
7049.201	    0.029
7050.466	    0.032
7051.731	    0.055
7052.997	    0.035
7054.263	    0.025
7055.529	    0.016
7056.796	    0.062
7058.062	    0.051
7059.329	    0.036
7060.596	    0.036
7061.864	    0.025
7063.131	    0.044
7064.399	    0.046
7065.667	    0.056
7066.936	    0.055
7068.204	    0.038
7069.473	    0.036
7070.742	    0.055
7072.011	    0.048
7073.280	    0.018
7074.550	    0.056
7075.820	    0.029
7077.090	    0.033
7078.360	    0.054
7079.631	    0.050
7080.901	    0.008
7082.172	    0.038
7083.444	    0.038
7084.715	    0.038
7085.987	    0.020
7087.259	    0.037
7088.531	    0.028
7089.803	    0.034
7091.076	    0.043
7092.349	    0.034
7093.622	    0.060
7094.895	    0.045
7096.168	    0.011
7097.442	    0.023
7098.716	    0.041
7099.990	    0.034
7101.265	    0.016
7102.539	    0.025
7103.814	    0.021
7105.089	    0.034
7106.365	    0.029
7107.640	    0.050
7108.916	    0.050
7110.192	    0.043
7111.468	    0.039
7112.745	    0.035
7114.021	    0.024
7115.298	    0.042
7116.576	    0.028
7117.853	    0.030
7119.131	    0.039
7120.408	    0.025
7121.687	    0.018
7122.965	    0.040
7124.243	    0.024
7125.522	    0.043
7126.801	    0.066
7128.080	    0.032
7129.360	    0.014
7130.640	    0.020
7131.919	    0.057
7133.200	    0.040
7134.480	    0.023
7135.761	    0.049
7137.041	    0.039
7138.323	    0.037
7139.604	    0.036
7140.885	    0.023
7142.167	    0.063
7143.449	    0.037
7144.731	    0.039
7146.014	    0.008
7147.296	    0.021
7148.579	    0.030
7149.863	    0.051
7151.146	    0.042
7152.430	    0.029
7153.713	    0.030
7154.997	    0.027
7156.282	    0.011
7157.566	    0.018
7158.851	    0.034
7160.136	    0.034
7161.421	    0.035
7162.707	    0.070
7163.992	    0.045
7165.278	    0.040
7166.564	    0.075
7167.851	    0.080
7169.137	    0.072
7170.424	    0.066
7171.711	    0.067
7172.998	    0.079
7174.286	    0.073
7175.574	    0.070
7176.862	    0.077
7178.150	    0.087
7179.438	    0.092
7180.727	    0.097
7182.016	    0.091
7183.305	    0.073
7184.595	    0.074
7185.884	    0.098
7187.174	    0.094
7188.464	    0.090
7189.754	    0.084
7191.045	    0.060
7192.336	    0.063
7193.627	    0.074
7194.918	    0.094
7196.209	    0.094
7197.501	    0.086
7198.793	    0.078
7200.085	    0.089
7201.377	    0.075
7202.670	    0.056
7203.963	    0.029
7205.256	    0.042
7206.549	    0.053
7207.843	    0.073
7209.137	    0.070
7210.431	    0.061
7211.725	    0.056
7213.019	    0.055
7214.314	    0.050
7215.609	    0.045
7216.904	    0.065
7218.200	    0.067
7219.495	    0.066
7220.791	    0.070
7222.087	    0.056
7223.384	    0.040
7224.680	    0.062
7225.977	    0.075
7227.274	    0.088
7228.571	    0.095
7229.869	    0.089
7231.166	    0.074
7232.464	    0.020
7233.763	    0.089
7235.061	    0.105
7236.360	    0.054
7237.659	    0.020
7238.958	    0.053
7240.257	    0.049
7241.557	    0.074
7242.857	    0.114
7244.157	    0.121
7245.457	    0.123
7246.757	    0.123
7248.058	    0.111
7249.359	    0.112
7250.660	    0.094
7251.962	    0.088
7253.264	    0.096
7254.566	    0.097
7255.868	    0.081
7257.170	    0.079
7258.473	    0.095
7259.776	    0.104
7261.079	    0.090
7262.382	    0.084
7263.686	    0.085
7264.989	    0.055
7266.293	    0.066
7267.598	    0.083
7268.902	    0.020
7270.207	    0.110
7271.512	    0.107
7272.817	    0.024
7274.123	    0.114
7275.428	    0.112
7276.734	    0.099
7278.040	    0.084
7279.347	    0.081
7280.653	    0.091
7281.960	    0.101
7283.267	    0.109
7284.575	    0.108
7285.882	    0.100
7287.190	    0.096
7288.498	    0.089
7289.806	    0.072
7291.115	    0.070
7292.423	    0.074
7293.732	    0.087
7295.042	    0.093
7296.351	    0.090
7297.661	    0.058
7298.971	    0.027
7300.281	    0.060
7301.591	    0.077
7302.902	    0.101
7304.212	    0.080
7305.524	    0.058
7306.835	    0.079
7308.146	    0.069
7309.458	    0.074
7310.770	    0.100
7312.082	    0.071
7313.395	    0.081
7314.708	    0.118
7316.021	    0.110
7317.334	    0.112
7318.647	    0.095
7319.961	    0.095
7321.275	    0.084
7322.589	    0.018
7323.903	    0.032
7325.218	    0.051
7326.533	    0.074
7327.848	    0.087
7329.163	    0.092
7330.479	    0.089
7331.795	    0.089
7333.111	    0.034
7334.427	    0.111
7335.743	    0.126
7337.060	    0.062
7338.377	    0.103
7339.694	    0.119
