wlen 	 newgal_spectrum 
  4184.326 	      0.098
  4185.077 	      0.101
  4185.828 	      0.083
  4186.580 	      0.043
  4187.331 	     -0.027
  4188.083 	     -0.019
  4188.835 	     -0.022
  4189.586 	     -0.045
  4190.339 	     -0.033
  4191.091 	     -0.007
  4191.843 	      0.016
  4192.595 	      0.033
  4193.348 	      0.001
  4194.101 	     -0.046
  4194.853 	     -0.060
  4195.606 	     -0.013
  4196.359 	     -0.028
  4197.113 	     -0.014
  4197.866 	     -0.002
  4198.620 	      0.001
  4199.373 	     -0.012
  4200.127 	     -0.022
  4200.881 	     -0.028
  4201.635 	     -0.028
  4202.389 	     -0.052
  4203.143 	      0.039
  4203.898 	      0.096
  4204.652 	      0.040
  4205.407 	      0.083
  4206.162 	      0.063
  4206.917 	      0.029
  4207.672 	     -0.015
  4208.427 	      0.052
  4209.183 	      0.045
  4209.938 	      0.028
  4210.694 	      0.009
  4211.450 	     -0.001
  4212.206 	     -0.024
  4212.962 	     -0.022
  4213.718 	      0.048
  4214.474 	      0.024
  4215.231 	      0.025
  4215.987 	      0.035
  4216.744 	      0.059
  4217.501 	     -0.025
  4218.258 	     -0.023
  4219.015 	     -0.005
  4219.773 	      0.026
  4220.530 	     -0.002
  4221.288 	      0.042
  4222.045 	      0.087
  4222.803 	      0.111
  4223.561 	      0.052
  4224.319 	      0.023
  4225.077 	      0.019
  4225.836 	      0.059
  4226.594 	      0.058
  4227.353 	      0.029
  4228.112 	      0.006
  4228.871 	      0.004
  4229.630 	      0.103
  4230.389 	      0.026
  4231.148 	     -0.025
  4231.908 	     -0.018
  4232.667 	      0.097
  4233.427 	      0.110
  4234.187 	      0.091
  4234.947 	      0.036
  4235.707 	      0.089
  4236.468 	      0.086
  4237.228 	      0.074
  4237.989 	      0.053
  4238.749 	      0.096
  4239.510 	      0.092
  4240.271 	      0.067
  4241.032 	      0.023
  4241.793 	      0.036
  4242.555 	      0.118
  4243.316 	      0.140
  4244.078 	      0.114
  4244.840 	      0.059
  4245.602 	      0.005
  4246.364 	     -0.017
  4247.126 	     -0.013
  4247.888 	      0.050
  4248.651 	      0.070
  4249.413 	      0.063
  4250.176 	      0.052
  4250.939 	      0.095
  4251.702 	      0.086
  4252.465 	      0.090
  4253.229 	      0.088
  4253.992 	      0.031
  4254.756 	      0.014
  4255.519 	      0.027
  4256.283 	      0.035
  4257.047 	      0.023
  4257.811 	      0.022
  4258.575 	      0.027
  4259.340 	      0.042
  4260.104 	      0.074
  4260.869 	      0.058
  4261.634 	      0.044
  4262.399 	      0.041
  4263.164 	      0.055
  4263.929 	     -0.007
  4264.695 	      0.021
  4265.460 	      0.030
  4266.226 	      0.013
  4266.991 	      0.055
  4267.757 	      0.057
  4268.523 	      0.114
  4269.290 	      0.194
  4270.056 	      0.101
  4270.822 	      0.046
  4271.589 	      0.056
  4272.356 	      0.076
  4273.123 	      0.002
  4273.890 	      0.085
  4274.657 	      0.078
  4275.424 	      0.063
  4276.191 	      0.107
  4276.959 	      0.066
  4277.727 	      0.049
  4278.494 	      0.055
  4279.262 	      0.103
  4280.031 	      0.033
  4280.799 	      0.084
  4281.567 	      0.115
  4282.336 	      0.111
  4283.104 	      0.060
  4283.873 	      0.003
  4284.642 	     -0.000
  4285.411 	      0.039
  4286.180 	      0.078
  4286.950 	      0.102
  4287.719 	      0.095
  4288.489 	      0.066
  4289.259 	     -0.010
  4290.029 	      0.038
  4290.799 	      0.066
  4291.569 	      0.092
  4292.339 	      0.131
  4293.110 	      0.127
  4293.880 	      0.124
  4294.651 	      0.110
  4295.422 	      0.076
  4296.193 	      0.100
  4296.964 	      0.080
  4297.735 	      0.053
  4298.507 	      0.027
  4299.278 	      0.051
  4300.050 	      0.054
  4300.822 	      0.111
  4301.594 	      0.155
  4302.366 	      0.051
  4303.138 	      0.094
  4303.910 	      0.095
  4304.683 	      0.070
  4305.456 	      0.006
  4306.229 	      0.019
  4307.001 	      0.027
  4307.775 	      0.037
  4308.548 	      0.047
  4309.321 	     -0.028
  4310.095 	      0.093
  4310.868 	      0.084
  4311.642 	      0.007
  4312.416 	      0.013
  4313.190 	      0.077
  4313.964 	      0.066
  4314.739 	      0.052
  4315.513 	      0.093
  4316.288 	      0.092
  4317.062 	      0.067
  4317.837 	      0.078
  4318.612 	      0.142
  4319.388 	      0.151
  4320.163 	      0.130
  4320.938 	      0.106
  4321.714 	      0.082
  4322.490 	      0.082
  4323.266 	      0.075
  4324.042 	      0.089
  4324.818 	      0.103
  4325.594 	      0.095
  4326.370 	      0.122
  4327.147 	      0.070
  4327.924 	      0.021
  4328.700 	     -0.012
  4329.477 	      0.019
  4330.255 	      0.035
  4331.032 	      0.067
  4331.809 	      0.092
  4332.587 	      0.059
  4333.364 	      0.075
  4334.142 	      0.101
  4334.920 	      0.094
  4335.698 	      0.012
  4336.477 	      0.147
  4337.255 	      0.065
  4338.034 	      0.041
  4338.812 	      0.083
  4339.591 	      0.042
  4340.370 	      0.048
  4341.149 	      0.055
  4341.928 	      0.066
  4342.708 	      0.088
  4343.487 	      0.043
  4344.267 	      0.077
  4345.046 	      0.082
  4345.826 	      0.036
  4346.606 	      0.054
  4347.387 	      0.006
  4348.167 	      0.015
  4348.947 	      0.057
  4349.728 	      0.096
  4350.509 	      0.076
  4351.290 	      0.110
  4352.071 	      0.131
  4352.852 	      0.112
  4353.633 	      0.118
  4354.415 	      0.132
  4355.196 	      0.123
  4355.978 	      0.099
  4356.760 	      0.110
  4357.542 	      0.123
  4358.324 	      0.116
  4359.106 	      0.101
  4359.889 	      0.074
  4360.671 	      0.020
  4361.454 	      0.008
  4362.237 	     -0.009
  4363.020 	     -0.029
  4363.803 	     -0.047
  4364.587 	      0.008
  4365.370 	      0.020
  4366.153 	      0.020
  4366.937 	      0.031
  4367.721 	      0.054
  4368.505 	      0.063
  4369.289 	      0.047
  4370.073 	      0.016
  4370.858 	      0.014
  4371.642 	      0.024
  4372.427 	      0.053
  4373.212 	      0.091
  4373.997 	      0.135
  4374.782 	      0.198
  4375.567 	      0.102
  4376.353 	      0.054
  4377.138 	      0.058
  4377.924 	      0.090
  4385.001 	      0.128
  4385.788 	      0.165
  4386.576 	      0.123
  4387.363 	      0.089
  4388.151 	      0.090
  4388.938 	      0.095
  4389.726 	      0.093
  4390.514 	      0.071
  4391.302 	      0.053
  4392.090 	      0.080
  4392.879 	      0.117
  4393.667 	      0.079
  4394.456 	      0.054
  4395.245 	      0.061
  4396.033 	      0.112
  4396.823 	      0.083
  4397.612 	      0.086
  4398.401 	      0.103
  4399.191 	      0.123
  4399.980 	      0.089
  4400.770 	      0.027
  4401.560 	      0.022
  4402.350 	      0.058
  4403.140 	      0.073
  4403.931 	      0.077
  4404.721 	      0.084
  4405.512 	      0.069
  4406.302 	      0.024
  4407.093 	      0.066
  4407.884 	      0.021
  4408.676 	      0.065
  4409.467 	      0.130
  4410.258 	      0.143
  4411.050 	      0.114
  4411.842 	      0.122
  4412.634 	      0.099
  4413.426 	      0.060
  4414.218 	      0.087
  4415.010 	      0.102
  4415.803 	      0.105
  4416.595 	      0.122
  4417.388 	      0.159
  4418.181 	      0.072
  4418.974 	      0.092
  4419.767 	      0.044
  4420.561 	      0.000
  4421.354 	      0.044
  4422.148 	      0.044
  4422.941 	      0.041
  4423.735 	      0.026
  4424.529 	      0.010
  4425.324 	      0.004
  4426.118 	      0.037
  4426.912 	      0.061
  4427.707 	      0.072
  4428.502 	      0.075
  4429.297 	      0.107
  4430.092 	      0.060
  4430.887 	      0.047
  4431.682 	      0.049
  4432.478 	      0.056
  4433.273 	      0.033
  4434.069 	      0.024
  4434.865 	      0.042
  4435.661 	      0.052
  4436.457 	     -0.011
  4437.253 	      0.030
  4438.050 	      0.082
  4438.847 	      0.087
  4439.643 	      0.056
  4440.440 	      0.022
  4441.237 	      0.027
  4442.034 	      0.031
  4442.832 	      0.024
  4443.629 	      0.006
  4444.427 	     -0.017
  4445.225 	     -0.016
  4446.023 	      0.011
  4446.821 	      0.043
  4447.619 	      0.065
  4448.417 	      0.035
  4449.216 	     -0.002
  4450.014 	     -0.013
  4450.813 	     -0.006
  4451.612 	      0.014
  4452.411 	      0.022
  4453.210 	      0.021
  4454.009 	      0.033
  4454.809 	      0.048
  4455.609 	      0.055
  4456.408 	     -0.009
  4457.208 	     -0.044
  4458.008 	     -0.050
  4458.808 	     -0.035
  4459.609 	     -0.011
  4460.409 	     -0.005
  4461.210 	     -0.020
  4462.011 	     -0.035
  4462.812 	     -0.044
  4463.613 	     -0.047
  4464.414 	     -0.034
  4465.215 	     -0.011
  4466.017 	      0.014
  4466.818 	      0.036
  4467.620 	      0.025
  4468.422 	     -0.018
  4469.224 	     -0.030
  4470.026 	     -0.019
  4470.829 	      0.008
  4471.631 	      0.013
  4472.434 	     -0.024
  4473.237 	     -0.055
  4474.039 	     -0.073
  4474.843 	     -0.070
  4475.646 	     -0.036
  4476.449 	      0.008
  4477.253 	      0.037
  4478.056 	      0.046
  4478.860 	      0.036
  4479.664 	      0.046
  4480.468 	      0.036
  4481.272 	      0.029
  4482.077 	      0.026
  4482.881 	      0.029
  4483.686 	      0.037
  4484.491 	      0.046
  4485.296 	      0.051
  4486.101 	      0.048
  4486.906 	      0.041
  4487.711 	      0.033
  4488.517 	      0.026
  4489.322 	      0.022
  4490.128 	      0.021
  4490.934 	      0.021
  4491.740 	      0.021
  4492.547 	      0.050
  4493.353 	      0.003
  4494.160 	     -0.039
  4494.966 	     -0.008
  4495.773 	      0.104
  4496.580 	     -0.016
  4497.387 	     -0.022
  4498.194 	      0.001
  4499.002 	     -0.012
  4499.809 	      0.036
  4500.617 	      0.052
  4501.425 	      0.042
  4502.233 	      0.022
  4503.041 	      0.002
  4503.849 	     -0.009
  4504.658 	     -0.019
  4505.466 	     -0.029
  4506.275 	     -0.029
  4507.084 	     -0.005
  4507.893 	      0.048
  4508.702 	      0.066
  4509.511 	      0.057
  4510.321 	      0.034
  4511.130 	      0.005
  4511.940 	     -0.016
  4512.750 	      0.018
  4513.560 	      0.055
  4514.370 	      0.061
  4515.180 	      0.026
  4515.991 	     -0.033
  4516.802 	     -0.007
  4517.612 	      0.045
  4518.423 	      0.077
  4519.234 	      0.068
  4520.045 	      0.005
  4520.857 	     -0.054
  4521.668 	     -0.072
  4522.480 	     -0.065
  4523.292 	     -0.042
  4524.103 	     -0.008
  4524.916 	      0.014
  4525.728 	      0.010
  4526.540 	     -0.012
  4527.353 	     -0.039
  4528.165 	     -0.051
  4528.978 	     -0.002
  4529.791 	      0.030
  4530.604 	      0.038
  4531.417 	      0.030
  4532.231 	      0.017
  4533.044 	      0.032
  4533.858 	      0.031
  4534.672 	      0.016
  4535.486 	     -0.005
  4536.300 	     -0.021
  4537.114 	     -0.023
  4537.928 	      0.009
  4538.743 	      0.053
  4539.558 	      0.081
  4540.372 	      0.075
  4541.187 	      0.028
  4542.002 	      0.021
  4542.818 	      0.048
  4543.633 	      0.064
  4544.449 	      0.051
  4545.264 	      0.001
  4546.080 	     -0.048
  4546.896 	     -0.053
  4547.712 	     -0.039
  4548.529 	     -0.017
  4549.345 	     -0.003
  4550.162 	      0.003
  4550.979 	     -0.003
  4551.795 	     -0.003
  4552.612 	      0.003
  4553.430 	      0.018
  4554.247 	      0.025
  4555.064 	      0.031
  4555.882 	      0.050
  4556.700 	      0.070
  4557.518 	      0.083
  4558.336 	      0.055
  4559.154 	      0.002
  4559.972 	     -0.030
  4560.791 	     -0.041
  4561.609 	     -0.029
  4562.428 	      0.002
  4563.247 	      0.011
  4564.066 	     -0.023
  4564.885 	     -0.050
  4565.705 	     -0.056
  4566.524 	     -0.030
  4567.344 	     -0.002
  4568.164 	     -0.018
  4568.984 	     -0.022
  4569.804 	     -0.004
  4570.624 	      0.033
  4571.445 	      0.051
  4572.265 	      0.004
  4573.086 	     -0.036
  4573.907 	     -0.055
  4574.728 	     -0.051
  4575.549 	     -0.029
  4576.370 	     -0.008
  4577.192 	      0.003
  4578.013 	      0.015
  4578.835 	      0.024
  4579.657 	      0.030
  4580.479 	      0.038
  4581.301 	      0.030
  4582.123 	      0.012
  4582.946 	     -0.002
  4583.768 	     -0.010
  4584.591 	     -0.013
  4585.414 	     -0.023
  4586.237 	     -0.039
  4587.060 	     -0.038
  4587.884 	     -0.024
  4588.707 	     -0.006
  4589.531 	     -0.036
  4590.355 	     -0.062
  4591.179 	     -0.064
  4592.003 	     -0.044
  4592.827 	     -0.016
  4593.651 	     -0.005
  4594.476 	     -0.019
  4595.301 	     -0.031
  4596.125 	     -0.038
  4596.950 	     -0.038
  4597.776 	     -0.032
  4598.601 	     -0.017
  4599.426 	     -0.001
  4600.252 	      0.006
  4601.078 	      0.008
  4601.903 	      0.008
  4602.730 	      0.014
  4603.556 	      0.031
  4604.382 	      0.041
  4605.208 	      0.044
  4606.035 	      0.039
  4606.862 	      0.023
  4607.689 	     -0.013
  4608.516 	     -0.037
  4609.343 	     -0.043
  4610.170 	     -0.041
  4610.998 	     -0.037
  4611.826 	     -0.039
  4612.653 	     -0.046
  4613.481 	     -0.047
  4614.309 	     -0.035
  4615.138 	     -0.015
  4615.966 	      0.005
  4616.795 	      0.010
  4617.623 	     -0.007
  4618.452 	     -0.016
  4619.281 	     -0.016
  4620.110 	     -0.011
  4620.940 	     -0.005
  4621.769 	      0.003
  4622.599 	      0.003
  4623.428 	     -0.000
  4624.258 	     -0.007
  4625.088 	     -0.012
  4625.918 	     -0.012
  4626.749 	     -0.008
  4627.579 	     -0.005
  4628.410 	     -0.016
  4629.241 	     -0.035
  4630.072 	     -0.051
  4630.903 	     -0.040
  4631.734 	     -0.014
  4632.565 	     -0.014
  4633.397 	     -0.021
  4634.229 	     -0.032
  4635.060 	     -0.044
  4635.892 	     -0.040
  4636.724 	     -0.050
  4637.557 	     -0.063
  4638.389 	     -0.067
  4639.222 	     -0.057
  4640.054 	     -0.030
  4640.887 	     -0.017
  4641.720 	     -0.026
  4642.553 	     -0.047
  4643.387 	     -0.064
  4644.220 	     -0.069
  4645.054 	     -0.051
  4645.888 	     -0.014
  4646.722 	      0.002
  4647.556 	     -0.001
  4648.390 	     -0.019
  4649.224 	     -0.045
  4650.059 	     -0.062
  4650.893 	     -0.046
  4651.728 	     -0.030
  4652.563 	     -0.021
  4653.398 	     -0.015
  4654.234 	     -0.009
  4655.069 	      0.002
  4655.905 	      0.014
  4656.740 	      0.024
  4657.576 	      0.028
  4658.412 	      0.028
  4659.248 	      0.025
  4660.085 	      0.012
  4660.921 	     -0.010
  4661.758 	     -0.025
  4662.594 	     -0.031
  4663.431 	     -0.025
  4664.268 	     -0.010
  4665.106 	      0.017
  4665.943 	      0.022
  4666.781 	      0.012
  4667.618 	     -0.005
  4668.456 	     -0.020
  4669.294 	     -0.027
  4670.132 	     -0.021
  4670.970 	     -0.016
  4671.809 	     -0.014
  4672.647 	     -0.014
  4673.486 	     -0.017
  4674.325 	     -0.026
  4675.164 	     -0.015
  4676.003 	      0.009
  4676.843 	      0.024
  4677.682 	      0.021
  4678.522 	     -0.001
  4679.361 	     -0.030
  4680.201 	     -0.026
  4681.041 	     -0.020
  4681.882 	     -0.034
  4682.722 	     -0.045
  4683.563 	     -0.033
  4684.403 	      0.017
  4685.244 	      0.025
  4686.085 	     -0.089
  4686.926 	     -0.064
  4687.767 	     -0.052
  4688.609 	     -0.066
  4689.450 	      0.006
  4690.292 	     -0.044
  4691.134 	     -0.036
  4691.976 	     -0.013
  4692.818 	     -0.005
  4693.661 	     -0.011
  4694.503 	     -0.014
  4695.346 	     -0.014
  4696.189 	     -0.053
  4697.032 	     -0.006
  4697.875 	      0.006
  4698.718 	     -0.015
  4699.561 	     -0.010
  4700.405 	     -0.030
  4701.249 	      0.040
  4702.092 	      0.021
  4702.936 	      0.013
  4703.781 	      0.033
  4704.625 	      0.059
  4705.469 	      0.034
  4706.314 	     -0.048
  4707.159 	     -0.037
  4708.004 	     -0.026
  4708.849 	     -0.025
  4709.694 	     -0.021
  4710.539 	     -0.008
  4711.385 	     -0.021
  4712.231 	     -0.006
  4713.076 	      0.002
  4713.922 	     -0.004
  4714.768 	     -0.015
  4715.615 	      0.007
  4716.461 	      0.014
  4717.308 	      0.014
  4718.154 	     -0.042
  4719.001 	     -0.070
  4719.848 	     -0.045
  4720.696 	     -0.005
  4721.543 	     -0.047
  4722.390 	     -0.048
  4723.238 	     -0.039
  4724.086 	     -0.050
  4724.934 	     -0.070
  4725.782 	     -0.064
  4726.630 	     -0.034
  4727.479 	      0.033
  4728.327 	      0.024
  4729.176 	      0.001
  4730.025 	     -0.009
  4730.874 	      0.009
  4731.723 	      0.058
  4732.572 	      0.016
  4733.422 	     -0.017
  4734.271 	     -0.028
  4735.121 	      0.001
  4735.971 	      0.036
  4736.821 	     -0.016
  4737.671 	     -0.016
  4738.522 	     -0.048
  4739.372 	     -0.024
  4740.223 	      0.006
  4741.074 	      0.017
  4741.925 	      0.006
  4742.776 	      0.050
  4743.627 	     -0.016
  4744.479 	     -0.003
  4745.330 	     -0.021
  4746.182 	     -0.046
  4747.034 	     -0.052
  4747.886 	     -0.036
  4748.738 	     -0.001
  4749.591 	     -0.068
  4750.443 	     -0.057
  4751.296 	     -0.023
  4752.149 	     -0.001
  4753.002 	     -0.004
  4753.855 	     -0.033
  4754.708 	      0.008
  4755.562 	     -0.025
  4756.415 	     -0.075
  4757.269 	     -0.087
  4758.123 	     -0.044
  4758.977 	      0.020
  4759.831 	     -0.007
  4760.686 	      0.011
  4761.540 	     -0.001
  4762.395 	     -0.003
  4763.250 	     -0.004
  4764.105 	     -0.029
  4764.960 	     -0.041
  4765.815 	     -0.010
  4766.671 	      0.020
  4767.526 	      0.018
  4768.382 	      0.005
  4769.238 	     -0.016
  4770.094 	     -0.061
  4770.950 	     -0.077
  4771.807 	     -0.013
  4772.663 	     -0.011
  4773.520 	     -0.047
  4774.377 	     -0.074
  4775.234 	     -0.055
  4776.091 	      0.001
  4776.948 	      0.031
  4777.805 	      0.021
  4778.663 	      0.032
  4779.521 	      0.033
  4780.379 	      0.035
  4781.237 	      0.050
  4782.095 	     -0.010
  4782.953 	     -0.040
  4783.812 	     -0.038
  4784.670 	     -0.024
  4785.529 	     -0.006
  4786.388 	      0.004
  4787.247 	     -0.002
  4788.107 	      0.003
  4788.966 	     -0.038
  4789.826 	     -0.059
  4790.686 	     -0.080
  4791.545 	     -0.060
  4792.405 	      0.005
  4793.266 	      0.047
  4794.126 	     -0.010
  4794.987 	     -0.017
  4795.847 	     -0.006
  4796.708 	     -0.028
  4797.569 	     -0.024
  4798.430 	      0.020
  4799.292 	     -0.002
  4800.153 	     -0.019
  4801.015 	      0.016
  4801.876 	     -0.060
  4802.738 	     -0.049
  4803.600 	     -0.016
  4804.463 	     -0.032
  4805.325 	      0.061
  4806.188 	     -0.012
  4807.050 	     -0.019
  4807.913 	      0.002
  4808.776 	     -0.012
  4809.639 	     -0.033
  4810.503 	     -0.024
  4811.366 	     -0.027
  4812.230 	     -0.054
  4813.093 	     -0.037
  4813.957 	     -0.049
  4814.821 	     -0.039
  4815.686 	     -0.010
  4816.550 	     -0.001
  4817.415 	     -0.077
  4818.279 	     -0.010
  4819.144 	      0.007
  4820.009 	     -0.006
  4820.874 	     -0.012
  4821.740 	     -0.024
  4822.605 	     -0.046
  4823.471 	     -0.011
  4824.337 	     -0.002
  4825.203 	      0.006
  4826.069 	      0.056
  4826.935 	      0.053
  4827.801 	      0.030
  4828.668 	      0.029
  4829.535 	      0.014
  4830.401 	      0.002
  4831.269 	     -0.024
  4832.136 	     -0.036
  4833.003 	     -0.034
  4833.871 	     -0.039
  4834.738 	     -0.045
  4835.606 	     -0.007
  4836.474 	      0.029
  4837.342 	      0.019
  4838.210 	      0.036
  4839.079 	      0.019
  4839.947 	     -0.014
  4840.816 	     -0.029
  4841.685 	     -0.019
  4842.554 	     -0.041
  4843.423 	     -0.013
  4844.293 	     -0.008
  4845.162 	      0.001
  4846.032 	     -0.013
  4846.902 	     -0.036
  4847.772 	     -0.036
  4848.642 	     -0.036
  4849.512 	     -0.030
  4850.383 	     -0.040
  4851.253 	     -0.059
  4852.124 	     -0.036
  4852.995 	      0.020
  4853.866 	      0.044
  4854.737 	     -0.044
  4855.609 	      0.004
  4856.480 	     -0.008
  4857.352 	     -0.024
  4858.224 	     -0.018
  4859.096 	     -0.023
  4859.968 	     -0.037
  4860.841 	     -0.025
  4861.713 	      0.004
  4862.586 	     -0.061
  4863.459 	     -0.063
  4864.332 	     -0.015
  4865.205 	      0.007
  4866.078 	     -0.015
  4866.951 	     -0.045
  4867.825 	     -0.042
  4868.699 	     -0.107
  4869.573 	     -0.052
  4870.447 	     -0.032
  4871.321 	     -0.045
  4872.195 	     -0.079
  4873.070 	     -0.087
  4873.945 	     -0.029
  4874.819 	     -0.063
  4875.694 	      0.009
  4876.570 	     -0.052
  4877.445 	     -0.054
  4878.320 	     -0.040
  4879.196 	     -0.040
  4880.072 	     -0.063
  4880.948 	     -0.113
  4881.824 	     -0.021
  4882.700 	     -0.067
  4883.577 	     -0.114
  4884.453 	     -0.071
  4885.330 	     -0.036
  4886.207 	     -0.027
  4887.084 	     -0.002
  4887.961 	      0.004
  4888.838 	      0.001
  4889.716 	     -0.068
  4890.594 	     -0.062
  4891.472 	     -0.040
  4892.350 	     -0.029
  4893.228 	     -0.033
  4894.106 	     -0.043
  4894.984 	     -0.038
  4895.863 	     -0.032
  4896.742 	     -0.034
  4897.621 	     -0.053
  4898.500 	     -0.076
  4899.379 	     -0.079
  4900.259 	     -0.057
  4901.138 	     -0.034
  4902.018 	     -0.010
  4902.898 	      0.098
  4903.778 	      0.373
  4904.658 	      0.935
  4905.538 	      1.652
  4906.419 	      2.215
  4907.300 	      2.330
  4908.180 	      1.894
  4909.061 	      1.031
  4909.943 	      0.395
  4910.824 	      0.185
  4911.705 	      0.066
  4912.587 	      0.006
  4913.469 	     -0.014
  4914.351 	     -0.024
  4915.233 	     -0.054
  4916.115 	     -0.031
  4916.998 	     -0.054
  4917.880 	     -0.064
  4918.763 	     -0.054
  4919.646 	     -0.041
  4920.529 	     -0.031
  4921.412 	     -0.026
  4922.295 	     -0.044
  4923.179 	     -0.058
  4924.063 	     -0.078
  4924.947 	     -0.077
  4925.831 	     -0.086
  4926.715 	     -0.078
  4927.599 	     -0.084
  4928.484 	     -0.094
  4929.368 	     -0.051
  4930.253 	     -0.161
  4931.138 	     -0.034
  4932.023 	     -0.094
  4932.908 	     -0.090
  4933.794 	     -0.072
  4934.679 	     -0.090
  4935.565 	     -0.107
  4936.451 	     -0.055
  4937.337 	     -0.035
  4938.223 	     -0.098
  4939.110 	     -0.075
  4939.996 	     -0.055
  4940.883 	     -0.016
  4941.770 	     -0.044
  4942.657 	     -0.091
  4943.544 	     -0.075
  4944.431 	     -0.121
  4945.319 	     -0.107
  4946.207 	      0.027
  4947.094 	     -0.086
  4947.982 	     -0.073
  4948.871 	     -0.045
  4949.759 	     -0.034
  4950.647 	     -0.025
  4951.536 	     -0.055
  4952.425 	     -0.099
  4953.314 	     -0.091
  4954.203 	     -0.123
  4955.092 	     -0.089
  4955.981 	     -0.076
  4956.871 	     -0.074
  4957.761 	     -0.064
  4958.651 	     -0.050
  4959.541 	     -0.034
  4960.431 	     -0.102
  4961.321 	     -0.053
  4962.212 	     -0.079
  4963.103 	     -0.051
  4963.993 	     -0.039
  4964.884 	     -0.059
  4965.776 	     -0.079
  4966.667 	     -0.088
  4967.558 	     -0.067
  4968.450 	     -0.011
  4969.342 	     -0.063
  4970.234 	     -0.083
  4971.126 	     -0.089
  4972.018 	     -0.086
  4972.911 	     -0.068
  4973.803 	     -0.041
  4974.696 	     -0.036
  4975.589 	     -0.028
  4976.482 	     -0.055
  4977.375 	     -0.045
  4978.269 	     -0.068
  4979.162 	     -0.083
  4980.056 	     -0.069
  4980.950 	     -0.060
  4981.844 	     -0.086
  4982.738 	     -0.090
  4983.633 	     -0.106
  4984.527 	     -0.078
  4985.422 	     -0.070
  4986.317 	     -0.061
  4987.212 	     -0.034
  4988.107 	     -0.033
  4989.002 	     -0.069
  4989.898 	     -0.099
  4990.794 	     -0.089
  4991.689 	     -0.057
  4992.585 	     -0.055
  4993.482 	     -0.061
  4994.378 	     -0.026
  4995.274 	     -0.030
  4996.171 	     -0.049
  4997.068 	     -0.057
  4997.965 	     -0.058
  4998.862 	     -0.042
  4999.759 	     -0.080
  5000.657 	     -0.124
  5001.554 	     -0.104
  5002.452 	     -0.043
  5003.350 	     -0.005
  5004.248 	      0.036
  5005.146 	      0.063
  5006.045 	      0.036
  5006.943 	      0.024
  5007.842 	      0.079
  5008.741 	      0.018
  5009.640 	     -0.081
  5010.539 	     -0.061
  5011.438 	     -0.083
  5012.338 	     -0.083
  5013.238 	     -0.049
  5014.137 	     -0.049
  5015.037 	     -0.091
  5015.938 	     -0.065
  5016.838 	     -0.020
  5017.738 	     -0.050
  5018.639 	     -0.057
  5019.540 	     -0.061
  5020.441 	     -0.093
  5021.342 	     -0.084
  5022.243 	     -0.026
  5023.145 	     -0.019
  5024.046 	     -0.054
  5024.948 	     -0.091
  5025.850 	     -0.050
  5026.752 	     -0.089
  5027.655 	     -0.086
  5028.557 	     -0.089
  5029.460 	     -0.090
  5030.362 	     -0.091
  5031.265 	     -0.078
  5032.168 	     -0.003
  5033.072 	     -0.061
  5033.975 	     -0.034
  5034.879 	     -0.035
  5035.782 	     -0.033
  5036.686 	     -0.019
  5037.590 	     -0.032
  5038.495 	     -0.028
  5039.399 	     -0.013
  5040.304 	     -0.053
  5041.208 	     -0.089
  5042.113 	     -0.063
  5043.018 	     -0.030
  5043.923 	     -0.030
  5044.829 	     -0.030
  5045.734 	     -0.043
  5046.640 	     -0.049
  5047.546 	     -0.033
  5048.452 	     -0.011
  5049.358 	     -0.004
  5050.264 	      0.020
  5051.171 	      0.030
  5052.078 	      0.150
  5052.984 	      0.235
  5053.891 	      0.238
  5054.799 	      0.218
  5055.706 	      0.161
  5056.613 	      0.053
  5057.521 	     -0.050
  5058.429 	     -0.076
  5059.337 	     -0.062
  5060.245 	     -0.038
  5061.153 	     -0.059
  5062.062 	     -0.035
  5062.970 	     -0.013
  5063.879 	     -0.010
  5064.788 	     -0.017
  5065.697 	     -0.024
  5066.606 	     -0.040
  5067.516 	     -0.068
  5068.425 	     -0.058
  5069.335 	     -0.029
  5070.245 	     -0.044
  5071.155 	     -0.023
  5072.065 	     -0.000
  5072.976 	     -0.027
  5073.886 	     -0.057
  5074.797 	     -0.059
  5075.708 	     -0.051
  5076.619 	     -0.050
  5077.530 	     -0.016
  5078.442 	     -0.011
  5079.353 	     -0.024
  5080.265 	     -0.031
  5081.177 	     -0.059
  5082.089 	     -0.045
  5083.001 	     -0.043
  5083.914 	     -0.031
  5084.826 	     -0.018
  5085.739 	     -0.014
  5086.652 	     -0.004
  5087.565 	     -0.032
  5088.478 	     -0.037
  5089.391 	     -0.065
  5090.305 	     -0.009
  5091.219 	     -0.013
  5092.132 	     -0.048
  5093.046 	     -0.039
  5093.961 	     -0.019
  5094.875 	     -0.024
  5095.789 	     -0.052
  5096.704 	     -0.085
  5097.619 	     -0.054
  5098.534 	      0.001
  5099.449 	      0.005
  5100.364 	     -0.028
  5101.280 	     -0.004
  5102.196 	     -0.028
  5103.111 	     -0.025
  5104.027 	     -0.016
  5104.944 	     -0.026
  5105.860 	     -0.025
  5106.776 	     -0.005
  5107.693 	     -0.031
  5108.610 	     -0.050
  5109.527 	     -0.055
  5110.444 	     -0.054
  5111.361 	     -0.040
  5112.279 	     -0.062
  5113.196 	     -0.056
  5114.114 	     -0.035
  5115.032 	     -0.051
  5115.950 	     -0.072
  5116.868 	     -0.027
  5117.787 	     -0.010
  5118.706 	     -0.034
  5119.624 	     -0.025
  5120.543 	     -0.066
  5121.462 	     -0.007
  5122.382 	     -0.001
  5123.301 	     -0.055
  5124.221 	     -0.102
  5125.141 	     -0.094
  5126.060 	     -0.028
  5126.981 	      0.032
  5127.901 	     -0.054
  5128.821 	     -0.046
  5129.742 	     -0.010
  5130.663 	     -0.059
  5131.584 	     -0.012
  5132.505 	      0.026
  5133.426 	      0.017
  5134.347 	      0.014
  5135.269 	     -0.000
  5136.191 	     -0.007
  5137.113 	      0.022
  5138.035 	      0.024
  5138.957 	      0.025
  5139.879 	      0.039
  5140.802 	      0.023
  5141.725 	      0.015
  5142.648 	     -0.017
  5143.571 	     -0.042
  5144.494 	     -0.058
  5145.417 	     -0.071
  5146.341 	     -0.051
  5147.265 	     -0.013
  5148.189 	     -0.017
  5149.113 	     -0.040
  5150.037 	      0.004
  5150.961 	      0.052
  5151.886 	     -0.035
  5152.811 	      0.067
  5153.736 	      0.007
  5154.661 	     -0.020
  5155.586 	     -0.039
  5156.511 	     -0.030
  5157.437 	     -0.010
  5158.363 	     -0.011
  5159.289 	     -0.025
  5160.215 	     -0.023
  5161.141 	     -0.003
  5162.067 	     -0.003
  5162.994 	     -0.024
  5163.921 	      0.015
  5164.848 	      0.036
  5165.775 	      0.003
  5166.702 	     -0.018
  5167.629 	     -0.023
  5168.557 	     -0.000
  5169.485 	     -0.010
  5170.412 	     -0.053
  5171.341 	     -0.026
  5172.269 	      0.023
  5173.197 	      0.009
  5174.126 	      0.028
  5175.054 	      0.008
  5175.983 	     -0.016
  5176.912 	     -0.017
  5177.842 	     -0.024
  5178.771 	     -0.014
  5179.701 	     -0.035
  5180.630 	     -0.039
  5181.560 	     -0.004
  5182.490 	      0.023
  5183.421 	      0.026
  5184.351 	      0.012
  5185.282 	     -0.042
  5186.212 	     -0.023
  5187.143 	     -0.007
  5188.074 	     -0.018
  5189.006 	     -0.009
  5189.937 	     -0.029
  5190.868 	     -0.023
  5191.800 	      0.009
  5192.732 	      0.025
  5193.664 	      0.021
  5194.596 	      0.018
  5195.529 	      0.016
  5196.461 	      0.014
  5197.394 	      0.011
  5198.327 	      0.008
  5199.260 	      0.008
  5200.193 	      0.009
  5201.127 	      0.010
  5202.060 	      0.008
  5202.994 	      0.003
  5203.928 	     -0.006
  5204.862 	     -0.018
  5205.796 	     -0.031
  5206.731 	     -0.042
  5207.665 	     -0.049
  5208.600 	     -0.053
  5209.535 	     -0.054
  5210.470 	     -0.052
  5211.405 	     -0.049
  5212.341 	     -0.042
  5213.276 	     -0.032
  5214.212 	     -0.012
  5215.148 	      0.016
  5216.084 	      0.044
  5217.021 	      0.059
  5217.957 	      0.057
  5218.894 	      0.043
  5219.830 	      0.033
  5220.767 	      0.034
  5221.704 	      0.038
  5222.642 	      0.029
  5223.579 	      0.004
  5224.517 	     -0.027
  5225.454 	     -0.052
  5226.392 	     -0.067
  5227.331 	     -0.074
  5228.269 	     -0.075
  5229.207 	     -0.071
  5230.146 	     -0.058
  5231.085 	     -0.036
  5232.024 	     -0.010
  5232.963 	      0.027
  5233.902 	      0.056
  5234.842 	      0.032
  5235.781 	      0.005
  5236.721 	      0.040
  5237.661 	     -0.020
  5238.601 	     -0.031
  5239.541 	      0.025
  5240.482 	      0.030
  5241.423 	     -0.020
  5242.363 	      0.000
  5243.304 	      0.045
  5244.245 	      0.115
  5245.187 	      0.154
  5246.128 	      0.156
  5247.070 	      0.142
  5248.012 	      0.123
  5248.954 	      0.127
  5249.896 	      0.127
  5250.838 	      0.040
  5251.781 	      0.017
  5252.723 	      0.043
  5253.666 	     -0.020
  5254.609 	     -0.042
  5255.552 	     -0.025
  5256.496 	      0.018
  5257.439 	      0.002
  5258.383 	     -0.004
  5259.327 	      0.028
  5260.271 	      0.053
  5261.215 	      0.041
  5262.159 	     -0.011
  5263.104 	     -0.042
  5264.049 	      0.020
  5264.994 	      0.036
  5265.939 	      0.013
  5266.884 	      0.060
  5267.829 	     -0.013
  5268.775 	      0.046
  5269.721 	      0.012
  5270.666 	      0.033
  5271.612 	     -0.011
  5272.559 	     -0.029
  5273.505 	     -0.020
  5274.452 	     -0.012
  5275.398 	     -0.008
  5276.345 	      0.032
  5277.292 	      0.071
  5278.240 	      0.059
  5279.187 	      0.041
  5280.135 	      0.008
  5281.082 	      0.022
  5282.030 	      0.006
  5282.979 	     -0.060
  5283.927 	      0.009
  5284.875 	      0.017
  5285.824 	     -0.012
  5286.773 	     -0.032
  5287.722 	     -0.017
  5288.671 	     -0.002
  5289.620 	      0.033
  5290.569 	      0.036
  5291.519 	      0.023
  5292.469 	      0.010
  5293.419 	      0.003
  5294.369 	      0.020
  5295.319 	      0.024
  5296.270 	      0.018
  5297.220 	      0.018
  5298.171 	     -0.033
  5299.122 	      0.022
  5300.073 	     -0.028
  5301.025 	     -0.005
  5301.976 	     -0.003
  5302.928 	     -0.014
  5303.880 	      0.003
  5304.832 	      0.012
  5305.784 	      0.036
  5306.736 	      0.035
  5307.689 	      0.004
  5308.642 	     -0.014
  5309.595 	     -0.019
  5310.548 	     -0.041
  5311.501 	     -0.052
  5312.454 	     -0.013
  5313.408 	     -0.001
  5314.362 	     -0.030
  5315.315 	     -0.047
  5316.270 	     -0.031
  5317.224 	     -0.012
  5318.178 	     -0.070
  5319.133 	     -0.078
  5320.088 	     -0.021
  5321.043 	     -0.002
  5321.998 	     -0.012
  5322.953 	     -0.020
  5323.908 	     -0.002
  5324.864 	      0.012
  5325.820 	      0.007
  5326.776 	     -0.008
  5327.732 	     -0.011
  5328.688 	     -0.019
  5329.645 	     -0.044
  5330.601 	     -0.032
  5331.558 	     -0.007
  5332.515 	     -0.005
  5333.472 	      0.011
  5334.430 	      0.007
  5335.387 	     -0.025
  5336.345 	     -0.058
  5337.303 	     -0.025
  5338.261 	      0.026
  5339.219 	      0.066
  5340.177 	      0.025
  5341.136 	      0.019
  5342.094 	      0.021
  5343.053 	      0.018
  5344.012 	      0.011
  5344.972 	     -0.010
  5345.931 	     -0.042
  5346.891 	     -0.054
  5347.850 	     -0.044
  5348.810 	     -0.021
  5349.770 	      0.020
  5350.731 	      0.033
  5351.691 	     -0.003
  5352.652 	      0.012
  5353.612 	      0.034
  5354.573 	      0.003
  5355.535 	     -0.027
  5356.496 	     -0.012
  5357.457 	     -0.010
  5358.419 	     -0.009
  5359.381 	     -0.002
  5360.343 	     -0.022
  5361.305 	     -0.009
  5362.267 	     -0.008
  5363.230 	     -0.015
  5364.192 	      0.001
  5365.155 	      0.008
  5366.118 	      0.000
  5367.081 	     -0.006
  5368.045 	     -0.000
  5369.008 	      0.020
  5369.972 	      0.016
  5370.936 	     -0.023
  5371.900 	     -0.025
  5372.864 	     -0.011
  5373.829 	     -0.013
  5374.793 	     -0.003
  5375.758 	      0.004
  5376.723 	      0.012
  5377.688 	     -0.008
  5378.653 	     -0.002
  5379.619 	     -0.033
  5380.584 	     -0.054
  5381.550 	     -0.020
  5382.516 	     -0.010
  5383.482 	      0.002
  5384.449 	      0.010
  5385.415 	     -0.045
  5386.382 	     -0.097
  5387.349 	     -0.192
  5388.316 	     -0.292
  5389.283 	     -0.252
  5390.250 	     -0.132
  5391.218 	     -0.060
  5392.185 	     -0.038
  5393.153 	     -0.042
  5394.121 	     -0.048
  5395.090 	     -0.054
  5396.058 	     -0.059
  5397.027 	     -0.020
  5397.995 	     -0.008
  5398.964 	     -0.021
  5399.933 	     -0.024
  5400.903 	     -0.041
  5401.872 	     -0.022
  5402.842 	      0.004
  5403.811 	     -0.011
  5404.781 	     -0.027
  5405.751 	     -0.001
  5406.722 	      0.024
  5407.692 	      0.011
  5408.663 	     -0.001
  5409.634 	      0.011
  5410.605 	      0.006
  5411.576 	     -0.025
  5412.547 	     -0.018
  5413.519 	     -0.010
  5414.491 	     -0.024
  5415.462 	     -0.024
  5416.434 	     -0.016
  5417.407 	     -0.023
  5418.379 	     -0.020
  5419.352 	     -0.021
  5420.324 	     -0.052
  5421.297 	     -0.027
  5422.270 	      0.052
  5423.244 	      0.032
  5424.217 	     -0.022
  5425.191 	     -0.020
  5426.165 	     -0.035
  5427.139 	     -0.005
  5428.113 	      0.015
  5429.087 	      0.011
  5430.062 	     -0.066
  5431.036 	     -0.048
  5432.011 	     -0.055
  5432.986 	     -0.002
  5433.961 	      0.001
  5434.937 	     -0.006
  5435.912 	     -0.010
  5436.888 	     -0.004
  5437.864 	     -0.026
  5438.840 	     -0.016
  5439.816 	     -0.018
  5440.793 	     -0.026
  5441.769 	     -0.020
  5442.746 	     -0.027
  5443.723 	     -0.016
  5444.700 	     -0.025
  5445.677 	     -0.049
  5446.655 	     -0.023
  5447.632 	      0.021
  5448.610 	      0.031
  5449.588 	      0.010
  5450.566 	     -0.019
  5451.545 	     -0.033
  5452.523 	     -0.055
  5453.502 	     -0.019
  5454.481 	     -0.017
  5455.460 	      0.008
  5456.439 	      0.041
  5457.419 	     -0.061
  5458.398 	     -0.053
  5459.378 	     -0.016
  5460.358 	     -0.034
  5461.338 	      0.011
  5462.318 	     -0.003
  5463.299 	      0.019
  5464.279 	      0.019
  5465.260 	     -0.056
  5466.241 	     -0.035
  5467.222 	     -0.065
  5468.204 	     -0.002
  5469.185 	      0.019
  5470.167 	      0.004
  5471.149 	      0.001
  5472.131 	     -0.012
  5473.113 	     -0.036
  5474.096 	      0.006
  5475.078 	      0.024
  5476.061 	     -0.008
  5477.044 	      0.005
  5478.027 	      0.013
  5479.010 	     -0.004
  5479.994 	      0.000
  5480.977 	     -0.022
  5481.961 	     -0.018
  5482.945 	      0.005
  5483.929 	     -0.023
  5484.914 	     -0.020
  5485.898 	     -0.009
  5486.883 	     -0.024
  5487.868 	     -0.025
  5488.853 	      0.009
  5489.838 	      0.032
  5490.823 	      0.003
  5491.809 	     -0.008
  5492.795 	      0.015
  5493.781 	     -0.030
  5494.767 	     -0.052
  5495.753 	     -0.052
  5496.740 	      0.012
  5497.726 	     -0.003
  5498.713 	      0.013
  5499.700 	     -0.000
  5500.687 	      0.001
  5501.675 	     -0.013
  5502.662 	     -0.054
  5503.650 	     -0.033
  5504.638 	      0.070
  5505.626 	      0.007
  5506.614 	     -0.002
  5507.602 	      0.041
  5508.591 	      0.015
  5509.580 	      0.001
  5510.569 	     -0.016
  5511.558 	      0.003
  5512.547 	      0.008
  5513.537 	     -0.015
  5514.526 	      0.015
  5515.516 	      0.020
  5516.506 	     -0.000
  5517.496 	     -0.005
  5518.487 	      0.047
  5519.477 	      0.048
  5520.468 	      0.023
  5521.459 	     -0.039
  5522.450 	     -0.043
  5523.441 	     -0.023
  5524.433 	      0.005
  5525.424 	     -0.054
  5526.416 	     -0.036
  5527.408 	      0.008
  5528.400 	      0.009
  5529.392 	     -0.013
  5530.385 	     -0.024
  5531.378 	     -0.014
  5532.370 	     -0.019
  5533.363 	     -0.004
  5534.357 	      0.033
  5535.350 	      0.024
  5536.344 	     -0.013
  5537.337 	     -0.016
  5538.331 	      0.012
  5539.325 	      0.016
  5540.320 	     -0.021
  5541.314 	     -0.044
  5542.309 	     -0.020
  5543.304 	     -0.039
  5544.299 	     -0.030
  5545.294 	      0.001
  5546.289 	     -0.009
  5547.285 	      0.011
  5548.280 	      0.018
  5549.276 	     -0.011
  5550.272 	     -0.009
  5551.269 	     -0.015
  5552.265 	     -0.005
  5553.262 	     -0.029
  5554.259 	     -0.064
  5555.255 	     -0.062
  5556.253 	     -0.021
  5557.250 	     -0.033
  5558.247 	      0.024
  5559.245 	      0.037
  5560.243 	      0.022
  5561.241 	      0.020
  5562.239 	     -0.058
  5563.238 	     -0.011
  5564.236 	     -0.021
  5565.235 	      0.021
  5566.234 	      0.042
  5567.233 	      0.009
  5568.232 	     -0.001
  5569.232 	     -0.014
  5570.231 	     -0.025
  5571.231 	     -0.035
  5572.231 	     -0.040
  5573.232 	     -0.042
  5574.232 	     -0.043
  5575.232 	     -0.043
  5576.233 	     -0.043
  5577.234 	     -0.040
  5578.235 	     -0.033
  5579.236 	     -0.024
  5580.238 	     -0.015
  5581.240 	     -0.015
  5582.241 	     -0.025
  5583.243 	     -0.039
  5584.246 	     -0.048
  5585.248 	     -0.051
  5586.250 	     -0.050
  5587.253 	     -0.048
  5588.256 	     -0.049
  5589.259 	     -0.051
  5590.262 	     -0.016
  5591.266 	     -0.043
  5592.269 	      0.023
  5593.273 	      0.019
  5594.277 	      0.006
  5595.281 	     -0.062
  5596.286 	     -0.053
  5597.290 	     -0.014
  5598.295 	     -0.028
  5599.300 	     -0.047
  5600.305 	     -0.023
  5601.310 	      0.001
  5602.315 	      0.040
  5603.321 	      0.020
  5604.327 	     -0.007
  5605.333 	     -0.017
  5606.339 	     -0.046
  5607.345 	     -0.057
  5608.352 	      0.038
  5609.358 	     -0.031
  5610.365 	     -0.029
  5611.372 	     -0.029
  5612.379 	     -0.007
  5613.387 	      0.005
  5614.394 	     -0.022
  5615.402 	     -0.039
  5616.410 	     -0.050
  5617.418 	     -0.046
  5618.427 	     -0.014
  5619.435 	     -0.029
  5620.444 	     -0.065
  5621.453 	      0.022
  5622.462 	     -0.010
  5623.471 	      0.005
  5624.480 	     -0.071
  5625.490 	     -0.027
  5626.499 	     -0.044
  5627.509 	     -0.000
  5628.520 	     -0.092
  5629.530 	     -0.086
  5630.540 	     -0.059
  5631.551 	     -0.056
  5632.562 	     -0.001
  5633.573 	     -0.009
  5634.584 	     -0.082
  5635.595 	     -0.068
  5636.607 	     -0.055
  5637.619 	     -0.092
  5638.631 	     -0.042
  5639.643 	     -0.042
  5640.655 	     -0.090
  5641.668 	     -0.035
  5642.680 	     -0.051
  5643.693 	     -0.052
  5644.706 	     -0.047
  5645.719 	     -0.099
  5646.733 	     -0.094
  5647.746 	     -0.095
  5648.760 	     -0.118
  5649.774 	     -0.041
  5650.788 	     -0.013
  5651.802 	     -0.055
  5652.817 	     -0.111
  5653.831 	     -0.112
  5654.846 	     -0.028
  5655.861 	     -0.071
  5656.876 	     -0.084
  5657.892 	     -0.035
  5658.907 	     -0.065
  5659.923 	     -0.085
  5660.939 	     -0.068
  5661.955 	     -0.080
  5662.972 	     -0.100
  5663.988 	     -0.050
  5665.005 	     -0.026
  5666.022 	     -0.070
  5667.039 	     -0.122
  5668.056 	     -0.134
  5669.073 	     -0.053
  5670.091 	     -0.063
  5671.109 	     -0.071
  5672.126 	     -0.137
  5673.145 	     -0.109
  5674.163 	     -0.107
  5675.181 	     -0.107
  5676.200 	     -0.083
  5677.219 	     -0.042
  5678.238 	     -0.100
  5679.257 	     -0.120
  5680.277 	     -0.102
  5681.296 	     -0.110
  5682.316 	     -0.095
  5683.336 	     -0.107
  5684.356 	     -0.082
  5685.376 	     -0.071
  5686.397 	     -0.109
  5687.418 	     -0.117
  5688.438 	     -0.119
  5689.459 	     -0.121
  5690.481 	     -0.081
  5691.502 	     -0.096
  5692.524 	     -0.127
  5693.545 	     -0.139
  5694.567 	     -0.156
  5695.590 	     -0.121
  5696.612 	     -0.083
  5697.634 	     -0.077
  5698.657 	     -0.058
  5699.680 	     -0.088
  5700.703 	     -0.114
  5701.726 	     -0.124
  5702.750 	     -0.126
  5703.773 	     -0.113
  5704.797 	     -0.113
  5705.821 	     -0.122
  5706.845 	     -0.114
  5707.870 	     -0.145
  5708.894 	     -0.134
  5709.919 	     -0.122
  5710.944 	     -0.153
  5711.969 	     -0.126
  5712.994 	     -0.067
  5714.020 	     -0.107
  5715.045 	     -0.149
  5716.071 	     -0.150
  5717.097 	     -0.112
  5718.123 	     -0.111
  5719.150 	     -0.165
  5720.176 	     -0.171
  5721.203 	     -0.186
  5722.230 	     -0.151
  5723.257 	     -0.144
  5724.284 	     -0.079
  5725.312 	     -0.125
  5726.340 	     -0.143
  5727.367 	     -0.150
  5728.396 	     -0.097
  5729.424 	     -0.100
  5730.452 	     -0.143
  5731.481 	     -0.185
  5732.510 	     -0.182
  5733.538 	     -0.146
  5734.568 	     -0.099
  5735.597 	     -0.102
  5736.626 	     -0.132
  5737.656 	     -0.181
  5738.686 	     -0.170
  5739.716 	     -0.162
  5740.746 	     -0.166
  5741.777 	     -0.164
  5742.807 	     -0.163
  5743.838 	     -0.170
  5744.869 	     -0.147
  5745.900 	     -0.132
  5746.932 	     -0.154
  5747.963 	     -0.178
  5748.995 	     -0.153
  5750.027 	     -0.127
  5751.059 	     -0.117
  5752.091 	     -0.140
  5753.124 	     -0.139
  5754.157 	     -0.123
  5755.189 	     -0.137
  5756.222 	     -0.168
  5757.256 	     -0.185
  5758.289 	     -0.162
  5759.323 	     -0.161
  5760.356 	     -0.194
  5761.390 	     -0.182
  5762.425 	     -0.172
  5763.459 	     -0.165
  5764.493 	     -0.160
  5765.528 	     -0.122
  5766.563 	     -0.120
  5767.598 	     -0.134
  5768.633 	     -0.143
  5769.669 	     -0.135
  5770.704 	     -0.118
  5771.740 	     -0.158
  5772.776 	     -0.163
  5773.812 	     -0.163
  5774.849 	     -0.170
  5775.885 	     -0.185
  5776.922 	     -0.199
  5777.959 	     -0.189
  5778.996 	     -0.153
  5780.033 	     -0.132
  5781.071 	     -0.111
  5782.109 	     -0.111
  5783.146 	     -0.132
  5784.185 	     -0.135
  5785.223 	     -0.160
  5786.261 	     -0.176
  5787.300 	     -0.162
  5788.339 	     -0.138
  5789.378 	     -0.140
  5790.417 	     -0.163
  5791.456 	     -0.175
  5792.496 	     -0.175
  5793.535 	     -0.175
  5794.575 	     -0.165
  5795.615 	     -0.156
  5796.656 	     -0.162
  5797.696 	     -0.166
  5798.737 	     -0.163
  5799.778 	     -0.151
  5800.819 	     -0.107
  5801.860 	     -0.140
  5802.901 	     -0.156
  5803.943 	     -0.163
  5804.985 	     -0.163
  5806.027 	     -0.153
  5807.069 	     -0.116
  5808.111 	     -0.101
  5809.154 	     -0.111
  5810.196 	     -0.097
  5811.239 	     -0.084
  5812.282 	     -0.105
  5813.326 	     -0.134
  5814.369 	     -0.135
  5815.413 	     -0.131
  5816.457 	     -0.118
  5817.501 	     -0.113
  5818.545 	     -0.115
  5819.589 	     -0.117
  5820.634 	     -0.117
  5821.679 	     -0.127
  5822.724 	     -0.162
  5823.769 	     -0.165
  5824.814 	     -0.156
  5825.860 	     -0.130
  5826.905 	     -0.114
  5827.951 	     -0.150
  5828.997 	     -0.150
  5830.044 	     -0.122
  5831.090 	     -0.152
  5832.137 	     -0.176
  5833.184 	     -0.146
  5834.231 	     -0.191
  5835.278 	     -0.230
  5836.325 	     -0.193
  5837.373 	     -0.170
  5838.421 	     -0.145
  5839.469 	     -0.120
  5840.517 	     -0.133
  5841.565 	     -0.147
  5842.614 	     -0.132
  5843.663 	     -0.113
  5844.711 	     -0.118
  5845.761 	     -0.105
  5846.810 	     -0.086
  5847.859 	     -0.114
  5848.909 	     -0.149
  5849.959 	     -0.138
  5851.009 	     -0.106
  5852.059 	     -0.123
  5853.110 	     -0.133
  5854.160 	     -0.097
  5855.211 	     -0.090
  5856.262 	     -0.091
  5857.313 	     -0.097
  5858.364 	     -0.095
  5859.416 	     -0.106
  5860.468 	     -0.090
  5861.520 	     -0.072
  5862.572 	     -0.072
  5863.624 	     -0.095
  5864.677 	     -0.141
  5865.729 	     -0.147
  5866.782 	     -0.149
  5867.835 	     -0.135
  5868.888 	     -0.129
  5869.942 	     -0.116
  5870.996 	     -0.137
  5872.049 	     -0.112
  5873.103 	     -0.091
  5874.158 	     -0.114
  5875.212 	     -0.094
  5876.267 	     -0.097
  5877.321 	     -0.104
  5878.376 	     -0.102
  5879.431 	     -0.095
  5880.487 	     -0.081
  5881.542 	     -0.055
  5882.598 	     -0.070
  5883.654 	     -0.081
  5884.710 	     -0.059
  5885.766 	      0.001
  5886.823 	     -0.043
  5887.879 	     -0.082
  5888.936 	     -0.107
  5889.993 	     -0.119
  5891.051 	     -0.097
  5892.108 	     -0.078
  5893.166 	     -0.104
  5894.223 	     -0.119
  5895.281 	     -0.128
  5896.340 	     -0.113
  5897.398 	     -0.052
  5898.456 	     -0.043
  5899.515 	     -0.049
  5900.574 	     -0.088
  5901.633 	     -0.095
  5902.693 	     -0.100
  5903.752 	     -0.076
  5904.812 	     -0.043
  5905.872 	     -0.083
  5906.932 	     -0.062
  5907.992 	     -0.044
  5909.052 	     -0.057
  5910.113 	     -0.027
  5911.174 	     -0.004
  5912.235 	     -0.028
  5913.296 	     -0.041
  5914.358 	     -0.043
  5915.419 	     -0.066
  5916.481 	     -0.080
  5917.543 	     -0.081
  5918.605 	     -0.045
  5919.668 	     -0.051
  5920.730 	     -0.015
  5921.793 	     -0.036
  5922.856 	     -0.015
  5923.919 	     -0.063
  5924.982 	     -0.022
  5926.046 	     -0.027
  5959.109 	      0.036
  5960.179 	     -0.039
  5961.249 	      0.012
  5962.319 	      0.059
  5963.389 	     -0.006
  5964.460 	      0.022
  5965.530 	     -0.026
  5966.601 	     -0.009
  5967.672 	      0.002
  5968.743 	      0.007
  5969.814 	     -0.001
  5970.886 	      0.004
  5971.958 	      0.005
  5973.030 	      0.008
  5974.102 	     -0.002
  5975.174 	     -0.020
  5976.247 	     -0.028
  5977.319 	      0.005
  5978.392 	      0.029
  5979.465 	      0.014
  5980.539 	     -0.031
  5981.612 	     -0.006
  5982.686 	     -0.011
  5983.760 	      0.008
  5984.834 	      0.080
  5985.908 	      0.062
  5986.982 	      0.043
  5988.057 	      0.057
  5989.132 	      0.037
  5990.207 	      0.024
  5991.282 	      0.045
  5992.358 	      0.047
  5993.433 	      0.041
  5994.509 	      0.031
  5995.585 	      0.026
  5996.661 	      0.048
  5997.738 	      0.029
  5998.814 	      0.033
  5999.891 	      0.040
  6000.968 	      0.025
  6002.045 	      0.041
  6003.122 	      0.032
  6004.200 	      0.005
  6005.278 	     -0.005
  6006.356 	      0.007
  6007.434 	      0.029
  6008.512 	      0.042
  6009.590 	      0.051
  6010.669 	      0.075
  6011.748 	      0.078
  6012.827 	      0.041
  6013.906 	      0.000
  6014.986 	      0.005
  6016.066 	      0.034
  6017.145 	      0.045
  6018.225 	      0.030
  6019.306 	      0.011
  6020.386 	      0.017
  6021.467 	      0.053
  6022.548 	      0.074
  6023.629 	      0.060
  6024.710 	      0.041
  6025.791 	      0.054
  6026.873 	      0.069
  6027.955 	      0.062
  6029.037 	      0.043
  6030.119 	      0.031
  6031.201 	      0.038
  6032.284 	      0.049
  6033.367 	      0.049
  6034.450 	      0.054
  6035.533 	      0.071
  6036.616 	      0.073
  6037.700 	      0.048
  6038.783 	      0.012
  6039.867 	     -0.019
  6040.951 	     -0.016
  6042.036 	     -0.004
  6043.120 	      0.018
  6044.205 	      0.040
  6045.290 	      0.050
  6046.375 	      0.038
  6047.460 	      0.012
  6048.546 	      0.011
  6049.631 	      0.060
  6050.717 	      0.089
  6051.803 	      0.059
  6052.890 	      0.054
  6053.976 	      0.107
  6055.063 	      0.106
  6056.150 	      0.050
  6057.237 	      0.026
  6058.324 	      0.033
  6059.411 	      0.020
  6060.499 	      0.003
  6061.587 	      0.015
  6062.675 	      0.042
  6063.763 	      0.049
  6064.852 	      0.046
  6065.940 	      0.024
  6067.029 	      0.018
  6068.118 	      0.035
  6069.207 	      0.023
  6070.297 	     -0.001
  6071.386 	      0.010
  6072.476 	      0.074
  6073.566 	      0.133
  6074.656 	      0.136
  6075.747 	      0.089
  6076.837 	      0.035
  6077.928 	      0.032
  6079.019 	      0.047
  6080.110 	      0.045
  6081.201 	      0.054
  6082.293 	      0.068
  6083.385 	      0.074
  6084.477 	      0.071
  6085.569 	      0.069
  6086.661 	      0.076
  6087.754 	      0.075
  6088.846 	      0.070
  6089.939 	      0.088
  6091.032 	      0.120
  6092.126 	      0.128
  6093.219 	      0.108
  6094.313 	      0.086
  6095.407 	      0.080
  6096.501 	      0.099
  6097.595 	      0.094
  6098.690 	      0.071
  6099.784 	      0.082
  6100.879 	      0.104
  6101.974 	      0.099
  6103.070 	      0.081
  6104.165 	      0.057
  6105.261 	      0.081
  6106.357 	      0.130
  6107.453 	      0.157
  6108.549 	      0.148
  6109.646 	      0.155
  6110.742 	      0.161
  6111.839 	      0.141
  6112.936 	      0.098
  6114.033 	      0.129
  6115.131 	      0.130
  6116.228 	      0.111
  6117.326 	      0.136
  6118.424 	      0.139
  6119.523 	      0.143
  6120.621 	      0.152
  6121.720 	      0.164
  6122.818 	      0.173
  6123.917 	      0.172
  6125.017 	      0.160
  6126.116 	      0.149
  6127.216 	      0.142
  6128.315 	      0.141
  6129.415 	      0.142
  6130.516 	      0.144
  6131.616 	      0.146
  6132.717 	      0.149
  6133.817 	      0.154
  6134.918 	      0.161
  6136.020 	      0.170
  6137.121 	      0.177
  6138.223 	      0.181
  6139.324 	      0.185
  6140.426 	      0.188
  6141.529 	      0.190
  6142.631 	      0.189
  6143.734 	      0.189
  6144.836 	      0.187
  6145.939 	      0.188
  6147.042 	      0.191
  6148.146 	      0.198
  6149.249 	      0.202
  6150.353 	      0.202
  6151.457 	      0.198
  6152.561 	      0.195
  6153.666 	      0.192
  6154.770 	      0.193
  6155.875 	      0.194
  6156.980 	      0.194
  6158.085 	      0.196
  6159.190 	      0.212
  6160.296 	      0.234
  6161.402 	      0.244
  6162.508 	      0.237
  6163.614 	      0.221
  6164.720 	      0.195
  6165.827 	      0.134
  6166.933 	      0.180
  6168.040 	      0.213
  6169.148 	      0.157
  6170.255 	      0.119
  6171.362 	      0.142
  6172.470 	      0.150
  6173.578 	      0.130
  6174.686 	      0.141
  6175.795 	      0.181
  6176.903 	      0.198
  6178.012 	      0.194
  6179.121 	      0.197
  6180.230 	      0.172
  6181.339 	      0.136
  6182.449 	      0.154
  6183.558 	      0.211
  6184.668 	      0.194
  6185.778 	      0.115
  6186.889 	      0.138
  6187.999 	      0.217
  6189.110 	      0.194
  6190.221 	      0.134
  6191.332 	      0.129
  6192.443 	      0.132
  6193.555 	      0.101
  6194.667 	      0.099
  6195.779 	      0.144
  6196.891 	      0.187
  6198.003 	      0.193
  6199.116 	      0.167
  6200.228 	      0.165
  6201.341 	      0.195
  6202.454 	      0.223
  6203.568 	      0.227
  6204.681 	      0.209
  6205.795 	      0.193
  6206.909 	      0.173
  6208.023 	      0.164
  6209.137 	      0.176
  6210.252 	      0.203
  6211.366 	      0.180
  6212.481 	      0.152
  6213.596 	      0.153
  6214.712 	      0.182
  6215.827 	      0.206
  6216.943 	      0.173
  6218.059 	      0.110
  6219.175 	      0.112
  6220.291 	      0.166
  6221.408 	      0.172
  6222.525 	      0.128
  6223.641 	      0.086
  6224.759 	      0.070
  6225.876 	      0.076
  6226.993 	      0.112
  6228.111 	      0.163
  6229.229 	      0.165
  6230.347 	      0.154
  6231.466 	      0.186
  6232.584 	      0.213
  6233.703 	      0.180
  6234.822 	      0.158
  6235.941 	      0.179
  6237.060 	      0.176
  6238.180 	      0.134
  6239.299 	      0.113
  6240.419 	      0.130
  6241.539 	      0.137
  6242.660 	      0.130
  6243.780 	      0.126
  6244.901 	      0.112
  6246.022 	      0.092
  6247.143 	      0.105
  6248.264 	      0.147
  6249.386 	      0.154
  6250.508 	      0.138
  6251.630 	      0.185
  6252.752 	      0.243
  6253.874 	      0.230
  6254.997 	      0.176
  6256.119 	      0.145
  6257.242 	      0.143
  6258.366 	      0.147
  6259.489 	      0.145
  6260.612 	      0.134
  6261.736 	      0.119
  6262.860 	      0.107
  6263.984 	      0.101
  6265.109 	      0.095
  6266.233 	      0.090
  6267.358 	      0.085
  6268.483 	      0.082
  6269.608 	      0.082
  6270.734 	      0.085
  6271.859 	      0.094
  6272.985 	      0.103
  6274.111 	      0.105
  6275.237 	      0.099
  6276.363 	      0.086
  6277.490 	      0.078
  6278.617 	      0.074
  6279.744 	      0.070
  6280.871 	      0.061
  6281.998 	      0.050
  6283.126 	      0.042
  6284.254 	      0.035
  6285.382 	      0.027
  6286.510 	      0.022
  6287.638 	      0.024
  6288.767 	      0.032
  6289.896 	      0.042
  6291.025 	      0.041
  6292.154 	      0.024
  6293.283 	      0.001
  6294.413 	     -0.021
  6295.543 	     -0.032
  6296.673 	     -0.032
  6297.803 	     -0.027
  6298.933 	     -0.022
  6300.064 	     -0.003
  6301.195 	     -0.006
  6302.326 	     -0.008
  6303.457 	     -0.012
  6304.589 	     -0.018
  6305.720 	     -0.028
  6306.852 	     -0.037
  6307.984 	      0.059
  6309.117 	      0.109
  6310.249 	      0.109
  6311.382 	      0.126
  6312.514 	      0.124
  6313.648 	      0.097
  6314.781 	      0.159
  6315.914 	      0.213
  6317.048 	      0.157
  6318.182 	      0.132
  6319.316 	      0.143
  6320.450 	      0.151
  6321.585 	      0.131
  6322.719 	      0.149
  6323.854 	      0.161
  6324.989 	      0.123
  6326.125 	      0.170
  6327.260 	      0.121
  6328.396 	      0.118
  6329.532 	      0.122
  6330.668 	      0.104
  6331.804 	      0.090
  6332.941 	      0.086
  6334.078 	      0.098
  6335.215 	      0.099
  6336.352 	      0.100
  6337.489 	      0.097
  6338.627 	      0.076
  6339.764 	      0.051
  6340.902 	      0.080
  6342.041 	      0.036
  6343.179 	     -0.024
  6344.317 	     -0.003
  6345.456 	      0.060
  6346.595 	      0.092
  6347.734 	      0.082
  6348.874 	      0.069
  6350.013 	      0.149
  6351.153 	      0.176
  6352.293 	      0.121
  6353.433 	      0.125
  6354.574 	      0.128
  6355.714 	      0.154
  6356.855 	      0.221
  6357.996 	      0.360
  6359.138 	      0.526
  6360.279 	      0.562
  6361.421 	      0.391
  6362.563 	      0.195
  6363.705 	      0.093
  6364.847 	      0.048
  6365.989 	      0.035
  6367.132 	      0.028
  6368.275 	      0.080
  6369.418 	      0.077
  6370.561 	      0.046
  6371.705 	      0.064
  6372.848 	      0.094
  6373.992 	      0.120
  6375.136 	      0.124
  6376.281 	      0.110
  6377.425 	      0.034
  6378.570 	      0.058
  6379.715 	      0.101
  6380.860 	      0.112
  6382.005 	      0.136
  6383.151 	      0.109
  6384.297 	      0.072
  6385.443 	      0.096
  6386.589 	      0.108
  6387.735 	      0.138
  6388.882 	      0.111
  6390.028 	      0.102
  6391.175 	      0.059
  6392.323 	      0.047
  6393.470 	      0.079
  6394.618 	      0.092
  6395.765 	      0.120
  6396.913 	      0.122
  6398.062 	      0.129
  6399.210 	      0.136
  6400.359 	      0.114
  6401.508 	      0.093
  6402.657 	      0.105
  6403.806 	      0.120
  6404.955 	      0.083
  6406.105 	      0.049
  6407.255 	      0.083
  6408.405 	      0.095
  6409.555 	      0.097
  6410.706 	      0.078
  6411.856 	      0.091
  6413.007 	      0.083
  6414.158 	      0.125
  6415.310 	      0.114
  6416.461 	      0.090
  6417.613 	      0.120
  6418.765 	      0.093
  6419.917 	      0.047
  6421.069 	      0.075
  6422.222 	      0.130
  6423.375 	      0.157
  6424.528 	      0.181
  6425.681 	      0.125
  6426.834 	      0.091
  6427.988 	      0.099
  6429.142 	      0.098
  6430.296 	      0.086
  6431.450 	      0.108
  6432.604 	      0.120
  6433.759 	      0.117
  6434.914 	      0.098
  6436.069 	      0.089
  6437.224 	      0.078
  6438.380 	      0.081
  6439.535 	      0.088
  6440.691 	      0.055
  6441.847 	      0.039
  6443.003 	      0.054
  6444.160 	      0.081
  6445.317 	      0.083
  6446.474 	      0.054
  6447.631 	      0.038
  6448.788 	      0.056
  6449.945 	      0.052
  6451.103 	      0.048
  6452.261 	      0.077
  6453.419 	      0.079
  6454.578 	      0.056
  6455.736 	      0.028
  6456.895 	      0.035
  6458.054 	      0.064
  6459.213 	      0.060
  6460.373 	      0.063
  6461.532 	      0.045
  6462.692 	      0.066
  6463.852 	      0.064
  6465.012 	      0.006
  6466.173 	      0.001
  6467.333 	      0.039
  6468.494 	      0.029
  6469.655 	      0.003
  6470.817 	      0.027
  6471.978 	      0.047
  6473.140 	      0.021
  6474.302 	      0.003
  6475.464 	      0.017
  6476.626 	      0.021
  6477.789 	      0.028
  6478.951 	      0.019
  6480.114 	     -0.009
  6481.277 	      0.025
  6482.441 	      0.023
  6483.604 	      0.049
  6484.768 	      0.002
  6485.932 	     -0.027
  6487.096 	      0.017
  6488.261 	      0.085
  6489.425 	      0.063
  6490.590 	      0.056
  6491.755 	      0.010
  6492.921 	      0.061
  6494.086 	      0.108
  6495.252 	      0.109
  6496.418 	      0.030
  6497.584 	     -0.014
  6498.750 	     -0.010
  6499.916 	     -0.012
  6501.083 	      0.017
  6502.250 	      0.036
  6503.417 	     -0.008
  6504.584 	     -0.030
  6505.752 	     -0.002
  6506.920 	     -0.021
  6508.088 	     -0.014
  6509.256 	     -0.016
  6510.424 	     -0.018
  6511.593 	     -0.034
  6512.762 	     -0.050
  6513.931 	     -0.047
  6515.100 	     -0.031
  6516.269 	     -0.010
  6517.439 	      0.017
  6518.609 	      0.022
  6519.779 	     -0.015
  6520.949 	     -0.014
  6522.120 	      0.002
  6523.290 	      0.040
  6524.461 	      0.071
  6525.632 	      0.069
  6526.804 	      0.100
  6527.975 	      0.121
  6529.147 	      0.085
  6530.319 	      0.039
  6531.491 	      0.010
  6532.664 	     -0.021
  6533.836 	      0.012
  6535.009 	      0.014
  6536.182 	      0.004
  6537.355 	      0.006
  6538.529 	      0.013
  6539.702 	      0.009
  6540.876 	      0.020
  6542.050 	      0.015
  6543.224 	      0.012
  6544.399 	      0.008
  6545.574 	      0.009
  6546.748 	     -0.005
  6547.924 	      0.071
  6549.099 	      0.088
  6550.274 	      0.101
  6551.450 	      0.060
  6552.626 	      0.016
  6553.802 	     -0.037
  6554.979 	     -0.033
  6556.155 	      0.007
  6557.332 	      0.051
  6558.509 	      0.095
  6559.686 	      0.076
  6560.864 	      0.016
  6562.041 	     -0.020
  6563.219 	     -0.044
  6564.397 	     -0.003
  6565.576 	      0.019
  6566.754 	     -0.020
  6567.933 	      0.001
  6569.112 	      0.000
  6570.291 	     -0.007
  6571.470 	      0.026
  6572.650 	      0.083
  6573.830 	      0.091
  6575.010 	      0.088
  6576.190 	      0.091
  6577.370 	      0.097
  6578.551 	      0.102
  6579.732 	      0.104
  6580.913 	      0.099
  6582.094 	      0.087
  6583.275 	      0.075
  6584.457 	      0.066
  6585.639 	      0.062
  6586.821 	      0.060
  6588.003 	      0.062
  6589.186 	      0.059
  6590.368 	      0.038
  6591.551 	      0.033
  6592.735 	      0.046
  6593.918 	      0.041
  6595.102 	      0.022
  6596.285 	      0.052
  6597.469 	      0.072
  6598.654 	      0.096
  6599.838 	      0.107
  6601.023 	      0.078
  6602.207 	      0.070
  6603.393 	      0.100
  6604.578 	      0.116
  6605.763 	      0.178
  6606.949 	      0.490
  6608.135 	      1.259
  6609.321 	      2.268
  6610.507 	      2.531
  6611.694 	      1.898
  6612.881 	      0.970
  6614.068 	      0.394
  6615.255 	      0.182
  6616.442 	      0.158
  6617.630 	      0.216
  6618.818 	      0.338
  6620.006 	      0.647
  6621.194 	      1.669
  6622.383 	      5.622
  6623.571 	     12.560
  6624.760 	     17.838
  6625.949 	     16.455
  6627.139 	      9.575
  6628.328 	      3.435
  6629.518 	      1.033
  6630.708 	      0.445
  6631.898 	      0.250
  6633.089 	      0.184
  6634.279 	      0.193
  6635.470 	      0.209
  6636.661 	      0.215
  6637.852 	      0.173
  6639.044 	      0.186
  6640.235 	      0.283
  6641.427 	      0.585
  6642.619 	      1.638
  6643.812 	      4.025
  6645.004 	      6.944
  6646.197 	      8.021
  6647.390 	      6.028
  6648.583 	      2.589
  6649.777 	      0.974
  6650.970 	      0.406
  6652.164 	      0.224
  6653.358 	      0.156
  6654.552 	      0.130
  6655.747 	      0.073
  6656.941 	      0.098
  6658.136 	      0.118
  6659.331 	      0.094
  6660.527 	      0.085
  6661.722 	      0.111
  6662.918 	      0.132
  6664.114 	      0.105
  6665.310 	      0.074
  6666.507 	      0.052
  6667.703 	      0.054
  6668.900 	      0.048
  6670.097 	      0.051
  6671.294 	      0.054
  6672.492 	      0.060
  6673.689 	      0.082
  6674.887 	      0.102
  6676.086 	      0.100
  6677.284 	      0.067
  6678.482 	      0.049
  6679.681 	      0.089
  6680.880 	      0.103
  6682.079 	      0.073
  6683.279 	      0.053
  6684.478 	      0.059
  6685.678 	      0.097
  6686.878 	      0.113
  6688.079 	      0.091
  6689.279 	      0.102
  6690.480 	      0.121
  6691.681 	      0.107
  6692.882 	      0.064
  6694.083 	      0.058
  6695.285 	      0.070
  6696.486 	      0.078
  6697.688 	      0.086
  6698.891 	      0.039
  6700.093 	      0.076
  6701.296 	      0.122
  6702.499 	      0.067
  6703.702 	      0.038
  6704.905 	      0.050
  6706.108 	      0.094
  6707.312 	      0.073
  6708.516 	      0.020
  6709.720 	      0.023
  6710.925 	      0.048
  6712.129 	      0.092
  6713.334 	      0.121
  6714.539 	      0.039
  6715.744 	      0.003
  6716.950 	      0.033
  6718.155 	      0.014
  6719.361 	      0.038
  6720.567 	      0.068
  6721.774 	      0.052
  6722.980 	      0.030
  6724.187 	      0.043
  6725.394 	      0.084
  6726.601 	      0.115
  6727.808 	      0.098
  6729.016 	      0.058
  6730.224 	      0.070
  6731.432 	      0.070
  6732.640 	      0.069
  6733.849 	      0.064
  6735.057 	      0.072
  6736.266 	      0.038
  6737.475 	      0.054
  6738.685 	      0.101
  6739.894 	      0.146
  6741.104 	      0.195
  6742.314 	      0.215
  6743.524 	      0.143
  6744.735 	      0.079
  6745.945 	      0.070
  6747.156 	      0.050
  6748.367 	      0.034
  6749.579 	      0.060
  6750.790 	      0.065
  6752.002 	      0.106
  6753.214 	      0.095
  6754.426 	      0.060
  6755.638 	      0.064
  6756.851 	      0.025
  6758.064 	      0.020
  6759.277 	      0.089
  6760.490 	      0.077
  6761.704 	      0.068
  6762.917 	      0.031
  6764.131 	      0.023
  6765.345 	      0.035
  6766.560 	      0.006
  6767.774 	      0.020
  6768.989 	      0.028
  6770.204 	      0.022
  6771.419 	      0.066
  6772.635 	      0.079
  6773.851 	      0.033
  6775.066 	      0.100
  6776.282 	      0.237
  6777.499 	      0.732
  6778.715 	      1.687
  6779.932 	      2.296
  6781.149 	      2.047
  6782.366 	      1.206
  6783.584 	      0.436
  6784.801 	      0.124
  6786.019 	      0.059
  6787.237 	      0.035
  6788.455 	      0.050
  6789.674 	      0.076
  6790.893 	      0.249
  6792.112 	      0.656
  6793.331 	      1.325
  6794.550 	      1.812
  6795.770 	      1.503
  6796.990 	      0.832
  6798.210 	      0.348
  6799.430 	      0.116
  6800.650 	      0.049
  6801.871 	      0.029
  6803.092 	      0.003
  6804.313 	      0.010
  6805.534 	      0.039
  6806.756 	      0.049
  6807.978 	      0.066
  6809.200 	      0.063
  6810.422 	      0.040
  6811.644 	      0.031
  6812.867 	      0.032
  6814.090 	      0.039
  6815.313 	      0.055
  6816.536 	      0.067
  6817.760 	      0.032
  6818.984 	      0.023
  6820.208 	      0.019
  6821.432 	      0.017
  6822.656 	      0.037
  6823.881 	      0.164
  6825.106 	      0.186
  6826.331 	      0.136
  6827.556 	      0.130
  6828.782 	      0.139
  6830.007 	      0.094
  6831.233 	      0.052
  6832.460 	      0.011
  6833.686 	     -0.051
  6834.913 	     -0.059
  6836.139 	     -0.047
  6837.366 	     -0.039
  6838.594 	     -0.006
  6839.821 	     -0.006
  6841.049 	      0.002
  6842.277 	      0.035
  6843.505 	      0.030
  6844.733 	      0.030
  6845.962 	      0.002
  6847.191 	     -0.003
  6848.420 	      0.020
  6849.649 	      0.033
  6850.879 	      0.010
  6852.108 	      0.028
  6853.338 	      0.054
  6854.568 	      0.031
  6855.799 	      0.026
  6857.029 	      0.055
  6858.260 	      0.126
  6859.491 	      0.156
  6860.722 	      0.103
  6861.954 	     -0.124
  6863.186 	     -0.316
  6864.418 	     -0.412
  6865.650 	     -0.418
  6866.882 	     -0.364
  6868.115 	     -0.328
  6869.347 	     -0.297
  6870.580 	     -0.287
  6871.814 	     -0.281
  6873.047 	     -0.226
  6874.281 	     -0.148
  6875.515 	     -0.089
  6876.749 	     -0.050
  6877.983 	     -0.056
  6879.218 	     -0.092
  6880.453 	     -0.101
  6881.688 	     -0.118
  6882.923 	     -0.125
  6884.158 	     -0.103
  6885.394 	     -0.081
  6886.630 	     -0.125
  6887.866 	     -0.146
  6889.102 	     -0.157
  6890.339 	     -0.142
  6891.576 	     -0.129
  6892.813 	     -0.113
  6894.050 	     -0.070
  6895.287 	     -0.038
  6896.525 	     -0.062
  6897.763 	     -0.088
  6899.001 	     -0.117
  6900.239 	     -0.126
  6901.478 	     -0.120
  6902.717 	     -0.123
  6903.956 	     -0.092
  6905.195 	     -0.069
  6906.434 	     -0.032
  6907.674 	      0.023
  6908.914 	     -0.020
  6910.154 	     -0.059
  6911.395 	     -0.065
  6912.635 	     -0.069
  6913.876 	     -0.048
  6915.117 	     -0.066
  6916.358 	     -0.029
  6917.600 	      0.040
  6918.841 	      0.033
  6920.083 	      0.010
  6921.325 	     -0.027
  6922.568 	     -0.063
  6923.810 	     -0.064
  6925.053 	     -0.051
  6926.296 	     -0.062
  6927.539 	     -0.065
  6928.783 	     -0.035
  6930.026 	      0.007
  6931.270 	      0.007
  6932.514 	      0.007
  6933.759 	      0.031
  6935.003 	      0.008
  6936.248 	     -0.010
  6937.493 	     -0.023
  6938.739 	     -0.044
  6939.984 	     -0.036
  6941.230 	      0.015
  6942.476 	      0.044
  6943.722 	      0.063
  6944.968 	      0.063
  6946.215 	      0.048
  6947.462 	     -0.001
  6948.709 	     -0.003
  6949.956 	     -0.064
  6951.203 	     -0.083
  6952.451 	     -0.075
  6953.699 	     -0.059
  6954.947 	     -0.031
  6956.196 	     -0.027
  6957.444 	     -0.053
  6958.693 	     -0.022
  6959.942 	      0.030
  6961.191 	      0.014
  6962.441 	      0.004
  6963.691 	      0.005
  6964.941 	      0.015
  6966.191 	      0.023
  6967.441 	      0.025
  6968.692 	      0.025
  6969.943 	     -0.027
  6971.194 	      0.015
  6972.445 	      0.058
  6973.696 	      0.032
  6974.948 	      0.044
  6976.200 	     -0.027
  6977.452 	     -0.042
  6978.705 	     -0.058
  6979.957 	     -0.040
  6981.210 	     -0.010
  6982.463 	     -0.016
  6983.717 	     -0.004
  6984.970 	      0.012
  6986.224 	      0.004
  6987.478 	     -0.028
  6988.732 	     -0.017
  6989.987 	      0.018
  6991.241 	     -0.009
  6992.496 	     -0.014
  6993.751 	      0.027
  6995.007 	      0.020
  6996.262 	     -0.024
  6997.518 	     -0.032
  6998.774 	     -0.011
  7000.030 	     -0.018
  7001.287 	     -0.001
  7002.544 	      0.032
  7003.801 	      0.010
  7005.058 	     -0.033
  7006.315 	     -0.017
  7007.573 	     -0.022
  7008.831 	     -0.011
  7010.089 	     -0.067
  7011.347 	     -0.065
  7012.605 	     -0.027
  7013.864 	     -0.040
  7015.123 	      0.013
  7016.382 	     -0.001
  7017.642 	     -0.002
  7018.901 	     -0.032
  7020.161 	     -0.031
  7021.421 	      0.014
  7022.682 	      0.000
  7023.942 	     -0.025
  7025.203 	     -0.003
  7026.464 	     -0.022
  7027.725 	     -0.046
  7028.987 	     -0.021
  7030.248 	     -0.048
  7031.510 	     -0.043
  7032.772 	     -0.008
  7034.035 	     -0.037
  7035.297 	     -0.039
  7036.560 	     -0.014
  7037.823 	     -0.025
  7039.086 	     -0.025
  7040.350 	     -0.035
  7041.614 	     -0.024
  7042.877 	     -0.025
  7044.142 	     -0.016
  7045.406 	     -0.026
  7046.671 	     -0.009
  7047.936 	      0.009
  7049.201 	     -0.013
  7050.466 	     -0.016
  7051.731 	      0.047
  7052.997 	      0.019
  7054.263 	     -0.010
  7055.529 	      0.004
  7056.796 	      0.060
  7058.062 	      0.040
  7059.329 	      0.020
  7060.596 	      0.020
  7061.864 	      0.010
  7063.131 	      0.030
  7064.399 	     -0.033
  7065.667 	     -0.049
  7066.936 	     -0.047
  7068.204 	     -0.022
  7069.473 	     -0.020
  7070.742 	     -0.047
  7072.011 	     -0.036
  7073.280 	     -0.005
  7074.550 	      0.049
  7075.820 	      0.013
  7077.090 	      0.017
  7078.360 	      0.045
  7079.631 	      0.039
  7080.901 	      0.001
  7082.172 	      0.022
  7083.444 	      0.022
  7084.715 	     -0.022
  7085.987 	     -0.006
  7087.259 	      0.021
  7088.531 	     -0.012
  7089.803 	     -0.018
  7091.076 	     -0.029
  7092.349 	     -0.018
  7093.622 	     -0.056
  7094.895 	     -0.031
  7096.168 	     -0.002
  7097.442 	     -0.008
  7098.716 	     -0.026
  7099.990 	     -0.018
  7101.265 	     -0.004
  7102.539 	     -0.010
  7103.814 	      0.007
  7105.089 	      0.018
  7106.365 	      0.013
  7107.640 	      0.039
  7108.916 	      0.039
  7110.192 	      0.028
  7111.468 	      0.023
  7112.745 	      0.019
  7114.021 	      0.009
  7115.298 	      0.027
  7116.576 	      0.012
  7117.853 	     -0.014
  7119.131 	     -0.024
  7120.408 	     -0.010
  7121.687 	     -0.005
  7122.965 	     -0.025
  7124.243 	      0.009
  7125.522 	     -0.029
  7126.801 	     -0.067
  7128.080 	     -0.016
  7129.360 	     -0.003
  7130.640 	      0.006
  7131.919 	      0.051
  7133.200 	      0.025
  7134.480 	     -0.008
  7135.761 	      0.037
  7137.041 	      0.024
  7138.323 	     -0.021
  7139.604 	     -0.020
  7140.885 	     -0.008
  7142.167 	     -0.062
  7143.449 	     -0.021
  7144.731 	     -0.023
  7146.014 	      0.001
  7147.296 	      0.007
  7148.579 	     -0.014
  7149.863 	     -0.041
  7151.146 	     -0.027
  7152.430 	     -0.013
  7153.713 	     -0.014
  7154.997 	     -0.011
  7156.282 	     -0.002
  7157.566 	      0.005
  7158.851 	      0.018
  7160.136 	      0.018
  7161.421 	     -0.019
  7162.707 	     -0.075
  7163.992 	     -0.032
  7165.278 	     -0.025
  7166.564 	     -0.086
  7167.851 	     -0.098
  7169.137 	     -0.081
  7170.424 	     -0.068
  7171.711 	     -0.069
  7172.998 	     -0.097
  7174.286 	     -0.083
  7175.574 	     -0.075
  7176.862 	     -0.093
  7178.150 	     -0.118
  7179.438 	     -0.130
  7180.727 	     -0.147
  7182.016 	     -0.129
  7183.305 	     -0.082
  7184.595 	     -0.084
  7185.884 	     -0.150
  7187.174 	     -0.138
  7188.464 	     -0.126
  7189.754 	     -0.109
  7191.045 	     -0.056
  7192.336 	     -0.062
  7193.627 	     -0.084
  7194.918 	     -0.138
  7196.209 	     -0.137
  7197.501 	     -0.114
  7198.793 	     -0.095
  7200.085 	     -0.124
  7201.377 	     -0.086
  7202.670 	     -0.049
  7203.963 	     -0.013
  7205.256 	     -0.027
  7206.549 	     -0.043
  7207.843 	     -0.082
  7209.137 	     -0.076
  7210.431 	     -0.057
  7211.725 	     -0.049
  7213.019 	     -0.046
  7214.314 	     -0.039
  7215.609 	     -0.031
  7216.904 	     -0.066
  7218.200 	     -0.069
  7219.495 	     -0.068
  7220.791 	     -0.076
  7222.087 	     -0.048
  7223.384 	     -0.025
  7224.680 	     -0.059
  7225.977 	     -0.087
  7227.274 	     -0.121
  7228.571 	     -0.140
  7229.869 	     -0.124
  7231.166 	     -0.084
  7232.464 	     -0.006
  7233.763 	      0.124
  7235.061 	      0.171
  7236.360 	      0.045
  7237.659 	      0.006
  7238.958 	      0.043
  7240.257 	     -0.037
  7241.557 	     -0.085
  7242.857 	     -0.201
  7244.157 	     -0.225
  7245.457 	     -0.236
  7246.757 	     -0.235
  7248.058 	     -0.192
  7249.359 	     -0.195
  7250.660 	     -0.138
  7251.962 	     -0.121
  7253.264 	     -0.142
  7254.566 	     -0.146
  7255.868 	     -0.101
  7257.170 	     -0.096
  7258.473 	     -0.140
  7259.776 	     -0.169
  7261.079 	     -0.125
  7262.382 	     -0.109
  7263.686 	     -0.111
  7264.989 	     -0.047
  7266.293 	     -0.068
  7267.598 	     -0.107
  7268.902 	     -0.006
  7270.207 	      0.188
  7271.512 	      0.178
  7272.817 	      0.009
  7274.123 	     -0.202
  7275.428 	     -0.195
  7276.734 	     -0.153
  7278.040 	     -0.108
  7279.347 	     -0.101
  7280.653 	     -0.129
  7281.960 	     -0.158
  7283.267 	     -0.185
  7284.575 	     -0.181
  7285.882 	     -0.154
  7287.190 	     -0.142
  7288.498 	     -0.124
  7289.806 	     -0.080
  7291.115 	     -0.075
  7292.423 	     -0.085
  7293.732 	     -0.118
  7295.042 	     -0.134
  7296.351 	     -0.126
  7297.661 	     -0.052
  7298.971 	     -0.011
  7300.281 	     -0.056
  7301.591 	     -0.092
  7302.902 	     -0.159
  7304.212 	     -0.100
  7305.524 	     -0.052
  7306.835 	     -0.096
  7308.146 	     -0.074
  7309.458 	      0.084
  7310.770 	      0.156
  7312.082 	      0.079
  7313.395 	     -0.102
  7314.708 	     -0.214
  7316.021 	     -0.188
  7317.334 	     -0.193
  7318.647 	     -0.141
  7319.961 	     -0.140
  7321.275 	     -0.110
  7322.589 	     -0.005
  7323.903 	      0.016
  7325.218 	     -0.041
  7326.533 	     -0.085
  7327.848 	     -0.118
  7329.163 	     -0.131
  7330.479 	     -0.124
  7331.795 	     -0.124
  7333.111 	      0.018
  7334.427 	      0.192
  7335.743 	      0.245
  7337.060 	      0.059
  7338.377 	     -0.163
  7339.694 	     -0.220
