WV      	 Sigma   
4184.326	    0.021
4185.077	    0.009
4185.828	    0.027
4186.580	    0.036
4187.331	    0.007
4188.083	    0.030
4188.835	    0.044
4189.586	    0.056
4190.339	    0.047
4191.091	    0.045
4191.843	    0.043
4192.595	    0.040
4193.348	    0.037
4194.101	    0.033
4194.853	    0.025
4195.606	    0.015
4196.359	    0.024
4197.113	    0.038
4197.866	    0.044
4198.620	    0.040
4199.373	    0.044
4200.127	    0.034
4200.881	    0.023
4201.635	    0.023
4202.389	    0.020
4203.143	    0.036
4203.898	    0.043
4204.652	    0.039
4205.407	    0.049
4206.162	    0.013
4206.917	    0.046
4207.672	    0.015
4208.427	    0.038
4209.183	    0.039
4209.938	    0.040
4210.694	    0.048
4211.450	    0.035
4212.206	    0.019
4212.962	    0.013
4213.718	    0.038
4214.474	    0.035
4215.231	    0.018
4215.987	    0.013
4216.744	    0.025
4217.501	    0.027
4218.258	    0.019
4219.015	    0.015
4219.773	    0.027
4220.530	    0.009
4221.288	    0.007
4222.045	    0.019
4222.803	    0.035
4223.561	    0.033
4224.319	    0.027
4225.077	    0.018
4225.836	    0.012
4226.594	    0.035
4227.353	    0.040
4228.112	    0.038
4228.871	    0.013
4229.630	    0.009
4230.389	    0.028
4231.148	    0.036
4231.908	    0.038
4232.667	    0.040
4233.427	    0.033
4234.187	    0.022
4234.947	    0.009
4235.707	    0.036
4236.468	    0.048
4237.228	    0.041
4237.989	    0.027
4238.749	    0.007
4239.510	    0.027
4240.271	    0.026
4241.032	    0.009
4241.793	    0.041
4242.555	    0.023
4243.316	    0.015
4244.078	    0.025
4244.840	    0.019
4245.602	    0.020
4246.364	    0.027
4247.126	    0.036
4247.888	    0.047
4248.651	    0.045
4249.413	    0.044
4250.176	    0.042
4250.939	    0.045
4251.702	    0.044
4252.465	    0.045
4253.229	    0.046
4253.992	    0.047
4254.756	    0.059
4255.519	    0.057
4256.283	    0.050
4257.047	    0.039
4257.811	    0.042
4258.575	    0.048
4259.340	    0.051
4260.104	    0.045
4260.869	    0.037
4261.634	    0.041
4262.399	    0.040
4263.164	    0.031
4263.929	    0.049
4264.695	    0.055
4265.460	    0.049
4266.226	    0.026
4266.991	    0.042
4267.757	    0.009
4268.523	    0.007
4269.290	    0.035
4270.056	    0.062
4270.822	    0.051
4271.589	    0.040
4272.356	    0.030
4273.123	    0.039
4273.890	    0.034
4274.657	    0.044
4275.424	    0.052
4276.191	    0.047
4276.959	    0.037
4277.727	    0.043
4278.494	    0.048
4279.262	    0.051
4280.031	    0.051
4280.799	    0.052
4281.567	    0.049
4282.336	    0.038
4283.104	    0.047
4283.873	    0.051
4284.642	    0.047
4285.411	    0.037
4286.180	    0.048
4286.950	    0.044
4287.719	    0.041
4288.489	    0.043
4289.259	    0.057
4290.029	    0.060
4290.799	    0.056
4291.569	    0.049
4292.339	    0.043
4293.110	    0.046
4293.880	    0.045
4294.651	    0.051
4295.422	    0.065
4296.193	    0.050
4296.964	    0.045
4297.735	    0.045
4298.507	    0.050
4299.278	    0.046
4300.050	    0.049
4300.822	    0.061
4301.594	    0.068
4302.366	    0.041
4303.138	    0.030
4303.910	    0.033
4304.683	    0.036
4305.456	    0.038
4306.229	    0.027
4307.001	    0.038
4307.775	    0.044
4308.548	    0.044
4309.321	    0.065
4310.095	    0.042
4310.868	    0.033
4311.642	    0.037
4312.416	    0.020
4313.190	    0.035
4313.964	    0.047
4314.739	    0.053
4315.513	    0.040
4316.288	    0.035
4317.062	    0.046
4317.837	    0.054
4318.612	    0.057
4319.388	    0.047
4320.163	    0.039
4320.938	    0.039
4321.714	    0.044
4322.490	    0.055
4323.266	    0.058
4324.042	    0.062
4324.818	    0.063
4325.594	    0.056
4326.370	    0.031
4327.147	    0.027
4327.924	    0.036
4328.700	    0.052
4329.477	    0.044
4330.255	    0.039
4331.032	    0.044
4331.809	    0.050
4332.587	    0.038
4333.364	    0.054
4334.142	    0.058
4334.920	    0.053
4335.698	    0.029
4336.477	    0.019
4337.255	    0.042
4338.034	    0.036
4338.812	    0.030
4339.591	    0.039
4340.370	    0.022
4341.149	    0.012
4341.928	    0.026
4342.708	    0.020
4343.487	    0.027
4344.267	    0.022
4345.046	    0.028
4345.826	    0.021
4346.606	    0.015
4347.387	    0.052
4348.167	    0.051
4348.947	    0.033
4349.728	    0.050
4350.509	    0.038
4351.290	    0.049
4352.071	    0.060
4352.852	    0.066
4353.633	    0.063
4354.415	    0.066
4355.196	    0.065
4355.978	    0.059
4356.760	    0.056
4357.542	    0.047
4358.324	    0.042
4359.106	    0.044
4359.889	    0.055
4360.671	    0.063
4361.454	    0.060
4362.237	    0.058
4363.020	    0.058
4363.803	    0.064
4364.587	    0.064
4365.370	    0.059
4366.153	    0.053
4366.937	    0.050
4367.721	    0.046
4368.505	    0.064
4369.289	    0.067
4370.073	    0.058
4370.858	    0.067
4371.642	    0.050
4372.427	    0.047
4373.212	    0.048
4373.997	    0.049
4374.782	    0.051
4375.567	    0.041
4376.353	    0.020
4377.138	    0.015
4387.363	    0.052
4388.151	    0.052
4388.938	    0.061
4389.726	    0.057
4390.514	    0.059
4391.302	    0.063
4392.090	    0.063
4392.879	    0.054
4393.667	    0.051
4394.456	    0.045
4395.245	    0.036
4396.033	    0.031
4396.823	    0.056
4397.612	    0.060
4398.401	    0.058
4399.191	    0.050
4399.980	    0.053
4400.770	    0.056
4401.560	    0.058
4402.350	    0.059
4403.140	    0.066
4403.931	    0.057
4404.721	    0.058
4405.512	    0.061
4406.302	    0.063
4407.093	    0.068
4407.884	    0.052
4408.676	    0.048
4409.467	    0.053
4410.258	    0.066
4411.050	    0.073
4411.842	    0.060
4412.634	    0.051
4413.426	    0.050
4414.218	    0.051
4415.010	    0.053
4415.803	    0.057
4416.595	    0.055
4417.388	    0.045
4418.181	    0.053
4418.974	    0.031
4419.767	    0.045
4420.561	    0.058
4421.354	    0.049
4422.148	    0.035
4422.941	    0.031
4423.735	    0.023
4424.529	    0.013
4425.324	    0.039
4426.118	    0.030
4426.912	    0.024
4427.707	    0.024
4428.502	    0.033
4429.297	    0.051
4430.092	    0.047
4430.887	    0.051
4431.682	    0.055
4432.478	    0.056
4433.273	    0.046
4434.069	    0.033
4434.865	    0.013
4435.661	    0.022
4436.457	    0.027
4437.253	    0.012
4438.050	    0.020
4438.847	    0.033
4439.643	    0.039
4440.440	    0.038
4441.237	    0.024
4442.034	    0.007
4442.832	    0.020
4443.629	    0.022
4444.427	    0.028
4445.225	    0.030
4446.023	    0.012
4446.821	    0.030
4447.619	    0.045
4448.417	    0.048
4449.216	    0.040
4450.014	    0.033
4450.813	    0.027
4451.612	    0.028
4452.411	    0.043
4453.210	    0.046
4454.009	    0.041
4454.809	    0.028
4455.609	    0.013
4456.408	    0.016
4457.208	    0.024
4458.008	    0.025
4458.808	    0.022
4459.609	    0.027
4460.409	    0.044
4461.210	    0.051
4462.011	    0.052
4462.812	    0.047
4463.613	    0.036
4464.414	    0.012
4465.215	    0.022
4466.017	    0.027
4466.818	    0.025
4467.620	    0.019
4468.422	    0.038
4469.224	    0.042
4470.026	    0.039
4470.829	    0.030
4471.631	    0.026
4472.434	    0.031
4473.237	    0.025
4474.039	    0.009
4474.843	    0.031
4475.646	    0.035
4476.449	    0.022
4477.253	    0.018
4478.056	    0.022
4478.860	    0.030
4479.664	    0.024
4480.468	    0.025
4481.272	    0.025
4482.077	    0.022
4482.881	    0.016
4483.686	    0.009
4484.491	    0.020
4485.296	    0.027
4486.101	    0.030
4486.906	    0.032
4487.711	    0.033
4488.517	    0.031
4489.322	    0.030
4490.128	    0.030
4490.934	    0.030
4491.740	    0.034
4492.547	    0.038
4493.353	    0.033
4494.160	    0.030
4494.966	    0.037
4495.773	    0.043
4496.580	    0.047
4497.387	    0.045
4498.194	    0.039
4499.002	    0.029
4499.809	    0.015
4500.617	    0.016
4501.425	    0.019
4502.233	    0.007
4503.041	    0.021
4503.849	    0.034
4504.658	    0.031
4505.466	    0.021
4506.275	    0.007
4507.084	    0.012
4507.893	    0.019
4508.702	    0.016
4509.511	    0.013
4510.321	    0.016
4511.130	    0.015
4511.940	    0.039
4512.750	    0.050
4513.560	    0.056
4514.370	    0.059
4515.180	    0.059
4515.991	    0.057
4516.802	    0.050
4517.612	    0.041
4518.423	    0.034
4519.234	    0.031
4520.045	    0.033
4520.857	    0.030
4521.668	    0.026
4522.480	    0.021
4523.292	    0.018
4524.103	    0.019
4524.916	    0.027
4525.728	    0.032
4526.540	    0.033
4527.353	    0.030
4528.165	    0.029
4528.978	    0.035
4529.791	    0.037
4530.604	    0.038
4531.417	    0.039
4532.231	    0.043
4533.044	    0.049
4533.858	    0.049
4534.672	    0.044
4535.486	    0.035
4536.300	    0.027
4537.114	    0.022
4537.928	    0.009
4538.743	    0.026
4539.558	    0.030
4540.372	    0.027
4541.187	    0.021
4542.002	    0.035
4542.818	    0.036
4543.633	    0.035
4544.449	    0.037
4545.264	    0.046
4546.080	    0.036
4546.896	    0.018
4547.712	    0.012
4548.529	    0.031
4549.345	    0.054
4550.162	    0.058
4550.979	    0.048
4551.795	    0.040
4552.612	    0.038
4553.430	    0.042
4554.247	    0.045
4555.064	    0.039
4555.882	    0.025
4556.700	    0.025
4557.518	    0.007
4558.336	    0.038
4559.154	    0.054
4559.972	    0.054
4560.791	    0.047
4561.609	    0.036
4562.428	    0.033
4563.247	    0.039
4564.066	    0.043
4564.885	    0.042
4565.705	    0.036
4566.524	    0.025
4567.344	    0.013
4568.164	    0.018
4568.984	    0.020
4569.804	    0.015
4570.624	    0.018
4571.445	    0.036
4572.265	    0.044
4573.086	    0.043
4573.907	    0.038
4574.728	    0.027
4575.549	    0.009
4576.370	    0.022
4577.192	    0.022
4578.013	    0.026
4578.835	    0.032
4579.657	    0.027
4580.479	    0.021
4581.301	    0.030
4582.123	    0.024
4582.946	    0.018
4583.768	    0.016
4584.591	    0.018
4585.414	    0.022
4586.237	    0.040
4587.060	    0.040
4587.884	    0.026
4588.707	    0.028
4589.531	    0.030
4590.355	    0.025
4591.179	    0.040
4592.003	    0.045
4592.827	    0.042
4593.651	    0.026
4594.476	    0.023
4595.301	    0.019
4596.125	    0.018
4596.950	    0.028
4597.776	    0.023
4598.601	    0.023
4599.426	    0.024
4600.252	    0.016
4601.078	    0.015
4601.903	    0.026
4602.730	    0.038
4603.556	    0.040
4604.382	    0.035
4605.208	    0.027
4606.035	    0.020
4606.862	    0.018
4607.689	    0.027
4608.516	    0.025
4609.343	    0.012
4610.170	    0.027
4610.998	    0.028
4611.826	    0.013
4612.653	    0.038
4613.481	    0.040
4614.309	    0.035
4615.138	    0.022
4615.966	    0.013
4616.795	    0.019
4617.623	    0.023
4618.452	    0.036
4619.281	    0.041
4620.110	    0.040
4620.940	    0.038
4621.769	    0.024
4622.599	    0.007
4623.428	    0.023
4624.258	    0.029
4625.088	    0.032
4625.918	    0.028
4626.749	    0.019
4627.579	    0.012
4628.410	    0.012
4629.241	    0.029
4630.072	    0.040
4630.903	    0.033
4631.734	    0.007
4632.565	    0.009
4633.397	    0.019
4634.229	    0.032
4635.060	    0.039
4635.892	    0.038
4636.724	    0.033
4637.557	    0.028
4638.389	    0.018
4639.222	    0.013
4640.054	    0.019
4640.887	    0.019
4641.720	    0.013
4642.553	    0.025
4643.387	    0.031
4644.220	    0.035
4645.054	    0.040
4645.888	    0.035
4646.722	    0.023
4647.556	    0.013
4648.390	    0.027
4649.224	    0.033
4650.059	    0.035
4650.893	    0.038
4651.728	    0.035
4652.563	    0.025
4653.398	    0.025
4654.234	    0.012
4655.069	    0.024
4655.905	    0.027
4656.740	    0.016
4657.576	    0.012
4658.412	    0.015
4659.248	    0.013
4660.085	    0.013
4660.921	    0.019
4661.758	    0.019
4662.594	    0.016
4663.431	    0.033
4664.268	    0.039
4665.106	    0.035
4665.943	    0.036
4666.781	    0.040
4667.618	    0.040
4668.456	    0.035
4669.294	    0.016
4670.132	    0.020
4670.970	    0.020
4671.809	    0.027
4672.647	    0.035
4673.486	    0.035
4674.325	    0.019
4675.164	    0.030
4676.003	    0.028
4676.843	    0.018
4677.682	    0.007
4678.522	    0.009
4679.361	    0.013
4680.201	    0.015
4681.041	    0.024
4681.882	    0.015
4682.722	    0.018
4683.563	    0.024
4684.403	    0.009
4685.244	    0.019
4686.085	    0.028
4686.926	    0.007
4687.767	    0.024
4688.609	    0.020
4689.450	    0.007
4690.292	    0.012
4691.134	    0.035
4691.976	    0.043
4692.818	    0.033
4693.661	    0.016
4694.503	    0.016
4695.346	    0.031
4696.189	    0.036
4697.032	    0.038
4697.875	    0.031
4698.718	    0.007
4699.561	    0.030
4700.405	    0.026
4701.249	    0.021
4702.092	    0.027
4702.936	    0.029
4703.781	    0.023
4704.625	    0.033
4705.469	    0.035
4706.314	    0.018
4707.159	    0.027
4708.004	    0.038
4708.849	    0.040
4709.694	    0.031
4710.539	    0.035
4711.385	    0.039
4712.231	    0.031
4713.076	    0.031
4713.922	    0.019
4714.768	    0.012
4715.615	    0.016
4716.461	    0.042
4717.308	    0.012
4718.154	    0.012
4719.001	    0.022
4719.848	    0.032
4720.696	    0.019
4721.543	    0.020
4722.390	    0.031
4723.238	    0.033
4724.086	    0.025
4724.934	    0.015
4725.782	    0.023
4726.630	    0.036
4727.479	    0.036
4728.327	    0.029
4729.176	    0.030
4730.025	    0.034
4730.874	    0.029
4731.723	    0.032
4732.572	    0.028
4733.422	    0.034
4734.271	    0.034
4735.121	    0.027
4735.971	    0.021
4736.821	    0.034
4737.671	    0.049
4738.522	    0.007
4739.372	    0.029
4740.223	    0.022
4741.074	    0.033
4741.925	    0.058
4742.776	    0.021
4743.627	    0.027
4744.479	    0.036
4745.330	    0.038
4746.182	    0.031
4747.034	    0.013
4747.886	    0.015
4748.738	    0.013
4749.591	    0.007
4750.443	    0.020
4751.296	    0.028
4752.149	    0.031
4753.002	    0.028
4753.855	    0.016
4754.708	    0.012
4755.562	    0.016
4756.415	    0.016
4757.269	    0.019
4758.123	    0.022
4758.977	    0.027
4759.831	    0.042
4760.686	    0.009
4761.540	    0.032
4762.395	    0.031
4763.250	    0.027
4764.105	    0.036
4764.960	    0.024
4765.815	    0.024
4766.671	    0.025
4767.526	    0.024
4768.382	    0.019
4769.238	    0.037
4770.094	    0.025
4770.950	    0.035
4771.807	    0.029
4772.663	    0.022
4773.520	    0.026
4774.377	    0.027
4775.234	    0.012
4776.091	    0.020
4776.948	    0.026
4777.805	    0.038
4778.663	    0.030
4779.521	    0.026
4780.379	    0.024
4781.237	    0.013
4782.095	    0.030
4782.953	    0.016
4783.812	    0.009
4784.670	    0.012
4785.529	    0.012
4786.388	    0.015
4787.247	    0.032
4788.107	    0.037
4788.966	    0.022
4789.826	    0.038
4790.686	    0.036
4791.545	    0.035
4792.405	    0.038
4793.266	    0.022
4794.126	    0.030
4794.987	    0.033
4795.847	    0.023
4796.708	    0.022
4797.569	    0.015
4798.430	    0.016
4799.292	    0.040
4800.153	    0.046
4801.015	    0.013
4801.876	    0.016
4802.738	    0.016
4803.600	    0.018
4804.463	    0.025
4805.325	    0.035
4806.188	    0.025
4807.050	    0.038
4807.913	    0.019
4808.776	    0.023
4809.639	    0.016
4810.503	    0.030
4811.366	    0.030
4812.230	    0.027
4813.093	    0.030
4813.957	    0.020
4814.821	    0.016
4815.686	    0.028
4816.550	    0.030
4817.415	    0.022
4818.279	    0.016
4819.144	    0.016
4820.009	    0.027
4820.874	    0.013
4821.740	    0.018
4822.605	    0.018
4823.471	    0.023
4824.337	    0.016
4825.203	    0.016
4826.069	    0.012
4826.935	    0.009
4827.801	    0.025
4828.668	    0.039
4829.535	    0.029
4830.401	    0.009
4831.269	    0.028
4832.136	    0.028
4833.003	    0.036
4833.871	    0.036
4834.738	    0.016
4835.606	    0.035
4836.474	    0.038
4837.342	    0.016
4838.210	    0.030
4839.079	    0.021
4839.947	    0.013
4840.816	    0.019
4841.685	    0.015
4842.554	    0.016
4843.423	    0.030
4844.293	    0.030
4845.162	    0.028
4846.032	    0.023
4846.902	    0.012
4847.772	    0.030
4848.642	    0.027
4849.512	    0.027
4850.383	    0.012
4851.253	    0.009
4852.124	    0.016
4852.995	    0.026
4853.866	    0.020
4854.737	    0.019
4855.609	    0.026
4856.480	    0.019
4857.352	    0.018
4858.224	    0.030
4859.096	    0.023
4859.968	    0.022
4860.841	    0.007
4861.713	    0.016
4862.586	    0.007
4863.459	    0.019
4864.332	    0.013
4865.205	    0.012
4866.078	    0.018
4866.951	    0.022
4867.825	    0.028
4868.699	    0.041
4869.573	    0.018
4870.447	    0.025
4871.321	    0.035
4872.195	    0.027
4873.070	    0.009
4873.945	    0.040
4874.819	    0.043
4875.694	    0.007
4876.570	    0.030
4877.445	    0.044
4878.320	    0.050
4879.196	    0.048
4880.072	    0.040
4880.948	    0.038
4881.824	    0.044
4882.700	    0.038
4883.577	    0.039
4884.453	    0.046
4885.330	    0.048
4886.207	    0.044
4887.084	    0.034
4887.961	    0.030
4888.838	    0.013
4889.716	    0.047
4890.594	    0.045
4891.472	    0.037
4892.350	    0.033
4893.228	    0.035
4894.106	    0.043
4894.984	    0.049
4895.863	    0.044
4896.742	    0.027
4897.621	    0.027
4898.500	    0.036
4899.379	    0.043
4900.259	    0.046
4901.138	    0.047
4902.018	    0.031
4902.898	    0.030
4903.778	    0.064
4904.658	    0.102
4905.538	    0.136
4906.419	    0.161
4907.300	    0.173
4908.180	    0.171
4909.061	    0.151
4909.943	    0.121
4910.824	    0.092
4911.705	    0.063
4912.587	    0.029
4913.469	    0.033
4914.351	    0.044
4915.233	    0.044
4916.115	    0.059
4916.998	    0.049
4917.880	    0.042
4918.763	    0.047
4919.646	    0.053
4920.529	    0.058
4921.412	    0.061
4922.295	    0.055
4923.179	    0.050
4924.063	    0.047
4924.947	    0.031
4925.831	    0.034
4926.715	    0.037
4927.599	    0.040
4928.484	    0.046
4929.368	    0.044
4930.253	    0.035
4931.138	    0.050
4932.023	    0.049
4932.908	    0.045
4933.794	    0.036
4934.679	    0.035
4935.565	    0.036
4936.451	    0.016
4937.337	    0.022
4938.223	    0.039
4939.110	    0.040
4939.996	    0.033
4940.883	    0.046
4941.770	    0.056
4942.657	    0.052
4943.544	    0.040
4944.431	    0.060
4945.319	    0.062
4946.207	    0.042
4947.094	    0.043
4947.982	    0.053
4948.871	    0.055
4949.759	    0.054
4950.647	    0.051
4951.536	    0.038
4952.425	    0.027
4953.314	    0.038
4954.203	    0.044
4955.092	    0.048
4955.981	    0.061
4956.871	    0.063
4957.761	    0.059
4958.651	    0.059
4959.541	    0.050
4960.431	    0.042
4961.321	    0.037
4962.212	    0.054
4963.103	    0.056
4963.993	    0.051
4964.884	    0.044
4965.776	    0.041
4966.667	    0.045
4967.558	    0.038
4968.450	    0.045
4969.342	    0.044
4970.234	    0.035
4971.126	    0.035
4972.018	    0.034
4972.911	    0.027
4973.803	    0.028
4974.696	    0.041
4975.589	    0.042
4976.482	    0.039
4977.375	    0.037
4978.269	    0.032
4979.162	    0.019
4980.056	    0.007
4980.950	    0.023
4981.844	    0.042
4982.738	    0.043
4983.633	    0.049
4984.527	    0.059
4985.422	    0.055
4986.317	    0.044
4987.212	    0.040
4988.107	    0.037
4989.002	    0.028
4989.898	    0.019
4990.794	    0.012
4991.689	    0.029
4992.585	    0.034
4993.482	    0.030
4994.378	    0.036
4995.274	    0.034
4996.171	    0.025
4997.068	    0.020
4997.965	    0.023
4998.862	    0.041
4999.759	    0.056
5000.657	    0.039
5001.554	    0.047
5002.452	    0.051
5003.350	    0.038
5004.248	    0.009
5005.146	    0.019
5006.045	    0.027
5006.943	    0.040
5007.842	    0.038
5008.741	    0.009
5009.640	    0.034
5010.539	    0.018
5011.438	    0.015
5012.338	    0.026
5013.238	    0.047
5014.137	    0.058
5015.037	    0.061
5015.938	    0.036
5016.838	    0.036
5017.738	    0.012
5018.639	    0.015
5019.540	    0.031
5020.441	    0.012
5021.342	    0.015
5022.243	    0.040
5023.145	    0.058
5024.046	    0.052
5024.948	    0.028
5025.850	    0.043
5026.752	    0.052
5027.655	    0.033
5028.557	    0.036
5029.460	    0.044
5030.362	    0.047
5031.265	    0.053
5032.168	    0.050
5033.072	    0.051
5033.975	    0.034
5034.879	    0.039
5035.782	    0.040
5036.686	    0.038
5037.590	    0.043
5038.495	    0.042
5039.399	    0.036
5040.304	    0.046
5041.208	    0.054
5042.113	    0.052
5043.018	    0.023
5043.923	    0.051
5044.829	    0.045
5045.734	    0.047
5046.640	    0.045
5047.546	    0.045
5048.452	    0.046
5049.358	    0.035
5050.264	    0.032
5051.171	    0.035
5052.078	    0.055
5052.984	    0.072
5053.891	    0.079
5054.799	    0.084
5055.706	    0.076
5056.613	    0.057
5057.521	    0.043
5058.429	    0.038
5059.337	    0.009
5060.245	    0.031
5061.153	    0.021
5062.062	    0.043
5062.970	    0.057
5063.879	    0.054
5064.788	    0.043
5065.697	    0.037
5066.606	    0.045
5067.516	    0.052
5068.425	    0.051
5069.335	    0.053
5070.245	    0.054
5071.155	    0.044
5072.065	    0.032
5072.976	    0.038
5073.886	    0.039
5074.797	    0.030
5075.708	    0.028
5076.619	    0.042
5077.530	    0.051
5078.442	    0.043
5079.353	    0.043
5080.265	    0.028
5081.177	    0.018
5082.089	    0.027
5083.001	    0.037
5083.914	    0.044
5084.826	    0.047
5085.739	    0.047
5086.652	    0.037
5087.565	    0.020
5088.478	    0.023
5089.391	    0.022
5090.305	    0.027
5091.219	    0.024
5092.132	    0.030
5093.046	    0.022
5093.961	    0.044
5094.875	    0.047
5095.789	    0.046
5096.704	    0.048
5097.619	    0.039
5098.534	    0.009
5099.449	    0.027
5100.364	    0.021
5101.280	    0.022
5102.196	    0.033
5103.111	    0.036
5104.027	    0.022
5104.944	    0.024
5105.860	    0.031
5106.776	    0.035
5107.693	    0.022
5108.610	    0.025
5109.527	    0.015
5110.444	    0.025
5111.361	    0.028
5112.279	    0.030
5113.196	    0.020
5114.114	    0.022
5115.032	    0.015
5115.950	    0.021
5116.868	    0.026
5117.787	    0.013
5118.706	    0.015
5119.624	    0.039
5120.543	    0.038
5121.462	    0.016
5122.382	    0.016
5123.301	    0.019
5124.221	    0.038
5125.141	    0.042
5126.060	    0.039
5126.981	    0.044
5127.901	    0.044
5128.821	    0.026
5129.742	    0.023
5130.663	    0.052
5131.584	    0.013
5132.505	    0.039
5133.426	    0.023
5134.347	    0.012
5135.269	    0.015
5136.191	    0.020
5137.113	    0.037
5138.035	    0.041
5138.957	    0.029
5139.879	    0.026
5140.802	    0.026
5141.725	    0.009
5142.648	    0.032
5143.571	    0.031
5144.494	    0.031
5145.417	    0.018
5146.341	    0.013
5147.265	    0.009
5148.189	    0.024
5149.113	    0.031
5150.037	    0.016
5150.961	    0.027
5151.886	    0.015
5152.811	    0.012
5153.736	    0.016
5154.661	    0.016
5155.586	    0.038
5156.511	    0.039
5157.437	    0.030
5158.363	    0.036
5159.289	    0.047
5160.215	    0.047
5161.141	    0.031
5162.067	    0.019
5162.994	    0.022
5163.921	    0.040
5164.848	    0.038
5165.775	    0.019
5166.702	    0.016
5167.629	    0.036
5168.557	    0.042
5169.485	    0.036
5170.412	    0.032
5171.341	    0.029
5172.269	    0.018
5173.197	    0.015
5174.126	    0.023
5175.054	    0.035
5175.983	    0.021
5176.912	    0.015
5177.842	    0.027
5178.771	    0.022
5179.701	    0.025
5180.630	    0.031
5181.560	    0.027
5182.490	    0.016
5183.421	    0.020
5184.351	    0.013
5185.282	    0.023
5186.212	    0.034
5187.143	    0.040
5188.074	    0.033
5189.006	    0.013
5189.937	    0.009
5190.868	    0.033
5191.800	    0.041
5192.732	    0.038
5193.664	    0.032
5252.723	    0.024
5253.666	    0.013
5254.609	    0.026
5255.552	    0.018
5256.496	    0.033
5257.439	    0.019
5258.383	    0.016
5259.327	    0.024
5260.271	    0.024
5261.215	    0.013
5262.159	    0.007
5263.104	    0.013
5264.049	    0.007
5264.994	    0.023
5265.939	    0.016
5266.884	    0.022
5267.829	    0.033
5268.775	    0.045
5269.721	    0.025
5270.666	    0.015
5271.612	    0.021
5272.559	    0.034
5273.505	    0.022
5274.452	    0.023
5275.398	    0.016
5276.345	    0.007
5277.292	    0.021
5278.240	    0.007
5279.187	    0.032
5280.135	    0.016
5281.082	    0.030
5282.030	    0.016
5282.979	    0.038
5283.927	    0.022
5284.875	    0.009
5285.824	    0.030
5286.773	    0.026
5287.722	    0.026
5288.671	    0.007
5289.620	    0.033
5290.569	    0.025
5291.519	    0.020
5292.469	    0.019
5293.419	    0.009
5294.369	    0.012
5295.319	    0.025
5296.270	    0.041
5297.220	    0.034
5298.171	    0.031
5299.122	    0.024
5300.073	    0.036
5301.025	    0.020
5301.976	    0.030
5302.928	    0.022
5303.880	    0.022
5304.832	    0.028
5305.784	    0.028
5306.736	    0.016
5307.689	    0.025
5308.642	    0.038
5309.595	    0.045
5310.548	    0.047
5311.501	    0.043
5312.454	    0.039
5313.408	    0.045
5314.362	    0.039
5315.315	    0.035
5316.270	    0.035
5317.224	    0.028
5318.178	    0.040
5319.133	    0.030
5320.088	    0.009
5321.043	    0.020
5321.998	    0.009
5322.953	    0.025
5323.908	    0.024
5324.864	    0.024
5325.820	    0.019
5326.776	    0.029
5327.732	    0.025
5328.688	    0.013
5329.645	    0.027
5330.601	    0.040
5331.558	    0.028
5332.515	    0.007
5333.472	    0.033
5334.430	    0.033
5335.387	    0.026
5336.345	    0.007
5337.303	    0.027
5338.261	    0.018
5339.219	    0.034
5340.177	    0.026
5341.136	    0.034
5342.094	    0.033
5343.053	    0.022
5344.012	    0.019
5344.972	    0.013
5345.931	    0.027
5346.891	    0.025
5347.850	    0.025
5348.810	    0.013
5349.770	    0.012
5350.731	    0.021
5351.691	    0.020
5352.652	    0.023
5353.612	    0.028
5354.573	    0.035
5355.535	    0.027
5356.496	    0.032
5357.457	    0.033
5358.419	    0.027
5359.381	    0.007
5360.343	    0.029
5361.305	    0.033
5362.267	    0.022
5363.230	    0.025
5364.192	    0.027
5365.155	    0.013
5366.118	    0.007
5367.081	    0.009
5368.045	    0.013
5369.008	    0.023
5392.185	    0.035
5393.153	    0.013
5394.121	    0.009
5395.090	    0.020
5396.058	    0.039
5397.027	    0.047
5397.995	    0.043
5398.964	    0.047
5399.933	    0.043
5400.903	    0.050
5401.872	    0.036
5402.842	    0.015
5403.811	    0.024
5404.781	    0.007
5405.751	    0.016
5406.722	    0.012
5407.692	    0.015
5408.663	    0.022
5409.634	    0.018
5410.605	    0.007
5411.576	    0.013
5412.547	    0.030
5413.519	    0.031
5414.491	    0.030
5415.462	    0.037
5416.434	    0.042
5417.407	    0.040
5418.379	    0.035
5419.352	    0.035
5420.324	    0.048
5421.297	    0.049
5422.270	    0.052
5423.244	    0.045
5424.217	    0.027
5425.191	    0.028
5426.165	    0.027
5427.139	    0.031
5428.113	    0.034
5429.087	    0.042
5430.062	    0.038
5431.036	    0.042
5432.011	    0.038
5432.986	    0.038
5433.961	    0.036
5434.937	    0.034
5435.912	    0.018
5436.888	    0.025
5437.864	    0.035
5438.840	    0.037
5439.816	    0.042
5440.793	    0.045
5441.769	    0.038
5442.746	    0.027
5443.723	    0.029
5444.700	    0.039
5445.677	    0.043
5446.655	    0.047
5447.632	    0.048
5448.610	    0.037
5449.588	    0.035
5450.566	    0.035
5451.545	    0.016
5452.523	    0.009
5453.502	    0.007
5454.481	    0.038
5455.460	    0.040
5456.439	    0.026
5457.419	    0.036
5458.398	    0.040
5459.378	    0.015
5460.358	    0.023
5461.338	    0.026
5462.318	    0.046
5463.299	    0.051
5464.279	    0.034
5465.260	    0.015
5466.241	    0.009
5467.222	    0.032
5468.204	    0.038
5469.185	    0.009
5470.167	    0.019
5471.149	    0.030
5472.131	    0.047
5473.113	    0.040
5474.096	    0.039
5475.078	    0.021
5476.061	    0.025
5477.044	    0.025
5478.027	    0.007
5479.010	    0.013
5479.994	    0.012
5480.977	    0.027
5481.961	    0.036
5482.945	    0.045
5483.929	    0.044
5484.914	    0.019
5485.898	    0.009
5486.883	    0.023
5487.868	    0.027
5488.853	    0.019
5489.838	    0.015
5490.823	    0.019
5491.809	    0.021
5492.795	    0.019
5493.781	    0.032
5494.767	    0.027
5495.753	    0.044
5496.740	    0.021
5497.726	    0.024
5498.713	    0.031
5499.700	    0.033
5500.687	    0.047
5501.675	    0.033
5502.662	    0.018
5503.650	    0.046
5504.638	    0.041
5505.626	    0.035
5506.614	    0.023
5507.602	    0.029
5508.591	    0.021
5509.580	    0.027
5510.569	    0.020
5511.558	    0.036
5512.547	    0.032
5513.537	    0.016
5514.526	    0.027
5515.516	    0.032
5516.506	    0.038
5517.496	    0.027
5518.487	    0.021
5519.477	    0.018
5520.468	    0.019
5521.459	    0.026
5522.450	    0.050
5523.441	    0.044
5524.433	    0.016
5525.424	    0.027
5526.416	    0.045
5527.408	    0.048
5528.400	    0.035
5529.392	    0.035
5530.385	    0.039
5531.378	    0.039
5532.370	    0.044
5533.363	    0.047
5534.357	    0.042
5535.350	    0.019
5536.344	    0.020
5537.337	    0.024
5538.331	    0.029
5539.325	    0.018
5540.320	    0.033
5541.314	    0.025
5542.309	    0.028
5543.304	    0.034
5544.299	    0.039
5545.294	    0.036
5546.289	    0.039
5547.285	    0.044
5548.280	    0.038
5549.276	    0.015
5550.272	    0.022
5551.269	    0.030
5552.265	    0.047
5553.262	    0.036
5554.259	    0.035
5555.255	    0.027
5556.253	    0.044
5557.250	    0.012
5558.247	    0.012
5559.245	    0.036
5560.243	    0.048
5584.246	    0.040
5585.248	    0.051
5586.250	    0.050
5587.253	    0.059
5588.256	    0.054
5589.259	    0.042
5590.262	    0.052
5591.266	    0.036
5592.269	    0.043
5593.273	    0.058
5594.277	    0.044
5595.281	    0.016
5596.286	    0.049
5597.290	    0.046
5598.295	    0.054
5599.300	    0.039
5600.305	    0.042
5601.310	    0.036
5602.315	    0.056
5603.321	    0.049
5604.327	    0.041
5605.333	    0.048
5606.339	    0.049
5607.345	    0.022
5608.352	    0.030
5609.358	    0.020
5610.365	    0.048
5611.372	    0.054
5612.379	    0.056
5613.387	    0.036
5614.394	    0.051
5615.402	    0.051
5616.410	    0.055
5617.418	    0.045
5618.427	    0.044
5619.435	    0.044
5620.444	    0.045
5621.453	    0.039
5622.462	    0.050
5623.471	    0.046
5624.480	    0.056
5625.490	    0.045
5626.499	    0.049
5627.509	    0.066
5628.520	    0.048
5629.530	    0.052
5630.540	    0.060
5631.551	    0.052
5632.562	    0.056
5633.573	    0.066
5634.584	    0.062
5635.595	    0.063
5636.607	    0.051
5637.619	    0.065
5638.631	    0.051
5639.643	    0.054
5640.655	    0.066
5641.668	    0.066
5642.680	    0.046
5643.693	    0.043
5644.706	    0.057
5645.719	    0.054
5646.733	    0.054
5647.746	    0.066
5648.760	    0.050
5649.774	    0.061
5650.788	    0.056
5651.802	    0.051
5652.817	    0.068
5653.831	    0.072
5654.846	    0.068
5655.861	    0.065
5656.876	    0.066
5657.892	    0.066
5658.907	    0.056
5659.923	    0.063
5660.939	    0.069
5661.955	    0.060
5662.972	    0.067
5663.988	    0.072
5665.005	    0.059
5666.022	    0.067
5667.039	    0.070
5668.056	    0.069
5669.073	    0.067
5670.091	    0.056
5671.109	    0.070
5672.126	    0.071
5673.145	    0.067
5674.163	    0.065
5675.181	    0.071
5676.200	    0.069
5677.219	    0.074
5678.238	    0.081
5679.257	    0.076
5680.277	    0.073
5681.296	    0.076
5682.316	    0.071
5683.336	    0.074
5684.356	    0.075
5685.376	    0.068
5686.397	    0.070
5687.418	    0.075
5688.438	    0.070
5689.459	    0.072
5690.481	    0.071
5691.502	    0.070
5692.524	    0.071
5693.545	    0.071
5694.567	    0.072
5695.590	    0.082
5696.612	    0.080
5697.634	    0.075
5698.657	    0.080
5699.680	    0.081
5700.703	    0.083
5701.726	    0.080
5702.750	    0.070
5703.773	    0.072
5704.797	    0.077
5705.821	    0.079
5706.845	    0.081
5707.870	    0.084
5708.894	    0.084
5709.919	    0.080
5710.944	    0.081
5711.969	    0.079
5712.994	    0.084
5714.020	    0.083
5715.045	    0.079
5716.071	    0.072
5717.097	    0.083
5718.123	    0.082
5719.150	    0.077
5720.176	    0.081
5721.203	    0.081
5722.230	    0.080
5723.257	    0.079
5724.284	    0.081
5725.312	    0.079
5726.340	    0.082
5727.367	    0.094
5728.396	    0.087
5729.424	    0.079
5730.452	    0.089
5731.481	    0.087
5732.510	    0.087
5733.538	    0.089
5734.568	    0.088
5735.597	    0.093
5736.626	    0.086
5737.656	    0.081
5738.686	    0.086
5739.716	    0.088
5740.746	    0.090
5741.777	    0.087
5742.807	    0.087
5743.838	    0.087
5744.869	    0.089
5745.900	    0.085
5746.932	    0.082
5747.963	    0.083
5748.995	    0.088
5750.027	    0.088
5751.059	    0.089
5752.091	    0.089
5753.124	    0.089
5754.157	    0.091
5755.189	    0.089
5756.222	    0.086
5757.256	    0.088
5758.289	    0.089
5759.323	    0.090
5760.356	    0.093
5761.390	    0.093
5762.425	    0.093
5763.459	    0.084
5764.493	    0.081
5765.528	    0.088
5766.563	    0.091
5767.598	    0.089
5768.633	    0.088
5769.669	    0.088
5770.704	    0.091
5771.740	    0.083
5772.776	    0.086
5773.812	    0.090
5774.849	    0.089
5775.885	    0.091
5776.922	    0.092
5777.959	    0.092
5778.996	    0.087
5780.033	    0.088
5781.071	    0.091
5782.109	    0.093
5783.146	    0.089
5784.185	    0.088
5785.223	    0.091
5786.261	    0.085
5787.300	    0.076
5788.339	    0.081
5789.378	    0.088
5790.417	    0.088
5791.456	    0.090
5792.496	    0.092
5793.535	    0.089
5794.575	    0.086
5795.615	    0.086
5796.656	    0.086
5797.696	    0.087
5798.737	    0.085
5799.778	    0.087
5800.819	    0.088
5801.860	    0.086
5802.901	    0.085
5803.943	    0.089
5804.985	    0.092
5806.027	    0.085
5807.069	    0.079
5808.111	    0.076
5809.154	    0.077
5810.196	    0.076
5811.239	    0.077
5812.282	    0.081
5813.326	    0.081
5814.369	    0.082
5815.413	    0.082
5816.457	    0.078
5817.501	    0.078
5818.545	    0.081
5819.589	    0.084
5820.634	    0.086
5821.679	    0.086
5822.724	    0.082
5823.769	    0.081
5824.814	    0.085
5825.860	    0.089
5826.905	    0.085
5827.951	    0.081
5828.997	    0.086
5830.044	    0.089
5831.090	    0.091
5832.137	    0.090
5833.184	    0.094
5834.231	    0.097
5835.278	    0.094
5836.325	    0.095
5837.373	    0.094
5838.421	    0.090
5839.469	    0.086
5840.517	    0.087
5841.565	    0.088
5842.614	    0.087
5843.663	    0.092
5844.711	    0.091
5845.761	    0.077
5846.810	    0.068
5847.859	    0.073
5848.909	    0.076
5849.959	    0.078
5851.009	    0.086
5852.059	    0.085
5853.110	    0.080
5854.160	    0.079
5855.211	    0.077
5856.262	    0.077
5857.313	    0.071
5858.364	    0.071
5859.416	    0.069
5860.468	    0.061
5861.520	    0.068
5862.572	    0.066
5863.624	    0.066
5864.677	    0.074
5865.729	    0.079
5866.782	    0.077
5867.835	    0.075
5868.888	    0.073
5869.942	    0.067
5870.996	    0.064
5872.049	    0.068
5873.103	    0.067
5874.158	    0.061
5875.212	    0.059
5876.267	    0.061
5877.321	    0.058
5878.376	    0.057
5879.431	    0.057
5880.487	    0.056
5881.542	    0.062
5882.598	    0.055
5883.654	    0.068
5884.710	    0.069
5885.766	    0.075
5886.823	    0.078
5887.879	    0.073
5888.936	    0.073
5889.993	    0.076
5891.051	    0.081
5892.108	    0.082
5893.166	    0.077
5894.223	    0.067
5895.281	    0.056
5896.340	    0.056
5897.398	    0.057
5898.456	    0.047
5899.515	    0.052
5900.574	    0.066
5901.633	    0.047
5902.693	    0.036
5903.752	    0.060
5904.812	    0.067
5905.872	    0.058
5906.932	    0.061
5907.992	    0.054
5909.052	    0.044
5910.113	    0.036
5911.174	    0.044
5912.235	    0.038
5913.296	    0.039
5914.358	    0.043
5915.419	    0.051
5916.481	    0.044
5917.543	    0.044
5918.605	    0.042
5919.668	    0.039
5920.730	    0.025
5921.793	    0.049
5922.856	    0.055
5923.919	    0.045
5924.982	    0.040
5926.046	    0.018
5927.109	    0.012
5928.173	    0.036
5929.237	    0.038
5930.302	    0.043
5931.366	    0.037
5932.431	    0.041
5933.496	    0.038
5934.561	    0.021
5935.626	    0.015
5936.691	    0.058
5937.757	    0.060
5938.823	    0.053
5939.889	    0.059
5940.955	    0.074
5942.021	    0.092
5943.088	    0.110
5944.155	    0.124
5945.222	    0.151
5946.289	    0.156
5947.356	    0.144
5948.424	    0.132
5949.491	    0.123
5950.559	    0.129
5951.627	    0.137
5952.696	    0.138
5953.764	    0.123
5954.833	    0.104
5955.902	    0.076
5956.971	    0.054
5958.040	    0.035
5959.109	    0.039
5960.179	    0.044
5961.249	    0.044
5962.319	    0.015
5963.389	    0.026
5964.460	    0.016
5965.530	    0.020
5966.601	    0.020
5967.672	    0.027
5968.743	    0.021
5969.814	    0.015
5970.886	    0.007
5971.958	    0.015
5973.030	    0.022
5974.102	    0.037
5975.174	    0.020
5976.247	    0.009
5977.319	    0.021
5978.392	    0.012
5979.465	    0.009
5980.539	    0.021
5981.612	    0.016
5982.686	    0.013
5983.760	    0.019
5984.834	    0.022
5985.908	    0.020
5986.982	    0.023
5988.057	    0.020
5989.132	    0.021
5990.207	    0.024
5991.282	    0.029
5992.358	    0.023
5993.433	    0.032
5994.509	    0.015
5995.585	    0.035
5996.661	    0.018
5997.738	    0.025
5998.814	    0.033
5999.891	    0.038
6000.968	    0.039
6002.045	    0.027
6003.122	    0.020
6004.200	    0.022
6005.278	    0.027
6006.356	    0.024
6007.434	    0.016
6008.512	    0.033
6009.590	    0.046
6010.669	    0.041
6011.748	    0.027
6012.827	    0.031
6013.906	    0.038
6014.986	    0.026
6016.066	    0.015
6017.145	    0.009
6018.225	    0.031
6019.306	    0.039
6020.386	    0.039
6021.467	    0.036
6022.548	    0.036
6023.629	    0.038
6024.710	    0.038
6025.791	    0.031
6026.873	    0.022
6027.955	    0.024
6029.037	    0.036
6030.119	    0.042
6031.201	    0.036
6032.284	    0.028
6033.367	    0.030
6034.450	    0.035
6035.533	    0.035
6036.616	    0.038
6037.700	    0.044
6038.783	    0.043
6039.867	    0.038
6040.951	    0.039
6042.036	    0.042
6043.120	    0.034
6044.205	    0.028
6045.290	    0.035
6046.375	    0.044
6047.460	    0.044
6048.546	    0.037
6049.631	    0.038
6050.717	    0.041
6051.803	    0.042
6052.890	    0.045
6053.976	    0.047
6055.063	    0.047
6056.150	    0.047
6057.237	    0.045
6058.324	    0.040
6059.411	    0.033
6060.499	    0.027
6061.587	    0.027
6062.675	    0.029
6063.763	    0.034
6064.852	    0.034
6065.940	    0.027
6067.029	    0.029
6068.118	    0.040
6069.207	    0.042
6070.297	    0.030
6071.386	    0.024
6072.476	    0.033
6073.566	    0.040
6074.656	    0.044
6075.747	    0.050
6076.837	    0.052
6077.928	    0.050
6079.019	    0.048
6080.110	    0.063
6081.201	    0.068
6082.293	    0.070
6083.385	    0.060
6084.477	    0.051
6085.569	    0.054
6086.661	    0.063
6087.754	    0.067
6088.846	    0.068
6089.939	    0.070
6091.032	    0.073
6092.126	    0.073
6093.219	    0.068
6094.313	    0.068
6095.407	    0.066
6096.501	    0.061
6097.595	    0.061
6098.690	    0.063
6099.784	    0.063
6100.879	    0.063
6101.974	    0.067
6103.070	    0.070
6104.165	    0.069
6105.261	    0.067
6106.357	    0.068
6107.453	    0.072
6108.549	    0.075
6109.646	    0.077
6110.742	    0.077
6111.839	    0.075
6112.936	    0.070
6114.033	    0.070
6115.131	    0.068
6116.228	    0.073
6117.326	    0.077
6118.424	    0.082
6119.523	    0.072
6120.621	    0.060
6155.875	    0.063
6156.980	    0.073
6158.085	    0.086
6159.190	    0.085
6160.296	    0.082
6161.402	    0.085
6162.508	    0.086
6163.614	    0.081
6164.720	    0.072
6165.827	    0.068
6166.933	    0.079
6168.040	    0.086
6169.148	    0.083
6170.255	    0.078
6171.362	    0.080
6172.470	    0.084
6173.578	    0.084
6174.686	    0.083
6175.795	    0.082
6176.903	    0.080
6178.012	    0.080
6179.121	    0.084
6180.230	    0.087
6181.339	    0.088
6182.449	    0.088
6183.558	    0.089
6184.668	    0.086
6185.778	    0.079
6186.889	    0.079
6187.999	    0.088
6189.110	    0.092
6190.221	    0.092
6191.332	    0.088
6192.443	    0.084
6193.555	    0.081
6194.667	    0.079
6195.779	    0.077
6196.891	    0.079
6198.003	    0.082
6199.116	    0.085
6200.228	    0.086
6201.341	    0.084
6202.454	    0.081
6203.568	    0.078
6204.681	    0.079
6205.795	    0.081
6206.909	    0.083
6208.023	    0.085
6209.137	    0.087
6210.252	    0.087
6211.366	    0.085
6212.481	    0.081
6213.596	    0.082
6214.712	    0.081
6215.827	    0.078
6216.943	    0.078
6218.059	    0.083
6219.175	    0.083
6220.291	    0.081
6221.408	    0.077
6222.525	    0.077
6223.641	    0.082
6224.759	    0.085
6225.876	    0.085
6226.993	    0.083
6228.111	    0.078
6229.229	    0.075
6230.347	    0.078
6231.466	    0.086
6232.584	    0.092
6233.703	    0.091
6234.822	    0.085
6235.941	    0.076
6237.060	    0.073
6238.180	    0.079
6239.299	    0.082
6240.419	    0.078
6241.539	    0.071
6242.660	    0.072
6243.780	    0.081
6244.901	    0.085
6246.022	    0.080
6247.143	    0.076
6248.264	    0.085
6249.386	    0.092
6250.508	    0.091
6251.630	    0.088
6252.752	    0.090
6253.874	    0.096
6254.997	    0.096
6256.119	    0.089
6257.242	    0.084
6258.366	    0.083
6259.489	    0.081
6260.612	    0.081
6261.736	    0.080
6262.860	    0.078
6263.984	    0.075
6265.109	    0.073
6266.233	    0.071
6267.358	    0.071
6268.483	    0.073
6269.608	    0.075
6270.734	    0.077
6271.859	    0.080
6272.985	    0.081
6274.111	    0.083
6275.237	    0.084
6276.363	    0.084
6277.490	    0.083
6278.617	    0.081
6279.744	    0.078
6280.871	    0.076
6281.998	    0.073
6283.126	    0.071
6284.254	    0.070
6285.382	    0.070
6286.510	    0.072
6287.638	    0.073
6288.767	    0.074
6289.896	    0.073
6291.025	    0.072
6292.154	    0.070
6293.283	    0.067
6294.413	    0.064
6295.543	    0.061
6296.673	    0.058
6297.803	    0.058
6298.933	    0.059
6300.064	    0.069
6301.195	    0.071
6302.326	    0.072
6303.457	    0.070
6304.589	    0.068
6305.720	    0.065
6306.852	    0.062
6307.984	    0.065
6309.117	    0.070
6310.249	    0.067
6311.382	    0.056
6312.514	    0.056
6313.648	    0.070
6314.781	    0.078
6315.914	    0.079
6317.048	    0.080
6318.182	    0.080
6319.316	    0.079
6320.450	    0.079
6321.585	    0.082
6322.719	    0.080
6323.854	    0.081
6324.989	    0.081
6326.125	    0.071
6327.260	    0.072
6328.396	    0.078
6329.532	    0.075
6330.668	    0.074
6331.804	    0.067
6332.941	    0.073
6334.078	    0.078
6335.215	    0.073
6336.352	    0.078
6337.489	    0.078
6338.627	    0.075
6339.764	    0.075
6340.902	    0.066
6342.041	    0.057
6343.179	    0.048
6344.317	    0.047
6345.456	    0.048
6346.595	    0.058
6347.734	    0.060
6348.874	    0.059
6350.013	    0.071
6351.153	    0.080
6352.293	    0.078
6353.433	    0.081
6354.574	    0.085
6355.714	    0.088
6356.855	    0.097
6357.996	    0.112
6359.138	    0.125
6360.279	    0.127
6361.421	    0.122
6362.563	    0.110
6363.705	    0.098
6364.847	    0.083
6365.989	    0.075
6367.132	    0.074
6368.275	    0.068
6369.418	    0.069
6370.561	    0.065
6371.705	    0.066
6372.848	    0.068
6373.992	    0.070
6375.136	    0.065
6376.281	    0.065
6377.425	    0.063
6378.570	    0.066
6379.715	    0.065
6380.860	    0.072
6382.005	    0.073
6383.151	    0.070
6384.297	    0.064
6385.443	    0.073
6386.589	    0.064
6387.735	    0.068
6388.882	    0.072
6390.028	    0.076
6391.175	    0.065
6392.323	    0.066
6393.470	    0.075
6394.618	    0.070
6395.765	    0.064
6396.913	    0.072
6398.062	    0.077
6399.210	    0.074
6400.359	    0.063
6401.508	    0.058
6402.657	    0.062
6403.806	    0.058
6404.955	    0.062
6406.105	    0.066
6407.255	    0.063
6408.405	    0.064
6409.555	    0.066
6410.706	    0.067
6411.856	    0.064
6413.007	    0.061
6414.158	    0.071
6415.310	    0.067
6416.461	    0.064
6417.613	    0.062
6418.765	    0.065
6419.917	    0.062
6421.069	    0.062
6422.222	    0.058
6423.375	    0.056
6424.528	    0.058
6425.681	    0.070
6426.834	    0.071
6427.988	    0.066
6429.142	    0.069
6430.296	    0.064
6431.450	    0.056
6432.604	    0.058
6433.759	    0.056
6434.914	    0.049
6436.069	    0.048
6437.224	    0.048
6438.380	    0.050
6439.535	    0.054
6440.691	    0.051
6441.847	    0.046
6443.003	    0.036
6444.160	    0.052
6445.317	    0.056
6446.474	    0.053
6447.631	    0.054
6448.788	    0.061
6449.945	    0.061
6451.103	    0.056
6452.261	    0.054
6453.419	    0.050
6454.578	    0.052
6455.736	    0.045
6456.895	    0.038
6458.054	    0.054
6459.213	    0.056
6460.373	    0.045
6461.532	    0.036
6462.692	    0.043
6463.852	    0.047
6465.012	    0.030
6466.173	    0.030
6467.333	    0.039
6468.494	    0.038
6469.655	    0.038
6470.817	    0.022
6471.978	    0.033
6473.140	    0.042
6474.302	    0.039
6475.464	    0.042
6476.626	    0.051
6477.789	    0.031
6478.951	    0.041
6480.114	    0.039
6481.277	    0.051
6482.441	    0.053
6483.604	    0.051
6484.768	    0.027
6485.932	    0.027
6487.096	    0.034
6488.261	    0.028
6489.425	    0.046
6490.590	    0.048
6491.755	    0.048
6492.921	    0.056
6494.086	    0.054
6495.252	    0.033
6496.418	    0.028
6497.584	    0.021
6498.750	    0.007
6499.916	    0.023
6501.083	    0.018
6502.250	    0.047
6503.417	    0.029
6504.584	    0.027
6505.752	    0.027
6506.920	    0.018
6508.088	    0.012
6509.256	    0.016
6510.424	    0.007
6511.593	    0.027
6512.762	    0.015
6513.931	    0.020
6515.100	    0.012
6516.269	    0.019
6517.439	    0.012
6518.609	    0.026
6519.779	    0.027
6520.949	    0.007
6522.120	    0.016
6523.290	    0.022
6524.461	    0.033
6525.632	    0.027
6526.804	    0.030
6527.975	    0.040
6529.147	    0.030
6530.319	    0.019
6531.491	    0.034
6532.664	    0.032
6533.836	    0.030
6535.009	    0.032
6536.182	    0.038
6537.355	    0.050
6538.529	    0.042
6539.702	    0.052
6540.876	    0.059
6542.050	    0.050
6543.224	    0.039
6544.399	    0.036
6545.574	    0.027
6546.748	    0.027
6547.924	    0.040
6549.099	    0.049
6550.274	    0.059
6551.450	    0.042
6552.626	    0.026
6553.802	    0.033
6554.979	    0.027
6556.155	    0.027
6557.332	    0.049
6558.509	    0.040
6559.686	    0.043
6560.864	    0.036
6562.041	    0.034
6563.219	    0.037
6564.397	    0.015
6565.576	    0.021
6566.754	    0.044
6567.933	    0.033
6569.112	    0.029
6570.291	    0.036
6571.470	    0.040
6572.650	    0.038
6573.830	    0.056
6575.010	    0.058
6576.190	    0.058
6577.370	    0.058
6578.551	    0.056
6579.732	    0.055
6580.913	    0.052
6582.094	    0.048
6583.275	    0.043
6584.457	    0.037
6585.639	    0.030
6586.821	    0.023
6588.003	    0.030
6589.186	    0.033
6590.368	    0.035
6591.551	    0.048
6592.735	    0.051
6593.918	    0.049
6595.102	    0.051
6596.285	    0.054
6597.469	    0.056
6598.654	    0.059
6599.838	    0.051
6601.023	    0.050
6602.207	    0.054
6603.393	    0.056
6604.578	    0.069
6605.763	    0.090
6606.949	    0.116
6608.135	    0.150
6609.321	    0.188
6610.507	    0.207
6611.694	    0.207
6612.881	    0.187
6614.068	    0.158
6615.255	    0.123
6616.442	    0.096
6617.630	    0.083
6618.818	    0.091
6620.006	    0.134
6621.194	    0.199
6622.383	    0.293
6623.571	    0.375
6624.760	    0.429
6625.949	    0.448
6627.139	    0.426
6628.328	    0.357
6629.518	    0.270
6630.708	    0.192
6631.898	    0.129
6633.089	    0.092
6634.279	    0.078
6635.470	    0.077
6636.661	    0.072
6637.852	    0.076
6639.044	    0.085
6640.235	    0.102
6641.427	    0.139
6642.619	    0.192
6643.812	    0.261
6645.004	    0.325
6646.197	    0.361
6647.390	    0.364
6648.583	    0.322
6649.777	    0.262
6650.970	    0.198
6652.164	    0.146
6653.358	    0.108
6654.552	    0.079
6655.747	    0.077
6656.941	    0.074
6658.136	    0.077
6659.331	    0.070
6660.527	    0.054
6661.722	    0.065
6662.918	    0.071
6664.114	    0.062
6665.310	    0.059
6666.507	    0.062
6667.703	    0.060
6668.900	    0.057
6670.097	    0.064
6671.294	    0.068
6672.492	    0.065
6673.689	    0.069
6674.887	    0.069
6676.086	    0.061
6677.284	    0.058
6678.482	    0.057
6679.681	    0.062
6680.880	    0.064
6682.079	    0.060
6683.279	    0.063
6684.478	    0.065
6685.678	    0.066
6686.878	    0.071
6688.079	    0.066
6689.279	    0.062
6690.480	    0.072
6691.681	    0.067
6692.882	    0.052
6694.083	    0.052
6695.285	    0.063
6696.486	    0.067
6697.688	    0.059
6698.891	    0.054
6700.093	    0.059
6701.296	    0.060
6702.499	    0.071
6703.702	    0.061
6704.905	    0.048
6706.108	    0.057
6707.312	    0.059
6708.516	    0.069
6709.720	    0.069
6710.925	    0.073
6712.129	    0.062
6713.334	    0.066
6714.539	    0.068
6715.744	    0.056
6716.950	    0.060
6718.155	    0.049
6719.361	    0.049
6720.567	    0.045
6721.774	    0.053
6722.980	    0.055
6724.187	    0.058
6725.394	    0.059
6726.601	    0.054
6727.808	    0.050
6729.016	    0.052
6730.224	    0.058
6731.432	    0.057
6732.640	    0.058
6733.849	    0.054
6735.057	    0.047
6736.266	    0.049
6737.475	    0.066
6738.685	    0.072
6739.894	    0.076
6741.104	    0.076
6742.314	    0.076
6743.524	    0.075
6744.735	    0.071
6745.945	    0.071
6747.156	    0.068
6748.367	    0.059
6749.579	    0.047
6750.790	    0.046
6752.002	    0.050
6753.214	    0.051
6754.426	    0.054
6755.638	    0.053
6756.851	    0.056
6758.064	    0.056
6759.277	    0.059
6760.490	    0.044
6761.704	    0.049
6762.917	    0.051
6764.131	    0.053
6765.345	    0.046
6766.560	    0.054
6767.774	    0.043
6768.989	    0.047
6770.204	    0.059
6771.419	    0.056
6772.635	    0.052
6773.851	    0.046
6775.066	    0.061
6776.282	    0.086
6777.499	    0.124
6778.715	    0.155
6779.932	    0.177
6781.149	    0.186
6782.366	    0.174
6783.584	    0.147
6784.801	    0.120
6786.019	    0.092
6787.237	    0.075
6788.455	    0.068
6789.674	    0.070
6790.893	    0.086
6792.112	    0.113
6793.331	    0.145
6794.550	    0.166
6795.770	    0.170
6796.990	    0.159
6798.210	    0.137
6799.430	    0.110
6800.650	    0.084
6801.871	    0.061
6803.092	    0.050
6804.313	    0.045
6805.534	    0.049
6806.756	    0.049
6807.978	    0.044
6809.200	    0.041
6810.422	    0.036
6811.644	    0.042
6812.867	    0.045
6814.090	    0.029
6815.313	    0.025
6816.536	    0.042
6817.760	    0.047
6818.984	    0.039
6820.208	    0.042
6821.432	    0.050
6822.656	    0.054
6823.881	    0.062
6825.106	    0.064
6826.331	    0.056
6827.556	    0.046
6828.782	    0.046
6830.007	    0.026
6831.233	    0.021
6832.460	    0.023
6833.686	    0.016
6834.913	    0.033
6836.139	    0.051
6837.366	    0.049
6838.594	    0.037
6839.821	    0.035
6841.049	    0.038
6842.277	    0.036
6843.505	    0.031
6844.733	    0.016
6845.962	    0.026
6847.191	    0.035
6848.420	    0.048
6849.649	    0.042
6850.879	    0.035
6852.108	    0.038
6853.338	    0.035
6854.568	    0.043
6855.799	    0.048
6857.029	    0.049
6858.260	    0.050
6859.491	    0.061
6860.722	    0.044
6861.954	    0.074
6863.186	    0.114
6864.418	    0.136
6865.650	    0.141
6866.882	    0.133
6868.115	    0.124
6869.347	    0.116
6870.580	    0.109
6871.814	    0.101
6873.047	    0.092
6874.281	    0.078
6875.515	    0.062
6876.749	    0.052
6877.983	    0.046
6879.218	    0.049
6880.453	    0.060
6881.688	    0.061
6882.923	    0.069
6884.158	    0.072
6885.394	    0.078
6886.630	    0.080
6887.866	    0.077
6889.102	    0.074
6890.339	    0.080
6891.576	    0.074
6892.813	    0.072
6894.050	    0.077
6895.287	    0.075
6896.525	    0.067
6897.763	    0.066
6899.001	    0.063
6900.239	    0.070
6901.478	    0.064
6902.717	    0.056
6903.956	    0.064
6905.195	    0.063
6906.434	    0.042
6907.674	    0.020
6908.914	    0.035
6910.154	    0.042
6911.395	    0.039
6912.635	    0.039
6913.876	    0.050
6915.117	    0.055
6916.358	    0.021
6917.600	    0.009
6918.841	    0.016
6920.083	    0.030
6921.325	    0.034
6922.568	    0.032
6923.810	    0.044
6925.053	    0.050
6926.296	    0.049
6927.539	    0.036
6928.783	    0.025
6930.026	    0.024
6931.270	    0.027
6932.514	    0.025
6933.759	    0.026
6935.003	    0.040
6936.248	    0.038
6937.493	    0.027
6938.739	    0.025
6939.984	    0.028
6941.230	    0.018
6942.476	    0.043
6943.722	    0.044
6944.968	    0.032
6946.215	    0.033
6947.462	    0.028
6948.709	    0.013
6949.956	    0.018
6951.203	    0.019
6952.451	    0.035
6953.699	    0.025
6954.947	    0.013
6956.196	    0.030
6957.444	    0.025
6958.693	    0.029
6959.942	    0.033
6961.191	    0.039
6962.441	    0.052
6963.691	    0.053
6964.941	    0.054
6966.191	    0.032
6967.441	    0.032
6968.692	    0.028
6969.943	    0.041
6971.194	    0.033
6972.445	    0.033
6973.696	    0.041
6974.948	    0.051
6976.200	    0.034
6977.452	    0.021
6978.705	    0.019
6979.957	    0.019
6981.210	    0.013
6982.463	    0.012
6983.717	    0.026
6984.970	    0.026
6986.224	    0.013
6987.478	    0.030
6988.732	    0.042
6989.987	    0.035
6991.241	    0.031
6992.496	    0.035
6993.751	    0.040
6995.007	    0.018
6996.262	    0.030
6997.518	    0.031
6998.774	    0.031
7000.030	    0.007
7001.287	    0.025
7002.544	    0.013
7003.801	    0.009
7005.058	    0.009
7006.315	    0.025
7007.573	    0.030
7008.831	    0.018
7010.089	    0.025
7011.347	    0.035
7012.605	    0.034
7013.864	    0.035
7015.123	    0.025
7016.382	    0.027
7017.642	    0.054
7018.901	    0.037
7020.161	    0.031
7021.421	    0.038
7022.682	    0.030
7023.942	    0.030
7025.203	    0.012
7026.464	    0.037
7027.725	    0.032
7028.987	    0.027
7030.248	    0.023
7031.510	    0.009
7032.772	    0.025
7034.035	    0.025
7035.297	    0.013
7036.560	    0.009
7037.823	    0.020
7039.086	    0.021
7040.350	    0.027
7041.614	    0.016
7042.877	    0.030
7044.142	    0.026
7045.406	    0.026
7046.671	    0.020
7047.936	    0.016
7049.201	    0.007
7050.466	    0.023
7051.731	    0.032
7052.997	    0.009
7054.263	    0.009
7055.529	    0.038
7056.796	    0.043
7058.062	    0.042
7059.329	    0.033
7060.596	    0.027
7061.864	    0.022
7063.131	    0.012
7064.399	    0.022
7065.667	    0.025
7066.936	    0.018
7068.204	    0.018
7069.473	    0.015
7070.742	    0.019
7072.011	    0.020
7073.280	    0.021
7074.550	    0.020
7075.820	    0.030
7077.090	    0.024
7078.360	    0.039
7079.631	    0.012
7080.901	    0.048
7082.172	    0.050
7083.444	    0.042
7084.715	    0.024
7085.987	    0.016
7087.259	    0.022
7088.531	    0.033
7089.803	    0.023
7091.076	    0.043
7092.349	    0.044
7093.622	    0.020
7094.895	    0.025
7096.168	    0.028
7097.442	    0.009
7098.716	    0.018
7099.990	    0.015
7101.265	    0.020
7102.539	    0.032
7103.814	    0.035
7105.089	    0.036
7106.365	    0.044
7107.640	    0.039
7108.916	    0.037
7110.192	    0.036
7111.468	    0.030
7112.745	    0.015
7114.021	    0.020
7115.298	    0.030
7116.576	    0.035
7117.853	    0.019
7119.131	    0.035
7120.408	    0.040
7121.687	    0.040
7122.965	    0.015
7124.243	    0.012
7125.522	    0.007
7126.801	    0.023
7128.080	    0.009
7129.360	    0.013
7130.640	    0.020
7131.919	    0.009
7133.200	    0.013
7134.480	    0.026
7135.761	    0.009
7137.041	    0.027
7138.323	    0.029
7139.604	    0.036
7140.885	    0.025
7142.167	    0.028
7143.449	    0.035
7144.731	    0.007
7146.014	    0.027
7147.296	    0.027
7148.579	    0.018
7149.863	    0.031
7151.146	    0.021
7152.430	    0.033
7153.713	    0.016
7154.997	    0.015
7156.282	    0.030
7157.566	    0.016
7158.851	    0.026
7160.136	    0.026
7161.421	    0.033
7162.707	    0.041
7163.992	    0.042
7165.278	    0.053
7166.564	    0.059
7167.851	    0.058
7169.137	    0.060
7170.424	    0.066
7171.711	    0.065
7172.998	    0.067
7174.286	    0.057
7175.574	    0.052
7176.862	    0.055
7178.150	    0.071
7179.438	    0.076
7180.727	    0.075
7182.016	    0.074
7183.305	    0.066
7184.595	    0.063
7185.884	    0.076
7187.174	    0.077
7188.464	    0.071
7189.754	    0.075
7191.045	    0.075
7192.336	    0.069
7193.627	    0.069
7194.918	    0.071
7196.209	    0.070
7197.501	    0.077
7198.793	    0.072
7200.085	    0.070
7201.377	    0.061
7202.670	    0.059
7203.963	    0.036
7205.256	    0.033
7206.549	    0.039
7207.843	    0.049
7209.137	    0.050
7210.431	    0.053
7211.725	    0.056
7213.019	    0.054
7214.314	    0.052
7215.609	    0.047
7216.904	    0.055
7218.200	    0.062
7219.495	    0.061
7220.791	    0.058
7222.087	    0.054
7223.384	    0.053
7224.680	    0.054
7225.977	    0.065
7227.274	    0.074
7228.571	    0.081
7229.869	    0.083
7231.166	    0.076
7232.464	    0.057
7233.763	    0.035
7235.061	    0.033
7236.360	    0.047
7237.659	    0.058
7238.958	    0.048
7240.257	    0.051
7241.557	    0.067
7242.857	    0.076
7244.157	    0.074
7245.457	    0.081
7246.757	    0.084
7248.058	    0.086
7249.359	    0.083
7250.660	    0.070
7251.962	    0.067
7253.264	    0.069
7254.566	    0.059
7255.868	    0.065
7257.170	    0.070
7258.473	    0.077
7259.776	    0.081
7261.079	    0.076
7262.382	    0.069
7263.686	    0.059
7264.989	    0.063
7266.293	    0.064
7267.598	    0.072
7268.902	    0.061
7270.207	    0.016
7271.512	    0.016
7272.817	    0.051
7274.123	    0.078
7275.428	    0.083
7276.734	    0.073
7278.040	    0.062
7279.347	    0.047
7280.653	    0.059
7281.960	    0.073
7283.267	    0.077
7284.575	    0.076
7285.882	    0.074
7287.190	    0.074
7288.498	    0.075
7289.806	    0.071
7291.115	    0.066
7292.423	    0.073
7293.732	    0.072
7295.042	    0.073
7296.351	    0.074
7297.661	    0.064
7298.971	    0.062
7300.281	    0.062
7301.591	    0.061
7302.902	    0.059
7304.212	    0.070
7305.524	    0.071
7306.835	    0.067
7308.146	    0.068
7309.458	    0.038
7310.770	    0.007
7312.082	    0.045
7313.395	    0.069
7314.708	    0.072
7316.021	    0.074
7317.334	    0.068
7318.647	    0.064
7319.961	    0.065
7321.275	    0.058
7322.589	    0.050
7323.903	    0.039
7325.218	    0.044
7326.533	    0.056
7327.848	    0.058
7329.163	    0.063
7330.479	    0.061
7331.795	    0.065
7333.111	    0.046
7334.427	    0.052
7335.743	    0.062
7337.060	    0.020
7338.377	    0.060
7339.694	    0.052
