WV      	 Sigma   
4259.984	    0.285
4260.688	    0.285
4261.392	    0.290
4262.096	    0.296
4262.800	    0.307
4263.505	    0.313
4264.209	    0.316
4264.914	    0.318
4265.618	    0.317
4266.323	    0.312
4267.028	    0.305
4267.733	    0.296
4268.439	    0.285
4269.144	    0.268
4269.849	    0.253
4270.555	    0.241
4271.261	    0.227
4271.966	    0.102
4272.672	    0.125
4273.378	    0.171
4274.084	    0.205
4274.791	    0.151
4275.497	    0.020
4276.204	    0.082
4276.910	    0.074
4277.617	    0.082
4278.324	    0.104
4279.031	    0.084
4279.738	    0.074
4280.445	    0.079
4281.152	    0.140
4281.860	    0.155
4282.567	    0.173
4283.275	    0.191
4283.983	    0.200
4284.691	    0.202
4285.399	    0.159
4286.107	    0.096
4286.815	    0.054
4287.523	    0.164
4288.232	    0.197
4288.940	    0.195
4289.649	    0.155
4290.358	    0.173
4291.067	    0.234
4291.776	    0.236
4292.485	    0.205
4293.194	    0.125
4293.904	    0.114
4294.613	    0.104
4295.323	    0.100
4296.033	    0.092
4296.743	    0.104
4297.453	    0.106
4298.163	    0.133
4298.873	    0.175
4299.583	    0.181
4300.294	    0.182
4301.004	    0.190
4301.715	    0.198
4302.426	    0.205
4303.137	    0.168
4303.848	    0.143
4304.559	    0.161
4305.270	    0.224
4305.982	    0.222
4306.693	    0.164
4307.405	    0.152
4308.117	    0.169
4308.829	    0.184
4309.541	    0.230
4310.253	    0.249
4310.965	    0.248
4311.677	    0.231
4312.390	    0.166
4313.102	    0.119
4313.815	    0.046
4314.528	    0.084
4315.241	    0.054
4315.954	    0.061
4316.667	    0.102
4317.380	    0.114
4318.094	    0.041
4318.807	    0.180
4319.521	    0.181
4320.235	    0.192
4320.949	    0.217
4321.663	    0.173
4322.377	    0.089
4323.091	    0.084
4323.805	    0.114
4324.520	    0.212
4325.234	    0.224
4325.949	    0.201
4326.664	    0.171
4327.379	    0.146
4328.094	    0.140
4328.809	    0.126
4329.524	    0.068
4330.240	    0.096
4330.955	    0.143
4331.671	    0.054
4332.387	    0.087
4333.103	    0.058
4333.819	    0.112
4334.535	    0.160
4335.251	    0.161
4335.968	    0.136
4336.684	    0.084
4337.401	    0.084
4338.117	    0.035
4338.834	    0.106
4339.551	    0.121
4340.268	    0.110
4340.985	    0.128
4341.703	    0.096
4342.420	    0.058
4343.138	    0.050
4343.855	    0.092
4344.573	    0.114
4345.291	    0.161
4346.009	    0.174
4346.727	    0.163
4347.445	    0.136
4348.164	    0.074
4348.882	    0.125
4349.601	    0.096
4350.320	    0.146
4351.039	    0.035
4351.758	    0.089
4352.477	    0.152
4353.196	    0.186
4353.915	    0.116
4354.635	    0.102
4355.354	    0.108
4356.074	    0.130
4356.794	    0.157
4357.514	    0.211
4358.234	    0.157
4358.954	    0.164
4359.674	    0.197
4360.394	    0.219
4361.115	    0.220
4361.836	    0.146
4362.556	    0.077
4363.277	    0.054
4363.998	    0.084
4364.719	    0.119
4365.441	    0.079
4366.162	    0.169
4366.883	    0.204
4367.605	    0.233
4368.327	    0.242
4369.049	    0.221
4369.771	    0.181
4370.493	    0.163
4371.215	    0.183
4371.937	    0.195
4372.660	    0.176
4373.382	    0.118
4394.388	    0.123
4395.114	    0.155
4395.840	    0.133
4396.567	    0.058
4397.293	    0.116
4398.020	    0.190
4398.747	    0.148
4399.473	    0.143
4400.200	    0.146
4400.928	    0.084
4401.655	    0.065
4402.382	    0.046
4403.110	    0.065
4403.837	    0.029
4404.565	    0.142
4405.293	    0.112
4406.021	    0.041
4406.749	    0.065
4407.477	    0.125
4408.205	    0.159
4408.934	    0.161
4409.662	    0.173
4410.391	    0.176
4411.119	    0.173
4411.848	    0.186
4412.577	    0.190
4413.307	    0.206
4414.036	    0.212
4414.765	    0.197
4415.495	    0.112
4416.224	    0.104
4416.954	    0.106
4417.684	    0.106
4418.414	    0.100
4419.144	    0.029
4419.874	    0.102
4420.605	    0.096
4421.335	    0.041
4422.066	    0.143
4422.796	    0.199
4423.527	    0.198
4424.258	    0.180
4424.989	    0.160
4425.720	    0.164
4426.452	    0.175
4427.183	    0.184
4427.915	    0.219
4428.646	    0.259
4429.378	    0.282
4430.110	    0.203
4430.842	    0.112
4431.574	    0.061
4432.307	    0.106
4433.039	    0.114
4433.772	    0.108
4434.504	    0.125
4435.237	    0.136
4435.970	    0.134
4436.703	    0.110
4437.436	    0.198
4438.169	    0.142
4438.903	    0.065
4439.636	    0.142
4440.370	    0.077
4441.103	    0.084
4441.837	    0.126
4442.571	    0.168
4443.305	    0.143
4444.040	    0.079
4444.774	    0.118
4445.508	    0.126
4446.243	    0.142
4446.978	    0.160
4447.713	    0.079
4448.447	    0.058
4449.183	    0.050
4449.918	    0.082
4450.653	    0.121
4451.388	    0.131
4452.124	    0.116
4452.860	    0.139
4453.596	    0.140
4454.331	    0.104
4455.067	    0.046
4455.804	    0.096
4456.540	    0.098
4457.276	    0.079
4458.013	    0.035
4458.750	    0.054
4459.486	    0.035
4460.223	    0.035
4460.960	    0.061
4461.697	    0.096
4462.435	    0.131
4463.172	    0.189
4463.909	    0.182
4464.647	    0.134
4465.385	    0.020
4466.123	    0.046
4466.861	    0.094
4467.599	    0.071
4468.337	    0.068
4469.075	    0.123
4469.814	    0.139
4470.552	    0.174
4471.291	    0.157
4472.030	    0.152
4472.769	    0.164
4473.508	    0.137
4474.247	    0.089
4474.987	    0.155
4475.726	    0.179
4476.466	    0.175
4477.205	    0.182
4477.945	    0.146
4478.685	    0.123
4479.425	    0.123
4480.165	    0.136
4480.906	    0.174
4481.646	    0.098
4482.387	    0.074
4483.127	    0.084
4483.868	    0.102
4484.609	    0.020
4485.350	    0.133
4486.091	    0.187
4486.833	    0.170
4487.574	    0.139
4488.316	    0.164
4489.057	    0.195
4489.799	    0.207
4490.541	    0.193
4491.283	    0.149
4492.025	    0.029
4492.767	    0.170
4493.510	    0.166
4494.252	    0.156
4494.995	    0.133
4495.738	    0.092
4496.481	    0.094
4497.224	    0.134
4497.967	    0.112
4498.710	    0.092
4499.453	    0.102
4500.197	    0.156
4500.940	    0.166
4501.684	    0.165
4502.428	    0.169
4503.172	    0.175
4503.916	    0.174
4504.660	    0.092
4505.405	    0.130
4506.149	    0.195
4506.894	    0.233
4507.639	    0.215
4508.383	    0.148
4509.128	    0.152
4509.873	    0.151
4510.619	    0.157
4511.364	    0.171
4512.109	    0.142
4512.855	    0.071
4513.601	    0.089
4514.347	    0.133
4515.093	    0.166
4515.839	    0.164
4516.585	    0.248
4517.331	    0.262
4518.078	    0.273
4518.824	    0.283
4519.571	    0.279
4520.318	    0.286
4521.065	    0.282
4521.812	    0.245
4522.559	    0.204
4523.306	    0.201
4524.054	    0.242
4524.801	    0.223
4525.549	    0.195
4526.297	    0.225
4527.045	    0.285
4527.793	    0.270
4528.541	    0.213
4529.289	    0.218
4530.038	    0.214
4530.786	    0.191
4531.535	    0.121
4532.284	    0.110
4533.033	    0.137
4533.782	    0.143
4534.531	    0.161
4535.280	    0.200
4536.030	    0.203
4536.779	    0.184
4537.529	    0.152
4538.279	    0.118
4539.028	    0.087
4539.779	    0.020
4540.529	    0.077
4541.279	    0.155
4542.029	    0.169
4542.780	    0.152
4543.531	    0.140
4544.281	    0.244
4545.032	    0.263
4545.783	    0.212
4546.534	    0.166
4547.286	    0.177
4548.037	    0.204
4548.789	    0.187
4549.540	    0.201
4550.292	    0.197
4551.044	    0.174
4551.796	    0.137
4552.548	    0.131
4553.300	    0.165
4554.053	    0.202
4554.805	    0.228
4555.558	    0.233
4556.311	    0.198
4557.064	    0.186
4557.817	    0.180
4558.570	    0.176
4559.323	    0.195
4560.076	    0.245
4560.830	    0.267
4561.584	    0.235
4562.337	    0.220
4563.091	    0.213
4563.845	    0.204
4564.599	    0.156
4565.354	    0.104
4566.108	    0.166
4566.863	    0.195
4567.617	    0.208
4568.372	    0.220
4569.127	    0.226
4569.882	    0.194
4570.637	    0.190
4571.392	    0.186
4572.148	    0.175
4572.903	    0.177
4573.659	    0.130
4574.415	    0.174
4575.170	    0.212
4575.926	    0.223
4576.683	    0.194
4577.439	    0.035
4578.195	    0.126
4578.952	    0.157
4579.708	    0.160
4580.465	    0.160
4581.222	    0.193
4581.979	    0.194
4582.736	    0.155
4583.493	    0.139
4584.251	    0.134
4585.008	    0.118
4585.766	    0.058
4586.524	    0.164
4587.282	    0.181
4588.040	    0.143
4588.798	    0.130
4589.556	    0.193
4590.314	    0.175
4591.073	    0.084
4591.832	    0.054
4592.590	    0.131
4593.349	    0.194
4594.108	    0.207
4594.867	    0.142
4595.627	    0.123
4596.386	    0.157
4597.146	    0.184
4597.905	    0.201
4598.665	    0.226
4599.425	    0.209
4600.185	    0.174
4600.945	    0.163
4601.705	    0.145
4602.466	    0.096
4603.226	    0.058
4603.987	    0.114
4604.748	    0.131
4605.508	    0.139
4606.269	    0.160
4607.031	    0.191
4607.792	    0.163
4608.553	    0.089
4609.315	    0.145
4610.076	    0.214
4610.838	    0.247
4611.600	    0.218
4612.362	    0.209
4613.124	    0.212
4613.887	    0.187
4614.649	    0.156
4615.412	    0.128
4616.174	    0.096
4616.937	    0.041
4617.700	    0.035
4618.463	    0.139
4619.226	    0.211
4619.989	    0.242
4620.753	    0.188
4621.516	    0.123
4622.280	    0.189
4623.044	    0.145
4623.808	    0.029
4624.572	    0.071
4625.336	    0.128
4626.100	    0.118
4626.865	    0.020
4627.629	    0.084
4628.394	    0.136
4629.159	    0.140
4629.924	    0.114
4630.689	    0.161
4631.454	    0.137
4632.219	    0.137
4632.985	    0.131
4633.750	    0.108
4634.516	    0.169
4635.282	    0.159
4636.048	    0.145
4636.814	    0.148
4637.580	    0.121
4638.346	    0.046
4639.113	    0.050
4639.879	    0.029
4640.646	    0.104
4641.413	    0.102
4642.180	    0.029
4642.947	    0.116
4643.714	    0.179
4644.481	    0.145
4645.249	    0.061
4646.016	    0.116
4646.784	    0.071
4647.552	    0.119
4648.320	    0.142
4649.088	    0.164
4649.856	    0.163
4650.625	    0.163
4651.393	    0.173
4652.162	    0.183
4652.930	    0.159
4653.699	    0.159
4654.468	    0.169
4655.237	    0.174
4656.007	    0.173
4656.776	    0.155
4657.546	    0.108
4658.315	    0.130
4659.085	    0.166
4659.855	    0.183
4660.625	    0.187
4661.395	    0.190
4662.165	    0.212
4662.936	    0.165
4663.706	    0.106
4664.477	    0.133
4665.247	    0.169
4666.018	    0.179
4666.789	    0.148
4667.561	    0.176
4668.332	    0.125
4669.103	    0.118
4669.875	    0.058
4670.646	    0.106
4671.418	    0.121
4672.190	    0.151
4672.962	    0.201
4673.734	    0.187
4674.507	    0.155
4675.279	    0.121
4676.052	    0.104
4676.824	    0.096
4677.597	    0.119
4678.370	    0.159
4679.143	    0.084
4679.916	    0.029
4680.690	    0.149
4681.463	    0.201
4682.237	    0.159
4683.010	    0.096
4683.784	    0.148
4684.558	    0.195
4685.332	    0.203
4686.106	    0.146
4686.881	    0.169
4687.655	    0.183
4688.430	    0.146
4689.205	    0.133
4689.979	    0.163
4690.754	    0.192
4691.529	    0.106
4692.305	    0.074
4693.080	    0.096
4693.856	    0.110
4694.631	    0.108
4695.407	    0.102
4696.183	    0.134
4696.959	    0.148
4697.735	    0.092
4698.511	    0.077
4699.288	    0.082
4700.064	    0.079
4700.841	    0.068
4701.618	    0.074
4702.394	    0.068
4703.171	    0.110
4703.949	    0.108
4704.726	    0.096
4705.503	    0.102
4706.281	    0.104
4707.059	    0.029
4707.836	    0.106
4708.614	    0.136
4709.392	    0.152
4710.171	    0.183
4710.949	    0.238
4711.727	    0.246
4712.506	    0.199
4713.285	    0.166
4714.063	    0.146
4714.842	    0.123
4715.621	    0.079
4716.401	    0.074
4717.180	    0.177
4717.960	    0.176
4718.739	    0.137
4719.519	    0.106
4720.299	    0.108
4721.079	    0.112
4721.859	    0.136
4722.639	    0.125
4723.419	    0.136
4724.200	    0.136
4724.981	    0.119
4725.761	    0.079
4726.542	    0.065
4727.323	    0.065
4728.104	    0.092
4728.886	    0.098
4729.667	    0.074
4730.449	    0.079
4731.230	    0.119
4732.012	    0.061
4732.794	    0.029
4733.576	    0.153
4734.358	    0.155
4735.141	    0.145
4735.923	    0.149
4736.706	    0.140
4737.488	    0.182
4738.271	    0.203
4739.054	    0.202
4739.837	    0.179
4740.620	    0.137
4741.404	    0.106
4742.187	    0.140
4742.971	    0.176
4743.755	    0.183
4744.538	    0.190
4745.322	    0.174
4746.107	    0.143
4746.891	    0.110
4747.675	    0.054
4748.460	    0.058
4749.244	    0.061
4750.029	    0.054
4750.814	    0.098
4751.599	    0.089
4752.384	    0.130
4753.170	    0.128
4753.955	    0.092
4754.741	    0.143
4755.526	    0.148
4756.312	    0.102
4757.098	    0.046
4757.884	    0.046
4758.670	    0.089
4759.457	    0.079
4760.243	    0.142
4761.030	    0.168
4761.816	    0.160
4762.603	    0.128
4763.390	    0.104
4764.177	    0.110
4764.965	    0.092
4765.752	    0.126
4766.539	    0.145
4767.327	    0.131
4768.115	    0.087
4768.903	    0.068
4769.691	    0.054
4770.479	    0.094
4771.267	    0.084
4772.056	    0.046
4772.844	    0.071
4773.633	    0.029
4774.422	    0.061
4775.211	    0.029
4776.000	    0.029
4776.789	    0.136
4777.578	    0.183
4778.368	    0.163
4779.157	    0.020
4779.947	    0.151
4780.737	    0.114
4781.527	    0.110
4782.317	    0.087
4783.107	    0.020
4783.897	    0.061
4784.688	    0.092
4785.479	    0.134
4786.269	    0.130
4787.060	    0.050
4787.851	    0.065
4788.642	    0.096
4789.434	    0.094
4790.225	    0.068
4791.017	    0.065
4791.808	    0.077
4792.600	    0.082
4793.392	    0.118
4794.184	    0.079
4794.976	    0.096
4795.769	    0.148
4796.561	    0.165
4797.354	    0.137
4798.146	    0.123
4798.939	    0.119
4799.732	    0.061
4800.525	    0.125
4801.319	    0.089
4802.112	    0.094
4802.906	    0.035
4803.699	    0.102
4804.493	    0.130
4805.287	    0.155
4806.081	    0.164
4806.875	    0.161
4807.669	    0.160
4808.464	    0.168
4809.258	    0.170
4810.053	    0.089
4810.848	    0.087
4811.643	    0.077
4812.438	    0.079
4813.233	    0.142
4814.028	    0.156
4814.824	    0.084
4815.620	    0.046
4816.415	    0.082
4817.211	    0.104
4818.007	    0.046
4818.803	    0.123
4819.600	    0.163
4820.396	    0.134
4821.192	    0.100
4821.989	    0.143
4822.786	    0.102
4823.583	    0.153
4824.380	    0.200
4825.177	    0.194
4825.974	    0.121
4826.772	    0.050
4827.569	    0.065
4828.367	    0.068
4829.165	    0.104
4829.963	    0.130
4830.761	    0.139
4831.559	    0.128
4832.358	    0.114
4833.156	    0.112
4833.955	    0.137
4834.754	    0.125
4835.553	    0.112
4836.352	    0.121
4837.151	    0.151
4837.950	    0.186
4838.750	    0.201
4839.549	    0.177
4840.349	    0.123
4841.149	    0.046
4841.949	    0.054
4842.749	    0.074
4843.549	    0.079
4844.349	    0.065
4845.150	    0.187
4845.950	    0.215
4846.751	    0.170
4847.552	    0.121
4848.353	    0.131
4849.154	    0.173
4849.955	    0.183
4850.757	    0.123
4851.558	    0.050
4852.360	    0.041
4853.162	    0.098
4853.964	    0.077
4854.766	    0.068
4855.568	    0.126
4856.370	    0.153
4857.173	    0.139
4857.976	    0.084
4858.778	    0.092
4859.581	    0.071
4860.384	    0.148
4861.187	    0.186
4861.991	    0.182
4862.794	    0.110
4863.598	    0.074
4864.401	    0.071
4865.205	    0.133
4866.009	    0.074
4866.813	    0.094
4867.617	    0.126
4868.422	    0.096
4869.226	    0.096
4870.031	    0.046
4870.835	    0.152
4871.640	    0.125
4872.445	    0.125
4873.250	    0.061
4874.056	    0.134
4874.861	    0.174
4875.667	    0.128
4876.472	    0.100
4877.278	    0.151
4878.084	    0.079
4878.890	    0.096
4879.696	    0.102
4880.503	    0.061
4881.309	    0.029
4882.116	    0.029
4882.922	    0.054
4883.729	    0.092
4884.536	    0.074
4885.343	    0.061
4886.151	    0.029
4886.958	    0.041
4887.766	    0.100
4888.573	    0.116
4889.381	    0.029
4890.189	    0.065
4890.997	    0.079
4891.805	    0.118
4892.613	    0.079
4893.422	    0.058
4894.231	    0.087
4895.039	    0.100
4895.848	    0.121
4896.657	    0.065
4897.466	    0.035
4898.276	    0.116
4899.085	    0.136
4899.894	    0.125
4900.704	    0.108
4901.514	    0.106
4902.324	    0.121
4903.134	    0.153
4903.944	    0.166
4904.754	    0.174
4905.565	    0.186
4906.376	    0.206
4907.186	    0.224
4907.997	    0.237
4908.808	    0.268
4909.619	    0.353
4910.431	    0.514
4911.242	    0.814
4912.054	    1.121
4912.865	    1.330
4913.677	    1.434
4914.489	    1.444
4915.301	    1.373
4916.113	    1.226
4916.926	    0.994
4917.738	    0.681
4918.551	    0.455
4919.363	    0.290
4920.176	    0.188
4920.989	    0.171
4921.803	    0.177
4922.616	    0.128
4923.429	    0.084
4924.243	    0.041
4925.057	    0.100
4925.870	    0.082
4926.684	    0.082
4927.498	    0.050
4928.313	    0.100
4929.127	    0.065
4929.941	    0.096
4930.756	    0.110
4931.571	    0.145
4932.386	    0.133
4933.201	    0.074
4934.016	    0.068
4934.831	    0.089
4935.647	    0.084
4936.462	    0.041
4937.278	    0.130
4938.094	    0.140
4938.910	    0.035
4939.726	    0.104
4940.542	    0.151
4941.359	    0.106
4942.175	    0.061
4942.992	    0.087
4943.809	    0.054
4944.625	    0.156
4945.443	    0.169
4946.260	    0.153
4947.077	    0.020
4947.895	    0.058
4948.712	    0.112
4949.530	    0.128
4950.348	    0.035
4951.166	    0.118
4951.984	    0.133
4952.802	    0.148
4953.621	    0.029
4954.439	    0.114
4955.258	    0.171
4956.077	    0.165
4956.896	    0.106
4957.715	    0.106
4958.534	    0.050
4959.353	    0.100
4960.173	    0.071
4960.992	    0.046
4961.812	    0.041
4962.632	    0.108
4963.452	    0.130
4964.272	    0.061
4965.093	    0.065
4965.913	    0.065
4966.734	    0.112
4967.554	    0.134
4968.375	    0.035
4969.196	    0.029
4970.017	    0.114
4970.838	    0.146
4971.660	    0.146
4972.481	    0.142
4973.303	    0.161
4974.125	    0.189
4974.947	    0.187
4975.769	    0.094
4976.591	    0.079
4977.413	    0.102
4978.236	    0.102
4979.058	    0.065
4979.881	    0.128
4980.704	    0.128
4981.527	    0.128
4982.350	    0.106
4983.174	    0.074
4983.997	    0.077
4984.821	    0.089
4985.644	    0.157
4986.468	    0.131
4987.292	    0.082
4988.116	    0.074
4988.940	    0.092
4989.765	    0.079
4990.589	    0.079
4991.414	    0.077
4992.239	    0.102
4993.064	    0.074
4993.889	    0.098
4994.714	    0.130
4995.539	    0.100
4996.365	    0.054
4997.190	    0.084
4998.016	    0.041
4998.842	    0.029
4999.668	    0.077
5000.494	    0.087
5001.320	    0.054
5002.147	    0.029
5002.973	    0.074
5003.800	    0.074
5004.627	    0.094
5005.454	    0.061
5006.281	    0.077
5007.108	    0.050
5007.936	    0.087
5008.763	    0.110
5009.591	    0.161
5010.419	    0.203
5011.247	    0.209
5012.075	    0.197
5012.903	    0.193
5013.731	    0.207
5014.560	    0.208
5015.388	    0.181
5016.217	    0.074
5017.046	    0.131
5017.875	    0.166
5018.704	    0.165
5019.533	    0.125
5020.363	    0.020
5021.192	    0.082
5022.022	    0.054
5022.852	    0.119
5023.682	    0.050
5024.512	    0.046
5025.342	    0.089
5026.173	    0.131
5027.003	    0.131
5027.834	    0.108
5028.665	    0.087
5029.496	    0.094
5030.327	    0.087
5031.158	    0.035
5031.989	    0.035
5032.821	    0.074
5033.653	    0.029
5034.484	    0.041
5035.316	    0.035
5036.148	    0.041
5036.980	    0.098
5037.813	    0.133
5038.645	    0.119
5039.478	    0.100
5040.311	    0.104
5041.143	    0.177
5041.976	    0.126
5042.810	    0.077
5043.643	    0.110
5044.476	    0.102
5045.310	    0.096
5046.144	    0.155
5046.977	    0.182
5047.811	    0.139
5048.645	    0.029
5049.480	    0.089
5050.314	    0.071
5051.149	    0.121
5051.983	    0.114
5052.818	    0.087
5053.653	    0.094
5054.488	    0.087
5055.323	    0.087
5056.159	    0.098
5056.994	    0.041
5057.830	    0.203
5058.666	    0.303
5059.501	    0.397
5060.337	    0.444
5061.174	    0.446
5062.010	    0.431
5062.846	    0.402
5063.683	    0.340
5064.520	    0.258
5065.357	    0.175
5066.194	    0.094
5067.031	    0.058
5067.868	    0.074
5068.706	    0.106
5069.543	    0.121
5070.381	    0.139
5071.219	    0.146
5072.057	    0.146
5072.895	    0.104
5073.733	    0.104
5074.571	    0.087
5075.410	    0.112
5076.249	    0.110
5077.087	    0.119
5077.926	    0.134
5078.765	    0.145
5079.605	    0.119
5080.444	    0.100
5081.283	    0.020
5082.123	    0.058
5082.963	    0.054
5083.803	    0.112
5084.643	    0.134
5085.483	    0.116
5086.323	    0.029
5087.164	    0.108
5088.004	    0.121
5088.845	    0.089
5089.686	    0.089
5090.527	    0.089
5091.368	    0.098
5092.210	    0.119
5093.051	    0.152
5093.893	    0.161
5094.734	    0.128
5095.576	    0.046
5096.418	    0.065
5097.260	    0.084
5098.103	    0.128
5098.945	    0.114
5099.788	    0.087
5100.630	    0.029
5101.473	    0.020
5102.316	    0.046
5103.159	    0.054
5104.003	    0.054
5104.846	    0.054
5105.689	    0.020
5106.533	    0.098
5107.377	    0.151
5108.221	    0.089
5109.065	    0.121
5109.909	    0.102
5110.754	    0.029
5111.598	    0.065
5112.443	    0.020
5113.288	    0.098
5114.132	    0.116
5114.978	    0.100
5115.823	    0.084
5116.668	    0.071
5117.514	    0.041
5118.359	    0.058
5119.205	    0.065
5120.051	    0.029
5120.897	    0.082
5121.743	    0.094
5122.589	    0.020
5123.436	    0.100
5124.283	    0.096
5125.129	    0.046
5125.976	    0.020
5126.823	    0.035
5127.670	    0.092
5128.518	    0.094
5129.365	    0.096
5130.213	    0.140
5131.060	    0.152
5131.908	    0.082
5132.756	    0.046
5133.604	    0.071
5134.453	    0.079
5135.301	    0.029
5136.150	    0.110
5136.998	    0.110
5137.847	    0.035
5138.696	    0.074
5139.545	    0.123
5140.395	    0.087
5141.244	    0.061
5142.094	    0.046
5142.943	    0.050
5143.793	    0.029
5144.643	    0.058
5145.493	    0.054
5146.343	    0.020
5147.194	    0.029
5148.044	    0.074
5148.895	    0.050
5149.746	    0.079
5150.597	    0.087
5151.448	    0.089
5152.299	    0.065
5153.151	    0.100
5154.002	    0.082
5154.854	    0.096
5155.706	    0.094
5156.557	    0.074
5157.410	    0.149
5158.262	    0.139
5159.114	    0.041
5159.967	    0.104
5160.819	    0.061
5161.672	    0.106
5162.525	    0.118
5163.378	    0.087
5164.231	    0.104
5165.085	    0.112
5165.938	    0.152
5166.792	    0.152
5167.645	    0.149
5168.499	    0.108
5169.353	    0.020
5170.208	    0.079
5171.062	    0.151
5171.916	    0.145
5172.771	    0.104
5173.626	    0.020
5174.481	    0.092
5175.336	    0.084
5176.191	    0.116
5177.046	    0.087
5177.902	    0.082
5178.757	    0.143
5179.613	    0.159
5180.469	    0.112
5181.325	    0.082
5182.181	    0.071
5183.037	    0.029
5183.894	    0.094
5184.751	    0.134
5185.607	    0.133
5186.464	    0.128
5187.321	    0.046
5188.178	    0.054
5189.036	    0.139
5189.893	    0.159
5190.751	    0.116
5191.608	    0.106
5192.466	    0.125
5193.324	    0.112
5194.182	    0.079
5195.041	    0.071
5195.899	    0.071
5196.758	    0.061
5197.616	    0.058
5198.475	    0.061
5199.334	    0.068
5200.194	    0.068
5201.053	    0.068
5201.912	    0.068
5202.772	    0.071
5203.632	    0.074
5204.491	    0.068
5205.351	    0.054
5206.212	    0.029
5207.072	    0.029
5207.932	    0.029
5208.793	    0.061
5209.654	    0.087
5210.514	    0.112
5211.375	    0.131
5212.236	    0.143
5213.098	    0.151
5213.959	    0.152
5214.821	    0.151
5215.682	    0.146
5216.544	    0.137
5217.406	    0.126
5218.268	    0.161
5219.131	    0.182
5219.993	    0.175
5220.856	    0.149
5221.718	    0.119
5222.581	    0.079
5223.444	    0.035
5224.307	    0.133
5225.171	    0.131
5226.034	    0.152
5226.898	    0.148
5227.761	    0.054
5228.625	    0.137
5229.489	    0.160
5230.353	    0.159
5231.218	    0.189
5232.082	    0.193
5232.947	    0.143
5233.811	    0.092
5234.676	    0.096
5235.541	    0.092
5236.406	    0.054
5237.271	    0.046
5238.137	    0.106
5239.002	    0.087
5239.868	    0.102
5240.734	    0.128
5241.600	    0.194
5242.466	    0.209
5243.332	    0.207
5244.199	    0.181
5245.065	    0.159
5245.932	    0.169
5246.799	    0.187
5247.666	    0.171
5248.533	    0.137
5249.400	    0.098
5250.268	    0.041
5251.135	    0.020
5252.003	    0.077
5252.871	    0.068
5253.739	    0.110
5254.607	    0.181
5255.475	    0.215
5256.344	    0.248
5257.212	    0.204
5258.081	    0.123
5258.950	    0.074
5259.819	    0.077
5260.688	    0.151
5261.557	    0.163
5262.427	    0.168
5263.296	    0.169
5264.166	    0.179
5265.036	    0.173
5265.906	    0.153
5266.776	    0.159
5267.646	    0.180
5268.517	    0.197
5269.387	    0.193
5270.258	    0.146
5271.129	    0.125
5272.000	    0.102
5272.871	    0.152
5273.742	    0.163
5274.614	    0.194
5275.485	    0.231
5276.357	    0.263
5277.229	    0.225
5278.101	    0.148
5278.973	    0.139
5279.845	    0.143
5280.718	    0.194
5281.591	    0.164
5282.463	    0.152
5283.336	    0.197
5284.209	    0.215
5285.082	    0.223
5285.956	    0.223
5286.829	    0.237
5287.703	    0.194
5288.577	    0.157
5289.450	    0.194
5290.324	    0.238
5291.199	    0.265
5292.073	    0.224
5292.947	    0.222
5293.822	    0.160
5294.697	    0.133
5295.572	    0.183
5296.447	    0.220
5297.322	    0.224
5298.197	    0.194
5299.073	    0.159
5299.948	    0.193
5300.824	    0.224
5301.700	    0.206
5302.576	    0.200
5303.452	    0.130
5304.329	    0.213
5305.205	    0.235
5306.082	    0.208
5306.959	    0.194
5307.836	    0.200
5308.713	    0.207
5309.590	    0.181
5310.467	    0.226
5311.345	    0.230
5312.222	    0.219
5313.100	    0.225
5313.978	    0.212
5314.856	    0.191
5315.734	    0.176
5316.613	    0.204
5317.491	    0.180
5318.370	    0.133
5319.249	    0.170
5320.128	    0.187
5321.007	    0.203
5321.886	    0.237
5322.766	    0.171
5323.645	    0.134
5324.525	    0.166
5325.405	    0.161
5326.285	    0.173
5327.165	    0.222
5328.045	    0.201
5328.925	    0.262
5329.806	    0.200
5330.687	    0.194
5331.568	    0.214
5332.449	    0.236
5333.330	    0.212
5334.211	    0.212
5335.092	    0.203
5335.974	    0.193
5336.856	    0.220
5337.738	    0.225
5338.620	    0.202
5339.502	    0.208
5340.384	    0.225
5341.267	    0.231
5342.149	    0.263
5343.032	    0.274
5343.915	    0.224
5344.798	    0.165
5345.681	    0.188
5346.564	    0.222
5347.448	    0.197
5348.331	    0.106
5349.215	    0.186
5350.099	    0.218
5350.983	    0.155
5351.867	    0.209
5352.752	    0.194
5353.636	    0.205
5354.521	    0.222
5355.406	    0.159
5356.291	    0.187
5357.176	    0.223
5358.061	    0.230
5358.946	    0.221
5359.832	    0.226
5360.718	    0.230
5361.603	    0.235
5362.489	    0.245
5363.375	    0.242
5364.262	    0.231
5365.148	    0.213
5366.035	    0.204
5366.921	    0.221
5367.808	    0.246
5368.695	    0.243
5369.582	    0.195
5370.470	    0.223
5371.357	    0.173
5372.245	    0.228
5373.132	    0.242
5374.020	    0.211
5374.908	    0.227
5375.796	    0.253
5376.685	    0.207
5377.573	    0.211
5378.462	    0.235
5379.350	    0.218
5380.239	    0.190
5381.128	    0.202
5382.018	    0.224
5382.907	    0.207
5383.796	    0.171
5384.686	    0.174
5385.576	    0.191
5386.466	    0.231
5387.356	    0.264
5388.246	    0.262
5389.136	    0.270
5390.027	    0.271
5390.918	    0.249
5391.808	    0.226
5392.699	    0.175
5393.590	    0.201
5394.482	    0.187
5395.373	    0.194
5396.265	    0.231
5397.156	    0.238
5398.048	    0.227
5398.940	    0.237
5399.832	    0.233
5400.724	    0.242
5401.617	    0.232
5402.509	    0.204
5403.402	    0.217
5404.295	    0.214
5405.188	    0.241
5406.081	    0.225
5406.975	    0.224
5407.868	    0.235
5408.762	    0.249
5409.655	    0.224
5410.549	    0.243
5411.443	    0.256
5412.338	    0.258
5413.232	    0.233
5414.126	    0.192
5415.021	    0.205
5415.916	    0.236
5416.811	    0.235
5417.706	    0.209
5418.601	    0.203
5419.496	    0.222
5420.392	    0.220
5421.288	    0.230
5422.183	    0.244
5423.079	    0.235
5423.976	    0.238
5424.872	    0.261
5425.768	    0.239
5426.665	    0.220
5427.561	    0.188
5428.458	    0.211
5429.355	    0.248
5430.253	    0.234
5431.150	    0.247
5432.047	    0.256
5432.945	    0.229
5433.843	    0.262
5434.741	    0.274
5435.639	    0.270
5436.537	    0.251
5437.435	    0.252
5438.334	    0.216
5439.232	    0.238
5440.131	    0.251
5441.030	    0.258
5441.929	    0.255
5442.828	    0.229
5443.728	    0.236
5444.627	    0.229
5445.527	    0.234
5446.427	    0.250
5447.327	    0.235
5448.227	    0.226
5449.127	    0.234
5450.028	    0.251
5450.928	    0.252
5451.829	    0.215
5452.730	    0.188
5453.631	    0.207
5454.532	    0.223
5455.433	    0.209
5456.335	    0.207
5457.236	    0.231
5458.138	    0.222
5459.040	    0.184
5459.942	    0.171
5460.844	    0.163
5461.747	    0.136
5462.649	    0.118
5463.552	    0.195
5464.455	    0.227
5465.358	    0.214
5466.261	    0.211
5467.164	    0.215
5468.067	    0.201
5468.971	    0.216
5469.875	    0.238
5470.778	    0.239
5471.682	    0.248
5472.587	    0.254
5473.491	    0.242
5474.395	    0.224
5475.300	    0.223
5476.205	    0.254
5477.110	    0.236
5478.015	    0.241
5478.920	    0.232
5479.825	    0.270
5480.731	    0.258
5481.636	    0.228
5482.542	    0.222
5483.448	    0.235
5484.354	    0.248
5485.260	    0.242
5486.167	    0.195
5487.073	    0.209
5487.980	    0.229
5488.887	    0.220
5489.794	    0.225
5490.701	    0.215
5491.608	    0.235
5492.516	    0.230
5493.423	    0.216
5494.331	    0.221
5495.239	    0.230
5496.147	    0.245
5497.055	    0.243
5497.964	    0.237
5498.872	    0.220
5499.781	    0.216
5500.689	    0.221
5501.598	    0.232
5502.507	    0.247
5503.417	    0.226
5504.326	    0.189
5505.236	    0.186
5506.145	    0.212
5507.055	    0.234
5507.965	    0.248
5508.875	    0.250
5509.786	    0.248
5510.696	    0.242
5511.607	    0.215
5512.517	    0.197
5513.428	    0.209
5514.339	    0.233
5515.251	    0.245
5516.162	    0.247
5517.073	    0.265
5517.985	    0.274
5518.897	    0.242
5519.809	    0.210
5520.721	    0.226
5521.633	    0.252
5522.546	    0.255
5523.458	    0.242
5524.371	    0.233
5525.284	    0.233
5526.197	    0.238
5527.110	    0.240
5528.023	    0.236
5528.937	    0.228
5529.850	    0.224
5530.764	    0.233
5531.678	    0.234
5532.592	    0.222
5533.506	    0.231
5534.421	    0.251
5535.335	    0.262
5536.250	    0.235
5537.165	    0.214
5538.080	    0.246
5538.995	    0.271
5539.910	    0.251
5540.825	    0.218
5541.741	    0.222
5542.657	    0.232
5543.573	    0.206
5544.489	    0.179
5545.405	    0.205
5546.321	    0.207
5547.238	    0.213
5548.154	    0.241
5549.071	    0.255
5549.988	    0.253
5550.905	    0.247
5551.822	    0.238
5552.740	    0.231
5553.657	    0.242
5554.575	    0.262
5555.493	    0.239
5556.411	    0.242
5557.329	    0.253
5558.247	    0.252
5559.166	    0.238
5560.084	    0.234
5561.003	    0.232
5561.922	    0.249
5562.841	    0.260
5563.760	    0.222
5564.680	    0.198
5565.599	    0.190
5566.519	    0.202
5567.439	    0.228
5568.359	    0.244
5569.279	    0.255
5570.199	    0.233
5571.119	    0.207
5572.040	    0.235
5572.961	    0.250
5573.882	    0.225
5583.099	    0.237
5584.021	    0.249
5584.944	    0.261
5585.867	    0.256
5586.790	    0.254
5587.713	    0.263
5588.637	    0.260
5589.560	    0.268
5590.484	    0.267
5591.407	    0.254
5592.331	    0.248
5593.255	    0.253
5594.180	    0.273
5595.104	    0.288
5596.029	    0.280
5596.953	    0.263
5597.878	    0.249
5598.803	    0.264
5599.728	    0.275
5600.654	    0.254
5601.579	    0.258
5602.505	    0.276
5603.431	    0.260
5604.356	    0.253
5605.283	    0.266
5606.209	    0.266
5607.135	    0.259
5608.062	    0.262
5608.988	    0.258
5609.915	    0.265
5610.842	    0.296
5611.769	    0.301
5612.697	    0.282
5613.624	    0.270
5614.552	    0.264
5615.479	    0.281
5616.407	    0.288
5617.335	    0.285
5618.264	    0.282
5619.192	    0.274
5620.121	    0.267
5621.049	    0.262
5621.978	    0.258
5622.907	    0.253
5623.836	    0.255
5624.765	    0.271
5625.695	    0.281
5626.625	    0.273
5627.554	    0.273
5628.484	    0.275
5629.414	    0.273
5630.344	    0.275
5631.275	    0.262
5632.205	    0.266
5633.136	    0.280
5634.067	    0.285
5634.998	    0.281
5635.929	    0.280
5636.860	    0.276
5637.792	    0.265
5638.723	    0.266
5639.655	    0.278
5640.587	    0.287
5641.519	    0.279
5642.451	    0.260
5643.384	    0.266
5644.316	    0.270
5645.249	    0.259
5646.182	    0.240
5647.115	    0.246
5648.048	    0.280
5648.981	    0.291
5649.915	    0.290
5650.848	    0.289
5651.782	    0.289
5652.716	    0.296
5653.650	    0.288
5654.584	    0.231
5655.518	    0.174
5656.453	    0.289
5657.388	    0.298
5658.322	    0.300
5659.257	    0.282
5660.193	    0.281
5661.128	    0.291
5662.063	    0.287
5662.999	    0.304
5663.935	    0.302
5664.871	    0.299
5665.807	    0.303
5666.743	    0.288
5667.679	    0.290
5668.616	    0.298
5669.553	    0.286
5670.489	    0.303
5671.426	    0.293
5672.364	    0.286
5673.301	    0.275
5674.238	    0.248
5675.176	    0.260
5676.114	    0.296
5677.052	    0.315
5677.990	    0.301
5678.928	    0.288
5679.866	    0.305
5680.805	    0.303
5681.744	    0.298
5682.683	    0.293
5683.622	    0.269
5684.561	    0.253
5685.500	    0.272
5686.440	    0.291
5687.379	    0.286
5688.319	    0.256
5689.259	    0.260
5690.199	    0.271
5691.139	    0.262
5692.080	    0.264
5693.020	    0.270
5693.961	    0.290
5694.902	    0.292
5695.843	    0.279
5696.784	    0.278
5697.725	    0.290
5698.667	    0.295
5699.609	    0.271
5700.550	    0.278
5701.492	    0.309
5702.435	    0.298
5703.377	    0.273
5704.319	    0.286
5705.262	    0.307
5706.205	    0.299
5707.147	    0.267
5708.091	    0.281
5709.034	    0.300
5709.977	    0.294
5710.921	    0.277
5711.864	    0.264
5712.808	    0.293
5713.752	    0.300
5714.696	    0.305
5715.641	    0.290
5716.585	    0.288
5717.530	    0.289
5718.475	    0.288
5719.419	    0.285
5720.365	    0.290
5721.310	    0.290
5722.255	    0.288
5723.201	    0.287
5724.146	    0.296
5725.092	    0.297
5726.038	    0.290
5726.985	    0.282
5727.931	    0.270
5728.877	    0.267
5729.824	    0.274
5730.771	    0.305
5731.718	    0.306
5732.665	    0.307
5733.612	    0.313
5734.560	    0.306
5735.507	    0.291
5736.455	    0.285
5737.403	    0.277
5738.351	    0.270
5739.299	    0.282
5740.247	    0.303
5741.196	    0.267
5742.145	    0.307
5743.094	    0.286
5744.043	    0.276
5744.992	    0.284
5745.941	    0.302
5746.890	    0.286
5747.840	    0.288
5748.790	    0.285
5749.740	    0.284
5750.690	    0.278
5751.640	    0.285
5752.591	    0.282
5753.541	    0.298
5754.492	    0.298
5755.443	    0.288
5756.394	    0.289
5757.345	    0.285
5758.296	    0.282
5759.248	    0.270
5760.200	    0.273
5761.151	    0.273
5762.103	    0.252
5763.055	    0.276
5764.008	    0.275
5764.960	    0.261
5765.913	    0.288
5766.866	    0.291
5767.819	    0.239
5768.772	    0.263
5769.725	    0.267
5770.678	    0.273
5771.632	    0.274
5772.586	    0.274
5773.539	    0.258
5774.493	    0.262
5775.448	    0.275
5776.402	    0.305
5777.357	    0.298
5778.311	    0.285
5779.266	    0.284
5780.221	    0.282
5781.176	    0.270
5782.131	    0.272
5783.087	    0.276
5784.042	    0.287
5784.998	    0.261
5785.954	    0.262
5786.910	    0.279
5787.866	    0.282
5788.823	    0.253
5789.779	    0.271
5790.736	    0.241
5791.693	    0.248
5792.650	    0.300
5793.607	    0.241
5794.565	    0.259
5795.522	    0.295
5796.480	    0.363
5797.438	    0.416
5798.396	    0.273
5799.354	    0.244
5800.312	    0.245
5801.270	    0.228
5802.229	    0.278
5803.188	    0.285
5804.147	    0.261
5805.106	    0.277
5806.065	    0.271
5807.024	    0.258
5807.984	    0.249
5808.944	    0.255
5809.904	    0.262
5810.864	    0.260
5811.824	    0.233
5812.784	    0.253
5813.745	    0.247
5814.705	    0.253
5815.666	    0.223
5816.627	    0.235
5817.588	    0.253
5818.550	    0.224
5819.511	    0.242
5820.473	    0.240
5821.435	    0.240
5822.397	    0.199
5823.359	    0.214
5824.321	    0.213
5825.283	    0.207
5826.246	    0.231
5827.209	    0.237
5828.172	    0.241
5829.135	    0.242
5830.098	    0.251
5831.061	    0.235
5832.025	    0.210
5832.988	    0.190
5833.952	    0.220
5834.916	    0.215
5835.880	    0.237
5836.845	    0.220
5837.809	    0.232
5838.774	    0.233
5839.739	    0.237
5840.704	    0.233
5841.669	    0.206
5842.634	    0.241
5843.600	    0.240
5844.565	    0.235
5845.531	    0.242
5846.497	    0.238
5847.463	    0.203
5848.429	    0.182
5849.396	    0.216
5850.362	    0.251
5851.329	    0.245
5852.296	    0.223
5853.263	    0.230
5854.230	    0.201
5855.197	    0.200
5856.165	    0.181
5857.133	    0.218
5858.100	    0.207
5859.068	    0.143
5860.037	    0.159
5861.005	    0.198
5861.973	    0.200
5862.942	    0.204
5863.911	    0.166
5864.880	    0.140
5865.849	    0.071
5866.818	    0.148
5867.788	    0.173
5868.757	    0.164
5869.727	    0.133
5870.697	    0.029
5871.667	    0.148
5872.637	    0.179
5873.608	    0.148
5874.578	    0.140
5875.549	    0.126
5876.520	    0.149
5877.491	    0.182
5878.462	    0.170
5879.434	    0.181
5880.405	    0.173
5881.377	    0.160
5882.349	    0.168
5883.321	    0.192
5884.293	    0.204
5901.819	    0.171
5902.795	    0.146
5903.770	    0.189
5904.746	    0.192
5905.721	    0.112
5906.697	    0.079
5907.673	    0.061
5908.649	    0.087
5909.626	    0.116
5910.602	    0.143
5911.579	    0.156
5912.556	    0.152
5913.533	    0.139
5914.510	    0.139
5915.487	    0.134
5916.465	    0.133
5917.442	    0.108
5918.420	    0.100
5919.398	    0.087
5920.376	    0.168
5921.355	    0.171
5922.333	    0.130
5923.312	    0.163
5924.290	    0.112
5925.269	    0.046
5926.248	    0.071
5927.228	    0.084
5928.207	    0.084
5929.187	    0.145
5930.166	    0.143
5931.146	    0.020
5932.126	    0.146
5933.107	    0.173
5934.087	    0.151
5935.068	    0.189
5936.048	    0.209
5937.029	    0.233
5938.010	    0.268
5938.992	    0.293
5939.973	    0.261
5940.954	    0.224
5941.936	    0.155
5942.918	    0.041
5943.900	    0.114
5944.882	    0.116
5945.865	    0.145
5946.847	    0.108
5947.830	    0.116
5948.813	    0.155
5949.796	    0.193
5950.779	    0.233
5951.762	    0.204
5952.745	    0.100
5953.729	    0.118
5954.713	    0.163
5955.697	    0.155
5956.681	    0.176
5957.665	    0.211
5958.650	    0.213
5959.634	    0.179
5960.619	    0.174
5961.604	    0.194
5962.589	    0.180
5963.574	    0.164
5964.560	    0.173
5965.546	    0.202
5966.531	    0.087
5967.517	    0.131
5968.503	    0.296
5969.490	    0.290
5970.476	    0.096
5971.463	    0.159
5972.449	    0.151
5973.436	    0.142
5974.423	    0.161
5975.410	    0.128
5976.398	    0.089
5977.385	    0.123
5978.373	    0.041
5979.361	    0.179
5980.349	    0.094
5981.337	    0.169
5982.326	    0.181
5983.314	    0.197
5984.303	    0.110
5985.292	    0.161
5986.281	    0.211
5987.270	    0.174
5988.259	    0.177
5989.249	    0.213
5990.238	    0.188
5991.228	    0.160
5992.218	    0.151
5993.208	    0.188
5994.199	    0.215
5995.189	    0.209
5996.180	    0.189
5997.171	    0.179
5998.162	    0.174
5999.153	    0.174
6000.144	    0.174
6001.136	    0.133
6002.127	    0.082
6003.119	    0.128
6004.111	    0.149
6005.103	    0.058
6006.095	    0.123
6007.088	    0.152
6008.081	    0.125
6009.073	    0.203
6010.066	    0.210
6011.059	    0.187
6012.053	    0.208
6013.046	    0.230
6014.040	    0.203
6015.033	    0.217
6016.027	    0.224
6017.022	    0.193
6018.016	    0.180
6019.010	    0.220
6020.005	    0.228
6021.000	    0.200
6021.994	    0.191
6022.990	    0.204
6023.985	    0.194
6024.980	    0.213
6025.976	    0.236
6026.972	    0.206
6027.967	    0.204
6028.964	    0.189
6029.960	    0.152
6030.956	    0.179
6031.953	    0.160
6032.949	    0.177
6033.946	    0.168
6034.943	    0.165
6035.941	    0.179
6036.938	    0.164
6037.936	    0.152
6038.933	    0.170
6039.931	    0.194
6040.929	    0.165
6041.927	    0.165
6042.926	    0.188
6043.924	    0.207
6044.923	    0.186
6045.922	    0.170
6046.921	    0.163
6047.920	    0.175
6048.920	    0.206
6049.919	    0.215
6050.919	    0.206
6051.919	    0.207
6052.919	    0.165
6053.919	    0.182
6054.919	    0.180
6055.920	    0.149
6056.920	    0.166
6057.921	    0.165
6058.922	    0.137
6059.924	    0.174
6060.925	    0.194
6061.926	    0.183
6062.928	    0.146
6063.930	    0.121
6064.932	    0.146
6065.934	    0.152
6066.937	    0.163
6067.939	    0.161
6068.942	    0.160
6069.945	    0.156
6070.948	    0.130
6071.951	    0.116
6072.954	    0.186
6073.958	    0.181
6074.961	    0.146
6075.965	    0.159
6076.969	    0.174
6077.973	    0.126
6078.978	    0.145
6079.982	    0.140
6080.987	    0.106
6081.992	    0.089
6082.997	    0.139
6084.002	    0.164
6085.007	    0.106
6086.013	    0.114
6087.018	    0.106
6088.024	    0.116
6089.030	    0.139
6090.036	    0.118
6091.043	    0.074
6092.049	    0.108
6093.056	    0.102
6094.063	    0.134
6095.070	    0.134
6096.077	    0.143
6097.084	    0.050
6098.092	    0.050
6099.099	    0.058
6100.107	    0.098
6101.115	    0.098
6102.123	    0.110
6103.132	    0.029
6104.140	    0.041
6105.149	    0.092
6106.157	    0.020
6107.166	    0.074
6108.176	    0.035
6109.185	    0.058
6110.194	    0.029
6111.204	    0.128
6112.214	    0.058
6113.224	    0.029
6114.234	    0.077
6115.244	    0.029
6116.255	    0.116
6117.266	    0.143
6118.276	    0.126
6119.287	    0.092
6120.299	    0.058
6121.310	    0.087
6122.321	    0.098
6123.333	    0.136
6124.345	    0.050
6125.357	    0.125
6126.369	    0.110
6127.381	    0.065
6128.394	    0.065
6129.407	    0.077
6130.419	    0.050
6131.432	    0.065
6132.446	    0.020
6133.459	    0.058
6134.472	    0.079
6135.486	    0.092
6136.500	    0.128
6137.514	    0.152
6138.528	    0.168
6139.542	    0.195
6140.557	    0.156
6141.572	    0.071
6142.586	    0.110
6143.601	    0.166
6144.617	    0.194
6145.632	    0.163
6146.648	    0.145
6147.663	    0.140
6148.679	    0.175
6149.695	    0.192
6150.711	    0.155
6151.728	    0.058
6152.744	    0.104
6153.761	    0.128
6154.778	    0.108
6155.795	    0.142
6156.812	    0.149
6157.829	    0.149
6158.847	    0.148
6159.865	    0.149
6160.882	    0.152
6161.900	    0.155
6162.919	    0.156
6163.937	    0.157
6164.956	    0.166
6165.974	    0.184
6166.993	    0.200
6168.012	    0.206
6169.031	    0.200
6170.051	    0.190
6171.070	    0.186
6172.090	    0.188
6173.110	    0.190
6174.130	    0.192
6175.150	    0.193
6176.171	    0.195
6177.191	    0.197
6178.212	    0.189
6179.233	    0.159
6180.254	    0.165
6181.275	    0.177
6182.296	    0.160
6183.318	    0.180
6184.340	    0.213
6185.362	    0.227
6186.384	    0.220
6187.406	    0.163
6188.428	    0.146
6189.451	    0.187
6190.474	    0.170
6191.497	    0.186
6192.520	    0.208
6193.543	    0.213
6194.567	    0.212
6195.590	    0.165
6196.614	    0.183
6197.638	    0.170
6198.662	    0.204
6199.686	    0.203
6200.711	    0.212
6201.735	    0.236
6202.760	    0.235
6203.785	    0.221
6204.810	    0.224
6205.835	    0.218
6206.861	    0.200
6207.887	    0.169
6208.912	    0.104
6209.938	    0.079
6210.964	    0.159
6211.991	    0.186
6213.017	    0.184
6214.044	    0.180
6215.071	    0.218
6216.098	    0.168
6217.125	    0.168
6218.152	    0.130
6219.180	    0.058
6220.207	    0.168
6221.235	    0.243
6222.263	    0.271
6223.291	    0.258
6224.320	    0.258
6225.348	    0.261
6226.377	    0.239
6227.406	    0.232
6228.435	    0.200
6229.464	    0.165
6230.493	    0.181
6231.523	    0.180
6232.553	    0.210
6233.583	    0.273
6234.613	    0.337
6235.643	    0.369
6236.673	    0.383
6237.704	    0.393
6238.734	    0.389
6239.765	    0.313
6240.796	    0.277
6241.828	    0.296
6242.859	    0.290
6243.891	    0.287
6244.922	    0.267
6245.954	    0.227
6246.986	    0.218
6248.019	    0.202
6249.051	    0.203
6250.084	    0.221
6251.117	    0.216
6252.149	    0.198
6253.183	    0.183
6254.216	    0.192
6255.249	    0.210
6256.283	    0.264
6257.317	    0.327
6258.351	    0.347
6259.385	    0.345
6260.419	    0.342
6261.454	    0.310
6262.488	    0.242
6263.523	    0.211
6264.558	    0.251
6265.593	    0.259
6266.629	    0.273
6267.664	    0.286
6268.700	    0.270
6269.736	    0.236
6270.772	    0.210
6271.808	    0.203
6272.844	    0.194
6273.881	    0.174
6274.918	    0.190
6275.954	    0.211
6276.991	    0.247
6278.029	    0.231
6279.066	    0.191
6280.104	    0.163
6281.141	    0.188
6282.179	    0.173
6283.217	    0.164
6284.256	    0.148
6285.294	    0.174
6286.333	    0.260
6287.371	    0.339
6288.410	    0.332
6289.449	    0.337
6290.489	    0.315
6291.528	    0.275
6292.568	    0.209
6293.608	    0.186
6294.648	    0.205
6295.688	    0.206
6306.099	    0.353
6307.141	    0.351
6308.183	    0.356
6309.225	    0.364
6310.268	    0.365
6311.310	    0.281
6312.353	    0.220
6313.396	    0.189
6314.440	    0.212
6315.483	    0.194
6316.527	    0.160
6317.570	    0.189
6318.614	    0.219
6319.658	    0.197
6320.703	    0.246
6321.747	    0.248
6322.792	    0.246
6323.837	    0.237
6324.882	    0.234
6325.927	    0.211
6326.972	    0.182
6328.017	    0.231
6329.063	    0.297
6330.109	    0.330
6331.155	    0.342
6332.201	    0.330
6333.247	    0.285
6334.294	    0.212
6335.341	    0.156
6336.388	    0.152
6337.435	    0.143
6338.482	    0.149
6339.529	    0.161
6340.577	    0.137
6341.624	    0.149
6342.672	    0.143
6343.720	    0.123
6344.769	    0.155
6345.817	    0.194
6346.866	    0.194
6347.914	    0.177
6348.963	    0.199
6350.012	    0.192
6351.062	    0.166
6352.111	    0.160
6353.161	    0.104
6354.211	    0.104
6355.261	    0.198
6356.311	    0.245
6357.361	    0.275
6358.412	    0.309
6359.462	    0.301
6360.513	    0.271
6361.564	    0.353
6362.615	    0.619
6363.667	    0.778
6364.718	    0.805
6365.770	    0.800
6366.822	    0.794
6367.874	    0.652
6368.926	    0.418
6369.979	    0.324
6371.031	    0.285
6372.084	    0.230
6373.137	    0.197
6374.190	    0.146
6375.243	    0.145
6376.297	    0.152
6377.350	    0.188
6378.404	    0.221
6379.458	    0.205
6380.512	    0.181
6381.567	    0.156
6382.621	    0.149
6383.676	    0.145
6384.731	    0.197
6385.786	    0.238
6386.841	    0.248
6387.896	    0.240
6388.952	    0.231
6390.008	    0.194
6391.063	    0.175
6392.120	    0.179
6393.176	    0.187
6394.232	    0.180
6395.289	    0.151
6396.346	    0.174
6397.403	    0.186
6398.460	    0.131
6399.517	    0.087
6400.574	    0.151
6401.632	    0.165
6402.690	    0.137
6403.748	    0.169
6404.806	    0.164
6405.864	    0.087
6406.923	    0.079
6407.982	    0.118
6409.040	    0.148
6410.099	    0.143
6411.159	    0.149
6412.218	    0.164
6413.278	    0.183
6414.337	    0.157
6415.397	    0.157
6416.457	    0.165
6417.518	    0.151
6418.578	    0.177
6419.639	    0.203
6420.700	    0.191
6421.760	    0.153
6422.822	    0.210
6423.883	    0.218
6424.944	    0.176
6426.006	    0.169
6427.068	    0.146
6428.130	    0.137
6429.192	    0.156
6430.255	    0.145
6431.317	    0.194
6432.380	    0.213
6433.443	    0.189
6434.506	    0.184
6435.569	    0.207
6436.632	    0.193
6437.696	    0.182
6438.760	    0.186
6439.824	    0.188
6440.888	    0.156
6441.952	    0.131
6443.017	    0.148
6444.081	    0.112
6445.146	    0.155
6446.211	    0.136
6447.276	    0.108
6448.342	    0.121
6449.407	    0.149
6450.473	    0.161
6451.539	    0.149
6452.605	    0.202
6453.671	    0.174
6454.738	    0.143
6455.804	    0.176
6456.871	    0.142
6457.938	    0.161
6459.005	    0.200
6460.072	    0.190
6461.140	    0.198
6462.207	    0.220
6463.275	    0.205
6464.343	    0.245
6465.411	    0.304
6466.480	    0.332
6467.548	    0.337
6468.617	    0.282
6469.686	    0.300
6470.755	    0.291
6471.824	    0.296
6472.894	    0.310
6473.963	    0.300
6475.033	    0.228
6476.103	    0.181
6477.173	    0.171
6478.243	    0.157
6479.314	    0.149
6480.385	    0.156
6481.455	    0.161
6482.526	    0.142
6483.598	    0.074
6484.669	    0.130
6485.740	    0.160
6486.812	    0.152
6487.884	    0.108
6488.956	    0.092
6490.028	    0.118
6491.101	    0.102
6492.173	    0.077
6493.246	    0.061
6494.319	    0.082
6495.392	    0.116
6503.984	    0.170
6505.058	    0.190
6506.133	    0.213
6507.208	    0.234
6508.284	    0.237
6509.359	    0.194
6510.435	    0.112
6511.511	    0.112
6512.587	    0.108
6513.663	    0.155
6514.739	    0.179
6515.816	    0.177
6516.892	    0.182
6517.969	    0.143
6519.046	    0.110
6520.123	    0.079
6521.201	    0.098
6522.278	    0.176
6523.356	    0.171
6524.434	    0.203
6525.512	    0.187
6526.590	    0.084
6527.669	    0.108
6528.748	    0.157
6529.826	    0.149
6530.905	    0.160
6531.985	    0.260
6533.064	    0.307
6534.143	    0.302
6535.223	    0.296
6536.303	    0.273
6537.383	    0.207
6538.463	    0.159
6539.544	    0.165
6540.624	    0.174
6541.705	    0.137
6542.786	    0.181
6543.867	    0.228
6544.949	    0.239
6546.030	    0.276
6547.112	    0.237
6548.194	    0.133
6549.276	    0.079
6550.358	    0.125
6551.440	    0.183
6552.523	    0.317
6553.606	    0.335
6554.689	    0.326
6555.772	    0.339
6556.855	    0.321
6557.938	    0.205
6559.022	    0.163
6560.106	    0.187
6561.190	    0.238
6562.274	    0.285
6563.358	    0.322
6564.443	    0.328
6565.528	    0.306
6566.613	    0.253
6567.698	    0.186
6568.783	    0.202
6569.868	    0.206
6570.954	    0.193
6572.040	    0.204
6573.126	    0.161
6574.212	    0.108
6575.298	    0.164
6576.385	    0.276
6577.471	    0.290
6578.558	    0.281
6579.645	    0.286
6580.733	    0.276
6581.820	    0.179
6582.908	    0.151
6583.995	    0.173
6585.083	    0.200
6586.171	    0.207
6587.260	    0.171
6588.348	    0.133
6589.437	    0.082
6590.526	    0.041
6591.615	    0.079
6592.704	    0.137
6593.793	    0.168
6594.883	    0.102
6595.973	    0.123
6597.063	    0.170
6598.153	    0.203
6599.243	    0.177
6600.334	    0.188
6601.424	    0.140
6602.515	    0.164
6603.606	    0.204
6604.697	    0.233
6605.789	    0.230
6606.880	    0.200
6607.972	    0.186
6609.064	    0.159
6610.156	    0.151
6611.248	    0.151
6612.341	    0.163
6613.433	    0.223
6614.526	    0.276
6615.619	    0.376
6616.712	    0.546
6617.806	    0.719
6618.899	    0.776
6619.993	    0.745
6621.087	    0.645
6622.181	    0.496
6623.275	    0.337
6624.370	    0.257
6625.464	    0.242
6626.559	    0.269
6627.654	    0.328
6628.749	    0.450
6629.844	    0.714
6630.940	    1.129
6632.036	    1.624
6633.132	    1.967
6634.228	    2.033
6635.324	    1.843
6636.420	    1.469
6637.517	    0.963
6638.614	    0.526
6639.711	    0.298
6640.808	    0.230
6641.905	    0.198
6643.003	    0.219
6644.100	    0.223
6645.198	    0.215
6646.296	    0.195
6647.395	    0.192
6648.493	    0.245
6649.592	    0.327
6650.691	    0.465
6651.789	    0.718
6652.889	    1.057
6653.988	    1.275
6655.087	    1.305
6656.187	    1.205
6657.287	    0.944
6658.387	    0.574
6659.487	    0.321
6660.588	    0.191
6661.688	    0.177
6662.789	    0.190
6663.890	    0.183
6664.991	    0.163
6666.093	    0.131
6667.194	    0.074
6668.296	    0.165
6669.398	    0.156
6670.500	    0.116
6671.602	    0.118
6672.705	    0.071
6673.807	    0.094
6674.910	    0.112
6676.013	    0.114
6677.116	    0.125
6678.219	    0.074
6679.323	    0.054
6680.427	    0.050
6681.530	    0.082
6682.635	    0.071
6683.739	    0.035
6684.843	    0.084
6685.948	    0.054
6687.053	    0.082
6688.158	    0.123
6689.263	    0.181
6690.368	    0.074
6691.474	    0.054
6692.579	    0.082
6693.685	    0.068
6694.791	    0.058
6695.898	    0.108
6697.004	    0.054
6698.111	    0.061
6699.217	    0.054
6700.324	    0.071
6701.432	    0.089
6702.539	    0.079
6703.647	    0.074
6704.754	    0.079
6705.862	    0.110
6706.970	    0.074
6708.079	    0.094
6709.187	    0.061
6710.296	    0.020
6711.404	    0.020
6712.513	    0.029
6713.623	    0.096
6714.732	    0.041
6715.842	    0.050
6716.951	    0.068
6718.061	    0.149
6719.171	    0.068
6720.282	    0.098
6721.392	    0.092
6722.503	    0.143
6723.614	    0.087
6724.725	    0.139
6725.836	    0.125
6726.947	    0.077
6728.059	    0.092
6729.171	    0.142
6730.283	    0.146
6731.395	    0.130
6732.507	    0.084
6733.619	    0.084
6734.732	    0.058
6735.845	    0.110
6736.958	    0.116
6738.071	    0.087
6739.185	    0.084
6740.298	    0.046
6741.412	    0.029
6742.526	    0.100
6743.640	    0.108
6744.754	    0.114
6745.869	    0.100
6746.984	    0.020
6748.099	    0.074
6749.214	    0.116
6750.329	    0.125
6751.444	    0.079
6752.560	    0.061
6753.676	    0.118
6754.792	    0.096
6755.908	    0.104
6757.024	    0.130
6758.141	    0.119
6759.258	    0.074
6760.374	    0.077
6761.492	    0.084
6762.609	    0.020
6763.726	    0.128
6764.844	    0.142
6765.962	    0.114
6767.080	    0.151
6768.198	    0.159
6769.316	    0.149
6770.435	    0.131
6771.554	    0.123
6772.673	    0.116
6773.792	    0.112
6774.911	    0.110
6776.031	    0.143
6777.150	    0.130
6778.270	    0.089
6779.390	    0.098
6780.510	    0.102
6781.631	    0.092
6782.752	    0.058
6783.872	    0.058
6784.993	    0.180
6786.114	    0.330
6787.236	    0.530
6788.357	    0.653
6789.479	    0.665
6790.601	    0.612
6791.723	    0.446
6792.845	    0.262
6793.968	    0.116
6795.090	    0.121
6796.213	    0.112
6797.336	    0.108
6798.459	    0.058
6799.583	    0.159
6800.706	    0.296
6801.830	    0.464
6802.954	    0.550
6804.078	    0.558
6805.203	    0.511
6806.327	    0.377
6807.452	    0.213
6808.577	    0.058
6809.702	    0.160
6810.827	    0.166
6811.952	    0.145
6813.078	    0.136
6814.204	    0.110
6815.330	    0.089
6816.456	    0.061
6817.582	    0.125
6818.709	    0.137
6819.836	    0.118
6820.963	    0.118
6822.090	    0.110
6823.217	    0.119
6824.344	    0.161
6870.732	    0.303
6871.867	    0.298
6873.003	    0.276
6874.139	    0.282
6875.274	    0.304
6876.411	    0.311
6877.547	    0.286
6878.683	    0.246
6879.820	    0.187
6880.957	    0.149
6882.094	    0.151
6883.231	    0.137
6884.368	    0.159
6885.506	    0.209
6886.644	    0.228
6887.782	    0.153
6888.920	    0.077
6890.058	    0.148
6891.197	    0.131
6892.335	    0.173
6893.474	    0.182
6894.613	    0.199
6895.753	    0.219
6896.892	    0.235
6898.032	    0.246
6899.172	    0.211
6900.312	    0.164
6901.452	    0.118
6902.592	    0.136
6903.733	    0.165
6904.874	    0.211
6906.015	    0.228
6907.156	    0.241
6908.297	    0.244
6909.439	    0.205
6910.580	    0.108
6911.722	    0.143
6912.864	    0.183
6914.007	    0.203
6915.149	    0.202
6916.292	    0.098
6917.435	    0.152
6918.578	    0.199
6919.721	    0.223
6920.865	    0.137
6922.008	    0.221
6923.152	    0.283
6924.296	    0.285
6925.440	    0.280
6926.584	    0.216
6927.729	    0.126
6928.874	    0.179
6930.019	    0.190
6931.164	    0.186
6932.309	    0.182
6933.455	    0.190
6934.600	    0.164
6935.746	    0.190
6936.892	    0.189
6938.039	    0.035
6939.185	    0.170
6940.332	    0.209
6941.479	    0.197
6942.626	    0.155
6943.773	    0.029
6944.920	    0.130
6946.068	    0.176
6947.216	    0.177
6948.364	    0.295
6949.512	    0.334
6950.660	    0.355
6951.809	    0.328
6952.957	    0.181
6954.106	    0.126
6955.255	    0.143
6956.405	    0.133
6957.554	    0.136
6958.704	    0.146
6959.854	    0.145
6961.004	    0.139
6962.154	    0.159
6963.304	    0.175
6964.455	    0.165
6965.606	    0.148
6966.757	    0.180
6967.908	    0.157
6969.059	    0.098
6970.211	    0.148
6971.363	    0.159
6972.515	    0.119
6973.667	    0.140
6974.819	    0.199
6975.972	    0.136
6977.125	    0.182
6978.277	    0.254
6979.431	    0.235
6980.584	    0.241
6981.737	    0.195
6982.891	    0.136
6984.045	    0.204
6985.199	    0.175
6986.353	    0.121
6987.508	    0.171
6988.662	    0.176
6989.817	    0.106
6990.972	    0.119
6992.127	    0.174
6993.283	    0.200
6994.438	    0.190
6995.594	    0.187
6996.750	    0.197
6997.906	    0.155
6999.063	    0.177
7000.219	    0.188
7001.376	    0.189
7002.533	    0.164
7003.690	    0.139
7004.847	    0.114
7006.005	    0.098
7007.162	    0.133
7008.320	    0.192
7009.478	    0.180
7010.636	    0.035
7011.795	    0.054
7012.954	    0.041
7014.112	    0.104
7015.271	    0.200
7016.431	    0.225
7017.590	    0.223
7018.750	    0.221
7019.909	    0.201
7021.069	    0.205
7022.230	    0.220
7023.390	    0.216
7024.551	    0.201
7025.711	    0.192
7026.872	    0.197
7028.033	    0.211
7029.195	    0.202
7030.356	    0.223
7031.518	    0.215
7032.680	    0.183
7033.842	    0.200
7035.004	    0.199
7036.167	    0.183
7037.329	    0.216
7038.492	    0.239
7039.655	    0.208
7040.819	    0.157
7041.982	    0.184
7043.146	    0.190
7044.309	    0.176
7045.473	    0.169
7046.638	    0.140
7047.802	    0.121
7048.967	    0.041
7050.131	    0.071
7051.296	    0.140
7052.462	    0.142
7053.627	    0.125
7054.792	    0.161
7055.958	    0.214
7057.124	    0.236
7058.290	    0.219
7059.457	    0.224
7060.623	    0.201
7061.790	    0.188
7062.957	    0.191
7064.124	    0.192
7065.291	    0.175
7066.459	    0.182
7067.626	    0.184
7068.794	    0.179
7069.962	    0.169
7071.130	    0.174
7072.299	    0.182
7073.468	    0.186
7074.636	    0.199
7075.805	    0.211
7076.975	    0.218
7078.144	    0.227
7079.314	    0.212
7080.483	    0.206
7081.653	    0.216
7082.824	    0.224
7083.994	    0.191
7085.165	    0.182
7086.335	    0.191
7087.506	    0.179
7088.677	    0.180
7089.849	    0.163
7091.020	    0.181
7092.192	    0.216
7093.364	    0.246
7094.536	    0.242
7095.708	    0.235
7096.881	    0.213
7098.054	    0.221
7099.227	    0.218
7100.400	    0.217
7101.573	    0.205
7102.746	    0.219
7103.920	    0.218
7105.094	    0.206
7106.268	    0.198
7107.442	    0.198
7108.617	    0.201
7109.791	    0.206
7110.966	    0.193
7112.141	    0.195
7113.316	    0.194
7114.492	    0.201
7115.667	    0.214
7116.843	    0.202
7118.019	    0.203
