1 1 1049.01 1053.70
4.9393 
0.5644 
name    flux    f_err    vel    sig
Hgamma      	   1.01395	      0.14	 2935.0981	     77.94
Hbeta       	   2.21258	      0.13	 2935.0981	     77.94
Halpha      	  16.65009	      0.12	 2935.0981	     77.94
[SII]6716   	   3.81353	      0.13	 2959.2130	    110.37
[SII]6731   	   3.07645	      0.13	 2959.2130	    110.37
[OIII]5007_d	   1.34545	      0.18	 2959.2130	    110.37
[OI]6300_d  	   3.43378	      0.17	 2959.2130	    110.37
[NII]6583_d 	  16.67778	      0.17	 2959.2130	    110.37
