wlen 	 newgal_spectrum 
  4176.646 	      0.002
  4177.397 	     -0.008
  4178.147 	     -0.016
  4178.898 	     -0.023
  4179.649 	     -0.028
  4180.400 	     -0.031
  4181.151 	     -0.031
  4181.902 	     -0.029
  4182.653 	     -0.024
  4183.405 	     -0.017
  4184.157 	     -0.011
  4184.908 	     -0.009
  4185.660 	     -0.013
  4186.412 	     -0.019
  4187.164 	     -0.029
  4187.917 	     -0.040
  4188.669 	     -0.038
  4189.422 	     -0.027
  4190.174 	     -0.021
  4190.927 	     -0.029
  4191.680 	     -0.040
  4192.433 	     -0.036
  4193.186 	     -0.035
  4193.940 	     -0.048
  4194.693 	     -0.050
  4195.447 	     -0.037
  4196.201 	     -0.026
  4196.955 	     -0.024
  4197.709 	     -0.021
  4198.463 	     -0.021
  4199.217 	     -0.029
  4199.972 	     -0.051
  4200.726 	     -0.033
  4201.481 	     -0.026
  4202.236 	     -0.019
  4202.991 	     -0.006
  4203.746 	     -0.018
  4204.501 	     -0.017
  4205.257 	     -0.014
  4206.012 	     -0.009
  4206.768 	     -0.014
  4207.524 	     -0.022
  4208.280 	     -0.029
  4209.036 	     -0.037
  4209.792 	     -0.022
  4210.548 	     -0.018
  4211.305 	     -0.021
  4212.061 	     -0.037
  4212.818 	     -0.023
  4213.575 	     -0.004
  4214.332 	      0.008
  4215.089 	      0.006
  4215.846 	     -0.005
  4216.604 	     -0.007
  4217.361 	     -0.010
  4218.119 	     -0.020
  4218.877 	     -0.018
  4219.635 	     -0.018
  4220.393 	     -0.020
  4221.151 	     -0.027
  4221.910 	     -0.019
  4222.668 	     -0.006
  4223.427 	      0.002
  4224.186 	     -0.000
  4224.945 	      0.013
  4225.704 	      0.019
  4226.463 	      0.021
  4227.222 	      0.019
  4227.982 	      0.004
  4228.741 	      0.012
  4229.501 	      0.006
  4230.261 	     -0.023
  4231.021 	      0.024
  4231.781 	     -0.007
  4232.542 	     -0.013
  4233.302 	      0.011
  4234.063 	      0.010
  4234.823 	      0.014
  4235.584 	      0.008
  4236.345 	     -0.005
  4237.106 	      0.015
  4237.868 	      0.000
  4238.629 	     -0.001
  4239.390 	      0.007
  4240.152 	      0.016
  4240.914 	      0.009
  4241.676 	      0.000
  4242.438 	     -0.006
  4243.200 	      0.011
  4243.963 	     -0.007
  4244.725 	     -0.007
  4245.488 	     -0.001
  4246.250 	      0.006
  4247.013 	      0.015
  4247.776 	      0.010
  4248.540 	     -0.003
  4249.303 	     -0.035
  4250.066 	     -0.035
  4250.830 	     -0.016
  4251.594 	      0.003
  4252.357 	      0.011
  4253.121 	     -0.014
  4253.886 	     -0.008
  4254.650 	      0.001
  4255.414 	      0.007
  4256.179 	      0.002
  4256.944 	      0.004
  4257.708 	      0.003
  4258.473 	     -0.001
  4259.238 	      0.006
  4260.004 	      0.020
  4260.769 	      0.016
  4261.535 	     -0.001
  4262.300 	      0.011
  4263.066 	      0.035
  4263.832 	      0.046
  4264.598 	      0.051
  4265.364 	      0.056
  4266.130 	      0.038
  4266.897 	      0.018
  4267.664 	     -0.002
  4268.430 	     -0.013
  4269.197 	      0.013
  4269.964 	      0.018
  4270.731 	      0.012
  4271.499 	     -0.000
  4272.266 	     -0.021
  4273.034 	      0.001
  4273.801 	      0.021
  4274.569 	      0.026
  4275.337 	      0.002
  4276.105 	      0.007
  4276.874 	      0.022
  4277.642 	      0.042
  4278.411 	      0.039
  4279.179 	      0.017
  4279.948 	      0.006
  4280.717 	      0.001
  4281.486 	     -0.001
  4282.255 	      0.017
  4283.025 	      0.012
  4283.794 	      0.004
  4284.564 	      0.009
  4285.334 	      0.036
  4286.104 	      0.055
  4286.874 	      0.059
  4287.644 	      0.037
  4288.414 	      0.012
  4289.185 	      0.013
  4289.955 	      0.016
  4290.726 	      0.021
  4291.497 	      0.050
  4292.268 	      0.041
  4293.039 	      0.023
  4293.811 	      0.006
  4294.582 	      0.028
  4295.354 	      0.031
  4296.125 	      0.022
  4296.897 	      0.017
  4297.669 	      0.041
  4298.441 	     -0.001
  4299.214 	      0.002
  4299.986 	      0.004
  4300.759 	     -0.003
  4301.531 	      0.035
  4302.304 	      0.030
  4303.077 	      0.045
  4303.850 	      0.069
  4304.623 	      0.029
  4305.397 	      0.029
  4306.170 	      0.027
  4306.944 	      0.027
  4307.718 	      0.030
  4308.492 	      0.039
  4309.266 	      0.024
  4310.040 	      0.017
  4310.814 	      0.029
  4311.589 	      0.039
  4312.364 	      0.015
  4313.138 	      0.011
  4313.913 	      0.025
  4314.688 	      0.042
  4315.464 	      0.035
  4316.239 	      0.025
  4317.014 	      0.014
  4317.790 	      0.011
  4318.566 	      0.020
  4319.342 	      0.019
  4320.118 	      0.022
  4320.894 	      0.037
  4321.670 	      0.006
  4322.447 	      0.012
  4323.223 	      0.024
  4324.000 	      0.035
  4324.777 	      0.012
  4325.554 	      0.019
  4326.331 	      0.040
  4327.108 	      0.058
  4327.886 	      0.047
  4328.663 	      0.052
  4329.441 	      0.040
  4330.219 	      0.041
  4330.997 	      0.065
  4331.775 	      0.073
  4332.553 	      0.079
  4333.332 	      0.058
  4334.110 	      0.029
  4334.889 	      0.059
  4335.668 	      0.040
  4336.447 	      0.023
  4337.226 	      0.023
  4338.005 	      0.056
  4338.784 	      0.075
  4339.564 	      0.069
  4340.344 	      0.057
  4341.123 	      0.042
  4341.903 	      0.025
  4342.683 	      0.058
  4343.464 	      0.063
  4344.244 	      0.057
  4345.024 	      0.050
  4345.805 	      0.069
  4346.586 	      0.074
  4347.367 	      0.073
  4348.148 	      0.069
  4348.929 	      0.073
  4349.710 	      0.068
  4350.492 	      0.065
  4351.274 	      0.061
  4352.055 	      0.052
  4352.837 	      0.062
  4353.619 	      0.064
  4354.402 	      0.057
  4355.184 	      0.041
  4355.966 	      0.032
  4356.749 	      0.024
  4357.532 	      0.020
  4358.315 	      0.019
  4359.098 	      0.020
  4359.881 	      0.011
  4360.664 	     -0.000
  4361.448 	      0.007
  4362.231 	      0.036
  4363.015 	      0.062
  4363.799 	      0.058
  4364.583 	      0.060
  4365.367 	      0.063
  4366.151 	      0.052
  4366.936 	      0.018
  4367.720 	      0.019
  4368.505 	      0.028
  4369.290 	      0.039
  4370.075 	      0.054
  4370.860 	      0.033
  4371.645 	      0.031
  4372.431 	      0.040
  4373.216 	      0.054
  4374.002 	      0.000
  4374.788 	      0.002
  4375.574 	      0.021
  4376.360 	      0.043
  4377.146 	     -0.025
  4389.746 	      0.013
  4390.535 	      0.023
  4391.324 	      0.054
  4392.113 	      0.034
  4392.902 	      0.021
  4393.691 	      0.015
  4394.480 	      0.014
  4395.270 	      0.019
  4396.059 	      0.019
  4396.849 	      0.014
  4397.639 	      0.014
  4398.429 	      0.031
  4399.220 	      0.040
  4400.010 	      0.050
  4400.801 	      0.052
  4401.591 	      0.048
  4402.382 	      0.054
  4403.173 	      0.061
  4403.964 	      0.044
  4404.755 	      0.035
  4405.547 	      0.041
  4406.338 	      0.025
  4407.130 	      0.016
  4407.922 	      0.028
  4408.714 	      0.043
  4409.506 	      0.038
  4410.298 	     -0.001
  4411.090 	     -0.002
  4411.883 	      0.022
  4412.675 	      0.054
  4413.468 	      0.044
  4414.261 	      0.013
  4415.054 	      0.022
  4415.848 	      0.033
  4416.641 	      0.036
  4417.434 	      0.020
  4418.228 	      0.032
  4419.022 	      0.045
  4419.816 	      0.049
  4420.610 	      0.036
  4421.404 	      0.026
  4422.199 	      0.030
  4422.993 	      0.030
  4423.788 	      0.029
  4424.583 	      0.028
  4425.377 	      0.035
  4426.173 	      0.046
  4426.968 	      0.041
  4427.763 	      0.022
  4428.559 	      0.014
  4429.354 	      0.021
  4430.150 	      0.034
  4430.946 	      0.041
  4431.742 	      0.038
  4432.538 	      0.016
  4433.335 	      0.018
  4434.131 	      0.010
  4434.928 	      0.007
  4435.725 	      0.020
  4436.522 	      0.017
  4437.319 	      0.006
  4438.116 	      0.014
  4438.913 	      0.027
  4439.711 	      0.027
  4440.509 	      0.000
  4441.306 	     -0.004
  4442.104 	      0.000
  4442.902 	      0.005
  4443.701 	     -0.012
  4444.499 	      0.001
  4445.298 	      0.011
  4446.096 	      0.016
  4446.895 	      0.019
  4447.694 	      0.042
  4448.493 	      0.017
  4449.292 	      0.024
  4450.092 	      0.025
  4450.891 	      0.007
  4451.691 	     -0.033
  4452.491 	     -0.012
  4453.291 	      0.008
  4454.091 	      0.016
  4454.891 	      0.011
  4455.691 	      0.028
  4456.492 	      0.017
  4457.293 	      0.017
  4458.093 	      0.022
  4458.894 	      0.026
  4459.695 	     -0.008
  4460.497 	     -0.012
  4461.298 	     -0.009
  4462.100 	     -0.001
  4462.901 	      0.011
  4463.703 	      0.011
  4464.505 	      0.015
  4465.307 	      0.012
  4466.109 	      0.006
  4466.912 	      0.007
  4467.714 	      0.006
  4468.517 	     -0.012
  4469.320 	     -0.012
  4470.123 	     -0.003
  4470.926 	     -0.006
  4471.729 	     -0.020
  4472.533 	     -0.027
  4473.336 	     -0.040
  4474.140 	     -0.053
  4474.944 	     -0.054
  4475.748 	     -0.047
  4476.552 	     -0.041
  4477.356 	     -0.035
  4478.161 	     -0.029
  4478.965 	     -0.024
  4479.770 	     -0.023
  4480.575 	     -0.027
  4481.380 	     -0.034
  4482.185 	     -0.042
  4482.990 	     -0.047
  4483.796 	     -0.046
  4484.601 	     -0.041
  4485.407 	     -0.032
  4486.213 	     -0.022
  4487.019 	     -0.015
  4487.825 	     -0.012
  4488.631 	     -0.015
  4489.438 	     -0.021
  4490.244 	     -0.028
  4491.051 	     -0.032
  4491.858 	     -0.033
  4492.665 	     -0.032
  4493.472 	     -0.028
  4494.280 	     -0.022
  4495.087 	     -0.015
  4495.895 	     -0.005
  4496.702 	      0.006
  4497.510 	      0.006
  4498.318 	      0.005
  4499.127 	      0.027
  4499.935 	      0.029
  4500.743 	      0.008
  4501.552 	     -0.003
  4502.361 	      0.003
  4503.170 	      0.032
  4503.979 	      0.031
  4504.788 	      0.020
  4505.597 	      0.008
  4506.407 	     -0.001
  4507.216 	     -0.004
  4508.026 	      0.005
  4508.836 	      0.005
  4509.646 	      0.003
  4510.456 	      0.003
  4511.267 	      0.009
  4512.077 	      0.001
  4512.888 	     -0.003
  4513.699 	     -0.004
  4514.510 	     -0.008
  4515.321 	     -0.015
  4516.132 	     -0.011
  4516.943 	     -0.005
  4517.755 	      0.007
  4518.567 	      0.018
  4519.379 	      0.021
  4520.191 	      0.007
  4521.003 	     -0.006
  4521.815 	     -0.000
  4522.627 	      0.007
  4523.440 	      0.006
  4524.253 	     -0.025
  4525.065 	     -0.017
  4525.878 	     -0.012
  4526.692 	     -0.006
  4527.505 	     -0.007
  4528.318 	     -0.034
  4529.132 	     -0.030
  4529.946 	     -0.010
  4530.759 	      0.013
  4531.573 	      0.031
  4532.388 	      0.029
  4533.202 	      0.018
  4534.016 	      0.035
  4534.831 	      0.032
  4535.646 	      0.015
  4536.461 	     -0.006
  4537.276 	     -0.022
  4538.091 	      0.003
  4538.906 	      0.006
  4539.722 	      0.002
  4540.537 	      0.002
  4541.353 	      0.018
  4542.169 	     -0.004
  4545.434 	     -0.025
  4546.251 	     -0.013
  4547.068 	     -0.011
  4547.885 	     -0.021
  4548.702 	     -0.028
  4549.519 	     -0.007
  4550.336 	     -0.012
  4551.154 	     -0.020
  4551.972 	     -0.012
  4552.789 	     -0.005
  4553.607 	     -0.012
  4554.425 	     -0.026
  4555.244 	     -0.028
  4556.062 	     -0.022
  4556.881 	     -0.014
  4557.699 	     -0.006
  4558.518 	     -0.007
  4559.337 	     -0.032
  4560.156 	     -0.050
  4560.976 	     -0.050
  4561.795 	     -0.037
  4562.615 	     -0.026
  4563.435 	     -0.025
  4564.254 	     -0.016
  4565.074 	      0.000
  4565.895 	      0.009
  4566.715 	      0.002
  4567.535 	     -0.025
  4568.356 	     -0.015
  4569.177 	     -0.007
  4569.998 	     -0.006
  4570.819 	     -0.010
  4571.640 	     -0.009
  4572.461 	     -0.002
  4573.283 	      0.003
  4574.105 	     -0.006
  4574.926 	     -0.011
  4575.748 	      0.002
  4576.570 	     -0.006
  4577.393 	      0.001
  4578.215 	      0.005
  4579.038 	     -0.000
  4579.860 	     -0.011
  4580.683 	      0.002
  4581.506 	     -0.026
  4582.329 	     -0.023
  4583.153 	     -0.010
  4583.976 	      0.010
  4584.800 	      0.029
  4585.623 	     -0.004
  4586.447 	      0.008
  4587.271 	     -0.005
  4588.095 	     -0.012
  4588.920 	     -0.004
  4589.744 	     -0.008
  4590.569 	     -0.020
  4591.394 	     -0.010
  4592.219 	     -0.008
  4593.044 	     -0.009
  4593.869 	     -0.007
  4594.694 	     -0.012
  4595.520 	     -0.016
  4596.345 	     -0.012
  4597.171 	     -0.006
  4597.997 	     -0.003
  4598.823 	     -0.004
  4599.649 	     -0.013
  4600.476 	      0.002
  4601.302 	      0.005
  4602.129 	     -0.002
  4602.956 	     -0.006
  4603.783 	      0.019
  4604.610 	      0.020
  4605.437 	      0.006
  4606.265 	     -0.004
  4607.092 	     -0.008
  4607.920 	     -0.011
  4608.748 	     -0.013
  4609.576 	     -0.003
  4610.404 	      0.005
  4611.232 	      0.008
  4612.061 	      0.008
  4612.890 	     -0.005
  4613.718 	     -0.017
  4614.547 	     -0.023
  4615.376 	     -0.032
  4616.206 	     -0.038
  4617.035 	     -0.033
  4617.864 	     -0.028
  4618.694 	     -0.024
  4619.524 	     -0.033
  4620.354 	     -0.036
  4621.184 	     -0.029
  4622.014 	     -0.017
  4622.845 	     -0.022
  4623.675 	     -0.012
  4624.506 	     -0.009
  4625.337 	     -0.011
  4626.168 	     -0.015
  4626.999 	     -0.012
  4627.830 	      0.001
  4628.662 	     -0.005
  4629.493 	     -0.010
  4630.325 	     -0.014
  4631.157 	     -0.023
  4631.989 	     -0.048
  4632.821 	     -0.029
  4633.654 	     -0.036
  4634.486 	     -0.028
  4635.319 	     -0.013
  4636.152 	     -0.022
  4636.985 	     -0.020
  4637.818 	     -0.000
  4638.651 	     -0.014
  4639.484 	     -0.024
  4640.318 	     -0.024
  4641.152 	     -0.034
  4641.985 	     -0.011
  4642.819 	     -0.018
  4643.654 	     -0.020
  4644.488 	     -0.013
  4645.322 	     -0.001
  4646.157 	      0.001
  4646.992 	     -0.030
  4647.827 	     -0.043
  4648.662 	     -0.045
  4649.497 	     -0.040
  4650.332 	     -0.031
  4651.168 	     -0.027
  4652.003 	     -0.013
  4652.839 	     -0.014
  4653.675 	     -0.004
  4654.511 	      0.005
  4655.347 	     -0.003
  4656.184 	     -0.017
  4657.020 	     -0.021
  4657.857 	     -0.041
  4658.694 	     -0.052
  4659.531 	     -0.045
  4660.368 	     -0.021
  4661.205 	     -0.004
  4662.043 	     -0.017
  4662.881 	     -0.020
  4663.718 	     -0.015
  4664.556 	     -0.013
  4665.394 	     -0.029
  4666.232 	     -0.053
  4667.071 	     -0.035
  4667.909 	     -0.007
  4668.748 	      0.006
  4669.587 	      0.002
  4670.426 	     -0.010
  4671.265 	     -0.012
  4672.104 	     -0.007
  4672.944 	     -0.009
  4673.783 	     -0.013
  4674.623 	     -0.022
  4675.463 	     -0.036
  4676.303 	     -0.010
  4677.143 	     -0.003
  4677.983 	     -0.023
  4678.824 	     -0.036
  4679.664 	     -0.038
  4680.505 	     -0.038
  4681.346 	     -0.029
  4682.187 	     -0.023
  4683.028 	     -0.020
  4683.870 	     -0.015
  4684.711 	     -0.013
  4685.553 	     -0.020
  4686.395 	     -0.018
  4687.237 	     -0.014
  4688.079 	     -0.003
  4688.921 	      0.001
  4689.764 	     -0.009
  4690.606 	     -0.030
  4691.449 	     -0.036
  4692.292 	     -0.019
  4693.135 	     -0.005
  4693.978 	     -0.007
  4694.821 	     -0.013
  4695.665 	     -0.011
  4696.508 	      0.003
  4697.352 	      0.022
  4698.196 	      0.019
  4699.040 	      0.023
  4699.885 	      0.025
  4700.729 	      0.017
  4701.574 	      0.003
  4702.418 	      0.014
  4703.263 	      0.020
  4704.108 	      0.016
  4704.953 	      0.003
  4705.799 	     -0.011
  4706.644 	     -0.012
  4707.490 	     -0.016
  4708.335 	     -0.004
  4709.181 	      0.004
  4710.027 	      0.008
  4710.874 	      0.005
  4711.720 	     -0.006
  4712.567 	     -0.025
  4713.413 	     -0.024
  4714.260 	     -0.011
  4715.107 	     -0.006
  4715.954 	     -0.011
  4716.802 	     -0.020
  4717.649 	     -0.021
  4718.497 	     -0.021
  4719.344 	     -0.021
  4720.192 	     -0.016
  4721.040 	     -0.013
  4721.888 	     -0.018
  4722.737 	     -0.025
  4723.585 	     -0.024
  4724.434 	     -0.019
  4725.283 	     -0.023
  4726.132 	     -0.024
  4726.981 	     -0.020
  4727.830 	     -0.013
  4728.680 	     -0.016
  4729.529 	     -0.020
  4730.379 	     -0.009
  4731.229 	     -0.007
  4732.079 	     -0.018
  4732.929 	     -0.032
  4733.779 	     -0.006
  4734.630 	      0.013
  4735.480 	      0.016
  4736.331 	      0.013
  4737.182 	      0.004
  4738.033 	     -0.007
  4738.885 	     -0.010
  4739.736 	      0.007
  4740.588 	      0.002
  4741.439 	      0.023
  4742.291 	      0.008
  4743.143 	     -0.023
  4743.995 	     -0.031
  4744.848 	     -0.035
  4745.700 	     -0.011
  4746.553 	      0.011
  4747.406 	      0.001
  4748.259 	     -0.014
  4749.112 	     -0.017
  4749.965 	     -0.014
  4750.818 	     -0.014
  4751.672 	     -0.010
  4752.526 	     -0.015
  4753.379 	     -0.010
  4754.233 	     -0.010
  4755.088 	     -0.024
  4755.942 	     -0.015
  4756.796 	     -0.013
  4757.651 	     -0.015
  4758.506 	     -0.031
  4759.361 	     -0.033
  4760.216 	     -0.020
  4761.071 	     -0.014
  4761.926 	     -0.023
  4762.782 	     -0.043
  4763.638 	     -0.040
  4764.494 	     -0.024
  4765.350 	     -0.008
  4766.206 	     -0.001
  4767.062 	     -0.008
  4767.919 	     -0.005
  4768.775 	     -0.006
  4769.632 	     -0.002
  4770.489 	     -0.011
  4771.346 	     -0.017
  4772.203 	     -0.001
  4773.061 	      0.005
  4773.918 	     -0.013
  4774.776 	     -0.017
  4775.634 	     -0.008
  4776.492 	     -0.003
  4777.350 	     -0.008
  4778.208 	     -0.017
  4779.067 	     -0.010
  4779.925 	     -0.010
  4780.784 	     -0.015
  4781.643 	     -0.013
  4782.502 	     -0.002
  4783.361 	      0.010
  4784.221 	      0.012
  4785.080 	     -0.003
  4785.940 	     -0.029
  4786.800 	     -0.020
  4787.660 	     -0.011
  4788.520 	     -0.000
  4789.381 	      0.006
  4790.241 	     -0.016
  4791.102 	     -0.008
  4791.962 	      0.005
  4792.823 	      0.008
  4793.684 	      0.006
  4794.546 	     -0.000
  4795.407 	     -0.005
  4796.269 	      0.002
  4797.130 	     -0.011
  4797.992 	     -0.014
  4798.854 	     -0.012
  4799.717 	     -0.011
  4800.579 	      0.004
  4801.441 	      0.024
  4802.304 	     -0.033
  4803.167 	      0.005
  4804.030 	     -0.010
  4804.893 	     -0.012
  4805.756 	     -0.009
  4806.620 	      0.000
  4807.483 	      0.015
  4808.347 	      0.008
  4809.211 	     -0.001
  4810.075 	      0.024
  4810.939 	     -0.020
  4811.803 	     -0.027
  4812.668 	     -0.016
  4813.533 	     -0.026
  4814.397 	     -0.015
  4815.262 	     -0.028
  4816.128 	     -0.002
  4816.993 	      0.010
  4817.858 	      0.007
  4818.724 	      0.001
  4819.590 	      0.002
  4820.456 	     -0.007
  4821.322 	     -0.035
  4822.188 	     -0.018
  4823.054 	     -0.020
  4823.921 	     -0.001
  4824.787 	      0.015
  4825.654 	      0.007
  4826.521 	     -0.017
  4827.388 	     -0.012
  4828.256 	     -0.015
  4829.123 	     -0.018
  4829.991 	     -0.013
  4830.859 	      0.002
  4831.727 	      0.018
  4832.595 	      0.026
  4833.463 	      0.015
  4834.331 	      0.002
  4835.200 	     -0.017
  4836.069 	     -0.021
  4836.937 	     -0.013
  4837.806 	     -0.005
  4838.676 	     -0.007
  4839.545 	     -0.007
  4840.415 	     -0.021
  4841.284 	     -0.016
  4842.154 	     -0.010
  4843.024 	      0.003
  4843.894 	      0.013
  4844.764 	      0.010
  4845.635 	     -0.003
  4846.505 	     -0.007
  4847.376 	     -0.006
  4848.247 	      0.014
  4849.118 	      0.015
  4849.989 	      0.009
  4850.861 	      0.009
  4851.732 	      0.009
  4852.604 	     -0.017
  4853.476 	     -0.005
  4854.348 	      0.005
  4855.220 	      0.001
  4856.092 	     -0.018
  4856.965 	     -0.027
  4857.837 	     -0.006
  4858.710 	      0.012
  4859.583 	     -0.016
  4860.456 	     -0.028
  4861.329 	     -0.033
  4862.203 	     -0.020
  4863.076 	     -0.005
  4863.950 	     -0.006
  4864.824 	     -0.027
  4865.698 	     -0.002
  4866.572 	      0.004
  4867.447 	     -0.026
  4868.321 	     -0.027
  4869.196 	     -0.011
  4870.071 	     -0.008
  4870.946 	     -0.027
  4871.821 	     -0.027
  4872.696 	     -0.037
  4873.571 	     -0.025
  4874.447 	     -0.017
  4875.323 	     -0.032
  4876.199 	     -0.033
  4877.075 	     -0.025
  4877.951 	     -0.043
  4878.827 	     -0.024
  4879.704 	     -0.040
  4880.581 	     -0.021
  4881.458 	     -0.013
  4882.335 	     -0.023
  4883.212 	     -0.036
  4884.089 	     -0.037
  4884.967 	     -0.026
  4885.844 	     -0.030
  4886.722 	     -0.027
  4887.600 	     -0.030
  4888.478 	     -0.029
  4889.356 	     -0.038
  4890.235 	     -0.043
  4891.114 	     -0.035
  4891.992 	     -0.027
  4892.871 	      0.000
  4893.750 	     -0.030
  4894.630 	     -0.029
  4895.509 	     -0.029
  4896.388 	     -0.043
  4897.268 	     -0.042
  4898.148 	     -0.013
  4899.028 	     -0.014
  4899.908 	      0.013
  4900.789 	      0.001
  4901.669 	     -0.029
  4902.550 	     -0.039
  4903.431 	     -0.037
  4904.312 	     -0.031
  4905.193 	     -0.016
  4906.074 	      0.035
  4906.955 	      0.155
  4907.837 	      0.282
  4908.719 	      0.364
  4909.601 	      0.384
  4910.483 	      0.344
  4911.365 	      0.260
  4912.247 	      0.165
  4913.130 	      0.096
  4914.013 	      0.037
  4914.896 	     -0.005
  4915.779 	     -0.036
  4916.662 	     -0.040
  4917.545 	     -0.038
  4918.429 	     -0.043
  4919.312 	     -0.048
  4920.196 	     -0.036
  4921.080 	     -0.033
  4921.964 	     -0.036
  4922.849 	     -0.035
  4923.733 	     -0.037
  4924.618 	     -0.039
  4925.502 	     -0.044
  4926.387 	     -0.056
  4927.273 	     -0.060
  4928.158 	     -0.041
  4929.043 	     -0.034
  4929.929 	     -0.034
  4930.815 	     -0.038
  4931.700 	     -0.034
  4932.586 	     -0.033
  4933.473 	     -0.039
  4934.359 	     -0.039
  4935.246 	     -0.032
  4936.132 	     -0.011
  4937.019 	     -0.028
  4937.906 	     -0.036
  4938.793 	     -0.027
  4939.681 	     -0.024
  4940.568 	     -0.027
  4941.456 	     -0.021
  4942.344 	     -0.024
  4943.232 	     -0.037
  4944.120 	     -0.040
  4945.008 	     -0.014
  4945.896 	     -0.013
  4946.785 	     -0.023
  4947.674 	     -0.024
  4948.563 	     -0.023
  4949.452 	     -0.039
  4950.341 	     -0.020
  4951.230 	     -0.029
  4952.120 	     -0.056
  4953.010 	     -0.032
  4953.900 	     -0.019
  4954.790 	     -0.017
  4955.680 	     -0.011
  4956.570 	     -0.013
  4957.461 	     -0.052
  4958.351 	     -0.022
  4959.242 	     -0.019
  4960.133 	     -0.019
  4961.024 	     -0.037
  4961.916 	     -0.037
  4962.807 	     -0.010
  4963.699 	      0.013
  4964.591 	     -0.004
  4965.483 	     -0.023
  4966.375 	     -0.025
  4967.267 	     -0.013
  4968.159 	     -0.040
  4969.052 	     -0.019
  4969.945 	     -0.019
  4970.838 	     -0.027
  4971.731 	     -0.012
  4972.624 	     -0.001
  4973.518 	     -0.029
  4974.411 	     -0.055
  4975.305 	     -0.038
  4976.199 	     -0.023
  4977.093 	     -0.016
  4977.987 	     -0.013
  4978.881 	     -0.009
  4979.776 	     -0.003
  4980.671 	      0.002
  4981.565 	      0.002
  4982.460 	     -0.007
  4983.356 	     -0.008
  4984.251 	      0.007
  4985.146 	     -0.001
  4986.042 	     -0.007
  4986.938 	     -0.009
  4987.834 	     -0.016
  4988.730 	     -0.015
  4989.626 	     -0.024
  4990.523 	     -0.027
  4991.419 	     -0.038
  4992.316 	     -0.030
  4993.213 	     -0.038
  4994.110 	     -0.046
  4995.007 	     -0.044
  4995.905 	     -0.036
  4996.802 	     -0.034
  4997.700 	     -0.035
  4998.598 	     -0.040
  4999.496 	     -0.053
  5000.394 	     -0.039
  5001.293 	     -0.019
  5002.191 	     -0.010
  5003.090 	     -0.013
  5003.989 	     -0.022
  5004.888 	     -0.028
  5005.787 	      0.001
  5006.687 	      0.031
  5007.586 	      0.036
  5008.486 	      0.053
  5009.386 	      0.038
  5010.286 	      0.010
  5011.186 	     -0.006
  5012.086 	     -0.009
  5012.987 	     -0.015
  5013.887 	     -0.017
  5014.788 	     -0.012
  5015.689 	      0.012
  5016.590 	     -0.019
  5017.492 	     -0.028
  5018.393 	     -0.029
  5019.295 	     -0.031
  5020.197 	     -0.042
  5021.098 	     -0.055
  5022.001 	     -0.052
  5022.903 	     -0.034
  5023.805 	     -0.040
  5024.708 	     -0.035
  5025.611 	     -0.042
  5026.514 	     -0.043
  5027.417 	     -0.025
  5028.320 	     -0.014
  5029.223 	     -0.021
  5030.127 	     -0.036
  5031.031 	     -0.047
  5031.935 	     -0.005
  5032.839 	     -0.012
  5033.743 	     -0.020
  5034.647 	     -0.011
  5035.552 	     -0.034
  5036.456 	     -0.029
  5037.361 	     -0.035
  5038.266 	     -0.055
  5039.172 	     -0.043
  5040.077 	     -0.023
  5040.982 	     -0.022
  5041.888 	     -0.031
  5042.794 	     -0.007
  5043.700 	     -0.000
  5044.606 	     -0.017
  5045.513 	     -0.016
  5046.419 	     -0.018
  5047.326 	     -0.034
  5048.233 	     -0.031
  5049.140 	     -0.006
  5050.047 	     -0.037
  5050.954 	     -0.037
  5051.861 	     -0.028
  5052.769 	     -0.028
  5053.677 	      0.033
  5054.585 	      0.079
  5055.493 	      0.136
  5056.401 	      0.187
  5057.310 	      0.174
  5058.218 	      0.145
  5059.127 	      0.127
  5060.036 	      0.063
  5060.945 	      0.028
  5061.855 	      0.009
  5062.764 	     -0.006
  5063.674 	     -0.011
  5064.583 	     -0.027
  5065.493 	     -0.032
  5066.403 	     -0.012
  5067.314 	     -0.017
  5068.224 	     -0.016
  5069.135 	     -0.015
  5070.045 	     -0.013
  5070.956 	     -0.011
  5071.867 	     -0.007
  5072.779 	     -0.019
  5073.690 	     -0.011
  5074.602 	     -0.007
  5075.513 	     -0.018
  5076.425 	     -0.012
  5077.337 	     -0.011
  5078.249 	     -0.008
  5079.162 	     -0.003
  5080.074 	     -0.010
  5080.987 	     -0.013
  5081.900 	     -0.012
  5082.813 	     -0.008
  5083.726 	     -0.004
  5084.640 	     -0.009
  5085.553 	     -0.015
  5086.467 	     -0.006
  5087.381 	     -0.012
  5088.295 	     -0.006
  5089.209 	      0.001
  5090.123 	      0.008
  5091.038 	      0.016
  5091.952 	      0.015
  5092.867 	      0.002
  5093.782 	     -0.005
  5094.697 	      0.005
  5095.613 	      0.011
  5096.528 	     -0.011
  5097.444 	     -0.032
  5098.360 	      0.001
  5099.276 	      0.001
  5100.192 	     -0.020
  5101.108 	     -0.017
  5102.025 	     -0.016
  5102.941 	     -0.011
  5103.858 	      0.001
  5104.775 	      0.002
  5105.692 	     -0.012
  5106.610 	     -0.012
  5107.527 	     -0.005
  5108.445 	     -0.018
  5109.363 	     -0.011
  5110.281 	      0.003
  5111.199 	      0.013
  5112.117 	      0.014
  5113.036 	      0.005
  5113.954 	     -0.002
  5114.873 	      0.003
  5115.792 	      0.012
  5116.711 	      0.018
  5117.630 	      0.026
  5118.550 	      0.031
  5119.469 	      0.025
  5120.389 	      0.004
  5121.309 	      0.010
  5122.229 	      0.010
  5123.150 	     -0.006
  5124.070 	     -0.010
  5124.991 	     -0.004
  5125.911 	     -0.001
  5126.832 	     -0.003
  5127.753 	     -0.008
  5128.675 	     -0.003
  5129.596 	      0.010
  5130.518 	      0.026
  5131.440 	      0.018
  5132.362 	      0.015
  5133.284 	      0.024
  5134.206 	      0.020
  5135.128 	      0.001
  5136.051 	     -0.003
  5136.974 	      0.007
  5137.897 	      0.006
  5138.820 	      0.012
  5139.743 	      0.002
  5140.666 	      0.011
  5141.590 	      0.044
  5142.514 	      0.017
  5143.438 	      0.009
  5144.362 	      0.002
  5145.286 	      0.006
  5146.211 	      0.019
  5147.135 	      0.018
  5148.060 	      0.000
  5148.985 	     -0.011
  5149.910 	     -0.004
  5150.835 	      0.027
  5151.761 	      0.018
  5152.686 	      0.006
  5153.612 	      0.023
  5154.538 	      0.004
  5155.464 	     -0.003
  5156.390 	     -0.006
  5157.317 	      0.001
  5158.243 	      0.014
  5159.170 	      0.018
  5160.097 	      0.014
  5161.024 	      0.013
  5161.951 	      0.005
  5162.879 	      0.026
  5163.806 	      0.029
  5164.734 	      0.037
  5165.662 	      0.001
  5166.590 	      0.014
  5167.518 	      0.014
  5168.447 	      0.005
  5169.375 	      0.005
  5170.304 	     -0.006
  5171.233 	     -0.011
  5172.162 	      0.016
  5173.091 	      0.019
  5174.021 	      0.011
  5174.950 	      0.018
  5175.880 	      0.001
  5176.810 	     -0.033
  5177.740 	     -0.005
  5178.670 	     -0.015
  5179.601 	      0.006
  5261.191 	      0.025
  5262.136 	      0.047
  5263.082 	      0.061
  5264.027 	      0.051
  5264.973 	      0.040
  5265.919 	      0.034
  5266.865 	      0.025
  5267.811 	      0.022
  5268.758 	      0.011
  5269.704 	      0.017
  5270.651 	      0.011
  5271.598 	      0.030
  5272.545 	      0.036
  5273.493 	      0.026
  5274.440 	      0.011
  5275.388 	      0.012
  5276.335 	      0.026
  5277.283 	      0.016
  5278.232 	      0.009
  5279.180 	      0.030
  5280.128 	      0.051
  5281.077 	      0.044
  5282.026 	      0.034
  5282.975 	      0.039
  5283.924 	      0.035
  5284.873 	      0.028
  5285.823 	      0.029
  5286.773 	      0.014
  5287.722 	      0.014
  5288.672 	      0.039
  5289.623 	      0.014
  5290.573 	      0.013
  5291.523 	      0.015
  5292.474 	      0.045
  5293.425 	      0.037
  5294.376 	      0.021
  5295.327 	      0.003
  5296.279 	     -0.008
  5297.230 	     -0.004
  5298.182 	      0.002
  5299.134 	     -0.000
  5300.086 	      0.004
  5301.038 	      0.019
  5301.991 	      0.015
  5302.943 	      0.004
  5303.896 	     -0.001
  5304.849 	     -0.014
  5305.802 	      0.012
  5306.755 	      0.013
  5307.709 	      0.020
  5308.662 	      0.034
  5309.616 	      0.026
  5310.570 	      0.021
  5311.524 	     -0.001
  5312.478 	     -0.029
  5313.433 	     -0.033
  5314.388 	     -0.015
  5315.342 	     -0.009
  5316.297 	     -0.008
  5317.252 	      0.007
  5318.208 	      0.011
  5319.163 	      0.023
  5320.119 	      0.034
  5321.075 	      0.047
  5322.031 	      0.025
  5322.987 	      0.019
  5323.943 	      0.038
  5324.900 	      0.029
  5325.857 	      0.030
  5326.813 	      0.036
  5327.770 	     -0.003
  5328.728 	      0.020
  5329.685 	      0.022
  5330.643 	      0.031
  5331.600 	      0.029
  5332.558 	      0.010
  5333.516 	     -0.005
  5334.475 	     -0.022
  5335.433 	     -0.024
  5336.392 	      0.002
  5337.350 	      0.013
  5338.309 	      0.011
  5339.268 	      0.011
  5340.228 	      0.002
  5341.187 	      0.031
  5342.147 	      0.029
  5343.107 	      0.000
  5344.067 	     -0.014
  5345.027 	     -0.003
  5345.987 	      0.003
  5346.947 	     -0.021
  5347.908 	     -0.028
  5348.869 	      0.002
  5349.830 	     -0.006
  5350.791 	     -0.017
  5351.752 	     -0.003
  5352.714 	      0.000
  5353.676 	      0.008
  5354.638 	      0.007
  5355.600 	     -0.000
  5356.562 	      0.007
  5357.524 	     -0.003
  5358.487 	     -0.001
  5359.449 	     -0.001
  5360.412 	     -0.012
  5361.375 	     -0.005
  5362.339 	     -0.021
  5363.302 	     -0.005
  5364.266 	     -0.025
  5365.230 	     -0.026
  5366.193 	      0.002
  5367.158 	      0.001
  5368.122 	      0.004
  5369.086 	     -0.020
  5370.051 	      0.023
  5371.016 	      0.007
  5371.981 	     -0.001
  5372.946 	     -0.001
  5373.911 	     -0.002
  5374.877 	      0.002
  5375.842 	     -0.013
  5376.808 	     -0.021
  5377.774 	     -0.007
  5378.741 	     -0.017
  5379.707 	     -0.023
  5380.673 	      0.005
  5381.640 	     -0.015
  5382.607 	     -0.020
  5383.574 	      0.015
  5384.541 	     -0.028
  5385.509 	     -0.042
  5386.476 	     -0.107
  5387.444 	     -0.083
  5388.412 	     -0.118
  5389.380 	     -0.124
  5390.348 	     -0.184
  5394.223 	     -0.003
  5395.192 	     -0.021
  5396.162 	     -0.019
  5397.131 	     -0.017
  5398.101 	     -0.029
  5399.071 	     -0.043
  5400.041 	     -0.023
  5401.011 	     -0.002
  5401.981 	     -0.011
  5402.952 	     -0.017
  5403.923 	     -0.009
  5404.894 	     -0.011
  5405.865 	     -0.022
  5406.836 	     -0.019
  5407.807 	     -0.003
  5408.779 	     -0.014
  5409.751 	     -0.047
  5410.723 	     -0.026
  5411.695 	     -0.049
  5412.667 	     -0.038
  5413.639 	     -0.054
  5414.612 	     -0.001
  5415.585 	     -0.016
  5416.558 	     -0.024
  5417.531 	     -0.014
  5418.504 	     -0.028
  5419.478 	     -0.030
  5420.452 	     -0.030
  5421.426 	     -0.018
  5422.400 	     -0.008
  5423.374 	     -0.007
  5424.348 	     -0.000
  5425.323 	     -0.002
  5426.297 	     -0.007
  5427.272 	     -0.017
  5428.247 	     -0.021
  5429.223 	     -0.033
  5430.198 	     -0.051
  5431.174 	     -0.045
  5432.150 	     -0.033
  5433.126 	     -0.016
  5434.102 	     -0.006
  5435.078 	     -0.019
  5436.055 	      0.008
  5437.031 	     -0.000
  5438.008 	     -0.024
  5438.985 	     -0.022
  5439.962 	     -0.026
  5440.940 	     -0.035
  5441.917 	     -0.047
  5442.895 	     -0.036
  5443.873 	     -0.054
  5444.851 	     -0.011
  5445.829 	     -0.010
  5446.808 	     -0.015
  5450.723 	      0.013
  5451.702 	     -0.005
  5452.682 	     -0.014
  5453.661 	     -0.018
  5454.641 	     -0.004
  5455.621 	     -0.009
  5456.601 	     -0.012
  5457.582 	     -0.026
  5458.562 	     -0.016
  5459.543 	     -0.005
  5460.524 	     -0.011
  5461.505 	     -0.019
  5462.486 	     -0.014
  5463.468 	     -0.001
  5464.449 	      0.008
  5465.431 	      0.011
  5466.413 	      0.003
  5467.395 	     -0.018
  5468.377 	     -0.033
  5469.360 	     -0.022
  5470.343 	     -0.005
  5471.325 	     -0.009
  5472.308 	     -0.021
  5473.292 	     -0.015
  5474.275 	     -0.021
  5475.258 	     -0.029
  5476.242 	     -0.018
  5477.226 	      0.001
  5478.210 	      0.008
  5479.194 	      0.022
  5480.179 	      0.005
  5481.163 	     -0.019
  5482.148 	     -0.010
  5483.133 	     -0.002
  5484.118 	     -0.004
  5485.104 	     -0.006
  5486.089 	     -0.013
  5487.075 	      0.000
  5488.060 	      0.014
  5489.047 	     -0.003
  5490.033 	      0.007
  5491.019 	     -0.003
  5492.006 	     -0.017
  5492.992 	     -0.014
  5493.979 	     -0.006
  5494.966 	     -0.008
  5495.954 	     -0.001
  5496.941 	     -0.012
  5497.929 	     -0.021
  5498.916 	     -0.019
  5499.904 	     -0.003
  5500.892 	     -0.002
  5501.881 	     -0.010
  5502.869 	     -0.002
  5503.858 	      0.014
  5504.847 	      0.014
  5505.836 	     -0.010
  5506.825 	     -0.016
  5507.814 	     -0.008
  5508.804 	     -0.022
  5509.794 	     -0.022
  5510.784 	     -0.001
  5511.774 	      0.014
  5512.764 	      0.015
  5513.754 	     -0.007
  5514.745 	     -0.011
  5515.736 	      0.002
  5516.727 	      0.007
  5517.718 	      0.012
  5518.709 	      0.004
  5519.701 	     -0.010
  5520.693 	     -0.008
  5521.684 	     -0.011
  5522.677 	     -0.010
  5523.669 	     -0.004
  5524.661 	     -0.002
  5525.654 	     -0.010
  5526.647 	     -0.009
  5527.639 	     -0.011
  5528.633 	     -0.024
  5529.626 	     -0.014
  5530.619 	      0.010
  5531.613 	      0.012
  5532.607 	      0.002
  5533.601 	     -0.005
  5534.595 	     -0.004
  5535.589 	     -0.006
  5536.584 	      0.012
  5537.579 	      0.017
  5538.574 	     -0.006
  5539.569 	     -0.015
  5540.564 	     -0.008
  5541.559 	     -0.033
  5542.555 	     -0.018
  5543.551 	     -0.007
  5544.547 	     -0.005
  5545.543 	      0.000
  5546.539 	     -0.023
  5547.536 	     -0.023
  5548.533 	     -0.019
  5549.529 	     -0.008
  5550.527 	     -0.020
  5551.524 	     -0.035
  5552.521 	     -0.031
  5553.519 	      0.007
  5554.517 	      0.013
  5555.514 	      0.003
  5556.513 	      0.010
  5557.511 	     -0.001
  5558.509 	     -0.009
  5559.508 	     -0.011
  5560.507 	      0.003
  5561.506 	     -0.005
  5562.505 	     -0.014
  5563.505 	     -0.020
  5564.504 	     -0.021
  5565.504 	     -0.033
  5566.504 	     -0.037
  5567.504 	     -0.027
  5568.504 	     -0.014
  5569.505 	     -0.024
  5570.505 	     -0.030
  5571.506 	     -0.005
  5572.507 	     -0.008
  5573.508 	     -0.009
  5574.510 	     -0.061
  5575.511 	     -0.137
  5576.513 	     -0.144
  5577.515 	     -0.098
  5578.517 	     -0.044
  5579.519 	     -0.036
  5580.522 	     -0.040
  5581.524 	     -0.042
  5582.527 	     -0.034
  5583.530 	     -0.039
  5584.533 	     -0.035
  5585.537 	     -0.030
  5586.540 	     -0.035
  5587.544 	     -0.027
  5588.548 	     -0.008
  5589.552 	     -0.009
  5590.556 	     -0.022
  5591.560 	     -0.032
  5592.565 	     -0.034
  5593.570 	     -0.037
  5594.575 	     -0.030
  5595.580 	     -0.039
  5596.585 	     -0.046
  5597.591 	     -0.043
  5598.596 	     -0.039
  5599.602 	     -0.029
  5600.608 	     -0.027
  5601.615 	     -0.029
  5602.621 	     -0.021
  5603.628 	     -0.024
  5604.634 	     -0.024
  5605.641 	     -0.029
  5606.649 	     -0.043
  5607.656 	     -0.048
  5608.663 	     -0.044
  5609.671 	     -0.048
  5610.679 	     -0.040
  5611.687 	     -0.041
  5612.695 	     -0.044
  5613.704 	     -0.034
  5614.712 	     -0.037
  5615.721 	     -0.048
  5616.730 	     -0.056
  5617.739 	     -0.043
  5618.748 	     -0.047
  5619.758 	     -0.046
  5620.767 	     -0.049
  5621.777 	     -0.054
  5622.787 	     -0.048
  5623.798 	     -0.036
  5624.808 	     -0.033
  5625.819 	     -0.029
  5626.829 	     -0.033
  5627.840 	     -0.053
  5628.851 	     -0.053
  5629.863 	     -0.038
  5630.874 	     -0.026
  5631.886 	     -0.039
  5632.898 	     -0.038
  5633.910 	     -0.057
  5634.922 	     -0.063
  5635.934 	     -0.063
  5636.947 	     -0.060
  5637.960 	     -0.054
  5638.973 	     -0.060
  5639.986 	     -0.074
  5640.999 	     -0.080
  5642.013 	     -0.050
  5643.026 	     -0.039
  5644.040 	     -0.048
  5645.054 	     -0.062
  5646.068 	     -0.063
  5647.083 	     -0.062
  5648.097 	     -0.054
  5649.112 	     -0.049
  5650.127 	     -0.081
  5651.142 	     -0.074
  5652.157 	     -0.085
  5653.173 	     -0.083
  5654.189 	     -0.078
  5655.205 	     -0.060
  5656.221 	     -0.053
  5657.237 	     -0.056
  5658.253 	     -0.055
  5659.270 	     -0.074
  5660.287 	     -0.067
  5661.304 	     -0.063
  5662.321 	     -0.087
  5663.338 	     -0.082
  5664.355 	     -0.077
  5665.373 	     -0.087
  5666.391 	     -0.092
  5667.409 	     -0.088
  5668.427 	     -0.102
  5669.446 	     -0.076
  5670.464 	     -0.085
  5671.483 	     -0.103
  5672.502 	     -0.089
  5673.521 	     -0.094
  5674.541 	     -0.085
  5675.560 	     -0.106
  5676.580 	     -0.102
  5677.600 	     -0.109
  5678.620 	     -0.102
  5679.640 	     -0.078
  5680.660 	     -0.102
  5681.681 	     -0.092
  5682.702 	     -0.086
  5683.723 	     -0.112
  5684.744 	     -0.110
  5685.765 	     -0.099
  5686.787 	     -0.104
  5687.809 	     -0.117
  5688.830 	     -0.114
  5689.853 	     -0.131
  5690.875 	     -0.133
  5691.897 	     -0.111
  5692.920 	     -0.126
  5693.943 	     -0.124
  5694.966 	     -0.111
  5695.989 	     -0.120
  5697.012 	     -0.115
  5698.036 	     -0.122
  5699.060 	     -0.130
  5700.084 	     -0.136
  5701.108 	     -0.144
  5702.132 	     -0.141
  5703.156 	     -0.129
  5704.181 	     -0.120
  5705.206 	     -0.142
  5706.231 	     -0.145
  5707.256 	     -0.130
  5708.282 	     -0.140
  5709.307 	     -0.136
  5710.333 	     -0.138
  5711.359 	     -0.140
  5712.385 	     -0.140
  5713.411 	     -0.137
  5714.438 	     -0.130
  5715.464 	     -0.126
  5716.491 	     -0.121
  5717.518 	     -0.135
  5718.546 	     -0.153
  5719.573 	     -0.144
  5720.601 	     -0.129
  5721.628 	     -0.136
  5722.656 	     -0.150
  5723.685 	     -0.163
  5724.713 	     -0.166
  5725.741 	     -0.162
  5726.770 	     -0.152
  5727.799 	     -0.148
  5728.828 	     -0.177
  5729.857 	     -0.157
  5730.887 	     -0.164
  5731.916 	     -0.151
  5732.946 	     -0.154
  5733.976 	     -0.161
  5735.007 	     -0.186
  5736.037 	     -0.157
  5737.067 	     -0.144
  5738.098 	     -0.164
  5739.129 	     -0.174
  5740.160 	     -0.164
  5741.192 	     -0.163
  5742.223 	     -0.163
  5743.255 	     -0.151
  5744.287 	     -0.147
  5745.319 	     -0.142
  5746.351 	     -0.163
  5747.383 	     -0.178
  5748.416 	     -0.166
  5749.449 	     -0.142
  5750.482 	     -0.137
  5751.515 	     -0.161
  5752.548 	     -0.162
  5753.582 	     -0.157
  5754.615 	     -0.154
  5755.649 	     -0.155
  5756.683 	     -0.170
  5757.718 	     -0.155
  5758.752 	     -0.139
  5759.787 	     -0.150
  5760.822 	     -0.183
  5761.857 	     -0.189
  5762.892 	     -0.171
  5763.927 	     -0.187
  5764.963 	     -0.166
  5765.999 	     -0.163
  5767.035 	     -0.164
  5768.071 	     -0.164
  5769.107 	     -0.144
  5770.143 	     -0.133
  5771.180 	     -0.161
  5772.217 	     -0.155
  5773.254 	     -0.180
  5774.291 	     -0.183
  5775.329 	     -0.179
  5776.366 	     -0.185
  5777.404 	     -0.189
  5778.442 	     -0.203
  5779.480 	     -0.195
  5780.519 	     -0.204
  5781.557 	     -0.176
  5782.596 	     -0.160
  5783.635 	     -0.170
  5784.674 	     -0.177
  5785.713 	     -0.179
  5786.753 	     -0.178
  5787.793 	     -0.179
  5788.832 	     -0.183
  5789.873 	     -0.187
  5790.913 	     -0.174
  5791.953 	     -0.182
  5792.994 	     -0.176
  5794.035 	     -0.169
  5795.076 	     -0.175
  5796.117 	     -0.176
  5797.158 	     -0.173
  5798.200 	     -0.156
  5799.241 	     -0.171
  5800.283 	     -0.166
  5801.325 	     -0.176
  5802.368 	     -0.190
  5803.410 	     -0.183
  5804.453 	     -0.173
  5805.496 	     -0.180
  5806.539 	     -0.190
  5807.582 	     -0.166
  5808.625 	     -0.157
  5809.669 	     -0.173
  5810.713 	     -0.171
  5811.757 	     -0.161
  5812.801 	     -0.151
  5813.845 	     -0.146
  5814.890 	     -0.151
  5815.935 	     -0.159
  5816.980 	     -0.170
  5818.025 	     -0.164
  5819.070 	     -0.164
  5820.115 	     -0.169
  5821.161 	     -0.165
  5822.207 	     -0.167
  5823.253 	     -0.164
  5824.299 	     -0.162
  5825.346 	     -0.174
  5826.392 	     -0.173
  5827.439 	     -0.167
  5828.486 	     -0.163
  5829.533 	     -0.153
  5830.581 	     -0.144
  5831.628 	     -0.171
  5832.676 	     -0.166
  5833.724 	     -0.160
  5834.772 	     -0.184
  5835.820 	     -0.193
  5836.869 	     -0.197
  5837.917 	     -0.194
  5838.966 	     -0.182
  5840.015 	     -0.179
  5841.065 	     -0.174
  5842.114 	     -0.159
  5843.164 	     -0.149
  5844.213 	     -0.141
  5845.263 	     -0.134
  5846.314 	     -0.145
  5847.364 	     -0.147
  5848.415 	     -0.144
  5849.465 	     -0.140
  5850.516 	     -0.135
  5851.567 	     -0.137
  5852.619 	     -0.144
  5853.670 	     -0.137
  5854.722 	     -0.129
  5855.774 	     -0.139
  5856.826 	     -0.139
  5857.878 	     -0.130
  5858.931 	     -0.120
  5859.983 	     -0.129
  5861.036 	     -0.127
  5862.089 	     -0.133
  5863.142 	     -0.147
  5864.196 	     -0.135
  5865.249 	     -0.117
  5866.303 	     -0.107
  5867.357 	     -0.100
  5868.411 	     -0.094
  5869.466 	     -0.092
  5870.520 	     -0.091
  5871.575 	     -0.098
  5872.630 	     -0.101
  5873.685 	     -0.098
  5874.740 	     -0.107
  5875.796 	     -0.119
  5876.851 	     -0.123
  5877.907 	     -0.111
  5878.963 	     -0.096
  5880.019 	     -0.103
  5881.076 	     -0.099
  5882.133 	     -0.097
  5883.189 	     -0.108
  5884.246 	     -0.106
  5885.304 	     -0.100
  5886.361 	     -0.121
  5887.419 	     -0.154
  5888.476 	     -0.169
  5889.534 	     -0.184
  5890.592 	     -0.196
  5891.651 	     -0.158
  5892.709 	     -0.124
  5893.768 	     -0.131
  5894.827 	     -0.167
  5895.886 	     -0.175
  5896.945 	     -0.137
  5898.005 	     -0.110
  5899.064 	     -0.090
  5900.124 	     -0.100
  5901.184 	     -0.111
  5902.245 	     -0.099
  5903.305 	     -0.086
  5904.366 	     -0.068
  5905.426 	     -0.069
  5906.487 	     -0.070
  5907.549 	     -0.060
  5908.610 	     -0.057
  5909.671 	     -0.060
  5910.733 	     -0.070
  5911.795 	     -0.070
  5912.857 	     -0.051
  5913.920 	     -0.034
  5914.982 	     -0.034
  5916.045 	     -0.046
  5917.108 	     -0.061
  5918.171 	     -0.047
  5919.234 	     -0.039
  5920.298 	     -0.044
  5921.361 	     -0.060
  5922.425 	     -0.052
  5923.489 	     -0.035
  5924.554 	     -0.046
  5925.618 	     -0.047
  5926.683 	     -0.040
  5927.747 	     -0.012
  5928.812 	     -0.024
  5929.878 	     -0.015
  5930.943 	     -0.006
  5932.009 	      0.009
  5933.074 	      0.047
  5934.140 	      0.044
  5935.206 	      0.013
  5936.273 	     -0.010
  5937.339 	      0.023
  5938.406 	      0.004
  5939.473 	     -0.009
  5940.540 	     -0.040
  5941.607 	     -0.053
  5942.675 	     -0.048
  5943.743 	     -0.069
  5944.811 	     -0.110
  5945.879 	     -0.178
  5946.947 	     -0.234
  5948.015 	     -0.320
  5949.084 	     -0.414
  5950.153 	     -0.439
  5951.222 	     -0.439
  5952.291 	     -0.395
  5953.360 	     -0.314
  5954.430 	     -0.306
  5955.500 	     -0.342
  5956.570 	     -0.381
  5957.640 	     -0.290
  5958.710 	     -0.188
  5959.781 	     -0.093
  5960.852 	     -0.030
  5961.923 	     -0.004
  5962.994 	     -0.010
  5964.065 	     -0.006
  5965.137 	      0.001
  5966.209 	     -0.011
  5967.280 	     -0.004
  5968.353 	     -0.015
  5969.425 	     -0.029
  5970.497 	     -0.021
  5971.570 	      0.011
  5972.643 	      0.008
  5973.716 	     -0.013
  5974.789 	      0.002
  5975.863 	      0.002
  5976.936 	      0.006
  5978.010 	      0.017
  5979.084 	     -0.000
  5980.158 	      0.001
  5981.233 	     -0.013
  5982.308 	     -0.006
  5983.382 	      0.007
  5984.457 	     -0.003
  5985.533 	     -0.006
  5986.608 	      0.016
  5987.684 	     -0.007
  5988.759 	     -0.007
  5989.835 	     -0.015
  5990.911 	      0.006
  5991.988 	      0.013
  5993.064 	      0.015
  5994.141 	      0.006
  5995.218 	      0.002
  5996.295 	      0.017
  5997.372 	      0.030
  5998.450 	      0.020
  5999.528 	      0.029
  6000.606 	      0.022
  6001.684 	      0.009
  6002.762 	      0.031
  6003.840 	      0.035
  6004.919 	      0.031
  6005.998 	      0.027
  6007.077 	      0.018
  6008.156 	      0.023
  6009.236 	      0.021
  6010.315 	      0.019
  6011.395 	      0.007
  6012.475 	      0.009
  6013.556 	      0.024
  6014.636 	      0.023
  6015.717 	      0.024
  6016.797 	      0.035
  6017.878 	      0.031
  6018.960 	      0.019
  6020.041 	      0.016
  6021.123 	      0.009
  6022.204 	     -0.005
  6029.782 	      0.021
  6030.866 	      0.015
  6031.949 	      0.014
  6033.033 	      0.006
  6034.117 	      0.018
  6035.201 	      0.034
  6036.285 	      0.028
  6037.370 	      0.027
  6038.455 	      0.032
  6039.539 	      0.020
  6040.625 	      0.014
  6041.710 	      0.022
  6042.795 	      0.029
  6043.881 	      0.036
  6044.967 	      0.032
  6046.053 	      0.033
  6047.139 	      0.024
  6048.226 	      0.026
  6049.312 	      0.030
  6050.399 	      0.052
  6051.486 	      0.060
  6052.573 	      0.043
  6053.661 	      0.035
  6054.749 	      0.052
  6055.836 	      0.054
  6056.924 	      0.036
  6058.013 	      0.035
  6059.101 	      0.041
  6060.190 	      0.038
  6061.278 	      0.047
  6062.367 	      0.043
  6063.457 	      0.037
  6064.546 	      0.034
  6065.636 	      0.027
  6066.725 	      0.040
  6067.815 	      0.058
  6068.906 	      0.048
  6069.996 	      0.029
  6071.086 	      0.032
  6072.177 	      0.037
  6073.268 	      0.050
  6074.359 	      0.056
  6075.451 	      0.063
  6076.542 	      0.077
  6077.634 	      0.058
  6078.726 	      0.051
  6079.818 	      0.064
  6080.910 	      0.070
  6082.003 	      0.092
  6083.096 	      0.095
  6084.189 	      0.106
  6085.282 	      0.080
  6086.375 	      0.067
  6087.468 	      0.097
  6088.562 	      0.099
  6089.656 	      0.067
  6090.750 	      0.055
  6091.844 	      0.085
  6092.939 	      0.101
  6094.034 	      0.091
  6095.129 	      0.083
  6096.224 	      0.108
  6097.319 	      0.085
  6098.414 	      0.085
  6099.510 	      0.085
  6100.606 	      0.093
  6101.702 	      0.086
  6102.798 	      0.101
  6103.895 	      0.105
  6104.991 	      0.064
  6106.088 	      0.068
  6107.185 	      0.073
  6108.282 	      0.070
  6109.380 	      0.059
  6110.478 	      0.051
  6111.575 	      0.075
  6112.673 	      0.073
  6113.772 	      0.070
  6114.870 	      0.042
  6115.969 	      0.073
  6117.068 	      0.090
  6118.167 	      0.076
  6119.266 	      0.071
  6120.365 	      0.069
  6121.465 	      0.074
  6122.565 	      0.025
  6123.665 	      0.032
  6124.765 	      0.042
  6125.865 	      0.048
  6126.966 	      0.047
  6128.067 	      0.042
  6129.168 	      0.036
  6130.269 	      0.033
  6131.370 	      0.034
  6132.472 	      0.038
  6133.574 	      0.044
  6134.676 	      0.053
  6135.778 	      0.064
  6136.880 	      0.078
  6137.983 	      0.094
  6139.086 	      0.109
  6140.189 	      0.122
  6141.292 	      0.133
  6142.395 	      0.141
  6143.499 	      0.148
  6144.602 	      0.155
  6145.706 	      0.160
  6146.811 	      0.169
  6147.915 	      0.163
  6149.020 	      0.141
  6150.124 	      0.143
  6151.229 	      0.149
  6152.334 	      0.147
  6153.440 	      0.144
  6154.545 	      0.136
  6155.651 	      0.135
  6156.757 	      0.154
  6172.261 	      0.148
  6173.370 	      0.166
  6174.479 	      0.167
  6175.589 	      0.174
  6176.698 	      0.165
  6177.808 	      0.155
  6178.918 	      0.138
  6180.028 	      0.153
  6181.138 	      0.162
  6182.249 	      0.175
  6183.360 	      0.158
  6184.471 	      0.161
  6185.582 	      0.165
  6186.693 	      0.182
  6187.805 	      0.180
  6188.916 	      0.181
  6190.028 	      0.167
  6191.140 	      0.174
  6192.253 	      0.161
  6193.365 	      0.180
  6194.478 	      0.190
  6195.591 	      0.151
  6196.704 	      0.158
  6197.817 	      0.187
  6198.931 	      0.190
  6200.045 	      0.183
  6201.159 	      0.155
  6202.273 	      0.187
  6203.387 	      0.203
  6204.502 	      0.192
  6205.616 	      0.193
  6206.731 	      0.166
  6207.846 	      0.183
  6208.962 	      0.160
  6210.077 	      0.193
  6211.193 	      0.166
  6212.309 	      0.163
  6213.425 	      0.166
  6214.541 	      0.147
  6215.658 	      0.133
  6216.775 	      0.153
  6217.892 	      0.172
  6219.009 	      0.157
  6220.126 	      0.148
  6221.244 	      0.149
  6222.361 	      0.140
  6223.479 	      0.177
  6224.597 	      0.169
  6225.716 	      0.178
  6226.834 	      0.171
  6227.953 	      0.175
  6229.072 	      0.162
  6230.191 	      0.156
  6231.310 	      0.157
  6232.430 	      0.168
  6233.550 	      0.162
  6234.670 	      0.145
  6235.790 	      0.148
  6236.910 	      0.167
  6238.031 	      0.157
  6239.152 	      0.155
  6240.272 	      0.162
  6241.394 	      0.161
  6242.515 	      0.150
  6243.637 	      0.174
  6244.758 	      0.169
  6245.880 	      0.166
  6247.002 	      0.160
  6248.125 	      0.142
  6249.247 	      0.144
  6250.370 	      0.157
  6251.493 	      0.166
  6252.616 	      0.164
  6253.740 	      0.163
  6254.863 	      0.155
  6255.987 	      0.142
  6257.111 	      0.129
  6258.235 	      0.121
  6259.360 	      0.117
  6260.484 	      0.117
  6261.609 	      0.118
  6262.734 	      0.116
  6263.859 	      0.110
  6264.985 	      0.103
  6266.110 	      0.097
  6267.236 	      0.094
  6268.362 	      0.093
  6269.488 	      0.095
  6270.615 	      0.100
  6271.741 	      0.108
  6272.868 	      0.118
  6273.995 	      0.131
  6275.122 	      0.146
  6276.250 	      0.158
  6277.377 	      0.165
  6278.505 	      0.166
  6279.633 	      0.163
  6280.761 	      0.159
  6281.890 	      0.156
  6283.018 	      0.153
  6284.147 	      0.148
  6285.276 	      0.143
  6286.406 	      0.140
  6287.535 	      0.139
  6288.665 	      0.140
  6289.795 	      0.144
  6290.925 	      0.151
  6292.055 	      0.159
  6293.185 	      0.163
  6294.316 	      0.160
  6295.447 	      0.150
  6296.578 	      0.137
  6297.709 	      0.127
  6298.841 	      0.125
  6299.972 	      0.129
  6301.104 	      0.153
  6302.236 	      0.155
  6303.369 	      0.148
  6304.501 	      0.142
  6305.634 	      0.130
  6306.767 	      0.126
  6307.900 	      0.173
  6309.033 	      0.141
  6310.167 	      0.148
  6311.300 	      0.184
  6312.434 	      0.177
  6313.568 	      0.166
  6314.703 	      0.149
  6315.837 	      0.158
  6316.972 	      0.158
  6318.107 	      0.131
  6319.242 	      0.145
  6320.377 	      0.153
  6321.513 	      0.149
  6322.649 	      0.176
  6323.785 	      0.182
  6324.921 	      0.158
  6326.057 	      0.170
  6327.194 	      0.182
  6328.331 	      0.177
  6329.468 	      0.173
  6330.605 	      0.176
  6331.742 	      0.157
  6332.880 	      0.137
  6334.017 	      0.127
  6335.155 	      0.135
  6336.294 	      0.160
  6337.432 	      0.157
  6338.571 	      0.152
  6339.710 	      0.136
  6340.849 	      0.148
  6341.988 	      0.156
  6343.127 	      0.131
  6344.267 	      0.084
  6345.407 	      0.074
  6346.547 	      0.085
  6347.687 	      0.086
  6348.827 	      0.101
  6349.968 	      0.129
  6351.109 	      0.150
  6352.250 	      0.153
  6353.391 	      0.156
  6354.533 	      0.152
  6355.674 	      0.162
  6356.816 	      0.167
  6357.958 	      0.160
  6359.101 	      0.185
  6360.243 	      0.252
  6361.386 	      0.311
  6362.529 	      0.334
  6363.672 	      0.322
  6364.815 	      0.297
  6365.959 	      0.258
  6367.103 	      0.221
  6368.247 	      0.176
  6369.391 	      0.147
  6370.535 	      0.136
  6371.680 	      0.139
  6372.824 	      0.130
  6373.969 	      0.131
  6375.115 	      0.133
  6376.260 	      0.132
  6377.406 	      0.123
  6378.551 	      0.114
  6379.697 	      0.118
  6380.844 	      0.138
  6381.990 	      0.134
  6383.137 	      0.127
  6384.283 	      0.137
  6385.430 	      0.128
  6386.578 	      0.137
  6387.725 	      0.171
  6388.873 	      0.170
  6390.021 	      0.144
  6391.169 	      0.123
  6392.317 	      0.127
  6393.465 	      0.149
  6394.614 	      0.143
  6395.763 	      0.137
  6396.912 	      0.113
  6398.061 	      0.133
  6399.211 	      0.149
  6400.361 	      0.132
  6401.511 	      0.128
  6402.661 	      0.135
  6403.811 	      0.120
  6404.962 	      0.129
  6406.112 	      0.114
  6407.263 	      0.107
  6408.414 	      0.116
  6409.566 	      0.112
  6410.717 	      0.123
  6411.869 	      0.106
  6413.021 	      0.118
  6414.173 	      0.120
  6415.326 	      0.124
  6416.478 	      0.126
  6417.631 	      0.115
  6418.784 	      0.123
  6419.937 	      0.112
  6421.091 	      0.094
  6422.245 	      0.096
  6423.398 	      0.107
  6424.552 	      0.139
  6425.707 	      0.157
  6426.861 	      0.154
  6428.016 	      0.169
  6429.171 	      0.157
  6430.326 	      0.138
  6431.481 	      0.116
  6432.637 	      0.100
  6433.792 	      0.109
  6434.948 	      0.107
  6436.104 	      0.100
  6437.261 	      0.112
  6438.417 	      0.104
  6439.574 	      0.081
  6440.731 	      0.079
  6441.888 	      0.082
  6443.046 	      0.076
  6444.203 	      0.078
  6445.361 	      0.098
  6446.519 	      0.100
  6447.677 	      0.092
  6448.836 	      0.090
  6449.994 	      0.104
  6451.153 	      0.118
  6452.312 	      0.100
  6453.471 	      0.095
  6454.631 	      0.076
  6455.791 	      0.081
  6456.950 	      0.090
  6458.111 	      0.065
  6459.271 	      0.065
  6460.431 	      0.055
  6461.592 	      0.045
  6462.753 	      0.041
  6463.914 	      0.039
  6465.075 	      0.053
  6466.237 	      0.056
  6467.399 	      0.044
  6468.561 	      0.036
  6469.723 	      0.042
  6470.885 	      0.042
  6472.048 	      0.072
  6473.211 	      0.034
  6474.374 	      0.015
  6475.537 	      0.018
  6476.700 	      0.035
  6477.864 	      0.030
  6479.028 	      0.044
  6480.192 	      0.042
  6481.356 	      0.039
  6482.521 	      0.039
  6483.685 	      0.044
  6484.850 	      0.050
  6486.015 	      0.056
  6487.181 	      0.051
  6488.346 	      0.047
  6489.512 	      0.041
  6490.678 	      0.040
  6491.844 	      0.038
  6493.010 	      0.025
  6494.177 	      0.011
  6495.344 	      0.017
  6496.511 	      0.057
  6497.678 	      0.062
  6498.845 	      0.044
  6500.013 	      0.031
  6501.181 	      0.026
  6502.349 	      0.026
  6503.517 	      0.034
  6504.685 	      0.028
  6505.854 	      0.033
  6507.023 	      0.041
  6508.192 	      0.039
  6509.361 	      0.039
  6510.531 	      0.030
  6511.700 	      0.015
  6512.870 	      0.001
  6514.041 	     -0.012
  6515.211 	     -0.022
  6516.381 	     -0.020
  6517.552 	     -0.029
  6518.723 	     -0.006
  6519.894 	      0.009
  6521.066 	      0.010
  6522.237 	      0.018
  6523.409 	      0.030
  6524.581 	      0.012
  6525.753 	      0.004
  6526.926 	      0.022
  6528.099 	      0.039
  6529.271 	      0.042
  6530.445 	      0.070
  6531.618 	      0.064
  6532.791 	      0.028
  6533.965 	      0.023
  6535.139 	      0.059
  6536.313 	      0.066
  6537.487 	      0.057
  6538.662 	      0.055
  6539.837 	      0.062
  6541.012 	      0.065
  6542.187 	      0.065
  6543.362 	      0.040
  6544.538 	      0.046
  6545.714 	      0.050
  6546.890 	      0.049
  6548.066 	      0.041
  6549.243 	      0.021
  6550.419 	      0.050
  6551.596 	      0.046
  6552.773 	      0.056
  6553.950 	      0.041
  6555.128 	      0.033
  6556.306 	      0.036
  6557.484 	      0.037
  6558.662 	      0.029
  6559.840 	      0.044
  6561.019 	      0.079
  6562.198 	      0.077
  6563.377 	      0.051
  6564.556 	      0.023
  6565.735 	     -0.004
  6566.915 	     -0.018
  6568.095 	     -0.028
  6569.275 	     -0.035
  6570.455 	     -0.037
  6571.635 	     -0.036
  6572.816 	     -0.031
  6573.997 	     -0.024
  6575.178 	     -0.018
  6576.359 	     -0.012
  6577.541 	     -0.004
  6578.723 	      0.005
  6579.905 	      0.017
  6581.087 	      0.029
  6582.269 	      0.038
  6583.452 	      0.044
  6584.635 	      0.046
  6585.818 	      0.046
  6587.001 	      0.046
  6588.184 	      0.048
  6589.368 	      0.053
  6590.552 	      0.062
  6591.736 	      0.067
  6592.920 	      0.072
  6594.105 	      0.079
  6595.290 	      0.068
  6596.475 	      0.073
  6597.660 	      0.065
  6598.845 	      0.067
  6600.031 	      0.068
  6601.216 	      0.074
  6602.402 	      0.087
  6603.589 	      0.083
  6604.775 	      0.086
  6605.962 	      0.079
  6607.149 	      0.125
  6608.336 	      0.186
  6609.523 	      0.309
  6610.710 	      0.528
  6611.898 	      0.701
  6613.086 	      0.730
  6614.274 	      0.623
  6615.463 	      0.494
  6616.651 	      0.370
  6617.840 	      0.265
  6619.029 	      0.171
  6620.218 	      0.151
  6621.408 	      0.177
  6622.597 	      0.287
  6623.787 	      0.835
  6624.977 	      2.015
  6626.167 	      3.188
  6627.358 	      3.424
  6628.549 	      2.614
  6629.740 	      1.805
  6630.931 	      1.228
  6632.122 	      0.794
  6633.314 	      0.464
  6634.505 	      0.262
  6635.697 	      0.200
  6636.890 	      0.177
  6638.082 	      0.169
  6639.275 	      0.148
  6640.467 	      0.133
  6641.660 	      0.172
  6642.854 	      0.227
  6644.047 	      0.397
  6645.241 	      0.847
  6646.435 	      1.563
  6647.629 	      2.035
  6648.823 	      2.023
  6650.018 	      1.732
  6651.213 	      1.335
  6652.408 	      0.887
  6653.603 	      0.507
  6654.798 	      0.300
  6655.994 	      0.193
  6657.190 	      0.145
  6658.386 	      0.145
  6659.582 	      0.140
  6660.779 	      0.121
  6661.975 	      0.124
  6663.172 	      0.135
  6664.369 	      0.142
  6665.567 	      0.130
  6666.764 	      0.138
  6667.962 	      0.119
  6669.160 	      0.106
  6670.358 	      0.091
  6671.557 	      0.102
  6672.755 	      0.116
  6673.954 	      0.124
  6675.153 	      0.113
  6676.353 	      0.099
  6677.552 	      0.096
  6678.752 	      0.081
  6679.952 	      0.117
  6681.152 	      0.126
  6682.352 	      0.100
  6683.553 	      0.096
  6684.754 	      0.123
  6685.955 	      0.101
  6687.156 	      0.088
  6688.357 	      0.089
  6689.559 	      0.089
  6690.761 	      0.061
  6691.963 	      0.109
  6693.165 	      0.109
  6694.368 	      0.104
  6695.571 	      0.113
  6696.774 	      0.101
  6697.977 	      0.092
  6699.180 	      0.089
  6700.384 	      0.114
  6701.588 	      0.116
  6702.792 	      0.109
  6703.996 	      0.110
  6705.200 	      0.097
  6706.405 	      0.118
  6707.610 	      0.113
  6708.815 	      0.068
  6710.020 	      0.093
  6711.226 	      0.099
  6712.432 	      0.097
  6713.638 	      0.093
  6714.844 	      0.073
  6716.050 	      0.078
  6717.257 	      0.102
  6718.464 	      0.088
  6719.671 	      0.076
  6720.878 	      0.074
  6722.086 	      0.093
  6723.293 	      0.087
  6724.501 	      0.071
  6725.710 	      0.076
  6726.918 	      0.101
  6728.127 	      0.113
  6729.335 	      0.088
  6730.544 	      0.070
  6731.754 	      0.074
  6732.963 	      0.078
  6734.173 	      0.089
  6735.383 	      0.083
  6736.593 	      0.085
  6737.803 	      0.087
  6739.014 	      0.087
  6740.224 	      0.097
  6741.435 	      0.089
  6742.647 	      0.093
  6743.858 	      0.114
  6745.070 	      0.130
  6746.281 	      0.099
  6747.494 	      0.086
  6748.706 	      0.067
  6749.918 	      0.077
  6751.131 	      0.088
  6752.344 	      0.091
  6753.557 	      0.073
  6754.771 	      0.095
  6755.984 	      0.100
  6757.198 	      0.089
  6758.412 	      0.085
  6759.626 	      0.084
  6760.841 	      0.081
  6762.055 	      0.070
  6763.270 	      0.072
  6770.564 	      0.076
  6771.781 	      0.064
  6772.997 	      0.070
  6774.214 	      0.087
  6775.431 	      0.081
  6776.649 	      0.087
  6777.866 	      0.134
  6779.084 	      0.248
  6780.302 	      0.439
  6781.520 	      0.618
  6782.738 	      0.627
  6783.957 	      0.534
  6785.176 	      0.420
  6786.395 	      0.304
  6787.614 	      0.213
  6788.834 	      0.138
  6790.053 	      0.087
  6791.273 	      0.087
  6792.494 	      0.130
  6793.714 	      0.226
  6794.935 	      0.374
  6796.155 	      0.502
  6797.376 	      0.505
  6798.598 	      0.413
  6799.819 	      0.326
  6801.041 	      0.234
  6802.263 	      0.164
  6803.485 	      0.106
  6804.707 	      0.067
  6805.930 	      0.059
  6807.153 	      0.067
  6808.376 	      0.051
  6809.599 	      0.030
  6810.822 	      0.044
  6812.046 	      0.055
  6813.270 	      0.058
  6814.494 	      0.078
  6815.718 	      0.074
  6816.943 	      0.068
  6818.168 	      0.061
  6819.392 	      0.073
  6820.618 	      0.063
  6821.843 	      0.034
  6823.069 	      0.056
  6824.295 	      0.043
  6825.521 	      0.032
  6826.747 	      0.048
  6827.974 	      0.056
  6829.200 	      0.038
  6830.427 	      0.053
  6831.654 	      0.051
  6832.882 	      0.030
  6834.109 	      0.038
  6835.337 	      0.037
  6836.565 	      0.040
  6837.794 	      0.045
  6839.022 	      0.054
  6840.251 	      0.041
  6841.480 	      0.038
  6842.709 	      0.028
  6843.938 	      0.031
  6845.168 	      0.036
  6846.398 	      0.037
  6847.628 	      0.037
  6848.858 	      0.032
  6850.089 	      0.043
  6851.319 	      0.044
  6852.550 	      0.052
  6853.782 	      0.067
  6855.013 	      0.068
  6856.245 	      0.045
  6857.476 	      0.040
  6858.708 	      0.037
  6859.941 	      0.042
  6861.173 	      0.041
  6862.406 	      0.025
  6863.639 	      0.026
  6864.872 	     -0.007
  6866.105 	     -0.137
  6867.339 	     -0.304
  6868.573 	     -0.393
  6869.807 	     -0.420
  6871.041 	     -0.395
  6872.276 	     -0.352
  6873.510 	     -0.324
  6874.745 	     -0.293
  6875.980 	     -0.266
  6877.216 	     -0.207
  6878.451 	     -0.149
  6879.687 	     -0.081
  6880.923 	     -0.013
  6882.159 	     -0.020
  6883.396 	     -0.036
  6884.633 	     -0.102
  6885.870 	     -0.129
  6887.107 	     -0.151
  6888.344 	     -0.144
  6889.582 	     -0.131
  6890.820 	     -0.158
  6892.058 	     -0.161
  6893.296 	     -0.154
  6894.534 	     -0.155
  6895.773 	     -0.143
  6897.012 	     -0.117
  6898.251 	     -0.108
  6899.490 	     -0.113
  6900.730 	     -0.111
  6901.970 	     -0.096
  6903.210 	     -0.102
  6904.450 	     -0.126
  6905.691 	     -0.116
  6906.931 	     -0.096
  6908.172 	     -0.092
  6909.413 	     -0.081
  6910.655 	     -0.053
  6911.896 	     -0.034
  6913.138 	     -0.044
  6914.380 	     -0.043
  6915.623 	     -0.033
  6916.865 	     -0.045
  6918.108 	     -0.064
  6919.351 	     -0.057
  6920.594 	     -0.032
  6921.837 	     -0.045
  6923.081 	     -0.057
  6924.325 	     -0.047
  6925.569 	     -0.018
  6926.813 	     -0.022
  6928.058 	     -0.047
  6929.302 	     -0.060
  6930.547 	     -0.045
  6931.792 	     -0.014
  6933.038 	     -0.002
  6934.284 	     -0.017
  6935.529 	     -0.012
  6936.775 	     -0.010
  6938.022 	      0.001
  6939.268 	     -0.014
  6940.515 	     -0.051
  6941.762 	     -0.041
  6943.009 	     -0.021
  6944.257 	     -0.016
  6945.504 	     -0.017
  6946.752 	     -0.036
  6948.000 	     -0.019
  6949.248 	     -0.009
  6950.497 	     -0.012
  6951.746 	      0.009
  6952.995 	      0.008
  6954.244 	     -0.020
  6955.493 	     -0.013
  6956.743 	     -0.005
  6957.993 	     -0.019
  6959.243 	     -0.022
  6960.493 	     -0.015
  6961.744 	     -0.008
  6962.995 	      0.011
  6964.246 	      0.028
  6965.497 	      0.020
  6966.748 	      0.024
  6968.000 	      0.026
  6969.252 	      0.025
  6970.504 	      0.034
  6971.756 	      0.028
  6973.009 	      0.008
  6974.262 	     -0.006
  6975.515 	     -0.003
  6976.768 	      0.027
  6978.022 	      0.028
  6979.275 	      0.004
  6980.529 	     -0.002
  6981.783 	      0.003
  6983.038 	     -0.003
  6984.292 	     -0.009
  6985.547 	     -0.016
  6986.802 	     -0.030
  6988.058 	     -0.018
  6989.313 	     -0.026
  6990.569 	     -0.043
  6991.825 	     -0.046
  6993.081 	     -0.027
  6994.337 	     -0.030
  6995.594 	     -0.025
  6996.851 	     -0.021
  6998.108 	     -0.016
  6999.365 	     -0.035
  7000.623 	     -0.027
  7001.881 	      0.010
  7003.139 	     -0.028
  7004.397 	     -0.040
  7005.655 	     -0.029
  7006.914 	      0.006
  7008.173 	      0.006
  7009.432 	      0.010
  7010.691 	     -0.010
  7011.951 	     -0.011
  7013.211 	     -0.015
  7014.471 	     -0.029
  7015.731 	     -0.046
  7016.991 	     -0.048
  7018.252 	     -0.029
  7019.513 	     -0.030
  7020.774 	     -0.020
  7022.036 	     -0.025
  7023.297 	     -0.041
  7024.559 	     -0.033
  7025.821 	     -0.040
  7027.083 	     -0.055
  7028.346 	     -0.041
  7029.609 	     -0.008
  7030.872 	      0.001
  7032.135 	     -0.001
  7033.398 	     -0.005
  7034.662 	     -0.013
  7035.926 	     -0.018
  7037.190 	     -0.033
  7038.454 	     -0.042
  7039.719 	     -0.031
  7040.984 	     -0.020
  7042.249 	     -0.012
  7043.514 	     -0.025
  7044.779 	     -0.030
  7046.045 	     -0.014
  7047.311 	      0.002
  7048.577 	     -0.007
  7049.844 	     -0.010
  7051.110 	     -0.009
  7052.377 	     -0.017
  7053.644 	     -0.004
  7054.911 	      0.020
  7056.179 	      0.023
  7057.447 	      0.019
  7058.715 	     -0.002
  7059.983 	      0.012
  7061.251 	      0.008
  7062.520 	     -0.036
  7063.789 	     -0.028
  7065.058 	     -0.040
  7066.327 	     -0.023
  7067.597 	     -0.021
  7068.867 	     -0.012
  7070.137 	     -0.004
  7071.407 	     -0.004
  7072.677 	      0.004
  7073.948 	     -0.001
  7075.219 	     -0.008
  7076.490 	     -0.010
  7077.762 	     -0.011
  7079.033 	     -0.021
  7080.305 	     -0.014
  7081.577 	     -0.014
  7082.850 	     -0.026
  7084.122 	     -0.029
  7085.395 	     -0.006
  7086.668 	      0.021
  7087.941 	      0.030
  7089.214 	      0.015
  7090.488 	     -0.003
  7091.762 	     -0.009
  7093.036 	      0.006
  7094.311 	      0.016
  7095.585 	     -0.003
  7096.860 	     -0.006
  7098.135 	     -0.001
  7099.410 	     -0.002
  7100.686 	     -0.014
  7101.962 	      0.001
  7103.238 	      0.005
  7104.514 	     -0.014
  7105.790 	      0.004
  7107.067 	     -0.003
  7108.344 	     -0.002
  7109.621 	      0.027
  7110.898 	      0.019
  7112.176 	      0.018
  7113.454 	      0.006
  7114.732 	      0.019
  7116.010 	     -0.003
  7117.288 	      0.012
  7118.567 	      0.003
  7119.846 	     -0.022
  7121.125 	     -0.002
  7122.405 	     -0.011
  7123.684 	      0.001
  7124.964 	      0.010
  7126.244 	      0.001
  7127.525 	     -0.022
  7128.805 	     -0.025
  7130.086 	     -0.008
  7131.367 	     -0.009
  7132.648 	     -0.006
  7133.930 	     -0.005
  7135.212 	     -0.009
  7136.494 	     -0.014
  7137.776 	     -0.018
  7139.058 	     -0.035
  7140.341 	     -0.042
  7141.624 	     -0.022
  7142.907 	     -0.017
  7144.190 	     -0.010
  7145.474 	      0.003
  7146.757 	      0.005
  7148.041 	      0.004
  7149.326 	     -0.002
  7150.610 	     -0.003
  7151.895 	     -0.026
  7153.180 	     -0.046
  7154.465 	     -0.017
  7155.750 	     -0.017
  7157.036 	     -0.012
  7158.322 	     -0.001
  7159.608 	     -0.007
  7160.894 	      0.002
  7162.181 	      0.007
  7163.468 	      0.004
  7164.755 	     -0.027
  7166.042 	     -0.066
  7167.329 	     -0.081
  7168.617 	     -0.094
  7169.905 	     -0.108
  7171.193 	     -0.153
  7172.482 	     -0.167
  7173.770 	     -0.158
  7175.059 	     -0.162
  7176.348 	     -0.191
  7177.638 	     -0.181
  7178.927 	     -0.136
  7180.217 	     -0.123
  7181.507 	     -0.155
  7182.797 	     -0.195
  7184.088 	     -0.256
  7185.379 	     -0.302
  7186.670 	     -0.261
  7187.961 	     -0.188
  7189.252 	     -0.169
  7190.544 	     -0.223
  7191.836 	     -0.257
  7193.128 	     -0.235
  7194.420 	     -0.187
  7195.713 	     -0.161
  7197.006 	     -0.153
  7198.299 	     -0.197
  7199.592 	     -0.230
  7200.885 	     -0.214
  7202.179 	     -0.196
  7203.473 	     -0.155
  7204.767 	     -0.172
  7206.062 	     -0.149
  7207.356 	     -0.134
  7208.651 	     -0.111
  7209.947 	     -0.069
  7211.242 	     -0.069
  7212.538 	     -0.074
  7213.833 	     -0.069
  7215.129 	     -0.087
  7216.426 	     -0.091
  7217.722 	     -0.063
  7219.019 	     -0.052
  7220.316 	     -0.058
  7221.613 	     -0.076
  7222.911 	     -0.109
  7224.208 	     -0.106
  7225.506 	     -0.090
  7226.805 	     -0.109
  7228.103 	     -0.104
  7229.402 	     -0.098
  7230.700 	     -0.158
  7232.000 	     -0.223
  7233.299 	     -0.257
  7234.599 	     -0.245
  7235.898 	     -0.170
  7237.198 	     -0.132
  7238.499 	     -0.151
  7239.799 	     -0.181
  7241.100 	     -0.198
  7242.401 	     -0.192
  7243.702 	     -0.193
  7245.003 	     -0.175
  7246.305 	     -0.140
  7247.607 	     -0.127
  7248.909 	     -0.144
  7250.212 	     -0.197
  7251.514 	     -0.248
  7252.817 	     -0.241
  7254.120 	     -0.190
  7255.423 	     -0.149
  7256.727 	     -0.157
  7258.031 	     -0.156
  7259.335 	     -0.145
  7260.639 	     -0.129
  7261.943 	     -0.168
  7263.248 	     -0.199
  7264.553 	     -0.180
  7265.858 	     -0.160
  7267.164 	     -0.113
  7268.469 	     -0.107
  7269.775 	     -0.127
  7271.081 	     -0.164
  7272.388 	     -0.172
  7273.694 	     -0.158
  7275.001 	     -0.219
  7276.308 	     -0.242
  7277.616 	     -0.224
  7278.923 	     -0.136
  7280.231 	     -0.117
  7281.539 	     -0.094
  7282.847 	     -0.061
  7284.156 	     -0.059
  7285.464 	     -0.118
  7286.773 	     -0.165
  7288.082 	     -0.209
  7289.392 	     -0.218
  7290.701 	     -0.213
  7292.011 	     -0.184
  7293.321 	     -0.179
  7294.632 	     -0.156
  7295.942 	     -0.123
  7297.253 	     -0.126
  7298.564 	     -0.149
  7299.876 	     -0.163
  7301.187 	     -0.203
  7302.499 	     -0.215
  7303.811 	     -0.209
  7305.123 	     -0.137
  7306.436 	     -0.137
  7307.748 	     -0.162
  7309.061 	     -0.186
  7310.374 	     -0.182
  7311.688 	     -0.147
  7313.002 	     -0.152
  7314.315 	     -0.125
  7315.630 	     -0.169
  7316.944 	     -0.182
  7318.259 	     -0.157
  7319.573 	     -0.133
  7320.888 	     -0.122
  7322.204 	     -0.109
  7323.519 	     -0.098
  7324.835 	     -0.116
  7326.151 	     -0.111
  7327.467 	     -0.082
  7328.784 	     -0.078
  7330.101 	     -0.115
