WV      	 Sigma   
4176.646	    0.012
4177.397	    0.025
4178.147	    0.035
4178.898	    0.042
4179.649	    0.047
4180.400	    0.049
4181.151	    0.049
4181.902	    0.047
4182.653	    0.043
4183.405	    0.036
4184.157	    0.029
4184.908	    0.026
4185.660	    0.032
4186.412	    0.038
4187.164	    0.047
4187.917	    0.056
4188.669	    0.054
4189.422	    0.046
4190.174	    0.040
4190.927	    0.047
4191.680	    0.056
4192.433	    0.053
4193.186	    0.052
4193.940	    0.061
4194.693	    0.062
4195.447	    0.054
4196.201	    0.045
4196.955	    0.043
4197.709	    0.040
4198.463	    0.040
4199.217	    0.047
4199.972	    0.063
4200.726	    0.051
4201.481	    0.045
4202.236	    0.038
4202.991	    0.022
4203.746	    0.037
4204.501	    0.036
4205.257	    0.033
4206.012	    0.026
4206.768	    0.033
4207.524	    0.041
4208.280	    0.047
4209.036	    0.054
4209.792	    0.041
4210.548	    0.037
4211.305	    0.040
4212.061	    0.054
4212.818	    0.042
4213.575	    0.018
4214.332	    0.025
4215.089	    0.022
4215.846	    0.020
4216.604	    0.023
4217.361	    0.028
4218.119	    0.039
4218.877	    0.037
4219.635	    0.037
4220.393	    0.039
4221.151	    0.046
4221.910	    0.038
4222.668	    0.022
4223.427	    0.012
4224.186	    0.012
4224.945	    0.032
4225.704	    0.038
4226.463	    0.040
4227.222	    0.038
4227.982	    0.018
4228.741	    0.030
4229.501	    0.022
4230.261	    0.042
4231.021	    0.043
4231.781	    0.023
4232.542	    0.032
4233.302	    0.029
4234.063	    0.028
4234.823	    0.033
4235.584	    0.025
4236.345	    0.020
4237.106	    0.034
4237.868	    0.034
4238.629	    0.009
4239.390	    0.023
4240.152	    0.035
4240.914	    0.026
4241.676	    0.026
4242.438	    0.022
4243.200	    0.029
4243.963	    0.023
4244.725	    0.023
4245.488	    0.009
4246.250	    0.022
4247.013	    0.034
4247.776	    0.028
4248.540	    0.015
4249.303	    0.052
4250.066	    0.052
4250.830	    0.035
4251.594	    0.015
4252.357	    0.029
4253.121	    0.033
4253.886	    0.025
4254.650	    0.009
4255.414	    0.023
4256.179	    0.012
4256.944	    0.018
4257.708	    0.015
4258.473	    0.009
4259.238	    0.022
4260.004	    0.039
4260.769	    0.035
4261.535	    0.009
4262.300	    0.029
4263.066	    0.052
4263.832	    0.060
4264.598	    0.063
4265.364	    0.066
4266.130	    0.054
4266.897	    0.037
4267.664	    0.012
4268.430	    0.032
4269.197	    0.032
4269.964	    0.037
4270.731	    0.030
4271.499	    0.030
4272.266	    0.040
4273.034	    0.009
4273.801	    0.040
4274.569	    0.045
4275.337	    0.012
4276.105	    0.023
4276.874	    0.041
4277.642	    0.057
4278.411	    0.055
4279.179	    0.036
4279.948	    0.022
4280.717	    0.009
4281.486	    0.009
4282.255	    0.036
4283.025	    0.030
4283.794	    0.018
4284.564	    0.026
4285.334	    0.053
4286.104	    0.065
4286.874	    0.068
4287.644	    0.054
4288.414	    0.030
4289.185	    0.032
4289.955	    0.035
4290.726	    0.040
4291.497	    0.062
4292.268	    0.056
4293.039	    0.042
4293.811	    0.022
4294.582	    0.047
4295.354	    0.049
4296.125	    0.041
4296.897	    0.036
4297.669	    0.056
4298.441	    0.009
4299.214	    0.012
4299.986	    0.018
4300.759	    0.015
4301.531	    0.052
4302.304	    0.048
4303.077	    0.059
4303.850	    0.073
4304.623	    0.047
4305.397	    0.047
4306.170	    0.046
4306.944	    0.046
4307.718	    0.048
4308.492	    0.055
4309.266	    0.043
4310.040	    0.036
4310.814	    0.047
4311.589	    0.055
4312.364	    0.034
4313.138	    0.029
4313.913	    0.044
4314.688	    0.057
4315.464	    0.052
4316.239	    0.044
4317.014	    0.033
4317.790	    0.029
4318.566	    0.039
4319.342	    0.038
4320.118	    0.041
4320.894	    0.054
4321.670	    0.022
4322.447	    0.030
4323.223	    0.043
4324.000	    0.052
4324.777	    0.030
4325.554	    0.038
4326.331	    0.056
4327.108	    0.067
4327.886	    0.060
4328.663	    0.063
4329.441	    0.056
4330.219	    0.056
4330.997	    0.071
4331.775	    0.075
4332.553	    0.078
4333.332	    0.067
4334.110	    0.047
4334.889	    0.068
4335.668	    0.056
4336.447	    0.042
4337.226	    0.042
4338.005	    0.066
4338.784	    0.076
4339.564	    0.073
4340.344	    0.066
4341.123	    0.057
4341.903	    0.044
4342.683	    0.067
4343.464	    0.070
4344.244	    0.066
4345.024	    0.062
4345.805	    0.073
4346.586	    0.076
4347.367	    0.075
4348.148	    0.073
4348.929	    0.075
4349.710	    0.073
4350.492	    0.071
4351.274	    0.069
4352.055	    0.063
4352.837	    0.069
4353.619	    0.070
4354.402	    0.066
4355.184	    0.056
4355.966	    0.050
4356.749	    0.043
4357.532	    0.039
4358.315	    0.038
4359.098	    0.039
4359.881	    0.029
4360.664	    0.029
4361.448	    0.023
4362.231	    0.053
4363.015	    0.069
4363.799	    0.067
4364.583	    0.068
4365.367	    0.070
4366.151	    0.063
4366.936	    0.037
4367.720	    0.038
4368.505	    0.047
4369.290	    0.055
4370.075	    0.065
4370.860	    0.051
4371.645	    0.049
4372.431	    0.056
4373.216	    0.065
4374.002	    0.065
4374.788	    0.012
4375.574	    0.040
4376.360	    0.058
4377.146	    0.044
4389.746	    0.032
4390.535	    0.042
4391.324	    0.065
4392.113	    0.051
4392.902	    0.040
4393.691	    0.034
4394.480	    0.033
4395.270	    0.038
4396.059	    0.038
4396.849	    0.033
4397.639	    0.033
4398.429	    0.049
4399.220	    0.056
4400.010	    0.062
4400.801	    0.063
4401.591	    0.061
4402.382	    0.065
4403.173	    0.069
4403.964	    0.058
4404.755	    0.052
4405.547	    0.056
4406.338	    0.044
4407.130	    0.035
4407.922	    0.047
4408.714	    0.058
4409.506	    0.054
4410.298	    0.009
4411.090	    0.012
4411.883	    0.041
4412.675	    0.065
4413.468	    0.058
4414.261	    0.032
4415.054	    0.041
4415.848	    0.051
4416.641	    0.053
4417.434	    0.039
4418.228	    0.050
4419.022	    0.059
4419.816	    0.062
4420.610	    0.053
4421.404	    0.045
4422.199	    0.048
4422.993	    0.048
4423.788	    0.047
4424.583	    0.047
4425.377	    0.052
4426.173	    0.060
4426.968	    0.056
4427.763	    0.041
4428.559	    0.033
4429.354	    0.040
4430.150	    0.051
4430.946	    0.056
4431.742	    0.054
4432.538	    0.035
4433.335	    0.037
4434.131	    0.028
4434.928	    0.023
4435.725	    0.039
4436.522	    0.036
4437.319	    0.022
4438.116	    0.033
4438.913	    0.046
4439.711	    0.046
4440.509	    0.046
4441.306	    0.018
4442.104	    0.018
4442.902	    0.020
4443.701	    0.030
4444.499	    0.009
4445.298	    0.029
4446.096	    0.035
4446.895	    0.038
4447.694	    0.057
4448.493	    0.036
4449.292	    0.043
4450.092	    0.044
4450.891	    0.023
4451.691	    0.051
4452.491	    0.030
4453.291	    0.025
4454.091	    0.035
4454.891	    0.029
4455.691	    0.047
4456.492	    0.036
4457.293	    0.036
4458.093	    0.041
4458.894	    0.045
4459.695	    0.025
4460.497	    0.030
4461.298	    0.026
4462.100	    0.009
4462.901	    0.029
4463.703	    0.029
4464.505	    0.034
4465.307	    0.030
4466.109	    0.022
4466.912	    0.023
4467.714	    0.022
4468.517	    0.030
4469.320	    0.030
4470.123	    0.015
4470.926	    0.022
4471.729	    0.039
4472.533	    0.046
4473.336	    0.056
4474.140	    0.064
4474.944	    0.065
4475.748	    0.060
4476.552	    0.056
4477.356	    0.052
4478.161	    0.047
4478.965	    0.043
4479.770	    0.042
4480.575	    0.046
4481.380	    0.051
4482.185	    0.057
4482.990	    0.060
4483.796	    0.060
4484.601	    0.056
4485.407	    0.050
4486.213	    0.041
4487.019	    0.034
4487.825	    0.030
4488.631	    0.034
4489.438	    0.040
4490.244	    0.047
4491.051	    0.050
4491.858	    0.051
4492.665	    0.050
4493.472	    0.047
4494.280	    0.041
4495.087	    0.034
4495.895	    0.020
4496.702	    0.022
4497.510	    0.022
4498.318	    0.020
4499.127	    0.046
4499.935	    0.047
4500.743	    0.025
4501.552	    0.015
4502.361	    0.015
4503.170	    0.050
4503.979	    0.049
4504.788	    0.039
4505.597	    0.025
4506.407	    0.009
4507.216	    0.018
4508.026	    0.020
4508.836	    0.020
4509.646	    0.015
4510.456	    0.015
4511.267	    0.026
4512.077	    0.009
4512.888	    0.015
4513.699	    0.018
4514.510	    0.025
4515.321	    0.034
4516.132	    0.029
4516.943	    0.020
4517.755	    0.023
4518.567	    0.037
4519.379	    0.040
4520.191	    0.023
4521.003	    0.022
4521.815	    0.022
4522.627	    0.023
4523.440	    0.022
4524.253	    0.044
4525.065	    0.036
4525.878	    0.030
4526.692	    0.022
4527.505	    0.023
4528.318	    0.051
4529.132	    0.048
4529.946	    0.028
4530.759	    0.032
4531.573	    0.049
4532.388	    0.047
4533.202	    0.037
4534.016	    0.052
4534.831	    0.050
4535.646	    0.034
4536.461	    0.022
4537.276	    0.041
4538.091	    0.015
4538.906	    0.022
4539.722	    0.012
4540.537	    0.012
4541.353	    0.037
4542.169	    0.018
4545.434	    0.044
4546.251	    0.032
4547.068	    0.029
4547.885	    0.040
4548.702	    0.047
4549.519	    0.023
4550.336	    0.030
4551.154	    0.039
4551.972	    0.030
4552.789	    0.020
4553.607	    0.030
4554.425	    0.045
4555.244	    0.047
4556.062	    0.041
4556.881	    0.033
4557.699	    0.022
4558.518	    0.023
4559.337	    0.050
4560.156	    0.062
4560.976	    0.062
4561.795	    0.054
4562.615	    0.045
4563.435	    0.044
4564.254	    0.035
4565.074	    0.035
4565.895	    0.026
4566.715	    0.012
4567.535	    0.044
4568.356	    0.034
4569.177	    0.023
4569.998	    0.022
4570.819	    0.028
4571.640	    0.026
4572.461	    0.012
4573.283	    0.015
4574.105	    0.022
4574.926	    0.029
4575.748	    0.012
4576.570	    0.022
4577.393	    0.009
4578.215	    0.020
4579.038	    0.020
4579.860	    0.029
4580.683	    0.012
4581.506	    0.045
4582.329	    0.042
4583.153	    0.028
4583.976	    0.028
4584.800	    0.047
4585.623	    0.018
4586.447	    0.025
4587.271	    0.020
4588.095	    0.030
4588.920	    0.018
4589.744	    0.025
4590.569	    0.039
4591.394	    0.028
4592.219	    0.025
4593.044	    0.026
4593.869	    0.023
4594.694	    0.030
4595.520	    0.035
4596.345	    0.030
4597.171	    0.022
4597.997	    0.015
4598.823	    0.018
4599.649	    0.032
4600.476	    0.012
4601.302	    0.020
4602.129	    0.012
4602.956	    0.022
4603.783	    0.038
4604.610	    0.039
4605.437	    0.022
4606.265	    0.018
4607.092	    0.025
4607.920	    0.029
4608.748	    0.032
4609.576	    0.015
4610.404	    0.020
4611.232	    0.025
4612.061	    0.025
4612.890	    0.020
4613.718	    0.036
4614.547	    0.042
4615.376	    0.050
4616.206	    0.054
4617.035	    0.051
4617.864	    0.047
4618.694	    0.043
4619.524	    0.051
4620.354	    0.053
4621.184	    0.047
4622.014	    0.036
4622.845	    0.041
4623.675	    0.030
4624.506	    0.026
4625.337	    0.029
4626.168	    0.034
4626.999	    0.030
4627.830	    0.009
4628.662	    0.020
4629.493	    0.028
4630.325	    0.033
4631.157	    0.042
4631.989	    0.061
4632.821	    0.047
4633.654	    0.053
4634.486	    0.047
4635.319	    0.032
4636.152	    0.041
4636.985	    0.039
4637.818	    0.039
4638.651	    0.033
4639.484	    0.043
4640.318	    0.043
4641.152	    0.051
4641.985	    0.029
4642.819	    0.037
4643.654	    0.039
4644.488	    0.032
4645.322	    0.009
4646.157	    0.009
4646.992	    0.048
4647.827	    0.058
4648.662	    0.059
4649.497	    0.056
4650.332	    0.049
4651.168	    0.046
4652.003	    0.032
4652.839	    0.033
4653.675	    0.018
4654.511	    0.020
4655.347	    0.015
4656.184	    0.036
4657.020	    0.040
4657.857	    0.056
4658.694	    0.063
4659.531	    0.059
4660.368	    0.040
4661.205	    0.018
4662.043	    0.036
4662.881	    0.039
4663.718	    0.034
4664.556	    0.032
4665.394	    0.047
4666.232	    0.064
4667.071	    0.052
4667.909	    0.023
4668.748	    0.022
4669.587	    0.012
4670.426	    0.028
4671.265	    0.030
4672.104	    0.023
4672.944	    0.026
4673.783	    0.032
4674.623	    0.041
4675.463	    0.053
4676.303	    0.028
4677.143	    0.015
4677.983	    0.042
4678.824	    0.053
4679.664	    0.054
4680.505	    0.054
4681.346	    0.047
4682.187	    0.042
4683.028	    0.039
4683.870	    0.034
4684.711	    0.032
4685.553	    0.039
4686.395	    0.037
4687.237	    0.033
4688.079	    0.015
4688.921	    0.009
4689.764	    0.026
4690.606	    0.048
4691.449	    0.053
4692.292	    0.038
4693.135	    0.020
4693.978	    0.023
4694.821	    0.032
4695.665	    0.029
4696.508	    0.015
4697.352	    0.041
4698.196	    0.038
4699.040	    0.042
4699.885	    0.044
4700.729	    0.036
4701.574	    0.015
4702.418	    0.033
4703.263	    0.039
4704.108	    0.035
4704.953	    0.015
4705.799	    0.029
4706.644	    0.030
4707.490	    0.035
4708.335	    0.018
4709.181	    0.018
4710.027	    0.025
4710.874	    0.020
4711.720	    0.022
4712.567	    0.044
4713.413	    0.043
4714.260	    0.029
4715.107	    0.022
4715.954	    0.029
4716.802	    0.039
4717.649	    0.040
4718.497	    0.040
4719.344	    0.040
4720.192	    0.035
4721.040	    0.032
4721.888	    0.037
4722.737	    0.044
4723.585	    0.043
4724.434	    0.038
4725.283	    0.042
4726.132	    0.043
4726.981	    0.039
4727.830	    0.032
4728.680	    0.035
4729.529	    0.039
4730.379	    0.026
4731.229	    0.023
4732.079	    0.037
4732.929	    0.050
4733.779	    0.022
4734.630	    0.032
4735.480	    0.035
4736.331	    0.032
4737.182	    0.018
4738.033	    0.023
4738.885	    0.028
4739.736	    0.023
4740.588	    0.012
4741.439	    0.042
4742.291	    0.025
4743.143	    0.042
4743.995	    0.049
4744.848	    0.052
4745.700	    0.029
4746.553	    0.029
4747.406	    0.009
4748.259	    0.033
4749.112	    0.036
4749.965	    0.033
4750.818	    0.033
4751.672	    0.028
4752.526	    0.034
4753.379	    0.028
4754.233	    0.028
4755.088	    0.043
4755.942	    0.034
4756.796	    0.032
4757.651	    0.034
4758.506	    0.049
4759.361	    0.051
4760.216	    0.039
4761.071	    0.033
4761.926	    0.042
4762.782	    0.058
4763.638	    0.056
4764.494	    0.043
4765.350	    0.025
4766.206	    0.009
4767.062	    0.025
4767.919	    0.020
4768.775	    0.022
4769.632	    0.012
4770.489	    0.029
4771.346	    0.036
4772.203	    0.009
4773.061	    0.020
4773.918	    0.032
4774.776	    0.036
4775.634	    0.025
4776.492	    0.015
4777.350	    0.025
4778.208	    0.036
4779.067	    0.028
4779.925	    0.028
4780.784	    0.034
4781.643	    0.032
4782.502	    0.012
4783.361	    0.028
4784.221	    0.030
4785.080	    0.015
4785.940	    0.047
4786.800	    0.039
4787.660	    0.029
4788.520	    0.029
4789.381	    0.022
4790.241	    0.035
4791.102	    0.025
4791.962	    0.020
4792.823	    0.025
4793.684	    0.022
4794.546	    0.022
4795.407	    0.020
4796.269	    0.012
4797.130	    0.029
4797.992	    0.033
4798.854	    0.030
4799.717	    0.029
4800.579	    0.018
4801.441	    0.043
4802.304	    0.051
4803.167	    0.020
4804.030	    0.028
4804.893	    0.030
4805.756	    0.026
4806.620	    0.026
4807.483	    0.034
4808.347	    0.025
4809.211	    0.009
4810.075	    0.043
4810.939	    0.039
4811.803	    0.046
4812.668	    0.035
4813.533	    0.045
4814.397	    0.034
4815.262	    0.047
4816.128	    0.012
4816.993	    0.028
4817.858	    0.023
4818.724	    0.009
4819.590	    0.012
4820.456	    0.023
4821.322	    0.052
4822.188	    0.037
4823.054	    0.039
4823.921	    0.009
4824.787	    0.034
4825.654	    0.023
4826.521	    0.036
4827.388	    0.030
4828.256	    0.034
4829.123	    0.037
4829.991	    0.032
4830.859	    0.012
4831.727	    0.037
4832.595	    0.045
4833.463	    0.034
4834.331	    0.012
4835.200	    0.036
4836.069	    0.040
4836.937	    0.032
4837.806	    0.020
4838.676	    0.023
4839.545	    0.023
4840.415	    0.040
4841.284	    0.035
4842.154	    0.028
4843.024	    0.015
4843.894	    0.032
4844.764	    0.028
4845.635	    0.015
4846.505	    0.023
4847.376	    0.022
4848.247	    0.033
4849.118	    0.034
4849.989	    0.026
4850.861	    0.026
4851.732	    0.026
4852.604	    0.036
4853.476	    0.020
4854.348	    0.020
4855.220	    0.009
4856.092	    0.037
4856.965	    0.046
4857.837	    0.022
4858.710	    0.030
4859.583	    0.035
4860.456	    0.047
4861.329	    0.051
4862.203	    0.039
4863.076	    0.020
4863.950	    0.022
4864.824	    0.046
4865.698	    0.012
4866.572	    0.018
4867.447	    0.045
4868.321	    0.046
4869.196	    0.029
4870.071	    0.025
4870.946	    0.046
4871.821	    0.046
4872.696	    0.054
4873.571	    0.044
4874.447	    0.036
4875.323	    0.050
4876.199	    0.051
4877.075	    0.044
4877.951	    0.058
4878.827	    0.043
4879.704	    0.056
4880.581	    0.040
4881.458	    0.032
4882.335	    0.042
4883.212	    0.053
4884.089	    0.054
4884.967	    0.045
4885.844	    0.048
4886.722	    0.046
4887.600	    0.048
4888.478	    0.047
4889.356	    0.054
4890.235	    0.058
4891.114	    0.052
4891.992	    0.046
4892.871	    0.046
4893.750	    0.048
4894.630	    0.047
4895.509	    0.047
4896.388	    0.058
4897.268	    0.057
4898.148	    0.032
4899.028	    0.033
4899.908	    0.032
4900.789	    0.009
4901.669	    0.047
4902.550	    0.055
4903.431	    0.054
4904.312	    0.049
4905.193	    0.035
4906.074	    0.052
4906.955	    0.110
4907.837	    0.148
4908.719	    0.168
4909.601	    0.172
4910.483	    0.163
4911.365	    0.142
4912.247	    0.113
4913.130	    0.086
4914.013	    0.054
4914.896	    0.020
4915.779	    0.053
4916.662	    0.056
4917.545	    0.054
4918.429	    0.058
4919.312	    0.061
4920.196	    0.053
4921.080	    0.051
4921.964	    0.053
4922.849	    0.052
4923.733	    0.054
4924.618	    0.055
4925.502	    0.058
4926.387	    0.066
4927.273	    0.068
4928.158	    0.056
4929.043	    0.051
4929.929	    0.051
4930.815	    0.054
4931.700	    0.051
4932.586	    0.051
4933.473	    0.055
4934.359	    0.055
4935.246	    0.050
4936.132	    0.029
4937.019	    0.047
4937.906	    0.053
4938.793	    0.046
4939.681	    0.043
4940.568	    0.046
4941.456	    0.040
4942.344	    0.043
4943.232	    0.054
4944.120	    0.056
4945.008	    0.033
4945.896	    0.032
4946.785	    0.042
4947.674	    0.043
4948.563	    0.042
4949.452	    0.055
4950.341	    0.039
4951.230	    0.047
4952.120	    0.066
4953.010	    0.050
4953.900	    0.038
4954.790	    0.036
4955.680	    0.029
4956.570	    0.032
4957.461	    0.063
4958.351	    0.041
4959.242	    0.038
4960.133	    0.038
4961.024	    0.054
4961.916	    0.054
4962.807	    0.028
4963.699	    0.032
4964.591	    0.018
4965.483	    0.042
4966.375	    0.044
4967.267	    0.032
4968.159	    0.056
4969.052	    0.038
4969.945	    0.038
4970.838	    0.046
4971.731	    0.030
4972.624	    0.009
4973.518	    0.047
4974.411	    0.065
4975.305	    0.054
4976.199	    0.042
4977.093	    0.035
4977.987	    0.032
4978.881	    0.026
4979.776	    0.015
4980.671	    0.012
4981.565	    0.012
4982.460	    0.023
4983.356	    0.025
4984.251	    0.023
4985.146	    0.009
4986.042	    0.023
4986.938	    0.026
4987.834	    0.035
4988.730	    0.034
4989.626	    0.043
4990.523	    0.046
4991.419	    0.054
4992.316	    0.048
4993.213	    0.054
4994.110	    0.060
4995.007	    0.058
4995.905	    0.053
4996.802	    0.051
4997.700	    0.052
4998.598	    0.056
4999.496	    0.064
5000.394	    0.055
5001.293	    0.038
5002.191	    0.028
5003.090	    0.032
5003.989	    0.041
5004.888	    0.047
5005.787	    0.009
5006.687	    0.049
5007.586	    0.053
5008.486	    0.064
5009.386	    0.054
5010.286	    0.028
5011.186	    0.022
5012.086	    0.026
5012.987	    0.034
5013.887	    0.036
5014.788	    0.030
5015.689	    0.030
5016.590	    0.038
5017.492	    0.047
5018.393	    0.047
5019.295	    0.049
5020.197	    0.057
5021.098	    0.065
5022.001	    0.063
5022.903	    0.051
5023.805	    0.056
5024.708	    0.052
5025.611	    0.057
5026.514	    0.058
5027.417	    0.044
5028.320	    0.033
5029.223	    0.040
5030.127	    0.053
5031.031	    0.060
5031.935	    0.020
5032.839	    0.030
5033.743	    0.039
5034.647	    0.029
5035.552	    0.051
5036.456	    0.047
5037.361	    0.052
5038.266	    0.065
5039.172	    0.058
5040.077	    0.042
5040.982	    0.041
5041.888	    0.049
5042.794	    0.023
5043.700	    0.023
5044.606	    0.036
5045.513	    0.035
5046.419	    0.037
5047.326	    0.051
5048.233	    0.049
5049.140	    0.022
5050.047	    0.054
5050.954	    0.054
5051.861	    0.047
5052.769	    0.047
5053.677	    0.051
5054.585	    0.078
5055.493	    0.103
5056.401	    0.120
5057.310	    0.116
5058.218	    0.106
5059.127	    0.099
5060.036	    0.070
5060.945	    0.047
5061.855	    0.026
5062.764	    0.022
5063.674	    0.029
5064.583	    0.046
5065.493	    0.050
5066.403	    0.030
5067.314	    0.036
5068.224	    0.035
5069.135	    0.034
5070.045	    0.032
5070.956	    0.029
5071.867	    0.023
5072.779	    0.038
5073.690	    0.029
5074.602	    0.023
5075.513	    0.037
5076.425	    0.030
5077.337	    0.029
5078.249	    0.025
5079.162	    0.015
5080.074	    0.028
5080.987	    0.032
5081.900	    0.030
5082.813	    0.025
5083.726	    0.018
5084.640	    0.026
5085.553	    0.034
5086.467	    0.022
5087.381	    0.030
5088.295	    0.022
5089.209	    0.009
5090.123	    0.025
5091.038	    0.035
5091.952	    0.034
5092.867	    0.012
5093.782	    0.020
5094.697	    0.020
5095.613	    0.029
5096.528	    0.029
5097.444	    0.050
5098.360	    0.009
5099.276	    0.009
5100.192	    0.039
5101.108	    0.036
5102.025	    0.035
5102.941	    0.029
5103.858	    0.009
5104.775	    0.012
5105.692	    0.030
5106.610	    0.030
5107.527	    0.020
5108.445	    0.037
5109.363	    0.029
5110.281	    0.015
5111.199	    0.032
5112.117	    0.033
5113.036	    0.020
5113.954	    0.012
5114.873	    0.015
5115.792	    0.030
5116.711	    0.037
5117.630	    0.045
5118.550	    0.049
5119.469	    0.044
5120.389	    0.018
5121.309	    0.028
5122.229	    0.028
5123.150	    0.022
5124.070	    0.028
5124.991	    0.018
5125.911	    0.009
5126.832	    0.015
5127.753	    0.025
5128.675	    0.015
5129.596	    0.028
5130.518	    0.045
5131.440	    0.037
5132.362	    0.034
5133.284	    0.043
5134.206	    0.039
5135.128	    0.009
5136.051	    0.015
5136.974	    0.023
5137.897	    0.022
5138.820	    0.030
5139.743	    0.012
5140.666	    0.029
5141.590	    0.058
5142.514	    0.036
5143.438	    0.026
5144.362	    0.012
5145.286	    0.022
5146.211	    0.038
5147.135	    0.037
5148.060	    0.037
5148.985	    0.029
5149.910	    0.018
5150.835	    0.046
5151.761	    0.037
5152.686	    0.022
5153.612	    0.042
5154.538	    0.018
5155.464	    0.015
5156.390	    0.022
5157.317	    0.009
5158.243	    0.033
5159.170	    0.037
5160.097	    0.033
5161.024	    0.032
5161.951	    0.020
5162.879	    0.045
5163.806	    0.047
5164.734	    0.054
5165.662	    0.009
5166.590	    0.033
5167.518	    0.033
5168.447	    0.020
5169.375	    0.020
5170.304	    0.022
5171.233	    0.029
5172.162	    0.035
5173.091	    0.038
5174.021	    0.029
5174.950	    0.037
5175.880	    0.009
5176.810	    0.051
5177.740	    0.020
5178.670	    0.034
5179.601	    0.022
5261.191	    0.044
5262.136	    0.060
5263.082	    0.069
5264.027	    0.063
5264.973	    0.056
5265.919	    0.051
5266.865	    0.044
5267.811	    0.041
5268.758	    0.029
5269.704	    0.036
5270.651	    0.029
5271.598	    0.048
5272.545	    0.053
5273.493	    0.045
5274.440	    0.029
5275.388	    0.030
5276.335	    0.045
5277.283	    0.035
5278.232	    0.026
5279.180	    0.048
5280.128	    0.063
5281.077	    0.058
5282.026	    0.051
5282.975	    0.055
5283.924	    0.052
5284.873	    0.047
5285.823	    0.047
5286.773	    0.033
5287.722	    0.033
5288.672	    0.055
5289.623	    0.033
5290.573	    0.032
5291.523	    0.034
5292.474	    0.059
5293.425	    0.054
5294.376	    0.040
5295.327	    0.015
5296.279	    0.025
5297.230	    0.018
5298.182	    0.012
5299.134	    0.012
5300.086	    0.018
5301.038	    0.038
5301.991	    0.034
5302.943	    0.018
5303.896	    0.009
5304.849	    0.033
5305.802	    0.030
5306.755	    0.032
5307.709	    0.039
5308.662	    0.051
5309.616	    0.045
5310.570	    0.040
5311.524	    0.009
5312.478	    0.047
5313.433	    0.051
5314.388	    0.034
5315.342	    0.026
5316.297	    0.025
5317.252	    0.023
5318.208	    0.029
5319.163	    0.042
5320.119	    0.051
5321.075	    0.060
5322.031	    0.044
5322.987	    0.038
5323.943	    0.054
5324.900	    0.047
5325.857	    0.048
5326.813	    0.053
5327.770	    0.015
5328.728	    0.039
5329.685	    0.041
5330.643	    0.049
5331.600	    0.047
5332.558	    0.028
5333.516	    0.020
5334.475	    0.041
5335.433	    0.043
5336.392	    0.012
5337.350	    0.032
5338.309	    0.029
5339.268	    0.029
5340.228	    0.012
5341.187	    0.049
5342.147	    0.047
5343.107	    0.047
5344.067	    0.033
5345.027	    0.015
5345.987	    0.015
5346.947	    0.040
5347.908	    0.047
5348.869	    0.012
5349.830	    0.022
5350.791	    0.036
5351.752	    0.015
5352.714	    0.015
5353.676	    0.025
5354.638	    0.023
5355.600	    0.023
5356.562	    0.023
5357.524	    0.015
5358.487	    0.009
5359.449	    0.009
5360.412	    0.030
5361.375	    0.020
5362.339	    0.040
5363.302	    0.020
5364.266	    0.044
5365.230	    0.045
5366.193	    0.012
5367.158	    0.009
5368.122	    0.018
5369.086	    0.039
5370.051	    0.042
5371.016	    0.023
5371.981	    0.009
5372.946	    0.009
5373.911	    0.012
5374.877	    0.012
5375.842	    0.032
5376.808	    0.040
5377.774	    0.023
5378.741	    0.036
5379.707	    0.042
5380.673	    0.020
5381.640	    0.034
5382.607	    0.039
5383.574	    0.034
5384.541	    0.047
5385.509	    0.057
5386.476	    0.091
5387.444	    0.080
5388.412	    0.096
5389.380	    0.098
5390.348	    0.119
5394.223	    0.015
5395.192	    0.040
5396.162	    0.038
5397.131	    0.036
5398.101	    0.047
5399.071	    0.058
5400.041	    0.042
5401.011	    0.012
5401.981	    0.029
5402.952	    0.036
5403.923	    0.026
5404.894	    0.029
5405.865	    0.041
5406.836	    0.038
5407.807	    0.015
5408.779	    0.033
5409.751	    0.060
5410.723	    0.045
5411.695	    0.062
5412.667	    0.054
5413.639	    0.065
5414.612	    0.009
5415.585	    0.035
5416.558	    0.043
5417.531	    0.033
5418.504	    0.047
5419.478	    0.048
5420.452	    0.048
5421.426	    0.037
5422.400	    0.025
5423.374	    0.023
5424.348	    0.023
5425.323	    0.012
5426.297	    0.023
5427.272	    0.036
5428.247	    0.040
5429.223	    0.051
5430.198	    0.063
5431.174	    0.059
5432.150	    0.051
5433.126	    0.035
5434.102	    0.022
5435.078	    0.038
5436.055	    0.025
5437.031	    0.025
5438.008	    0.043
5438.985	    0.041
5439.962	    0.045
5440.940	    0.052
5441.917	    0.060
5442.895	    0.053
5443.873	    0.065
5444.851	    0.029
5445.829	    0.028
5446.808	    0.034
5450.723	    0.032
5451.702	    0.020
5452.682	    0.033
5453.661	    0.037
5454.641	    0.018
5455.621	    0.026
5456.601	    0.030
5457.582	    0.045
5458.562	    0.035
5459.543	    0.020
5460.524	    0.029
5461.505	    0.038
5462.486	    0.033
5463.468	    0.009
5464.449	    0.025
5465.431	    0.029
5466.413	    0.015
5467.395	    0.037
5468.377	    0.051
5469.360	    0.041
5470.343	    0.020
5471.325	    0.026
5472.308	    0.040
5473.292	    0.034
5474.275	    0.040
5475.258	    0.047
5476.242	    0.037
5477.226	    0.009
5478.210	    0.025
5479.194	    0.041
5480.179	    0.020
5481.163	    0.038
5482.148	    0.028
5483.133	    0.012
5484.118	    0.018
5485.104	    0.022
5486.089	    0.032
5487.075	    0.032
5488.060	    0.033
5489.047	    0.015
5490.033	    0.023
5491.019	    0.015
5492.006	    0.036
5492.992	    0.033
5493.979	    0.022
5494.966	    0.025
5495.954	    0.009
5496.941	    0.030
5497.929	    0.040
5498.916	    0.038
5499.904	    0.015
5500.892	    0.012
5501.881	    0.028
5502.869	    0.012
5503.858	    0.033
5504.847	    0.033
5505.836	    0.028
5506.825	    0.035
5507.814	    0.025
5508.804	    0.041
5509.794	    0.041
5510.784	    0.009
5511.774	    0.033
5512.764	    0.034
5513.754	    0.023
5514.745	    0.029
5515.736	    0.012
5516.727	    0.023
5517.718	    0.030
5518.709	    0.018
5519.701	    0.028
5520.693	    0.025
5521.684	    0.029
5522.677	    0.028
5523.669	    0.018
5524.661	    0.012
5525.654	    0.028
5526.647	    0.026
5527.639	    0.029
5528.633	    0.043
5529.626	    0.033
5530.619	    0.028
5531.613	    0.030
5532.607	    0.012
5533.601	    0.020
5534.595	    0.018
5535.589	    0.022
5536.584	    0.030
5537.579	    0.036
5538.574	    0.022
5539.569	    0.034
5540.564	    0.025
5541.559	    0.051
5542.555	    0.037
5543.551	    0.023
5544.547	    0.020
5545.543	    0.020
5546.539	    0.042
5547.536	    0.042
5548.533	    0.038
5549.529	    0.025
5550.527	    0.039
5551.524	    0.052
5552.521	    0.049
5553.519	    0.023
5554.517	    0.032
5555.514	    0.015
5556.513	    0.028
5557.511	    0.009
5558.509	    0.026
5559.508	    0.029
5560.507	    0.015
5561.506	    0.020
5562.505	    0.033
5563.505	    0.039
5564.504	    0.040
5565.504	    0.051
5566.504	    0.054
5567.504	    0.046
5568.504	    0.033
5569.505	    0.043
5570.505	    0.048
5571.506	    0.020
5572.507	    0.025
5573.508	    0.026
5574.510	    0.069
5575.511	    0.103
5576.513	    0.106
5577.515	    0.087
5578.517	    0.058
5579.519	    0.053
5580.522	    0.056
5581.524	    0.057
5582.527	    0.051
5583.530	    0.055
5584.533	    0.052
5585.537	    0.048
5586.540	    0.052
5587.544	    0.046
5588.548	    0.025
5589.552	    0.026
5590.556	    0.041
5591.560	    0.050
5592.565	    0.051
5593.570	    0.054
5594.575	    0.048
5595.580	    0.055
5596.585	    0.060
5597.591	    0.058
5598.596	    0.055
5599.602	    0.047
5600.608	    0.046
5601.615	    0.047
5602.621	    0.040
5603.628	    0.043
5604.634	    0.043
5605.641	    0.047
5606.649	    0.058
5607.656	    0.061
5608.663	    0.058
5609.671	    0.061
5610.679	    0.056
5611.687	    0.056
5612.695	    0.058
5613.704	    0.051
5614.712	    0.054
5615.721	    0.061
5616.730	    0.066
5617.739	    0.058
5618.748	    0.060
5619.758	    0.060
5620.767	    0.062
5621.777	    0.065
5622.787	    0.061
5623.798	    0.053
5624.808	    0.051
5625.819	    0.047
5626.829	    0.051
5627.840	    0.064
5628.851	    0.064
5629.863	    0.054
5630.874	    0.045
5631.886	    0.055
5632.898	    0.054
5633.910	    0.066
5634.922	    0.070
5635.934	    0.070
5636.947	    0.068
5637.960	    0.065
5638.973	    0.068
5639.986	    0.076
5640.999	    0.079
5642.013	    0.062
5643.026	    0.055
5644.040	    0.061
5645.054	    0.069
5646.068	    0.070
5647.083	    0.069
5648.097	    0.065
5649.112	    0.062
5650.127	    0.079
5651.142	    0.076
5652.157	    0.081
5653.173	    0.080
5654.189	    0.078
5655.205	    0.068
5656.221	    0.064
5657.237	    0.066
5658.253	    0.065
5659.270	    0.076
5660.287	    0.072
5661.304	    0.070
5662.321	    0.082
5663.338	    0.080
5664.355	    0.077
5665.373	    0.082
5666.391	    0.084
5667.409	    0.083
5668.427	    0.089
5669.446	    0.077
5670.464	    0.081
5671.483	    0.089
5672.502	    0.083
5673.521	    0.085
5674.541	    0.081
5675.560	    0.091
5676.580	    0.089
5677.600	    0.092
5678.620	    0.089
5679.640	    0.078
5680.660	    0.089
5681.681	    0.084
5682.702	    0.082
5683.723	    0.093
5684.744	    0.092
5685.765	    0.088
5686.787	    0.090
5687.809	    0.095
5688.830	    0.094
5689.853	    0.101
5690.875	    0.101
5691.897	    0.093
5692.920	    0.099
5693.943	    0.098
5694.966	    0.093
5695.989	    0.096
5697.012	    0.094
5698.036	    0.097
5699.060	    0.100
5700.084	    0.103
5701.108	    0.106
5702.132	    0.104
5703.156	    0.100
5704.181	    0.096
5705.206	    0.105
5706.231	    0.106
5707.256	    0.100
5708.282	    0.104
5709.307	    0.103
5710.333	    0.103
5711.359	    0.104
5712.385	    0.104
5713.411	    0.103
5714.438	    0.100
5715.464	    0.099
5716.491	    0.097
5717.518	    0.102
5718.546	    0.109
5719.573	    0.106
5720.601	    0.100
5721.628	    0.103
5722.656	    0.108
5723.685	    0.112
5724.713	    0.113
5725.741	    0.112
5726.770	    0.108
5727.799	    0.107
5728.828	    0.117
5729.857	    0.110
5730.887	    0.113
5731.916	    0.108
5732.946	    0.109
5733.976	    0.112
5735.007	    0.120
5736.037	    0.110
5737.067	    0.106
5738.098	    0.113
5739.129	    0.116
5740.160	    0.113
5741.192	    0.112
5742.223	    0.112
5743.255	    0.108
5744.287	    0.107
5745.319	    0.105
5746.351	    0.112
5747.383	    0.117
5748.416	    0.113
5749.449	    0.105
5750.482	    0.103
5751.515	    0.112
5752.548	    0.112
5753.582	    0.110
5754.615	    0.109
5755.649	    0.110
5756.683	    0.115
5757.718	    0.110
5758.752	    0.104
5759.787	    0.108
5760.822	    0.119
5761.857	    0.121
5762.892	    0.115
5763.927	    0.120
5764.963	    0.113
5765.999	    0.112
5767.035	    0.113
5768.071	    0.113
5769.107	    0.106
5770.143	    0.101
5771.180	    0.112
5772.217	    0.110
5773.254	    0.118
5774.291	    0.119
5775.329	    0.118
5776.366	    0.120
5777.404	    0.121
5778.442	    0.125
5779.480	    0.123
5780.519	    0.126
5781.557	    0.117
5782.596	    0.111
5783.635	    0.115
5784.674	    0.117
5785.713	    0.118
5786.753	    0.117
5787.793	    0.118
5788.832	    0.119
5789.873	    0.120
5790.913	    0.116
5791.953	    0.119
5792.994	    0.117
5794.035	    0.114
5795.076	    0.116
5796.117	    0.117
5797.158	    0.116
5798.200	    0.110
5799.241	    0.115
5800.283	    0.113
5801.325	    0.117
5802.368	    0.121
5803.410	    0.119
5804.453	    0.116
5805.496	    0.118
5806.539	    0.121
5807.582	    0.113
5808.625	    0.110
5809.669	    0.116
5810.713	    0.115
5811.757	    0.112
5812.801	    0.108
5813.845	    0.106
5814.890	    0.108
5815.935	    0.111
5816.980	    0.115
5818.025	    0.113
5819.070	    0.113
5820.115	    0.114
5821.161	    0.113
5822.207	    0.114
5823.253	    0.113
5824.299	    0.112
5825.346	    0.116
5826.392	    0.116
5827.439	    0.114
5828.486	    0.112
5829.533	    0.109
5830.581	    0.106
5831.628	    0.115
5832.676	    0.113
5833.724	    0.111
5834.772	    0.119
5835.820	    0.122
5836.869	    0.123
5837.917	    0.123
5838.966	    0.119
5840.015	    0.118
5841.065	    0.116
5842.114	    0.111
5843.164	    0.107
5844.213	    0.104
5845.263	    0.102
5846.314	    0.106
5847.364	    0.107
5848.415	    0.106
5849.465	    0.104
5850.516	    0.102
5851.567	    0.103
5852.619	    0.106
5853.670	    0.103
5854.722	    0.100
5855.774	    0.104
5856.826	    0.104
5857.878	    0.100
5858.931	    0.096
5859.983	    0.100
5861.036	    0.099
5862.089	    0.101
5863.142	    0.107
5864.196	    0.102
5865.249	    0.095
5866.303	    0.091
5867.357	    0.088
5868.411	    0.085
5869.466	    0.084
5870.520	    0.084
5871.575	    0.087
5872.630	    0.088
5873.685	    0.087
5874.740	    0.091
5875.796	    0.096
5876.851	    0.098
5877.907	    0.093
5878.963	    0.086
5880.019	    0.089
5881.076	    0.088
5882.133	    0.087
5883.189	    0.091
5884.246	    0.091
5885.304	    0.088
5886.361	    0.097
5887.419	    0.109
5888.476	    0.114
5889.534	    0.119
5890.592	    0.123
5891.651	    0.111
5892.709	    0.098
5893.768	    0.101
5894.827	    0.114
5895.886	    0.116
5896.945	    0.103
5898.005	    0.092
5899.064	    0.083
5900.124	    0.088
5901.184	    0.093
5902.245	    0.088
5903.305	    0.082
5904.366	    0.073
5905.426	    0.073
5906.487	    0.074
5907.549	    0.068
5908.610	    0.066
5909.671	    0.068
5910.733	    0.074
5911.795	    0.074
5912.857	    0.063
5913.920	    0.051
5914.982	    0.051
5916.045	    0.060
5917.108	    0.069
5918.171	    0.060
5919.234	    0.055
5920.298	    0.058
5921.361	    0.068
5922.425	    0.063
5923.489	    0.052
5924.554	    0.060
5925.618	    0.060
5926.683	    0.056
5927.747	    0.030
5928.812	    0.043
5929.878	    0.034
5930.943	    0.022
5932.009	    0.026
5933.074	    0.060
5934.140	    0.058
5935.206	    0.032
5936.273	    0.028
5937.339	    0.042
5938.406	    0.018
5939.473	    0.026
5940.540	    0.056
5941.607	    0.064
5942.675	    0.061
5943.743	    0.073
5944.811	    0.092
5945.879	    0.117
5946.947	    0.135
5948.015	    0.157
5949.084	    0.179
5950.153	    0.184
5951.222	    0.184
5952.291	    0.175
5953.360	    0.156
5954.430	    0.154
5955.500	    0.163
5956.570	    0.172
5957.640	    0.150
5958.710	    0.121
5959.781	    0.085
5960.852	    0.048
5961.923	    0.018
5962.994	    0.028
5964.065	    0.022
5965.137	    0.009
5966.209	    0.029
5967.280	    0.018
5968.353	    0.034
5969.425	    0.047
5970.497	    0.040
5971.570	    0.029
5972.643	    0.025
5973.716	    0.032
5974.789	    0.012
5975.863	    0.012
5976.936	    0.022
5978.010	    0.036
5979.084	    0.036
5980.158	    0.009
5981.233	    0.032
5982.308	    0.022
5983.382	    0.023
5984.457	    0.015
5985.533	    0.022
5986.608	    0.035
5987.684	    0.023
5988.759	    0.023
5989.835	    0.034
5990.911	    0.022
5991.988	    0.032
5993.064	    0.034
5994.141	    0.022
5995.218	    0.012
5996.295	    0.036
5997.372	    0.048
5998.450	    0.039
5999.528	    0.047
6000.606	    0.041
6001.684	    0.026
6002.762	    0.049
6003.840	    0.052
6004.919	    0.049
6005.998	    0.046
6007.077	    0.037
6008.156	    0.042
6009.236	    0.040
6010.315	    0.038
6011.395	    0.023
6012.475	    0.026
6013.556	    0.043
6014.636	    0.042
6015.717	    0.043
6016.797	    0.052
6017.878	    0.049
6018.960	    0.038
6020.041	    0.035
6021.123	    0.026
6022.204	    0.020
6029.782	    0.040
6030.866	    0.034
6031.949	    0.033
6033.033	    0.022
6034.117	    0.037
6035.201	    0.051
6036.285	    0.047
6037.370	    0.046
6038.455	    0.050
6039.539	    0.039
6040.625	    0.033
6041.710	    0.041
6042.795	    0.047
6043.881	    0.053
6044.967	    0.050
6046.053	    0.051
6047.139	    0.043
6048.226	    0.045
6049.312	    0.048
6050.399	    0.063
6051.486	    0.068
6052.573	    0.058
6053.661	    0.052
6054.749	    0.063
6055.836	    0.065
6056.924	    0.053
6058.013	    0.052
6059.101	    0.056
6060.190	    0.054
6061.278	    0.060
6062.367	    0.058
6063.457	    0.054
6064.546	    0.051
6065.636	    0.046
6066.725	    0.056
6067.815	    0.067
6068.906	    0.061
6069.996	    0.047
6071.086	    0.050
6072.177	    0.054
6073.268	    0.062
6074.359	    0.066
6075.451	    0.070
6076.542	    0.077
6077.634	    0.067
6078.726	    0.063
6079.818	    0.070
6080.910	    0.074
6082.003	    0.084
6083.096	    0.086
6084.189	    0.091
6085.282	    0.079
6086.375	    0.072
6087.468	    0.087
6088.562	    0.088
6089.656	    0.072
6090.750	    0.065
6091.844	    0.081
6092.939	    0.088
6094.034	    0.084
6095.129	    0.080
6096.224	    0.091
6097.319	    0.081
6098.414	    0.081
6099.510	    0.081
6100.606	    0.085
6101.702	    0.082
6102.798	    0.088
6103.895	    0.090
6104.991	    0.070
6106.088	    0.073
6107.185	    0.075
6108.282	    0.074
6109.380	    0.068
6110.478	    0.063
6111.575	    0.076
6112.673	    0.075
6113.772	    0.074
6114.870	    0.057
6115.969	    0.075
6117.068	    0.083
6118.167	    0.077
6119.266	    0.074
6120.365	    0.073
6121.465	    0.076
6122.565	    0.044
6123.665	    0.050
6124.765	    0.057
6125.865	    0.061
6126.966	    0.060
6128.067	    0.057
6129.168	    0.053
6130.269	    0.051
6131.370	    0.051
6132.472	    0.054
6133.574	    0.058
6134.676	    0.064
6135.778	    0.070
6136.880	    0.078
6137.983	    0.085
6139.086	    0.092
6140.189	    0.097
6141.292	    0.101
6142.395	    0.104
6143.499	    0.107
6144.602	    0.110
6145.706	    0.111
6146.811	    0.114
6147.915	    0.112
6149.020	    0.104
6150.124	    0.105
6151.229	    0.107
6152.334	    0.107
6153.440	    0.106
6154.545	    0.103
6155.651	    0.102
6156.757	    0.109
6172.261	    0.107
6173.370	    0.113
6174.479	    0.114
6175.589	    0.116
6176.698	    0.113
6177.808	    0.110
6178.918	    0.103
6180.028	    0.109
6181.138	    0.112
6182.249	    0.116
6183.360	    0.111
6184.471	    0.112
6185.582	    0.113
6186.693	    0.119
6187.805	    0.118
6188.916	    0.118
6190.028	    0.114
6191.140	    0.116
6192.253	    0.112
6193.365	    0.118
6194.478	    0.121
6195.591	    0.108
6196.704	    0.111
6197.817	    0.120
6198.931	    0.121
6200.045	    0.119
6201.159	    0.110
6202.273	    0.120
6203.387	    0.125
6204.502	    0.122
6205.616	    0.122
6206.731	    0.113
6207.846	    0.119
6208.962	    0.111
6210.077	    0.122
6211.193	    0.113
6212.309	    0.112
6213.425	    0.113
6214.541	    0.107
6215.658	    0.101
6216.775	    0.109
6217.892	    0.115
6219.009	    0.110
6220.126	    0.107
6221.244	    0.107
6222.361	    0.104
6223.479	    0.117
6224.597	    0.114
6225.716	    0.117
6226.834	    0.115
6227.953	    0.116
6229.072	    0.112
6230.191	    0.110
6231.310	    0.110
6232.430	    0.114
6233.550	    0.112
6234.670	    0.106
6235.790	    0.107
6236.910	    0.114
6238.031	    0.110
6239.152	    0.110
6240.272	    0.112
6241.394	    0.112
6242.515	    0.108
6243.637	    0.116
6244.758	    0.114
6245.880	    0.113
6247.002	    0.111
6248.125	    0.105
6249.247	    0.106
6250.370	    0.110
6251.493	    0.113
6252.616	    0.113
6253.740	    0.112
6254.863	    0.110
6255.987	    0.105
6257.111	    0.100
6258.235	    0.097
6259.360	    0.095
6260.484	    0.095
6261.609	    0.096
6262.734	    0.095
6263.859	    0.092
6264.985	    0.089
6266.110	    0.087
6267.236	    0.085
6268.362	    0.085
6269.488	    0.086
6270.615	    0.088
6271.741	    0.091
6272.868	    0.096
6273.995	    0.101
6275.122	    0.106
6276.250	    0.111
6277.377	    0.113
6278.505	    0.113
6279.633	    0.112
6280.761	    0.111
6281.890	    0.110
6283.018	    0.109
6284.147	    0.107
6285.276	    0.105
6286.406	    0.104
6287.535	    0.104
6288.665	    0.104
6289.795	    0.106
6290.925	    0.108
6292.055	    0.111
6293.185	    0.112
6294.316	    0.111
6295.447	    0.108
6296.578	    0.103
6297.709	    0.099
6298.841	    0.098
6299.972	    0.100
6301.104	    0.109
6302.236	    0.110
6303.369	    0.107
6304.501	    0.105
6305.634	    0.100
6306.767	    0.099
6307.900	    0.116
6309.033	    0.104
6310.167	    0.107
6311.300	    0.119
6312.434	    0.117
6313.568	    0.113
6314.703	    0.107
6315.837	    0.111
6316.972	    0.111
6318.107	    0.101
6319.242	    0.106
6320.377	    0.109
6321.513	    0.107
6322.649	    0.117
6323.785	    0.119
6324.921	    0.111
6326.057	    0.115
6327.194	    0.119
6328.331	    0.117
6329.468	    0.116
6330.605	    0.117
6331.742	    0.110
6332.880	    0.103
6334.017	    0.099
6335.155	    0.102
6336.294	    0.111
6337.432	    0.110
6338.571	    0.108
6339.710	    0.103
6340.849	    0.107
6341.988	    0.110
6343.127	    0.101
6344.267	    0.081
6345.407	    0.076
6346.547	    0.081
6347.687	    0.082
6348.827	    0.088
6349.968	    0.100
6351.109	    0.108
6352.250	    0.109
6353.391	    0.110
6354.533	    0.108
6355.674	    0.112
6356.816	    0.114
6357.958	    0.111
6359.101	    0.120
6360.243	    0.140
6361.386	    0.155
6362.529	    0.161
6363.672	    0.158
6364.815	    0.152
6365.959	    0.141
6367.103	    0.131
6368.247	    0.117
6369.391	    0.107
6370.535	    0.103
6371.680	    0.104
6372.824	    0.100
6373.969	    0.101
6375.115	    0.101
6376.260	    0.101
6377.406	    0.098
6378.551	    0.094
6379.697	    0.096
6380.844	    0.103
6381.990	    0.102
6383.137	    0.099
6384.283	    0.103
6385.430	    0.100
6386.578	    0.103
6387.725	    0.115
6388.873	    0.115
6390.021	    0.106
6391.169	    0.098
6392.317	    0.099
6393.465	    0.107
6394.614	    0.105
6395.763	    0.103
6396.912	    0.094
6398.061	    0.101
6399.211	    0.107
6400.361	    0.101
6401.511	    0.100
6402.661	    0.102
6403.811	    0.096
6404.962	    0.100
6406.112	    0.094
6407.263	    0.091
6408.414	    0.095
6409.566	    0.093
6410.717	    0.098
6411.869	    0.091
6413.021	    0.096
6414.173	    0.096
6415.326	    0.098
6416.478	    0.099
6417.631	    0.094
6418.784	    0.098
6419.937	    0.093
6421.091	    0.085
6422.245	    0.086
6423.398	    0.091
6424.552	    0.104
6425.707	    0.110
6426.861	    0.109
6428.016	    0.114
6429.171	    0.110
6430.326	    0.103
6431.481	    0.095
6432.637	    0.088
6433.792	    0.092
6434.948	    0.091
6436.104	    0.088
6437.261	    0.093
6438.417	    0.090
6439.574	    0.079
6440.731	    0.078
6441.888	    0.080
6443.046	    0.077
6444.203	    0.078
6445.361	    0.087
6446.519	    0.088
6447.677	    0.084
6448.836	    0.083
6449.994	    0.090
6451.153	    0.096
6452.312	    0.088
6453.471	    0.086
6454.631	    0.077
6455.791	    0.079
6456.950	    0.083
6458.111	    0.071
6459.271	    0.071
6460.431	    0.065
6461.592	    0.059
6462.753	    0.056
6463.914	    0.055
6465.075	    0.064
6466.237	    0.066
6467.399	    0.058
6468.561	    0.053
6469.723	    0.057
6470.885	    0.057
6472.048	    0.075
6473.211	    0.051
6474.374	    0.034
6475.537	    0.037
6476.700	    0.052
6477.864	    0.048
6479.028	    0.058
6480.192	    0.057
6481.356	    0.055
6482.521	    0.055
6483.685	    0.058
6484.850	    0.062
6486.015	    0.066
6487.181	    0.063
6488.346	    0.060
6489.512	    0.056
6490.678	    0.056
6491.844	    0.054
6493.010	    0.044
6494.177	    0.029
6495.344	    0.036
6496.511	    0.066
6497.678	    0.069
6498.845	    0.058
6500.013	    0.049
6501.181	    0.045
6502.349	    0.045
6503.517	    0.051
6504.685	    0.047
6505.854	    0.051
6507.023	    0.056
6508.192	    0.055
6509.361	    0.055
6510.531	    0.048
6511.700	    0.034
6512.870	    0.009
6514.041	    0.030
6515.211	    0.041
6516.381	    0.039
6517.552	    0.047
6518.723	    0.022
6519.894	    0.026
6521.066	    0.028
6522.237	    0.037
6523.409	    0.048
6524.581	    0.030
6525.753	    0.018
6526.926	    0.041
6528.099	    0.055
6529.271	    0.057
6530.445	    0.074
6531.618	    0.070
6532.791	    0.047
6533.965	    0.042
6535.139	    0.068
6536.313	    0.071
6537.487	    0.066
6538.662	    0.065
6539.837	    0.069
6541.012	    0.071
6542.187	    0.071
6543.362	    0.056
6544.538	    0.060
6545.714	    0.062
6546.890	    0.062
6548.066	    0.056
6549.243	    0.040
6550.419	    0.062
6551.596	    0.060
6552.773	    0.066
6553.950	    0.056
6555.128	    0.051
6556.306	    0.053
6557.484	    0.054
6558.662	    0.047
6559.840	    0.058
6561.019	    0.078
6562.198	    0.077
6563.377	    0.063
6564.556	    0.042
6565.735	    0.018
6566.915	    0.037
6568.095	    0.047
6569.275	    0.052
6570.455	    0.054
6571.635	    0.053
6572.816	    0.049
6573.997	    0.043
6575.178	    0.037
6576.359	    0.030
6577.541	    0.018
6578.723	    0.020
6579.905	    0.036
6581.087	    0.047
6582.269	    0.054
6583.452	    0.058
6584.635	    0.060
6585.818	    0.060
6587.001	    0.060
6588.184	    0.061
6589.368	    0.064
6590.552	    0.069
6591.736	    0.072
6592.920	    0.075
6594.105	    0.078
6595.290	    0.073
6596.475	    0.075
6597.660	    0.071
6598.845	    0.072
6600.031	    0.073
6601.216	    0.076
6602.402	    0.082
6603.589	    0.080
6604.775	    0.082
6605.962	    0.078
6607.149	    0.098
6608.336	    0.120
6609.523	    0.155
6610.710	    0.202
6611.898	    0.233
6613.086	    0.238
6614.274	    0.220
6615.463	    0.196
6616.651	    0.169
6617.840	    0.143
6619.029	    0.115
6620.218	    0.108
6621.408	    0.117
6622.597	    0.149
6623.787	    0.254
6624.977	    0.395
6626.167	    0.497
6627.358	    0.515
6628.549	    0.450
6629.740	    0.374
6630.931	    0.308
6632.122	    0.248
6633.314	    0.190
6634.505	    0.142
6635.697	    0.124
6636.890	    0.117
6638.082	    0.114
6639.275	    0.107
6640.467	    0.101
6641.660	    0.115
6642.854	    0.133
6644.047	    0.175
6645.241	    0.256
6646.435	    0.348
6647.629	    0.397
6648.823	    0.396
6650.018	    0.366
6651.213	    0.321
6652.408	    0.262
6653.603	    0.198
6654.798	    0.152
6655.994	    0.122
6657.190	    0.106
6658.386	    0.106
6659.582	    0.104
6660.779	    0.097
6661.975	    0.098
6663.172	    0.102
6664.369	    0.105
6665.567	    0.100
6666.764	    0.103
6667.962	    0.096
6669.160	    0.091
6670.358	    0.084
6671.557	    0.089
6672.755	    0.095
6673.954	    0.098
6675.153	    0.094
6676.353	    0.088
6677.552	    0.086
6678.752	    0.079
6679.952	    0.095
6681.152	    0.099
6682.352	    0.088
6683.553	    0.086
6684.754	    0.098
6685.955	    0.088
6687.156	    0.083
6688.357	    0.083
6689.559	    0.083
6690.761	    0.069
6691.963	    0.092
6693.165	    0.092
6694.368	    0.090
6695.571	    0.094
6696.774	    0.088
6697.977	    0.084
6699.180	    0.083
6700.384	    0.094
6701.588	    0.095
6702.792	    0.092
6703.996	    0.092
6705.200	    0.087
6706.405	    0.096
6707.610	    0.094
6708.815	    0.073
6710.020	    0.085
6711.226	    0.088
6712.432	    0.087
6713.638	    0.085
6714.844	    0.075
6716.050	    0.078
6717.257	    0.089
6718.464	    0.083
6719.671	    0.077
6720.878	    0.076
6722.086	    0.085
6723.293	    0.082
6724.501	    0.074
6725.710	    0.077
6726.918	    0.088
6728.127	    0.094
6729.335	    0.083
6730.544	    0.074
6731.754	    0.076
6732.963	    0.078
6734.173	    0.083
6735.383	    0.080
6736.593	    0.081
6737.803	    0.082
6739.014	    0.082
6740.224	    0.087
6741.435	    0.083
6742.647	    0.085
6743.858	    0.094
6745.070	    0.100
6746.281	    0.088
6747.494	    0.082
6748.706	    0.072
6749.918	    0.077
6751.131	    0.083
6752.344	    0.084
6753.557	    0.075
6754.771	    0.086
6755.984	    0.088
6757.198	    0.083
6758.412	    0.081
6759.626	    0.081
6760.841	    0.079
6762.055	    0.074
6763.270	    0.075
6770.564	    0.077
6771.781	    0.070
6772.997	    0.074
6774.214	    0.082
6775.431	    0.079
6776.649	    0.082
6777.866	    0.102
6779.084	    0.139
6780.302	    0.184
6781.520	    0.219
6782.738	    0.220
6783.957	    0.203
6785.176	    0.180
6786.395	    0.153
6787.614	    0.128
6788.834	    0.103
6790.053	    0.082
6791.273	    0.082
6792.494	    0.100
6793.714	    0.132
6794.935	    0.170
6796.155	    0.197
6797.376	    0.198
6798.598	    0.179
6799.819	    0.159
6801.041	    0.135
6802.263	    0.113
6803.485	    0.091
6804.707	    0.072
6805.930	    0.068
6807.153	    0.072
6808.376	    0.063
6809.599	    0.048
6810.822	    0.058
6812.046	    0.065
6813.270	    0.067
6814.494	    0.078
6815.718	    0.076
6816.943	    0.073
6818.168	    0.069
6819.392	    0.075
6820.618	    0.070
6821.843	    0.051
6823.069	    0.066
6824.295	    0.058
6825.521	    0.050
6826.747	    0.061
6827.974	    0.066
6829.200	    0.054
6830.427	    0.064
6831.654	    0.063
6832.882	    0.048
6834.109	    0.054
6835.337	    0.054
6836.565	    0.056
6837.794	    0.059
6839.022	    0.065
6840.251	    0.056
6841.480	    0.054
6842.709	    0.047
6843.938	    0.049
6845.168	    0.053
6846.398	    0.054
6847.628	    0.054
6848.858	    0.050
6850.089	    0.058
6851.319	    0.058
6852.550	    0.063
6853.782	    0.072
6855.013	    0.073
6856.245	    0.059
6857.476	    0.056
6858.708	    0.054
6859.941	    0.057
6861.173	    0.056
6862.406	    0.044
6863.639	    0.045
6864.872	    0.023
6866.105	    0.103
6867.339	    0.153
6868.573	    0.174
6869.807	    0.180
6871.041	    0.175
6872.276	    0.165
6873.510	    0.158
6874.745	    0.151
6875.980	    0.144
6877.216	    0.127
6878.451	    0.107
6879.687	    0.079
6880.923	    0.032
6882.159	    0.039
6883.396	    0.053
6884.633	    0.089
6885.870	    0.100
6887.107	    0.108
6888.344	    0.106
6889.582	    0.101
6890.820	    0.111
6892.058	    0.112
6893.296	    0.109
6894.534	    0.110
6895.773	    0.105
6897.012	    0.095
6898.251	    0.091
6899.490	    0.094
6900.730	    0.093
6901.970	    0.086
6903.210	    0.089
6904.450	    0.099
6905.691	    0.095
6906.931	    0.086
6908.172	    0.084
6909.413	    0.079
6910.655	    0.064
6911.896	    0.051
6913.138	    0.058
6914.380	    0.058
6915.623	    0.051
6916.865	    0.059
6918.108	    0.070
6919.351	    0.066
6920.594	    0.050
6921.837	    0.059
6923.081	    0.066
6924.325	    0.060
6925.569	    0.037
6926.813	    0.041
6928.058	    0.060
6929.302	    0.068
6930.547	    0.059
6931.792	    0.033
6933.038	    0.012
6934.284	    0.036
6935.529	    0.030
6936.775	    0.028
6938.022	    0.009
6939.268	    0.033
6940.515	    0.063
6941.762	    0.056
6943.009	    0.040
6944.257	    0.035
6945.504	    0.036
6946.752	    0.053
6948.000	    0.038
6949.248	    0.026
6950.497	    0.030
6951.746	    0.026
6952.995	    0.025
6954.244	    0.039
6955.493	    0.032
6956.743	    0.020
6957.993	    0.038
6959.243	    0.041
6960.493	    0.034
6961.744	    0.025
6962.995	    0.029
6964.246	    0.047
6965.497	    0.039
6966.748	    0.043
6968.000	    0.045
6969.252	    0.044
6970.504	    0.051
6971.756	    0.047
6973.009	    0.025
6974.262	    0.022
6975.515	    0.015
6976.768	    0.046
6978.022	    0.047
6979.275	    0.018
6980.529	    0.012
6981.783	    0.015
6983.038	    0.015
6984.292	    0.026
6985.547	    0.035
6986.802	    0.048
6988.058	    0.037
6989.313	    0.045
6990.569	    0.058
6991.825	    0.060
6993.081	    0.046
6994.337	    0.048
6995.594	    0.044
6996.851	    0.040
6998.108	    0.035
6999.365	    0.052
7000.623	    0.046
7001.881	    0.028
7003.139	    0.047
7004.397	    0.056
7005.655	    0.047
7006.914	    0.022
7008.173	    0.022
7009.432	    0.028
7010.691	    0.028
7011.951	    0.029
7013.211	    0.034
7014.471	    0.047
7015.731	    0.060
7016.991	    0.061
7018.252	    0.047
7019.513	    0.048
7020.774	    0.039
7022.036	    0.044
7023.297	    0.056
7024.559	    0.051
7025.821	    0.056
7027.083	    0.065
7028.346	    0.056
7029.609	    0.025
7030.872	    0.009
7032.135	    0.009
7033.398	    0.020
7034.662	    0.032
7035.926	    0.037
7037.190	    0.051
7038.454	    0.057
7039.719	    0.049
7040.984	    0.039
7042.249	    0.030
7043.514	    0.044
7044.779	    0.048
7046.045	    0.033
7047.311	    0.012
7048.577	    0.023
7049.844	    0.028
7051.110	    0.026
7052.377	    0.036
7053.644	    0.018
7054.911	    0.039
7056.179	    0.042
7057.447	    0.038
7058.715	    0.012
7059.983	    0.030
7061.251	    0.025
7062.520	    0.053
7063.789	    0.047
7065.058	    0.056
7066.327	    0.042
7067.597	    0.040
7068.867	    0.030
7070.137	    0.018
7071.407	    0.018
7072.677	    0.018
7073.948	    0.009
7075.219	    0.025
7076.490	    0.028
7077.762	    0.029
7079.033	    0.040
7080.305	    0.033
7081.577	    0.033
7082.850	    0.045
7084.122	    0.047
7085.395	    0.022
7086.668	    0.040
7087.941	    0.048
7089.214	    0.034
7090.488	    0.015
7091.762	    0.026
7093.036	    0.022
7094.311	    0.035
7095.585	    0.015
7096.860	    0.022
7098.135	    0.009
7099.410	    0.012
7100.686	    0.033
7101.962	    0.009
7103.238	    0.020
7104.514	    0.033
7105.790	    0.018
7107.067	    0.015
7108.344	    0.012
7109.621	    0.046
7110.898	    0.038
7112.176	    0.037
7113.454	    0.022
7114.732	    0.038
7116.010	    0.015
7117.288	    0.030
7118.567	    0.015
7119.846	    0.041
7121.125	    0.012
7122.405	    0.029
7123.684	    0.009
7124.964	    0.028
7126.244	    0.009
7127.525	    0.041
7128.805	    0.044
7130.086	    0.025
7131.367	    0.026
7132.648	    0.022
7133.930	    0.020
7135.212	    0.026
7136.494	    0.033
7137.776	    0.037
7139.058	    0.052
7140.341	    0.057
7141.624	    0.041
7142.907	    0.036
7144.190	    0.028
7145.474	    0.015
7146.757	    0.020
7148.041	    0.018
7149.326	    0.012
7150.610	    0.015
7151.895	    0.045
7153.180	    0.060
7154.465	    0.036
7155.750	    0.036
7157.036	    0.030
7158.322	    0.009
7159.608	    0.023
7160.894	    0.012
7162.181	    0.023
7163.468	    0.018
7164.755	    0.046
7166.042	    0.071
7167.329	    0.079
7168.617	    0.085
7169.905	    0.091
7171.193	    0.109
7172.482	    0.114
7173.770	    0.111
7175.059	    0.112
7176.348	    0.122
7177.638	    0.118
7178.927	    0.103
7180.217	    0.098
7181.507	    0.110
7182.797	    0.123
7184.088	    0.141
7185.379	    0.153
7186.670	    0.142
7187.961	    0.121
7189.252	    0.114
7190.544	    0.131
7191.836	    0.141
7193.128	    0.135
7194.420	    0.120
7195.713	    0.112
7197.006	    0.109
7198.299	    0.123
7199.592	    0.133
7200.885	    0.129
7202.179	    0.123
7203.473	    0.110
7204.767	    0.115
7206.062	    0.107
7207.356	    0.102
7208.651	    0.093
7209.947	    0.073
7211.242	    0.073
7212.538	    0.076
7213.833	    0.073
7215.129	    0.082
7216.426	    0.084
7217.722	    0.070
7219.019	    0.063
7220.316	    0.067
7221.613	    0.077
7222.911	    0.092
7224.208	    0.091
7225.506	    0.083
7226.805	    0.092
7228.103	    0.090
7229.402	    0.087
7230.700	    0.111
7232.000	    0.131
7233.299	    0.141
7234.599	    0.138
7235.898	    0.115
7237.198	    0.101
7238.499	    0.108
7239.799	    0.118
7241.100	    0.124
7242.401	    0.122
7243.702	    0.122
7245.003	    0.116
7246.305	    0.104
7247.607	    0.099
7248.909	    0.106
7250.212	    0.123
7251.514	    0.139
7252.817	    0.137
7254.120	    0.121
7255.423	    0.107
7256.727	    0.110
7258.031	    0.110
7259.335	    0.106
7260.639	    0.100
7261.943	    0.114
7263.248	    0.124
7264.553	    0.118
7265.858	    0.111
7267.164	    0.094
7268.469	    0.091
7269.775	    0.099
7271.081	    0.113
7272.388	    0.115
7273.694	    0.111
7275.001	    0.130
7276.308	    0.137
7277.616	    0.132
7278.923	    0.103
7280.231	    0.095
7281.539	    0.085
7282.847	    0.069
7284.156	    0.068
7285.464	    0.096
7286.773	    0.113
7288.082	    0.127
7289.392	    0.130
7290.701	    0.128
7292.011	    0.119
7293.321	    0.118
7294.632	    0.110
7295.942	    0.098
7297.253	    0.099
7298.564	    0.107
7299.876	    0.112
7301.187	    0.125
7302.499	    0.129
7303.811	    0.127
7305.123	    0.103
7306.436	    0.103
7307.748	    0.112
7309.061	    0.120
7310.374	    0.119
7311.688	    0.107
7313.002	    0.108
7314.315	    0.098
7315.630	    0.114
7316.944	    0.119
7318.259	    0.110
7319.573	    0.101
7320.888	    0.097
7322.204	    0.092
7323.519	    0.087
7324.835	    0.095
7326.151	    0.093
7327.467	    0.080
7328.784	    0.078
7330.101	    0.094
