WV      	 Sigma   
4176.646	    0.073
4177.397	    0.078
4178.147	    0.081
4178.898	    0.083
4179.649	    0.083
4180.400	    0.082
4181.151	    0.078
4181.902	    0.072
4182.653	    0.066
4183.405	    0.059
4184.157	    0.059
4184.908	    0.065
4185.660	    0.076
4186.412	    0.087
4187.164	    0.096
4187.917	    0.104
4188.669	    0.085
4189.422	    0.089
4190.174	    0.090
4190.927	    0.085
4191.680	    0.067
4192.433	    0.032
4193.186	    0.032
4193.940	    0.066
4194.693	    0.060
4195.447	    0.065
4196.201	    0.063
4196.955	    0.028
4197.709	    0.061
4198.463	    0.059
4199.217	    0.051
4199.972	    0.024
4200.726	    0.072
4201.481	    0.074
4202.236	    0.069
4202.991	    0.053
4203.746	    0.055
4204.501	    0.049
4205.257	    0.045
4206.012	    0.053
4206.768	    0.044
4207.524	    0.059
4208.280	    0.066
4209.036	    0.040
4209.792	    0.045
4210.548	    0.044
4211.305	    0.044
4212.061	    0.056
4212.818	    0.075
4213.575	    0.073
4214.332	    0.068
4215.089	    0.059
4215.846	    0.043
4216.604	    0.018
4217.361	    0.026
4218.119	    0.070
4218.877	    0.067
4219.635	    0.056
4220.393	    0.044
4221.151	    0.034
4221.910	    0.065
4222.668	    0.060
4223.427	    0.054
4224.186	    0.054
4224.945	    0.030
4225.704	    0.028
4226.463	    0.026
4227.222	    0.024
4227.982	    0.034
4228.741	    0.034
4229.501	    0.050
4230.261	    0.076
4231.021	    0.044
4231.781	    0.053
4232.542	    0.050
4233.302	    0.035
4234.063	    0.056
4234.823	    0.034
4235.584	    0.028
4236.345	    0.044
4237.106	    0.055
4237.868	    0.028
4238.629	    0.050
4239.390	    0.052
4240.152	    0.052
4240.914	    0.034
4241.676	    0.034
4242.438	    0.021
4243.200	    0.026
4243.963	    0.026
4244.725	    0.053
4245.488	    0.067
4246.250	    0.026
4247.013	    0.034
4247.776	    0.026
4248.540	    0.015
4249.303	    0.035
4250.066	    0.054
4250.830	    0.015
4251.594	    0.049
4252.357	    0.045
4253.121	    0.049
4253.886	    0.050
4254.650	    0.038
4255.414	    0.038
4256.179	    0.052
4256.944	    0.035
4257.708	    0.011
4258.473	    0.038
4259.238	    0.051
4260.004	    0.051
4260.769	    0.043
4261.535	    0.026
4262.300	    0.056
4263.066	    0.080
4263.832	    0.066
4264.598	    0.018
4265.364	    0.063
4266.130	    0.059
4266.897	    0.072
4267.664	    0.075
4268.430	    0.037
4269.197	    0.047
4269.964	    0.026
4270.731	    0.026
4271.499	    0.067
4272.266	    0.059
4273.034	    0.050
4273.801	    0.041
4274.569	    0.035
4275.337	    0.024
4276.105	    0.041
4276.874	    0.038
4277.642	    0.011
4278.411	    0.024
4279.179	    0.028
4279.948	    0.045
4280.717	    0.054
4281.486	    0.047
4282.255	    0.045
4283.025	    0.032
4283.794	    0.026
4284.564	    0.060
4285.334	    0.079
4286.104	    0.067
4286.874	    0.052
4287.644	    0.051
4288.414	    0.011
4289.185	    0.054
4289.955	    0.072
4290.726	    0.080
4291.497	    0.064
4292.268	    0.049
4293.039	    0.028
4293.811	    0.018
4294.582	    0.011
4295.354	    0.098
4296.125	    0.096
4296.897	    0.078
4297.669	    0.065
4298.441	    0.086
4299.214	    0.068
4299.986	    0.058
4300.759	    0.075
4301.531	    0.083
4302.304	    0.083
4303.077	    0.072
4303.850	    0.051
4304.623	    0.034
4305.397	    0.045
4306.170	    0.065
4306.944	    0.077
4307.718	    0.054
4308.492	    0.060
4309.266	    0.085
4310.040	    0.092
4310.814	    0.071
4311.589	    0.053
4312.364	    0.075
4313.138	    0.077
4313.913	    0.060
4314.688	    0.066
4315.464	    0.081
4316.239	    0.075
4317.014	    0.059
4317.790	    0.048
4318.566	    0.081
4319.342	    0.080
4320.118	    0.078
4320.894	    0.083
4321.670	    0.092
4322.447	    0.094
4323.223	    0.092
4324.000	    0.089
4324.777	    0.099
4325.554	    0.111
4326.331	    0.100
4327.108	    0.081
4327.886	    0.078
4328.663	    0.081
4329.441	    0.083
4330.219	    0.077
4330.997	    0.055
4331.775	    0.050
4332.553	    0.044
4333.332	    0.034
4334.110	    0.030
4334.889	    0.057
4335.668	    0.086
4336.447	    0.081
4337.226	    0.075
4338.005	    0.082
4338.784	    0.107
4339.564	    0.077
4340.344	    0.056
4341.123	    0.060
4341.903	    0.075
4342.683	    0.070
4343.464	    0.045
4344.244	    0.018
4345.024	    0.064
4345.805	    0.058
4346.586	    0.056
4347.367	    0.057
4348.148	    0.062
4348.929	    0.061
4349.710	    0.069
4350.492	    0.075
4351.274	    0.077
4352.055	    0.075
4352.837	    0.078
4353.619	    0.070
4354.402	    0.058
4355.184	    0.047
4355.966	    0.051
4356.749	    0.075
4357.532	    0.074
4358.315	    0.063
4359.098	    0.060
4359.881	    0.040
4360.664	    0.067
4361.448	    0.073
4362.231	    0.054
4363.015	    0.094
4363.799	    0.091
4364.583	    0.102
4365.367	    0.109
4366.151	    0.074
4366.936	    0.076
4367.720	    0.076
4368.505	    0.072
4369.290	    0.062
4370.075	    0.049
4370.860	    0.097
4371.645	    0.092
4372.431	    0.079
4373.216	    0.101
4374.002	    0.072
4374.788	    0.090
4375.574	    0.097
4376.360	    0.089
4377.146	    0.062
4390.535	    0.053
4391.324	    0.067
4392.113	    0.095
4392.902	    0.077
4393.691	    0.064
4394.480	    0.070
4395.270	    0.073
4396.059	    0.045
4396.849	    0.058
4397.639	    0.073
4398.429	    0.063
4399.220	    0.075
4400.010	    0.075
4400.801	    0.079
4401.591	    0.088
4402.382	    0.103
4403.173	    0.087
4403.964	    0.069
4404.755	    0.063
4405.547	    0.076
4406.338	    0.072
4407.130	    0.094
4407.922	    0.102
4408.714	    0.105
4409.506	    0.106
4410.298	    0.072
4411.090	    0.058
4411.883	    0.065
4412.675	    0.088
4413.468	    0.127
4414.261	    0.083
4415.054	    0.054
4415.848	    0.050
4416.641	    0.074
4417.434	    0.092
4418.228	    0.067
4419.022	    0.072
4419.816	    0.079
4420.610	    0.072
4421.404	    0.044
4422.199	    0.081
4422.993	    0.096
4423.788	    0.100
4424.583	    0.090
4425.377	    0.080
4426.173	    0.066
4426.968	    0.052
4427.763	    0.045
4428.559	    0.055
4429.354	    0.034
4430.150	    0.032
4430.946	    0.034
4431.742	    0.030
4432.538	    0.055
4433.335	    0.060
4434.131	    0.050
4434.928	    0.038
4435.725	    0.048
4436.522	    0.051
4437.319	    0.050
4438.116	    0.049
4438.913	    0.044
4439.711	    0.032
4440.509	    0.056
4441.306	    0.053
4442.104	    0.041
4442.902	    0.015
4443.701	    0.035
4444.499	    0.011
4445.298	    0.037
4446.096	    0.047
4446.895	    0.034
4447.694	    0.062
4448.493	    0.064
4449.292	    0.055
4450.092	    0.045
4450.891	    0.040
4451.691	    0.059
4452.491	    0.011
4453.291	    0.030
4454.091	    0.045
4454.891	    0.041
4455.691	    0.064
4456.492	    0.032
4457.293	    0.018
4458.093	    0.015
4458.894	    0.034
4459.695	    0.061
4460.497	    0.061
4461.298	    0.050
4462.100	    0.028
4462.901	    0.018
4463.703	    0.052
4464.505	    0.064
4465.307	    0.065
4466.109	    0.053
4466.912	    0.024
4467.714	    0.063
4468.517	    0.054
4469.320	    0.047
4470.123	    0.041
4470.926	    0.044
4471.729	    0.015
4472.533	    0.034
4473.336	    0.032
4474.140	    0.069
4474.944	    0.078
4475.748	    0.072
4476.552	    0.067
4477.356	    0.062
4478.161	    0.058
4478.965	    0.059
4479.770	    0.065
4480.575	    0.072
4481.380	    0.078
4482.185	    0.081
4482.990	    0.080
4483.796	    0.075
4484.601	    0.067
4485.407	    0.058
4486.213	    0.052
4487.019	    0.053
4487.825	    0.057
4488.631	    0.064
4489.438	    0.069
4490.244	    0.072
4491.051	    0.072
4491.858	    0.071
4492.665	    0.067
4493.472	    0.063
4494.280	    0.058
4495.087	    0.050
4495.895	    0.038
4496.702	    0.015
4497.510	    0.035
4498.318	    0.044
4499.127	    0.044
4499.935	    0.056
4500.743	    0.066
4501.552	    0.052
4502.361	    0.024
4503.170	    0.040
4503.979	    0.037
4504.788	    0.035
4505.597	    0.043
4506.407	    0.037
4507.216	    0.043
4508.026	    0.049
4508.836	    0.045
4509.646	    0.028
4510.456	    0.028
4511.267	    0.045
4512.077	    0.024
4512.888	    0.041
4513.699	    0.034
4514.510	    0.026
4515.321	    0.040
4516.132	    0.072
4516.943	    0.068
4517.755	    0.074
4518.567	    0.072
4519.379	    0.055
4520.191	    0.038
4521.003	    0.044
4521.815	    0.050
4522.627	    0.051
4523.440	    0.044
4524.253	    0.028
4525.065	    0.015
4525.878	    0.018
4526.692	    0.011
4527.505	    0.011
4528.318	    0.041
4529.132	    0.050
4529.946	    0.035
4530.759	    0.024
4531.573	    0.050
4532.388	    0.064
4533.202	    0.028
4534.016	    0.040
4534.831	    0.058
4535.646	    0.057
4536.461	    0.034
4537.276	    0.015
4538.091	    0.055
4538.906	    0.048
4539.722	    0.026
4540.537	    0.018
4541.353	    0.062
4542.169	    0.067
4542.985	    0.067
4543.801	    0.041
4544.618	    0.011
4545.434	    0.021
4546.251	    0.053
4547.068	    0.057
4547.885	    0.052
4548.702	    0.041
4549.519	    0.037
4550.336	    0.030
4551.154	    0.045
4551.972	    0.021
4552.789	    0.026
4553.607	    0.024
4554.425	    0.026
4555.244	    0.024
4556.062	    0.054
4556.881	    0.067
4557.699	    0.065
4558.518	    0.043
4559.337	    0.037
4560.156	    0.043
4560.976	    0.038
4561.795	    0.028
4562.615	    0.026
4563.435	    0.035
4564.254	    0.048
4565.074	    0.051
4565.895	    0.051
4566.715	    0.050
4567.535	    0.052
4568.356	    0.048
4569.177	    0.041
4569.998	    0.030
4570.819	    0.015
4571.640	    0.024
4572.461	    0.026
4573.283	    0.011
4574.105	    0.051
4574.926	    0.052
4575.748	    0.056
4576.570	    0.067
4577.393	    0.030
4578.215	    0.018
4579.038	    0.011
4579.860	    0.011
4580.683	    0.044
4581.506	    0.026
4582.329	    0.021
4583.153	    0.030
4583.976	    0.038
4584.800	    0.040
4585.623	    0.054
4586.447	    0.030
4587.271	    0.041
4588.095	    0.040
4588.920	    0.026
4589.744	    0.052
4590.569	    0.021
4591.394	    0.011
4592.219	    0.038
4593.044	    0.049
4593.869	    0.018
4594.694	    0.048
4595.520	    0.035
4596.345	    0.035
4597.171	    0.024
4597.997	    0.015
4598.823	    0.040
4599.649	    0.064
4600.476	    0.077
4601.302	    0.077
4602.129	    0.072
4602.956	    0.072
4603.783	    0.034
4604.610	    0.038
4605.437	    0.052
4606.265	    0.050
4607.092	    0.038
4607.920	    0.032
4608.748	    0.024
4609.576	    0.063
4610.404	    0.073
4611.232	    0.072
4612.061	    0.062
4612.890	    0.041
4613.718	    0.041
4614.547	    0.053
4615.376	    0.058
4616.206	    0.049
4617.035	    0.026
4617.864	    0.037
4618.694	    0.018
4619.524	    0.044
4620.354	    0.045
4621.184	    0.034
4622.014	    0.026
4622.845	    0.048
4623.675	    0.038
4624.506	    0.028
4625.337	    0.038
4626.168	    0.062
4626.999	    0.075
4627.830	    0.018
4628.662	    0.041
4629.493	    0.053
4630.325	    0.047
4631.157	    0.047
4631.989	    0.037
4632.821	    0.060
4633.654	    0.048
4634.486	    0.055
4635.319	    0.073
4636.152	    0.072
4636.985	    0.073
4637.818	    0.028
4638.651	    0.052
4639.484	    0.057
4640.318	    0.037
4641.152	    0.059
4641.985	    0.034
4642.819	    0.011
4643.654	    0.037
4644.488	    0.038
4645.322	    0.018
4646.157	    0.047
4646.992	    0.044
4647.827	    0.060
4648.662	    0.056
4649.497	    0.026
4650.332	    0.045
4651.168	    0.021
4652.003	    0.030
4652.839	    0.038
4653.675	    0.034
4654.511	    0.026
4655.347	    0.015
4656.184	    0.035
4657.020	    0.057
4657.857	    0.045
4658.694	    0.021
4659.531	    0.026
4660.368	    0.030
4661.205	    0.040
4662.043	    0.055
4662.881	    0.068
4663.718	    0.073
4664.556	    0.068
4665.394	    0.047
4666.232	    0.030
4667.071	    0.038
4667.909	    0.053
4668.748	    0.045
4669.587	    0.011
4670.426	    0.026
4671.265	    0.037
4672.104	    0.024
4672.944	    0.041
4673.783	    0.057
4674.623	    0.061
4675.463	    0.045
4676.303	    0.015
4677.143	    0.024
4677.983	    0.032
4678.824	    0.034
4679.664	    0.032
4680.505	    0.032
4681.346	    0.032
4682.187	    0.040
4683.028	    0.040
4683.870	    0.024
4684.711	    0.034
4685.553	    0.037
4686.395	    0.032
4687.237	    0.015
4688.079	    0.011
4688.921	    0.053
4689.764	    0.068
4690.606	    0.044
4691.449	    0.057
4692.292	    0.011
4693.135	    0.028
4693.978	    0.028
4694.821	    0.034
4695.665	    0.044
4696.508	    0.063
4697.352	    0.063
4698.196	    0.054
4699.040	    0.030
4699.885	    0.057
4700.729	    0.051
4701.574	    0.056
4702.418	    0.026
4703.263	    0.030
4704.108	    0.035
4704.953	    0.015
4705.799	    0.038
4706.644	    0.043
4707.490	    0.051
4708.335	    0.045
4709.181	    0.049
4710.027	    0.041
4710.874	    0.024
4711.720	    0.021
4712.567	    0.052
4713.413	    0.057
4714.260	    0.047
4715.107	    0.011
4715.954	    0.032
4716.802	    0.035
4717.649	    0.063
4718.497	    0.074
4719.344	    0.081
4720.192	    0.069
4721.040	    0.050
4721.888	    0.035
4722.737	    0.026
4723.585	    0.041
4724.434	    0.040
4725.283	    0.059
4726.132	    0.056
4726.981	    0.038
4727.830	    0.049
4728.680	    0.026
4729.529	    0.026
4730.379	    0.028
4731.229	    0.028
4732.079	    0.018
4732.929	    0.045
4733.779	    0.058
4734.630	    0.041
4735.480	    0.073
4736.331	    0.069
4737.182	    0.040
4738.033	    0.035
4738.885	    0.028
4739.736	    0.015
4740.588	    0.047
4741.439	    0.044
4742.291	    0.018
4743.143	    0.040
4743.995	    0.021
4744.848	    0.045
4745.700	    0.051
4746.553	    0.055
4747.406	    0.011
4748.259	    0.034
4749.112	    0.028
4749.965	    0.048
4750.818	    0.038
4751.672	    0.044
4752.526	    0.021
4753.379	    0.028
4754.233	    0.026
4755.088	    0.048
4755.942	    0.055
4756.796	    0.043
4757.651	    0.034
4758.506	    0.043
4759.361	    0.043
4760.216	    0.047
4761.071	    0.034
4761.926	    0.047
4762.782	    0.038
4763.638	    0.050
4764.494	    0.062
4765.350	    0.060
4766.206	    0.056
4767.062	    0.045
4767.919	    0.021
4768.775	    0.043
4769.632	    0.041
4770.489	    0.034
4771.346	    0.032
4772.203	    0.034
4773.061	    0.026
4773.918	    0.044
4774.776	    0.011
4775.634	    0.015
4776.492	    0.030
4777.350	    0.052
4778.208	    0.071
4779.067	    0.072
4779.925	    0.049
4780.784	    0.057
4781.643	    0.066
4782.502	    0.057
4783.361	    0.024
4784.221	    0.034
4785.080	    0.011
4785.940	    0.040
4786.800	    0.030
4787.660	    0.034
4788.520	    0.011
4789.381	    0.030
4790.241	    0.015
4791.102	    0.028
4791.962	    0.032
4792.823	    0.018
4793.684	    0.018
4794.546	    0.011
4795.407	    0.015
4796.269	    0.059
4797.130	    0.059
4797.992	    0.024
4798.854	    0.051
4799.717	    0.054
4800.579	    0.045
4801.441	    0.040
4802.304	    0.050
4803.167	    0.075
4804.030	    0.057
4804.893	    0.026
4805.756	    0.048
4806.620	    0.038
4807.483	    0.024
4808.347	    0.043
4809.211	    0.024
4810.075	    0.067
4810.939	    0.035
4811.803	    0.051
4812.668	    0.030
4813.533	    0.058
4814.397	    0.030
4815.262	    0.038
4816.128	    0.011
4816.993	    0.026
4817.858	    0.021
4818.724	    0.021
4819.590	    0.021
4820.456	    0.045
4821.322	    0.041
4822.188	    0.011
4823.054	    0.021
4823.921	    0.028
4824.787	    0.034
4825.654	    0.063
4826.521	    0.047
4827.388	    0.028
4828.256	    0.043
4829.123	    0.052
4829.991	    0.041
4830.859	    0.035
4831.727	    0.045
4832.595	    0.055
4833.463	    0.043
4834.331	    0.050
4835.200	    0.011
4836.069	    0.045
4836.937	    0.038
4837.806	    0.015
4838.676	    0.015
4839.545	    0.041
4840.415	    0.011
4841.284	    0.018
4842.154	    0.037
4843.024	    0.038
4843.894	    0.032
4844.764	    0.028
4845.635	    0.035
4846.505	    0.067
4847.376	    0.052
4848.247	    0.026
4849.118	    0.037
4849.989	    0.011
4850.861	    0.054
4851.732	    0.037
4852.604	    0.053
4853.476	    0.021
4854.348	    0.053
4855.220	    0.054
4856.092	    0.051
4856.965	    0.050
4857.837	    0.047
4858.710	    0.053
4859.583	    0.040
4860.456	    0.035
4861.329	    0.041
4862.203	    0.037
4863.076	    0.040
4863.950	    0.044
4864.824	    0.026
4865.698	    0.064
4866.572	    0.074
4867.447	    0.040
4868.321	    0.037
4869.196	    0.043
4870.071	    0.028
4870.946	    0.011
4871.821	    0.077
4872.696	    0.052
4873.571	    0.063
4874.447	    0.062
4875.323	    0.048
4876.199	    0.050
4877.075	    0.057
4877.951	    0.037
4878.827	    0.053
4879.704	    0.061
4880.581	    0.075
4881.458	    0.032
4882.335	    0.032
4883.212	    0.062
4884.089	    0.068
4884.967	    0.060
4885.844	    0.071
4886.722	    0.076
4887.600	    0.074
4888.478	    0.063
4889.356	    0.065
4890.235	    0.056
4891.114	    0.024
4891.992	    0.040
4892.871	    0.050
4893.750	    0.044
4894.630	    0.059
4895.509	    0.067
4896.388	    0.060
4897.268	    0.030
4898.148	    0.040
4899.028	    0.037
4899.908	    0.056
4900.789	    0.032
4901.669	    0.040
4902.550	    0.047
4903.431	    0.030
4904.312	    0.072
4905.193	    0.156
4906.074	    0.269
4906.955	    0.410
4907.837	    0.494
4908.719	    0.509
4909.601	    0.470
4910.483	    0.382
4911.365	    0.259
4912.247	    0.140
4913.130	    0.081
4914.013	    0.015
4914.896	    0.051
4915.779	    0.048
4916.662	    0.048
4917.545	    0.048
4918.429	    0.045
4919.312	    0.058
4920.196	    0.057
4921.080	    0.062
4921.964	    0.073
4922.849	    0.069
4923.733	    0.053
4924.618	    0.062
4925.502	    0.077
4926.387	    0.075
4927.273	    0.071
4928.158	    0.075
4929.043	    0.074
4929.929	    0.073
4930.815	    0.067
4931.700	    0.068
4932.586	    0.081
4933.473	    0.086
4934.359	    0.065
4935.246	    0.055
4936.132	    0.050
4937.019	    0.056
4937.906	    0.070
4938.793	    0.076
4939.681	    0.079
4940.568	    0.081
4941.456	    0.084
4942.344	    0.093
4943.232	    0.088
4944.120	    0.095
4945.008	    0.083
4945.896	    0.068
4946.785	    0.077
4947.674	    0.081
4948.563	    0.069
4949.452	    0.074
4950.341	    0.089
4951.230	    0.065
4952.120	    0.067
4953.010	    0.047
4953.900	    0.052
4954.790	    0.066
4955.680	    0.072
4956.570	    0.069
4957.461	    0.049
4958.351	    0.073
4959.242	    0.068
4960.133	    0.064
4961.024	    0.043
4961.916	    0.045
4962.807	    0.050
4963.699	    0.047
4964.591	    0.057
4965.483	    0.035
4966.375	    0.083
4967.267	    0.058
4968.159	    0.047
4969.052	    0.067
4969.945	    0.059
4970.838	    0.058
4971.731	    0.082
4972.624	    0.081
4973.518	    0.067
4974.411	    0.081
4975.305	    0.073
4976.199	    0.053
4977.093	    0.070
4977.987	    0.078
4978.881	    0.067
4979.776	    0.049
4980.671	    0.021
4981.565	    0.035
4982.460	    0.069
4983.356	    0.045
4984.251	    0.045
4985.146	    0.035
4986.042	    0.049
4986.938	    0.061
4987.834	    0.059
4988.730	    0.063
4989.626	    0.077
4990.523	    0.080
4991.419	    0.068
4992.316	    0.061
4993.213	    0.073
4994.110	    0.075
4995.007	    0.069
4995.905	    0.065
4996.802	    0.056
4997.700	    0.067
4998.598	    0.084
4999.496	    0.064
5000.394	    0.064
5001.293	    0.073
5002.191	    0.067
5003.090	    0.048
5003.989	    0.011
5004.888	    0.056
5005.787	    0.069
5006.687	    0.081
5007.586	    0.085
5008.486	    0.082
5009.386	    0.067
5010.286	    0.030
5011.186	    0.038
5012.086	    0.032
5012.987	    0.034
5013.887	    0.030
5014.788	    0.018
5015.689	    0.038
5016.590	    0.055
5017.492	    0.068
5018.393	    0.063
5019.295	    0.059
5020.197	    0.055
5021.098	    0.051
5022.001	    0.064
5022.903	    0.061
5023.805	    0.067
5024.708	    0.078
5025.611	    0.060
5026.514	    0.056
5027.417	    0.059
5028.320	    0.041
5029.223	    0.028
5030.127	    0.018
5031.031	    0.050
5031.935	    0.073
5032.839	    0.084
5033.743	    0.052
5034.647	    0.050
5035.552	    0.038
5036.456	    0.060
5037.361	    0.086
5038.266	    0.093
5039.172	    0.083
5040.077	    0.069
5040.982	    0.068
5041.888	    0.058
5042.794	    0.043
5043.700	    0.038
5044.606	    0.061
5045.513	    0.058
5046.419	    0.041
5047.326	    0.035
5048.233	    0.045
5049.140	    0.071
5050.047	    0.081
5050.954	    0.047
5051.861	    0.052
5052.769	    0.056
5053.677	    0.113
5054.585	    0.144
5055.493	    0.164
5056.401	    0.172
5057.310	    0.159
5058.218	    0.142
5059.127	    0.110
5060.036	    0.070
5060.945	    0.048
5061.855	    0.047
5062.764	    0.040
5063.674	    0.032
5064.583	    0.028
5065.493	    0.041
5066.403	    0.064
5067.314	    0.068
5068.224	    0.045
5069.135	    0.051
5070.045	    0.066
5070.956	    0.047
5071.867	    0.028
5072.779	    0.045
5073.690	    0.049
5074.602	    0.050
5075.513	    0.058
5076.425	    0.056
5077.337	    0.049
5078.249	    0.070
5079.162	    0.056
5080.074	    0.069
5080.987	    0.062
5081.900	    0.032
5082.813	    0.037
5083.726	    0.044
5084.640	    0.044
5085.553	    0.056
5086.467	    0.060
5087.381	    0.021
5088.295	    0.047
5089.209	    0.026
5090.123	    0.030
5091.038	    0.015
5091.952	    0.037
5092.867	    0.049
5093.782	    0.028
5094.697	    0.026
5095.613	    0.038
5096.528	    0.058
5097.444	    0.026
5098.360	    0.011
5099.276	    0.032
5100.192	    0.015
5101.108	    0.034
5102.025	    0.047
5102.941	    0.048
5103.858	    0.047
5104.775	    0.047
5105.692	    0.045
5106.610	    0.051
5107.527	    0.059
5108.445	    0.030
5109.363	    0.024
5110.281	    0.030
5111.199	    0.045
5112.117	    0.049
5113.036	    0.035
5113.954	    0.015
5114.873	    0.021
5115.792	    0.026
5116.711	    0.041
5117.630	    0.024
5118.550	    0.028
5119.469	    0.056
5120.389	    0.053
5121.309	    0.038
5122.229	    0.015
5123.150	    0.028
5124.070	    0.040
5124.991	    0.041
5125.911	    0.030
5126.832	    0.021
5127.753	    0.041
5128.675	    0.067
5129.596	    0.041
5130.518	    0.024
5131.440	    0.030
5132.362	    0.021
5133.284	    0.026
5134.206	    0.011
5135.128	    0.028
5136.051	    0.047
5136.974	    0.037
5137.897	    0.032
5138.820	    0.044
5139.743	    0.034
5140.666	    0.043
5141.590	    0.041
5142.514	    0.021
5143.438	    0.028
5144.362	    0.032
5145.286	    0.024
5146.211	    0.021
5147.135	    0.021
5148.060	    0.040
5148.985	    0.055
5149.910	    0.044
5150.835	    0.059
5151.761	    0.026
5152.686	    0.050
5153.612	    0.049
5154.538	    0.015
5155.464	    0.051
5156.390	    0.024
5157.317	    0.040
5158.243	    0.021
5159.170	    0.028
5160.097	    0.011
5161.024	    0.038
5161.951	    0.055
5162.879	    0.018
5163.806	    0.048
5164.734	    0.043
5165.662	    0.049
5166.590	    0.028
5167.518	    0.024
5168.447	    0.018
5169.375	    0.037
5170.304	    0.056
5171.233	    0.047
5172.162	    0.038
5173.091	    0.066
5174.021	    0.051
5174.950	    0.081
5175.880	    0.015
5176.810	    0.030
5177.740	    0.062
5178.670	    0.018
5179.601	    0.011
5180.531	    0.011
5181.462	    0.030
5182.393	    0.050
5183.324	    0.049
5184.255	    0.018
5185.187	    0.049
5186.118	    0.032
5187.050	    0.011
5187.982	    0.051
5188.914	    0.050
5189.846	    0.018
5190.779	    0.050
5191.712	    0.082
5192.644	    0.072
5193.577	    0.064
5194.510	    0.071
5195.444	    0.078
5196.377	    0.082
5197.311	    0.081
5198.244	    0.079
5199.178	    0.077
5200.112	    0.075
5201.047	    0.074
5201.981	    0.073
5202.916	    0.070
5203.851	    0.065
5204.786	    0.056
5205.721	    0.043
5206.656	    0.018
5207.591	    0.030
5208.527	    0.044
5209.463	    0.049
5210.399	    0.049
5211.335	    0.043
5212.271	    0.028
5213.208	    0.028
5214.144	    0.055
5215.081	    0.076
5216.018	    0.094
5216.955	    0.108
5217.892	    0.116
5218.830	    0.119
5219.768	    0.117
5220.705	    0.113
5221.643	    0.111
5222.582	    0.107
5223.520	    0.099
5224.458	    0.084
5225.397	    0.059
5226.336	    0.018
5227.275	    0.045
5228.214	    0.057
5229.153	    0.057
5230.093	    0.047
5231.032	    0.011
5231.972	    0.049
5232.912	    0.069
5233.852	    0.072
5234.793	    0.061
5235.733	    0.047
5236.674	    0.038
5237.615	    0.050
5238.556	    0.061
5239.497	    0.050
5240.438	    0.062
5241.380	    0.070
5242.322	    0.055
5243.263	    0.058
5244.205	    0.069
5245.148	    0.077
5246.090	    0.092
5247.033	    0.112
5247.975	    0.129
5248.918	    0.136
5249.861	    0.132
5250.804	    0.118
5251.748	    0.101
5252.691	    0.082
5253.635	    0.078
5254.579	    0.074
5255.523	    0.067
5256.467	    0.081
5257.412	    0.082
5258.356	    0.067
5259.301	    0.075
5260.246	    0.077
5261.191	    0.056
5262.136	    0.043
5263.082	    0.026
5264.027	    0.026
5264.973	    0.011
5265.919	    0.032
5266.865	    0.018
5267.811	    0.015
5268.758	    0.041
5269.704	    0.049
5270.651	    0.034
5271.598	    0.021
5272.545	    0.032
5273.493	    0.030
5274.440	    0.032
5275.388	    0.043
5276.335	    0.053
5277.283	    0.059
5278.232	    0.058
5279.180	    0.055
5280.128	    0.058
5281.077	    0.045
5282.026	    0.021
5282.975	    0.015
5283.924	    0.011
5284.873	    0.011
5285.823	    0.015
5286.773	    0.045
5287.722	    0.048
5288.672	    0.034
5289.623	    0.021
5290.573	    0.018
5291.523	    0.037
5292.474	    0.062
5293.425	    0.052
5294.376	    0.049
5295.327	    0.057
5296.279	    0.051
5297.230	    0.043
5298.182	    0.051
5299.134	    0.055
5300.086	    0.048
5301.038	    0.026
5301.991	    0.034
5302.943	    0.059
5303.896	    0.049
5304.849	    0.028
5305.802	    0.032
5306.755	    0.037
5307.709	    0.032
5308.662	    0.026
5309.616	    0.024
5310.570	    0.049
5311.524	    0.018
5312.478	    0.011
5313.433	    0.018
5314.388	    0.021
5315.342	    0.035
5316.297	    0.064
5317.252	    0.067
5318.208	    0.061
5319.163	    0.056
5320.119	    0.050
5321.075	    0.021
5322.031	    0.015
5322.987	    0.056
5323.943	    0.011
5324.900	    0.066
5325.857	    0.035
5326.813	    0.030
5327.770	    0.053
5328.728	    0.018
5329.685	    0.011
5330.643	    0.044
5331.600	    0.060
5332.558	    0.055
5333.516	    0.055
5334.475	    0.051
5335.433	    0.032
5336.392	    0.021
5337.350	    0.043
5338.309	    0.024
5339.268	    0.071
5340.228	    0.056
5341.187	    0.034
5342.147	    0.048
5343.107	    0.045
5344.067	    0.051
5345.027	    0.035
5345.987	    0.011
5346.947	    0.070
5347.908	    0.032
5348.869	    0.028
5349.830	    0.015
5350.791	    0.058
5351.752	    0.026
5352.714	    0.052
5353.676	    0.035
5354.638	    0.035
5355.600	    0.034
5356.562	    0.024
5357.524	    0.051
5358.487	    0.063
5359.449	    0.054
5360.412	    0.067
5361.375	    0.055
5362.339	    0.055
5363.302	    0.055
5364.266	    0.065
5365.230	    0.052
5366.193	    0.067
5367.158	    0.047
5368.122	    0.018
5369.086	    0.045
5370.051	    0.034
5371.016	    0.044
5371.981	    0.034
5372.946	    0.038
5373.911	    0.018
5374.877	    0.054
5375.842	    0.066
5376.808	    0.032
5377.774	    0.011
5378.741	    0.041
5379.707	    0.043
5380.673	    0.015
5381.640	    0.015
5382.607	    0.040
5383.574	    0.081
5396.162	    0.077
5397.131	    0.063
5398.101	    0.052
5399.071	    0.061
5400.041	    0.072
5401.011	    0.075
5401.981	    0.064
5402.952	    0.045
5403.923	    0.040
5404.894	    0.049
5405.865	    0.055
5406.836	    0.043
5407.807	    0.054
5408.779	    0.061
5409.751	    0.065
5410.723	    0.053
5411.695	    0.041
5412.667	    0.069
5413.639	    0.063
5414.612	    0.066
5415.585	    0.051
5416.558	    0.051
5417.531	    0.011
5418.504	    0.015
5419.478	    0.066
5420.452	    0.065
5421.426	    0.055
5422.400	    0.055
5423.374	    0.066
5424.348	    0.059
5425.323	    0.041
5426.297	    0.077
5427.272	    0.095
5428.247	    0.076
5429.223	    0.061
5430.198	    0.063
5431.174	    0.049
5432.150	    0.048
5433.126	    0.067
5434.102	    0.064
5435.078	    0.044
5436.055	    0.044
5437.031	    0.057
5438.008	    0.071
5438.985	    0.066
5439.962	    0.071
5440.940	    0.075
5441.917	    0.051
5442.895	    0.051
5443.873	    0.030
5444.851	    0.045
5445.829	    0.028
5446.808	    0.052
5447.786	    0.030
5448.765	    0.049
5449.744	    0.073
5450.723	    0.045
5451.702	    0.062
5452.682	    0.038
5453.661	    0.053
5454.641	    0.044
5455.621	    0.037
5456.601	    0.038
5457.582	    0.045
5458.562	    0.040
5459.543	    0.064
5460.524	    0.058
5461.505	    0.054
5462.486	    0.054
5463.468	    0.050
5464.449	    0.050
5465.431	    0.054
5466.413	    0.063
5467.395	    0.056
5468.377	    0.047
5469.360	    0.049
5470.343	    0.034
5471.325	    0.034
5472.308	    0.055
5473.292	    0.061
5474.275	    0.059
5475.258	    0.034
5476.242	    0.011
5477.226	    0.034
5478.210	    0.026
5479.194	    0.024
5480.179	    0.015
5481.163	    0.052
5482.148	    0.024
5483.133	    0.045
5484.118	    0.034
5485.104	    0.032
5486.089	    0.063
5487.075	    0.071
5488.060	    0.067
5489.047	    0.050
5490.033	    0.034
5491.019	    0.040
5492.006	    0.035
5492.992	    0.062
5493.979	    0.068
5494.966	    0.051
5495.954	    0.043
5496.941	    0.057
5497.929	    0.037
5498.916	    0.037
5499.904	    0.053
5500.892	    0.058
5501.881	    0.055
5502.869	    0.044
5503.858	    0.052
5504.847	    0.069
5505.836	    0.056
5506.825	    0.037
5507.814	    0.043
5508.804	    0.043
5509.794	    0.028
5510.784	    0.021
5511.774	    0.032
5512.764	    0.034
5513.754	    0.034
5514.745	    0.015
5515.736	    0.028
5516.727	    0.021
5517.718	    0.021
5518.709	    0.018
5519.701	    0.043
5520.693	    0.047
5521.684	    0.037
5522.677	    0.026
5523.669	    0.043
5524.661	    0.055
5525.654	    0.026
5526.647	    0.034
5527.639	    0.026
5528.633	    0.018
5529.626	    0.030
5530.619	    0.018
5531.613	    0.028
5532.607	    0.011
5533.601	    0.032
5534.595	    0.028
5535.589	    0.034
5536.584	    0.041
5537.579	    0.032
5538.574	    0.021
5539.569	    0.037
5540.564	    0.037
5541.559	    0.034
5542.555	    0.048
5543.551	    0.063
5544.547	    0.034
5545.543	    0.056
5546.539	    0.080
5547.536	    0.065
5548.533	    0.011
5549.529	    0.032
5550.527	    0.056
5551.524	    0.049
5552.521	    0.055
5553.519	    0.028
5554.517	    0.047
5555.514	    0.058
5556.513	    0.045
5557.511	    0.052
5558.509	    0.069
5559.508	    0.068
5560.507	    0.049
5561.506	    0.011
5562.505	    0.038
5563.505	    0.068
5564.504	    0.057
5565.504	    0.057
5566.504	    0.062
5567.504	    0.032
5568.504	    0.050
5569.505	    0.050
5570.505	    0.040
5571.506	    0.040
5572.507	    0.049
5573.508	    0.056
5574.510	    0.074
5575.511	    0.059
5576.513	    0.058
5577.515	    0.078
5578.517	    0.087
5579.519	    0.015
5580.522	    0.043
5581.524	    0.053
5582.527	    0.068
5583.530	    0.065
5584.533	    0.064
5585.537	    0.049
5586.540	    0.051
5587.544	    0.072
5588.548	    0.075
5589.552	    0.055
5590.556	    0.060
5591.560	    0.074
5592.565	    0.072
5593.570	    0.068
5594.575	    0.067
5595.580	    0.051
5596.585	    0.057
5597.591	    0.056
5598.596	    0.057
5599.602	    0.072
5600.608	    0.054
5601.615	    0.065
5602.621	    0.078
5603.628	    0.073
5604.634	    0.060
5605.641	    0.074
5606.649	    0.080
5607.656	    0.084
5608.663	    0.074
5609.671	    0.054
5610.679	    0.068
5611.687	    0.079
5612.695	    0.045
5613.704	    0.041
5614.712	    0.062
5615.721	    0.071
5616.730	    0.075
5617.739	    0.084
5618.748	    0.084
5619.758	    0.067
5620.767	    0.074
5621.777	    0.069
5622.787	    0.053
5623.798	    0.055
5624.808	    0.051
5625.819	    0.050
5626.829	    0.064
5627.840	    0.076
5628.851	    0.058
5629.863	    0.038
5630.874	    0.049
5631.886	    0.062
5632.898	    0.081
5633.910	    0.071
5634.922	    0.072
5635.934	    0.071
5636.947	    0.067
5637.960	    0.067
5638.973	    0.064
5639.986	    0.052
5640.999	    0.061
5642.013	    0.076
5643.026	    0.066
5644.040	    0.067
5645.054	    0.083
5646.068	    0.096
5647.083	    0.089
5648.097	    0.091
5649.112	    0.091
5650.127	    0.073
5651.142	    0.062
5652.157	    0.073
5653.173	    0.089
5654.189	    0.086
5655.205	    0.083
5656.221	    0.077
5657.237	    0.088
5658.253	    0.083
5659.270	    0.072
5660.287	    0.089
5661.304	    0.091
5662.321	    0.097
5663.338	    0.101
5664.355	    0.087
5665.373	    0.097
5666.391	    0.094
5667.409	    0.098
5668.427	    0.113
5669.446	    0.102
5670.464	    0.076
5671.483	    0.080
5672.502	    0.105
5673.521	    0.097
5674.541	    0.100
5675.560	    0.085
5676.580	    0.097
5677.600	    0.103
5678.620	    0.088
5679.640	    0.085
5680.660	    0.093
5681.681	    0.101
5682.702	    0.101
5683.723	    0.097
5684.744	    0.094
5685.765	    0.105
5686.787	    0.110
5687.809	    0.107
5688.830	    0.098
5689.853	    0.098
5690.875	    0.101
5691.897	    0.108
5692.920	    0.108
5693.943	    0.112
5694.966	    0.115
5695.989	    0.111
5697.012	    0.108
5698.036	    0.107
5699.060	    0.114
5700.084	    0.108
5701.108	    0.110
5702.132	    0.118
5703.156	    0.121
5704.181	    0.119
5705.206	    0.118
5706.231	    0.121
5707.256	    0.110
5708.282	    0.112
5709.307	    0.115
5710.333	    0.116
5711.359	    0.123
5712.385	    0.117
5713.411	    0.108
5714.438	    0.097
5715.464	    0.110
5716.491	    0.114
5717.518	    0.115
5718.546	    0.120
5719.573	    0.134
5720.601	    0.123
5721.628	    0.130
5722.656	    0.125
5723.685	    0.123
5724.713	    0.131
5725.741	    0.107
5726.770	    0.125
5727.799	    0.131
5728.828	    0.124
5729.857	    0.122
5730.887	    0.124
5731.916	    0.137
5732.946	    0.121
5733.976	    0.128
5735.007	    0.123
5736.037	    0.115
5737.067	    0.124
5738.098	    0.124
5739.129	    0.117
5740.160	    0.119
5741.192	    0.125
5742.223	    0.115
5743.255	    0.121
5744.287	    0.122
5745.319	    0.122
5746.351	    0.128
5747.383	    0.119
5748.416	    0.115
5749.449	    0.114
5750.482	    0.128
5751.515	    0.128
5752.548	    0.115
5753.582	    0.122
5754.615	    0.127
5755.649	    0.118
5756.683	    0.121
5757.718	    0.118
5758.752	    0.116
5759.787	    0.125
5760.822	    0.134
5761.857	    0.129
5762.892	    0.131
5763.927	    0.133
5764.963	    0.127
5765.999	    0.128
5767.035	    0.122
5768.071	    0.120
5769.107	    0.128
5770.143	    0.123
5771.180	    0.140
5772.217	    0.135
5773.254	    0.137
5774.291	    0.125
5775.329	    0.124
5776.366	    0.135
5777.404	    0.139
5778.442	    0.144
5779.480	    0.149
5780.519	    0.146
5781.557	    0.144
5782.596	    0.135
5783.635	    0.129
5784.674	    0.128
5785.713	    0.127
5786.753	    0.132
5787.793	    0.135
5788.832	    0.130
5789.873	    0.132
5790.913	    0.140
5791.953	    0.150
5792.994	    0.145
5794.035	    0.140
5795.076	    0.137
5796.117	    0.131
5797.158	    0.136
5798.200	    0.110
5799.241	    0.124
5800.283	    0.117
5801.325	    0.130
5802.368	    0.118
5803.410	    0.124
5804.453	    0.140
5805.496	    0.137
5806.539	    0.134
5807.582	    0.136
5808.625	    0.139
5809.669	    0.132
5810.713	    0.126
5811.757	    0.123
5812.801	    0.128
5813.845	    0.128
5814.890	    0.125
5815.935	    0.129
5816.980	    0.140
5818.025	    0.137
5819.070	    0.127
5820.115	    0.129
5821.161	    0.130
5822.207	    0.124
5823.253	    0.126
5824.299	    0.125
5825.346	    0.133
5826.392	    0.135
5827.439	    0.128
5828.486	    0.132
5829.533	    0.138
5830.581	    0.144
5831.628	    0.137
5832.676	    0.124
5833.724	    0.131
5834.772	    0.132
5835.820	    0.137
5836.869	    0.132
5837.917	    0.124
5838.966	    0.093
5840.015	    0.101
5841.065	    0.128
5842.114	    0.132
5843.164	    0.119
5844.213	    0.123
5845.263	    0.128
5846.314	    0.121
5847.364	    0.112
5848.415	    0.114
5849.465	    0.119
5850.516	    0.123
5851.567	    0.128
5852.619	    0.131
5853.670	    0.135
5854.722	    0.125
5855.774	    0.119
5856.826	    0.124
5857.878	    0.126
5858.931	    0.128
5859.983	    0.120
5861.036	    0.111
5862.089	    0.109
5863.142	    0.113
5864.196	    0.121
5865.249	    0.124
5866.303	    0.114
5867.357	    0.099
5868.411	    0.099
5869.466	    0.105
5870.520	    0.102
5871.575	    0.099
5872.630	    0.094
5873.685	    0.097
5874.740	    0.105
5875.796	    0.103
5876.851	    0.102
5877.907	    0.103
5878.963	    0.095
5880.019	    0.097
5881.076	    0.102
5882.133	    0.100
5883.189	    0.094
5884.246	    0.099
5885.304	    0.099
5886.361	    0.094
5887.419	    0.114
5888.476	    0.138
5889.534	    0.146
5890.592	    0.140
5891.651	    0.117
5892.709	    0.105
5893.768	    0.114
5894.827	    0.117
5895.886	    0.121
5896.945	    0.118
5898.005	    0.103
5899.064	    0.089
5900.124	    0.097
5901.184	    0.099
5902.245	    0.083
5903.305	    0.082
5904.366	    0.081
5905.426	    0.083
5906.487	    0.078
5907.549	    0.078
5908.610	    0.075
5909.671	    0.072
5910.733	    0.070
5911.795	    0.072
5912.857	    0.075
5913.920	    0.073
5914.982	    0.068
5916.045	    0.078
5917.108	    0.072
5918.171	    0.069
5919.234	    0.075
5920.298	    0.067
5921.361	    0.065
5922.425	    0.067
5923.489	    0.065
5924.554	    0.054
5925.618	    0.064
5926.683	    0.059
5927.747	    0.044
5928.812	    0.047
5937.339	    0.049
5938.406	    0.011
5939.473	    0.061
5940.540	    0.044
5941.607	    0.041
5942.675	    0.059
5943.743	    0.075
5944.811	    0.094
5945.879	    0.124
5946.947	    0.146
5948.015	    0.171
5949.084	    0.200
5950.153	    0.212
5951.222	    0.210
5952.291	    0.192
5953.360	    0.171
5954.430	    0.166
5955.500	    0.195
5956.570	    0.191
5957.640	    0.177
5958.710	    0.136
5959.781	    0.078
5960.852	    0.032
5961.923	    0.032
5962.994	    0.047
5964.065	    0.043
5965.137	    0.038
5966.209	    0.062
5967.280	    0.074
5968.353	    0.024
5969.425	    0.018
5970.497	    0.045
5971.570	    0.024
5972.643	    0.061
5973.716	    0.032
5974.789	    0.034
5975.863	    0.011
5976.936	    0.035
5978.010	    0.048
5979.084	    0.050
5980.158	    0.050
5981.233	    0.038
5982.308	    0.067
5983.382	    0.037
5984.457	    0.018
5985.533	    0.047
5986.608	    0.050
5987.684	    0.050
5988.759	    0.034
5989.835	    0.061
5990.911	    0.059
5991.988	    0.018
5993.064	    0.052
5994.141	    0.052
5995.218	    0.011
5996.295	    0.038
5997.372	    0.048
5998.450	    0.048
5999.528	    0.060
6000.606	    0.053
6001.684	    0.053
6002.762	    0.062
6003.840	    0.058
6004.919	    0.057
6005.998	    0.026
6007.077	    0.038
6008.156	    0.040
6009.236	    0.021
6010.315	    0.015
6011.395	    0.026
6012.475	    0.051
6013.556	    0.065
6014.636	    0.065
6015.717	    0.062
6016.797	    0.063
6017.878	    0.053
6018.960	    0.034
6020.041	    0.044
6021.123	    0.045
6022.204	    0.050
6023.286	    0.055
6024.369	    0.045
6025.451	    0.052
6026.534	    0.061
6027.616	    0.059
6028.699	    0.041
6029.782	    0.040
6030.866	    0.059
6031.949	    0.032
6033.033	    0.011
6034.117	    0.055
6035.201	    0.067
6036.285	    0.071
6037.370	    0.065
6038.455	    0.062
6039.539	    0.075
6040.625	    0.073
6041.710	    0.051
6042.795	    0.047
6043.881	    0.053
6044.967	    0.054
6046.053	    0.059
6047.139	    0.018
6048.226	    0.011
6049.312	    0.055
6050.399	    0.082
6051.486	    0.074
6052.573	    0.069
6053.661	    0.061
6054.749	    0.068
6055.836	    0.080
6056.924	    0.065
6058.013	    0.060
6059.101	    0.078
6060.190	    0.091
6061.278	    0.079
6062.367	    0.061
6063.457	    0.050
6064.546	    0.063
6065.636	    0.078
6066.725	    0.075
6067.815	    0.081
6068.906	    0.089
6069.996	    0.080
6071.086	    0.078
6072.177	    0.081
6073.268	    0.059
6074.359	    0.083
6075.451	    0.086
6076.542	    0.084
6077.634	    0.092
6078.726	    0.096
6079.818	    0.085
6080.910	    0.078
6082.003	    0.085
6083.096	    0.092
6084.189	    0.089
6085.282	    0.083
6086.375	    0.089
6087.468	    0.085
6088.562	    0.091
6089.656	    0.094
6090.750	    0.103
6091.844	    0.114
6092.939	    0.105
6094.034	    0.079
6095.129	    0.093
6096.224	    0.097
6097.319	    0.109
6098.414	    0.111
6099.510	    0.102
6100.606	    0.108
6101.702	    0.096
6102.798	    0.081
6103.895	    0.086
6104.991	    0.085
6106.088	    0.092
6107.185	    0.103
6108.282	    0.078
6109.380	    0.082
6110.478	    0.091
6111.575	    0.076
6112.673	    0.087
6113.772	    0.080
6114.870	    0.074
6115.969	    0.083
6117.068	    0.085
6118.167	    0.066
6119.266	    0.049
6120.365	    0.078
6121.465	    0.089
6122.565	    0.044
6123.665	    0.021
6124.765	    0.066
6125.865	    0.065
6126.966	    0.061
6128.067	    0.059
6129.168	    0.060
6130.269	    0.064
6131.370	    0.069
6132.472	    0.075
6133.574	    0.083
6134.676	    0.091
6135.778	    0.100
6136.880	    0.109
6137.983	    0.116
6139.086	    0.122
6140.189	    0.126
6141.292	    0.130
6142.395	    0.133
6143.499	    0.136
6144.602	    0.138
6145.706	    0.141
6146.811	    0.128
6147.915	    0.122
6149.020	    0.121
6150.124	    0.119
6151.229	    0.117
6152.334	    0.119
6153.440	    0.125
6154.545	    0.130
6155.651	    0.127
6156.757	    0.117
6174.479	    0.123
6175.589	    0.128
6176.698	    0.132
6177.808	    0.135
6178.918	    0.141
6180.028	    0.134
6181.138	    0.146
6182.249	    0.137
6183.360	    0.131
6184.471	    0.135
6185.582	    0.137
6186.693	    0.117
6187.805	    0.123
6188.916	    0.133
6190.028	    0.128
6191.140	    0.137
6192.253	    0.136
6193.365	    0.129
6194.478	    0.134
6195.591	    0.131
6196.704	    0.126
6197.817	    0.130
6198.931	    0.136
6200.045	    0.128
6201.159	    0.144
6202.273	    0.148
6203.387	    0.127
6204.502	    0.130
6205.616	    0.128
6206.731	    0.140
6207.846	    0.135
6208.962	    0.124
6210.077	    0.121
6211.193	    0.127
6212.309	    0.131
6213.425	    0.132
6214.541	    0.119
6215.658	    0.125
6216.775	    0.133
6217.892	    0.131
6219.009	    0.128
6220.126	    0.123
6221.244	    0.131
6222.361	    0.128
6223.479	    0.137
6224.597	    0.126
6225.716	    0.124
6226.834	    0.129
6227.953	    0.129
6229.072	    0.121
6230.191	    0.122
6231.310	    0.122
6232.430	    0.135
6233.550	    0.140
6234.670	    0.133
6235.790	    0.136
6236.910	    0.134
6238.031	    0.127
6239.152	    0.132
6240.272	    0.132
6241.394	    0.128
6242.515	    0.124
6243.637	    0.135
6244.758	    0.128
6245.880	    0.120
6247.002	    0.125
6248.125	    0.127
6249.247	    0.130
6250.370	    0.135
6251.493	    0.131
6252.616	    0.132
6253.740	    0.126
6254.863	    0.128
6255.987	    0.136
6257.111	    0.152
6258.235	    0.165
6259.360	    0.162
6260.484	    0.155
6261.609	    0.152
6262.734	    0.149
6263.859	    0.145
6264.985	    0.142
6266.110	    0.140
6267.236	    0.138
6268.362	    0.137
6269.488	    0.138
6270.615	    0.140
6271.741	    0.142
6272.868	    0.146
6273.995	    0.149
6275.122	    0.151
6276.250	    0.151
6277.377	    0.149
6278.505	    0.147
6279.633	    0.144
6280.761	    0.142
6281.890	    0.140
6283.018	    0.136
6284.147	    0.133
6285.276	    0.130
6286.406	    0.128
6287.535	    0.128
6288.665	    0.129
6289.795	    0.132
6290.925	    0.134
6292.055	    0.133
6293.185	    0.128
6294.316	    0.121
6295.447	    0.114
6296.578	    0.109
6297.709	    0.108
6298.841	    0.109
6299.972	    0.112
6301.104	    0.129
6302.236	    0.139
6303.369	    0.128
6304.501	    0.126
6305.634	    0.136
6306.767	    0.133
6307.900	    0.137
6309.033	    0.133
6310.167	    0.135
6311.300	    0.130
6312.434	    0.125
6313.568	    0.121
6314.703	    0.128
6315.837	    0.141
6316.972	    0.133
6318.107	    0.134
6319.242	    0.128
6320.377	    0.135
6321.513	    0.137
6322.649	    0.128
6323.785	    0.130
6324.921	    0.128
6326.057	    0.123
6327.194	    0.128
6328.331	    0.137
6329.468	    0.135
6330.605	    0.128
6331.742	    0.124
6332.880	    0.129
6334.017	    0.135
6335.155	    0.126
6336.294	    0.117
6337.432	    0.110
6338.571	    0.118
6339.710	    0.124
6340.849	    0.118
6341.988	    0.115
6343.127	    0.113
6344.267	    0.102
6345.407	    0.089
6346.547	    0.080
6347.687	    0.089
6348.827	    0.108
6349.968	    0.117
6351.109	    0.110
6352.250	    0.105
6353.391	    0.113
6354.533	    0.120
6355.674	    0.132
6356.816	    0.140
6357.958	    0.137
6359.101	    0.150
6360.243	    0.182
6361.386	    0.203
6362.529	    0.204
6363.672	    0.188
6364.815	    0.167
6365.959	    0.151
6367.103	    0.138
6368.247	    0.132
6369.391	    0.120
6370.535	    0.118
6371.680	    0.118
6372.824	    0.115
6373.969	    0.111
6375.115	    0.106
6376.260	    0.117
6377.406	    0.114
6378.551	    0.107
6379.697	    0.117
6380.844	    0.118
6381.990	    0.114
6383.137	    0.108
6384.283	    0.107
6385.430	    0.111
6386.578	    0.124
6387.725	    0.128
6388.873	    0.128
6390.021	    0.129
6391.169	    0.135
6392.317	    0.119
6393.465	    0.124
6394.614	    0.125
6395.763	    0.118
6396.912	    0.116
6398.061	    0.118
6399.211	    0.125
6400.361	    0.127
6401.511	    0.113
6402.661	    0.120
6403.811	    0.111
6404.962	    0.109
6406.112	    0.105
6407.263	    0.117
6408.414	    0.116
6409.566	    0.122
6410.717	    0.120
6411.869	    0.116
6413.021	    0.111
6414.173	    0.103
6415.326	    0.101
6416.478	    0.097
6417.631	    0.103
6418.784	    0.115
6419.937	    0.115
6421.091	    0.113
6422.245	    0.109
6423.398	    0.108
6424.552	    0.116
6425.707	    0.124
6426.861	    0.124
6428.016	    0.120
6429.171	    0.106
6430.326	    0.105
6431.481	    0.104
6432.637	    0.103
6433.792	    0.109
6434.948	    0.111
6436.104	    0.103
6437.261	    0.096
6438.417	    0.093
6439.574	    0.098
6440.731	    0.106
6441.888	    0.098
6443.046	    0.088
6444.203	    0.089
6445.361	    0.094
6446.519	    0.100
6447.677	    0.099
6448.836	    0.094
6449.994	    0.093
6451.153	    0.095
6452.312	    0.089
6453.471	    0.083
6454.631	    0.073
6455.791	    0.084
6456.950	    0.090
6458.111	    0.093
6459.271	    0.078
6460.431	    0.077
6461.592	    0.087
6462.753	    0.089
6463.914	    0.094
6465.075	    0.075
6466.237	    0.085
6467.399	    0.083
6468.561	    0.081
6469.723	    0.079
6470.885	    0.075
6472.048	    0.094
6473.211	    0.075
6474.374	    0.064
6475.537	    0.074
6476.700	    0.070
6477.864	    0.061
6479.028	    0.061
6480.192	    0.052
6481.356	    0.057
6482.521	    0.067
6483.685	    0.054
6484.850	    0.049
6486.015	    0.063
6487.181	    0.067
6488.346	    0.064
6489.512	    0.058
6490.678	    0.051
6491.844	    0.038
6493.010	    0.047
6494.177	    0.060
6495.344	    0.050
6496.511	    0.021
6497.678	    0.028
6498.845	    0.063
6500.013	    0.058
6501.181	    0.050
6502.349	    0.058
6503.517	    0.040
6504.685	    0.034
6505.854	    0.050
6507.023	    0.066
6508.192	    0.072
6509.361	    0.044
6510.531	    0.044
6511.700	    0.049
6512.870	    0.051
6514.041	    0.048
6515.211	    0.024
6516.381	    0.048
6517.552	    0.045
6518.723	    0.034
6519.894	    0.048
6521.066	    0.028
6522.237	    0.040
6523.409	    0.018
6524.581	    0.056
6525.753	    0.053
6526.926	    0.045
6528.099	    0.055
6529.271	    0.057
6530.445	    0.078
6531.618	    0.097
6532.791	    0.076
6533.965	    0.060
6535.139	    0.059
6536.313	    0.067
6537.487	    0.067
6538.662	    0.060
6539.837	    0.080
6541.012	    0.088
6542.187	    0.082
6543.362	    0.085
6544.538	    0.096
6545.714	    0.032
6546.890	    0.053
6548.066	    0.072
6549.243	    0.073
6550.419	    0.074
6551.596	    0.077
6552.773	    0.054
6553.950	    0.075
6555.128	    0.055
6556.306	    0.060
6557.484	    0.066
6558.662	    0.056
6559.840	    0.051
6561.019	    0.043
6562.198	    0.060
6563.377	    0.068
6564.556	    0.041
6565.735	    0.071
6566.915	    0.080
6568.095	    0.081
6569.275	    0.079
6570.455	    0.076
6571.635	    0.072
6572.816	    0.067
6573.997	    0.063
6575.178	    0.057
6576.359	    0.050
6577.541	    0.035
6578.723	    0.035
6579.905	    0.037
6581.087	    0.048
6582.269	    0.051
6583.452	    0.051
6584.635	    0.050
6585.818	    0.050
6587.001	    0.054
6588.184	    0.061
6589.368	    0.074
6590.552	    0.078
6591.736	    0.061
6592.920	    0.062
6594.105	    0.082
6595.290	    0.097
6596.475	    0.107
6597.660	    0.098
6598.845	    0.085
6600.031	    0.100
6601.216	    0.087
6602.402	    0.080
6603.589	    0.099
6604.775	    0.101
6605.962	    0.102
6607.149	    0.126
6608.336	    0.198
6609.523	    0.334
6610.710	    0.450
6611.898	    0.475
6613.086	    0.416
6614.274	    0.287
6615.463	    0.214
6616.651	    0.183
6617.840	    0.166
6619.029	    0.149
6620.218	    0.157
6621.408	    0.190
6622.597	    0.314
6623.787	    0.710
6624.977	    1.183
6626.167	    1.405
6627.358	    1.308
6628.549	    0.938
6629.740	    0.567
6630.931	    0.351
6632.122	    0.253
6633.314	    0.198
6634.505	    0.169
6635.697	    0.148
6636.890	    0.141
6638.082	    0.139
6639.275	    0.140
6640.467	    0.149
6641.660	    0.149
6642.854	    0.180
6644.047	    0.317
6645.241	    0.577
6646.435	    0.793
6647.629	    0.824
6648.823	    0.703
6650.018	    0.508
6651.213	    0.347
6652.408	    0.254
6653.603	    0.195
6654.798	    0.168
6655.994	    0.147
6657.190	    0.131
6658.386	    0.120
6659.582	    0.112
6660.779	    0.105
6661.975	    0.093
6663.172	    0.104
6664.369	    0.113
6665.567	    0.112
6666.764	    0.112
6667.962	    0.106
6669.160	    0.111
6670.358	    0.110
6671.557	    0.112
6672.755	    0.112
6673.954	    0.108
6675.153	    0.105
6676.353	    0.104
6677.552	    0.105
6678.752	    0.092
6679.952	    0.098
6681.152	    0.095
6682.352	    0.082
6683.553	    0.089
6684.754	    0.097
6685.955	    0.106
6687.156	    0.096
6688.357	    0.094
6689.559	    0.107
6690.761	    0.102
6691.963	    0.103
6693.165	    0.104
6694.368	    0.100
6695.571	    0.103
6696.774	    0.099
6697.977	    0.086
6699.180	    0.089
6700.384	    0.095
6701.588	    0.104
6702.792	    0.094
6703.996	    0.095
6705.200	    0.088
6706.405	    0.088
6707.610	    0.090
6708.815	    0.089
6710.020	    0.092
6711.226	    0.101
6712.432	    0.101
6713.638	    0.092
6714.844	    0.090
6716.050	    0.091
6717.257	    0.099
6718.464	    0.094
6719.671	    0.078
6720.878	    0.075
6722.086	    0.102
6723.293	    0.097
6724.501	    0.075
6725.710	    0.071
6726.918	    0.067
6728.127	    0.076
6729.335	    0.090
6730.544	    0.084
6731.754	    0.081
6732.963	    0.086
6734.173	    0.080
6735.383	    0.072
6736.593	    0.081
6737.803	    0.088
6739.014	    0.102
6740.224	    0.117
6741.435	    0.124
6742.647	    0.127
6743.858	    0.126
6745.070	    0.111
6746.281	    0.106
6747.494	    0.086
6748.706	    0.074
6749.918	    0.067
6751.131	    0.093
6752.344	    0.085
6753.557	    0.102
6754.771	    0.094
6755.984	    0.087
6757.198	    0.083
6758.412	    0.082
6759.626	    0.082
6760.841	    0.086
6762.055	    0.081
6763.270	    0.067
6764.485	    0.084
6765.701	    0.087
6766.916	    0.085
6768.132	    0.090
6769.348	    0.092
6770.564	    0.072
6771.781	    0.078
6772.997	    0.071
6774.214	    0.081
6775.431	    0.098
6776.649	    0.107
6777.866	    0.144
6779.084	    0.266
6780.302	    0.398
6781.520	    0.449
6782.738	    0.406
6783.957	    0.304
6785.176	    0.211
6786.395	    0.153
6787.614	    0.123
6788.834	    0.105
6790.053	    0.098
6791.273	    0.098
6792.494	    0.149
6793.714	    0.259
6794.935	    0.359
6796.155	    0.403
6797.376	    0.360
6798.598	    0.246
6799.819	    0.177
6801.041	    0.140
6802.263	    0.113
6803.485	    0.095
6804.707	    0.083
6805.930	    0.085
6807.153	    0.078
6808.376	    0.069
6809.599	    0.067
6810.822	    0.068
6812.046	    0.054
6813.270	    0.060
6814.494	    0.063
6815.718	    0.059
6816.943	    0.065
6818.168	    0.057
6819.392	    0.038
6820.618	    0.057
6821.843	    0.075
6823.069	    0.059
6824.295	    0.058
6825.521	    0.045
6826.747	    0.074
6827.974	    0.075
6829.200	    0.077
6830.427	    0.078
6831.654	    0.082
6832.882	    0.073
6834.109	    0.068
6835.337	    0.060
6836.565	    0.068
6837.794	    0.053
6839.022	    0.054
6840.251	    0.035
6841.480	    0.043
6842.709	    0.053
6843.938	    0.069
6845.168	    0.066
6846.398	    0.049
6847.628	    0.063
6848.858	    0.066
6850.089	    0.052
6851.319	    0.040
6852.550	    0.051
6853.782	    0.073
6855.013	    0.068
6856.245	    0.051
6857.476	    0.043
6858.708	    0.030
6859.941	    0.035
6861.173	    0.045
6862.406	    0.021
6863.639	    0.045
6864.872	    0.034
6866.105	    0.125
6867.339	    0.175
6868.573	    0.199
6869.807	    0.204
6871.041	    0.194
6872.276	    0.184
6873.510	    0.172
6874.745	    0.165
6875.980	    0.161
6877.216	    0.143
6878.451	    0.128
6879.687	    0.096
6880.923	    0.060
6882.159	    0.015
6883.396	    0.063
6884.633	    0.105
6885.870	    0.115
6887.107	    0.118
6888.344	    0.125
6889.582	    0.134
6890.820	    0.141
6892.058	    0.128
6893.296	    0.120
6894.534	    0.121
6895.773	    0.120
6897.012	    0.113
6898.251	    0.114
6899.490	    0.106
6900.730	    0.107
6901.970	    0.107
6903.210	    0.099
6904.450	    0.103
6905.691	    0.095
6906.931	    0.089
6908.172	    0.094
6909.413	    0.097
6910.655	    0.094
6911.896	    0.087
6913.138	    0.088
6914.380	    0.075
6915.623	    0.052
6916.865	    0.066
6918.108	    0.071
6919.351	    0.077
6920.594	    0.075
6921.837	    0.068
6923.081	    0.075
6924.325	    0.058
6925.569	    0.054
6926.813	    0.070
6928.058	    0.082
6929.302	    0.064
6930.547	    0.067
6931.792	    0.069
6933.038	    0.063
6934.284	    0.044
6935.529	    0.045
6936.775	    0.011
6938.022	    0.030
6939.268	    0.053
6940.515	    0.074
6941.762	    0.071
6943.009	    0.068
6944.257	    0.030
6945.504	    0.052
6946.752	    0.055
6948.000	    0.054
6949.248	    0.052
6950.497	    0.053
6951.746	    0.058
6952.995	    0.037
6954.244	    0.051
6955.493	    0.084
6956.743	    0.066
6957.993	    0.043
6959.243	    0.062
6960.493	    0.045
6961.744	    0.018
6962.995	    0.038
6964.246	    0.037
6965.497	    0.049
6966.748	    0.038
6968.000	    0.021
6969.252	    0.021
6970.504	    0.015
6971.756	    0.024
6973.009	    0.032
6974.262	    0.050
6975.515	    0.049
6976.768	    0.011
6978.022	    0.018
6979.275	    0.018
6980.529	    0.011
6981.783	    0.041
6983.038	    0.018
6984.292	    0.030
6985.547	    0.035
6986.802	    0.067
6988.058	    0.073
6989.313	    0.063
6990.569	    0.060
6991.825	    0.050
6993.081	    0.061
6994.337	    0.058
6995.594	    0.043
6996.851	    0.049
6998.108	    0.056
6999.365	    0.060
7000.623	    0.058
7001.881	    0.050
7003.139	    0.047
7004.397	    0.065
7005.655	    0.081
7006.914	    0.075
7008.173	    0.052
7009.432	    0.015
7010.691	    0.051
7011.951	    0.051
7013.211	    0.055
7014.471	    0.049
7015.731	    0.051
7016.991	    0.066
7018.252	    0.075
7019.513	    0.067
7020.774	    0.055
7022.036	    0.037
7023.297	    0.032
7024.559	    0.045
7025.821	    0.056
7027.083	    0.060
7028.346	    0.071
7029.609	    0.054
7030.872	    0.028
7032.135	    0.034
7033.398	    0.038
7034.662	    0.011
7035.926	    0.050
7037.190	    0.030
7038.454	    0.051
7039.719	    0.062
7040.984	    0.054
7042.249	    0.030
7043.514	    0.057
7044.779	    0.045
7046.045	    0.047
7047.311	    0.030
7048.577	    0.024
7049.844	    0.049
7051.110	    0.011
7052.377	    0.015
7053.644	    0.021
7054.911	    0.040
7056.179	    0.011
7057.447	    0.043
7058.715	    0.043
7059.983	    0.038
7061.251	    0.034
7062.520	    0.052
7063.789	    0.059
7065.058	    0.045
7066.327	    0.026
7067.597	    0.034
7068.867	    0.034
7070.137	    0.028
7071.407	    0.034
7072.677	    0.034
7073.948	    0.015
7075.219	    0.018
7076.490	    0.056
7077.762	    0.048
7079.033	    0.035
7080.305	    0.015
7081.577	    0.044
7082.850	    0.045
7084.122	    0.034
7085.395	    0.034
7086.668	    0.021
7087.941	    0.037
7089.214	    0.047
7090.488	    0.024
7091.762	    0.018
7093.036	    0.045
7094.311	    0.038
7095.585	    0.021
7096.860	    0.018
7098.135	    0.026
7099.410	    0.034
7100.686	    0.034
7101.962	    0.047
7103.238	    0.038
7104.514	    0.035
7105.790	    0.045
7107.067	    0.037
7108.344	    0.028
7109.621	    0.015
7110.898	    0.026
7112.176	    0.037
7113.454	    0.038
7114.732	    0.015
7116.010	    0.034
7117.288	    0.038
7118.567	    0.045
7119.846	    0.032
7121.125	    0.018
7122.405	    0.062
7123.684	    0.021
7124.964	    0.067
7126.244	    0.056
7127.525	    0.026
7128.805	    0.026
7130.086	    0.026
7131.367	    0.021
7132.648	    0.018
7133.930	    0.028
7135.212	    0.048
7136.494	    0.052
7137.776	    0.030
7139.058	    0.037
7140.341	    0.052
7141.624	    0.060
7142.907	    0.065
7144.190	    0.064
7145.474	    0.055
7146.757	    0.035
7148.041	    0.035
7149.326	    0.050
7150.610	    0.011
7151.895	    0.028
7153.180	    0.041
7154.465	    0.048
7155.750	    0.041
7157.036	    0.040
7158.322	    0.044
7159.608	    0.050
7160.894	    0.018
7162.181	    0.050
7163.468	    0.069
7164.755	    0.094
7166.042	    0.099
7167.329	    0.107
7168.617	    0.117
7169.905	    0.105
7171.193	    0.122
7172.482	    0.123
7173.770	    0.125
7175.059	    0.133
7176.348	    0.143
7177.638	    0.132
7178.927	    0.125
7180.217	    0.125
7181.507	    0.133
7182.797	    0.137
7184.088	    0.153
7185.379	    0.173
7186.670	    0.160
7187.961	    0.135
7189.252	    0.126
7190.544	    0.146
7191.836	    0.159
7193.128	    0.154
7194.420	    0.132
7195.713	    0.122
7197.006	    0.124
7198.299	    0.137
7199.592	    0.142
7200.885	    0.144
7202.179	    0.141
7203.473	    0.119
7204.767	    0.123
7206.062	    0.119
7207.356	    0.116
7208.651	    0.106
7209.947	    0.095
7211.242	    0.082
7212.538	    0.078
7213.833	    0.083
7215.129	    0.092
7216.426	    0.105
7217.722	    0.106
7219.019	    0.101
7220.316	    0.075
7221.613	    0.092
7222.911	    0.116
7224.208	    0.110
7225.506	    0.097
7226.805	    0.103
7228.103	    0.111
7229.402	    0.101
7230.700	    0.128
7232.000	    0.155
7233.299	    0.167
7234.599	    0.151
7235.898	    0.124
7237.198	    0.117
7238.499	    0.127
7239.799	    0.136
7241.100	    0.144
7242.401	    0.149
7243.702	    0.149
7245.003	    0.134
7246.305	    0.128
7247.607	    0.120
7248.909	    0.124
7250.212	    0.138
7251.514	    0.148
7252.817	    0.148
7254.120	    0.135
7255.423	    0.124
7256.727	    0.130
7258.031	    0.129
7259.335	    0.118
7260.639	    0.119
7261.943	    0.135
7263.248	    0.151
7264.553	    0.148
7265.858	    0.137
7267.164	    0.127
7268.469	    0.111
7269.775	    0.119
7271.081	    0.125
7272.388	    0.139
7273.694	    0.142
7275.001	    0.155
7276.308	    0.165
7277.616	    0.165
7278.923	    0.128
7280.231	    0.108
7281.539	    0.100
7282.847	    0.102
7284.156	    0.094
7285.464	    0.113
7286.773	    0.129
7288.082	    0.145
7289.392	    0.145
7290.701	    0.148
7292.011	    0.146
7293.321	    0.132
7294.632	    0.128
7295.942	    0.122
7297.253	    0.122
7298.564	    0.128
7299.876	    0.130
7301.187	    0.139
7302.499	    0.145
7303.811	    0.144
7305.123	    0.124
7306.436	    0.123
7307.748	    0.128
7309.061	    0.135
7310.374	    0.139
7311.688	    0.128
7313.002	    0.128
7314.315	    0.112
7315.630	    0.119
7316.944	    0.139
7318.259	    0.141
7319.573	    0.125
7320.888	    0.111
7322.204	    0.106
7323.519	    0.106
7324.835	    0.111
7326.151	    0.104
7327.467	    0.110
7328.784	    0.101
7330.101	    0.096
