wlen 	 newgal_spectrum 
  4176.646 	     -0.047
  4177.397 	     -0.054
  4178.147 	     -0.058
  4178.898 	     -0.060
  4179.649 	     -0.061
  4180.400 	     -0.059
  4181.151 	     -0.053
  4181.902 	     -0.046
  4182.653 	     -0.038
  4183.405 	     -0.031
  4184.157 	     -0.031
  4184.908 	     -0.037
  4185.660 	     -0.051
  4186.412 	     -0.066
  4187.164 	     -0.081
  4187.917 	     -0.095
  4188.669 	     -0.064
  4189.422 	     -0.069
  4190.174 	     -0.071
  4190.927 	     -0.063
  4191.680 	     -0.039
  4192.433 	     -0.009
  4193.186 	      0.000
  4193.940 	     -0.038
  4194.693 	     -0.032
  4195.447 	     -0.037
  4196.201 	     -0.035
  4196.955 	     -0.007
  4197.709 	     -0.033
  4198.463 	     -0.031
  4199.217 	     -0.023
  4199.972 	     -0.005
  4200.726 	     -0.045
  4201.481 	     -0.048
  4202.236 	     -0.042
  4202.991 	     -0.025
  4203.746 	     -0.027
  4204.501 	     -0.021
  4205.257 	     -0.018
  4206.012 	     -0.025
  4206.768 	     -0.017
  4207.524 	     -0.031
  4208.280 	     -0.038
  4209.036 	     -0.014
  4209.792 	     -0.018
  4210.548 	     -0.017
  4211.305 	     -0.017
  4212.061 	     -0.028
  4212.818 	     -0.050
  4213.575 	     -0.047
  4214.332 	     -0.041
  4215.089 	     -0.031
  4215.846 	     -0.016
  4216.604 	     -0.003
  4217.361 	     -0.006
  4218.119 	     -0.043
  4218.877 	     -0.040
  4219.635 	     -0.028
  4220.393 	     -0.017
  4221.151 	     -0.010
  4221.910 	     -0.037
  4222.668 	     -0.032
  4223.427 	     -0.026
  4224.186 	     -0.026
  4224.945 	     -0.008
  4225.704 	     -0.007
  4226.463 	     -0.006
  4227.222 	     -0.005
  4227.982 	     -0.010
  4228.741 	     -0.010
  4229.501 	     -0.022
  4230.261 	     -0.051
  4231.021 	      0.017
  4231.781 	      0.025
  4232.542 	      0.022
  4233.302 	      0.011
  4234.063 	      0.028
  4234.823 	      0.010
  4235.584 	      0.007
  4236.345 	      0.017
  4237.106 	      0.027
  4237.868 	     -0.007
  4238.629 	     -0.022
  4239.390 	     -0.024
  4240.152 	     -0.024
  4240.914 	      0.010
  4241.676 	      0.010
  4242.438 	     -0.004
  4243.200 	      0.006
  4243.963 	     -0.006
  4244.725 	     -0.025
  4245.488 	     -0.040
  4246.250 	     -0.006
  4247.013 	      0.010
  4247.776 	      0.006
  4248.540 	      0.002
  4249.303 	      0.011
  4250.066 	      0.026
  4250.830 	      0.002
  4251.594 	     -0.021
  4252.357 	     -0.018
  4253.121 	     -0.021
  4253.886 	     -0.022
  4254.650 	     -0.013
  4255.414 	      0.013
  4256.179 	     -0.024
  4256.944 	     -0.011
  4257.708 	      0.001
  4258.473 	      0.013
  4259.238 	      0.023
  4260.004 	      0.023
  4260.769 	      0.016
  4261.535 	      0.006
  4262.300 	      0.028
  4263.066 	      0.056
  4263.832 	      0.038
  4264.598 	      0.003
  4265.364 	      0.035
  4266.130 	      0.031
  4266.897 	      0.046
  4267.664 	      0.050
  4268.430 	     -0.012
  4269.197 	      0.019
  4269.964 	      0.006
  4270.731 	      0.000
  4271.499 	      0.040
  4272.266 	      0.031
  4273.034 	      0.022
  4273.801 	      0.015
  4274.569 	      0.011
  4275.337 	      0.005
  4276.105 	      0.015
  4276.874 	      0.013
  4277.642 	     -0.001
  4278.411 	     -0.005
  4279.179 	      0.007
  4279.948 	      0.018
  4280.717 	      0.026
  4281.486 	      0.019
  4282.255 	      0.018
  4283.025 	      0.009
  4283.794 	      0.006
  4284.564 	      0.032
  4285.334 	      0.055
  4286.104 	      0.039
  4286.874 	      0.024
  4287.644 	      0.023
  4288.414 	      0.001
  4289.185 	      0.026
  4289.955 	      0.046
  4290.726 	      0.056
  4291.497 	      0.036
  4292.268 	      0.021
  4293.039 	      0.007
  4293.811 	     -0.003
  4294.582 	      0.001
  4295.354 	      0.084
  4296.125 	      0.081
  4296.897 	      0.053
  4297.669 	      0.037
  4298.441 	      0.065
  4299.214 	      0.041
  4299.986 	      0.030
  4300.759 	      0.049
  4301.531 	      0.061
  4302.304 	      0.061
  4303.077 	      0.046
  4303.850 	      0.023
  4304.623 	      0.010
  4305.397 	      0.018
  4306.170 	      0.037
  4306.944 	      0.052
  4307.718 	      0.026
  4308.492 	      0.032
  4309.266 	      0.063
  4310.040 	      0.075
  4310.814 	      0.044
  4311.589 	      0.025
  4312.364 	      0.049
  4313.138 	      0.052
  4313.913 	      0.032
  4314.688 	      0.038
  4315.464 	      0.058
  4316.239 	      0.050
  4317.014 	      0.031
  4317.790 	      0.020
  4318.566 	      0.057
  4319.342 	      0.056
  4320.118 	      0.054
  4320.894 	      0.060
  4321.670 	      0.074
  4322.447 	      0.078
  4323.223 	      0.075
  4324.000 	      0.069
  4324.777 	      0.086
  4325.554 	      0.109
  4326.331 	      0.087
  4327.108 	      0.057
  4327.886 	      0.054
  4328.663 	      0.057
  4329.441 	      0.061
  4330.219 	      0.052
  4330.997 	      0.027
  4331.775 	      0.022
  4332.553 	      0.017
  4333.332 	      0.010
  4334.110 	      0.008
  4334.889 	      0.029
  4335.668 	      0.065
  4336.447 	      0.057
  4337.226 	      0.049
  4338.005 	      0.059
  4338.784 	      0.100
  4339.564 	      0.052
  4340.344 	      0.028
  4341.123 	      0.032
  4341.903 	      0.049
  4342.683 	      0.043
  4343.464 	      0.018
  4344.244 	      0.003
  4345.024 	      0.036
  4345.805 	      0.030
  4346.586 	      0.028
  4347.367 	      0.029
  4348.148 	      0.034
  4348.929 	      0.033
  4349.710 	      0.042
  4350.492 	      0.049
  4351.274 	      0.052
  4352.055 	      0.049
  4352.837 	      0.054
  4353.619 	      0.043
  4354.402 	      0.030
  4355.184 	      0.019
  4355.966 	      0.023
  4356.749 	      0.049
  4357.532 	      0.048
  4358.315 	      0.035
  4359.098 	      0.032
  4359.881 	      0.014
  4360.664 	      0.039
  4361.448 	      0.047
  4362.231 	      0.026
  4363.015 	      0.077
  4363.799 	      0.072
  4364.583 	      0.091
  4365.367 	      0.105
  4366.151 	      0.048
  4366.936 	      0.051
  4367.720 	      0.051
  4368.505 	      0.045
  4369.290 	      0.034
  4370.075 	      0.021
  4370.860 	      0.082
  4371.645 	      0.075
  4372.431 	      0.055
  4373.216 	      0.090
  4374.002 	      0.045
  4374.788 	      0.071
  4375.574 	      0.083
  4376.360 	      0.070
  4377.146 	      0.034
  4390.535 	      0.025
  4391.324 	      0.040
  4392.113 	      0.079
  4392.902 	      0.052
  4393.691 	      0.036
  4394.480 	      0.043
  4395.270 	      0.047
  4396.059 	      0.018
  4396.849 	      0.030
  4397.639 	      0.047
  4398.429 	      0.035
  4399.220 	      0.050
  4400.010 	      0.049
  4400.801 	      0.055
  4401.591 	      0.068
  4402.382 	      0.094
  4403.173 	      0.067
  4403.964 	      0.042
  4404.755 	      0.035
  4405.547 	      0.051
  4406.338 	      0.045
  4407.130 	      0.078
  4407.922 	      0.091
  4408.714 	      0.096
  4409.506 	      0.099
  4410.298 	      0.046
  4411.090 	      0.030
  4411.883 	      0.037
  4412.675 	      0.068
  4413.468 	      0.142
  4414.261 	      0.061
  4415.054 	      0.026
  4415.848 	      0.022
  4416.641 	      0.048
  4417.434 	      0.074
  4418.228 	      0.040
  4419.022 	      0.046
  4419.816 	      0.055
  4420.610 	      0.045
  4421.404 	      0.017
  4422.199 	      0.058
  4422.993 	      0.081
  4423.788 	      0.087
  4424.583 	      0.071
  4425.377 	      0.056
  4426.173 	      0.038
  4426.968 	      0.024
  4427.763 	      0.018
  4428.559 	      0.027
  4429.354 	      0.010
  4430.150 	      0.009
  4430.946 	      0.010
  4431.742 	      0.008
  4432.538 	      0.027
  4433.335 	      0.032
  4434.131 	      0.022
  4434.928 	      0.013
  4435.725 	      0.020
  4436.522 	      0.023
  4437.319 	      0.022
  4438.116 	      0.021
  4438.913 	      0.017
  4439.711 	      0.009
  4440.509 	      0.028
  4441.306 	      0.025
  4442.104 	      0.015
  4442.902 	      0.002
  4443.701 	     -0.011
  4444.499 	      0.001
  4445.298 	     -0.012
  4446.096 	     -0.019
  4446.895 	     -0.010
  4447.694 	      0.034
  4448.493 	      0.036
  4449.292 	      0.027
  4450.092 	      0.018
  4450.891 	      0.014
  4451.691 	      0.031
  4452.491 	      0.001
  4453.291 	      0.008
  4454.091 	      0.018
  4454.891 	      0.015
  4455.691 	      0.036
  4456.492 	      0.009
  4457.293 	     -0.003
  4458.093 	     -0.002
  4458.894 	      0.010
  4459.695 	      0.033
  4460.497 	      0.033
  4461.298 	      0.022
  4462.100 	      0.007
  4462.901 	     -0.003
  4463.703 	      0.024
  4464.505 	      0.036
  4465.307 	      0.037
  4466.109 	      0.025
  4466.912 	     -0.005
  4467.714 	     -0.035
  4468.517 	     -0.026
  4469.320 	     -0.019
  4470.123 	     -0.015
  4470.926 	     -0.017
  4471.729 	     -0.002
  4472.533 	      0.010
  4473.336 	     -0.009
  4474.140 	     -0.042
  4474.944 	     -0.053
  4475.748 	     -0.046
  4476.552 	     -0.040
  4477.356 	     -0.034
  4478.161 	     -0.030
  4478.965 	     -0.031
  4479.770 	     -0.037
  4480.575 	     -0.046
  4481.380 	     -0.054
  4482.185 	     -0.058
  4482.990 	     -0.056
  4483.796 	     -0.049
  4484.601 	     -0.039
  4485.407 	     -0.030
  4486.213 	     -0.024
  4487.019 	     -0.025
  4487.825 	     -0.029
  4488.631 	     -0.036
  4489.438 	     -0.042
  4490.244 	     -0.046
  4491.051 	     -0.046
  4491.858 	     -0.044
  4492.665 	     -0.040
  4493.472 	     -0.035
  4494.280 	     -0.030
  4495.087 	     -0.022
  4495.895 	     -0.013
  4496.702 	     -0.002
  4497.510 	      0.011
  4498.318 	      0.017
  4499.127 	      0.000
  4499.935 	      0.028
  4500.743 	      0.038
  4501.552 	      0.024
  4502.361 	      0.005
  4503.170 	      0.014
  4503.979 	     -0.012
  4504.788 	      0.011
  4505.597 	      0.016
  4506.407 	      0.012
  4507.216 	      0.016
  4508.026 	      0.021
  4508.836 	      0.018
  4509.646 	      0.007
  4510.456 	     -0.007
  4511.267 	     -0.018
  4512.077 	      0.005
  4512.888 	      0.015
  4513.699 	      0.010
  4514.510 	      0.006
  4515.321 	      0.014
  4516.132 	      0.045
  4516.943 	      0.041
  4517.755 	      0.048
  4518.567 	      0.046
  4519.379 	      0.027
  4520.191 	      0.013
  4521.003 	      0.017
  4521.815 	      0.022
  4522.627 	      0.023
  4523.440 	      0.017
  4524.253 	      0.007
  4525.065 	     -0.002
  4525.878 	     -0.003
  4526.692 	     -0.001
  4527.505 	      0.000
  4528.318 	     -0.015
  4529.132 	     -0.022
  4529.946 	     -0.011
  4530.759 	      0.005
  4531.573 	      0.022
  4532.388 	      0.036
  4533.202 	      0.007
  4534.016 	      0.014
  4534.831 	      0.030
  4535.646 	      0.029
  4536.461 	     -0.010
  4537.276 	     -0.002
  4538.091 	      0.027
  4538.906 	      0.020
  4539.722 	      0.006
  4540.537 	      0.003
  4541.353 	      0.034
  4542.169 	      0.039
  4542.985 	      0.000
  4543.801 	     -0.015
  4544.618 	     -0.001
  4545.434 	      0.004
  4546.251 	      0.025
  4547.068 	      0.029
  4547.885 	      0.024
  4548.702 	      0.015
  4549.519 	      0.012
  4550.336 	      0.008
  4551.154 	      0.018
  4551.972 	      0.004
  4552.789 	     -0.006
  4553.607 	      0.005
  4554.425 	     -0.006
  4555.244 	      0.005
  4556.062 	      0.026
  4556.881 	      0.039
  4557.699 	      0.037
  4558.518 	      0.016
  4559.337 	      0.012
  4560.156 	      0.016
  4560.976 	      0.013
  4561.795 	      0.007
  4562.615 	      0.006
  4563.435 	      0.011
  4564.254 	      0.020
  4565.074 	      0.023
  4565.895 	      0.023
  4566.715 	      0.022
  4567.535 	      0.024
  4568.356 	      0.020
  4569.177 	      0.015
  4569.998 	      0.008
  4570.819 	      0.002
  4571.640 	      0.005
  4572.461 	     -0.006
  4573.283 	      0.001
  4574.105 	      0.023
  4574.926 	      0.024
  4575.748 	     -0.028
  4576.570 	     -0.040
  4577.393 	     -0.008
  4578.215 	     -0.003
  4579.038 	     -0.001
  4579.860 	     -0.000
  4580.683 	     -0.017
  4581.506 	     -0.006
  4582.329 	     -0.004
  4583.153 	     -0.008
  4583.976 	     -0.013
  4584.800 	     -0.014
  4585.623 	     -0.026
  4586.447 	     -0.008
  4587.271 	     -0.015
  4588.095 	     -0.014
  4588.920 	      0.006
  4589.744 	      0.024
  4590.569 	     -0.004
  4591.394 	     -0.001
  4592.219 	     -0.013
  4593.044 	     -0.021
  4593.869 	      0.003
  4594.694 	     -0.020
  4595.520 	     -0.011
  4596.345 	     -0.011
  4597.171 	     -0.005
  4597.997 	      0.002
  4598.823 	     -0.014
  4599.649 	     -0.036
  4600.476 	     -0.052
  4601.302 	     -0.052
  4602.129 	     -0.046
  4602.956 	     -0.046
  4603.783 	     -0.010
  4604.610 	      0.013
  4605.437 	      0.024
  4606.265 	      0.022
  4607.092 	      0.013
  4607.920 	      0.009
  4608.748 	     -0.005
  4609.576 	     -0.035
  4610.404 	     -0.047
  4611.232 	     -0.046
  4612.061 	     -0.034
  4612.890 	     -0.015
  4613.718 	     -0.015
  4614.547 	     -0.025
  4615.376 	     -0.030
  4616.206 	     -0.021
  4617.035 	      0.006
  4617.864 	      0.012
  4618.694 	     -0.003
  4619.524 	     -0.017
  4620.354 	     -0.018
  4621.184 	     -0.010
  4622.014 	     -0.006
  4622.845 	     -0.020
  4623.675 	     -0.013
  4624.506 	     -0.007
  4625.337 	     -0.013
  4626.168 	     -0.034
  4626.999 	     -0.049
  4627.830 	     -0.003
  4628.662 	     -0.015
  4629.493 	     -0.025
  4630.325 	     -0.019
  4631.157 	     -0.000
  4631.989 	     -0.012
  4632.821 	     -0.032
  4633.654 	     -0.020
  4634.486 	     -0.027
  4635.319 	     -0.047
  4636.152 	     -0.046
  4636.985 	     -0.047
  4637.818 	     -0.007
  4638.651 	     -0.024
  4639.484 	     -0.029
  4640.318 	     -0.012
  4641.152 	     -0.031
  4641.985 	     -0.010
  4642.819 	     -0.001
  4643.654 	      0.012
  4644.488 	      0.013
  4645.322 	     -0.003
  4646.157 	     -0.019
  4646.992 	     -0.017
  4647.827 	     -0.032
  4648.662 	     -0.028
  4649.497 	     -0.006
  4650.332 	      0.018
  4651.168 	     -0.004
  4652.003 	      0.008
  4652.839 	      0.013
  4653.675 	      0.010
  4654.511 	      0.006
  4655.347 	      0.002
  4656.184 	     -0.011
  4657.020 	     -0.029
  4657.857 	     -0.018
  4658.694 	     -0.004
  4659.531 	      0.006
  4660.368 	      0.008
  4661.205 	     -0.014
  4662.043 	     -0.027
  4662.881 	     -0.041
  4663.718 	     -0.047
  4664.556 	     -0.041
  4665.394 	     -0.019
  4666.232 	     -0.008
  4667.071 	     -0.013
  4667.909 	     -0.025
  4668.748 	     -0.018
  4669.587 	     -0.001
  4670.426 	      0.006
  4671.265 	     -0.012
  4672.104 	     -0.005
  4672.944 	     -0.015
  4673.783 	     -0.029
  4674.623 	     -0.033
  4675.463 	     -0.018
  4676.303 	     -0.002
  4677.143 	      0.005
  4677.983 	      0.009
  4678.824 	      0.010
  4679.664 	      0.009
  4680.505 	      0.009
  4681.346 	     -0.000
  4682.187 	     -0.014
  4683.028 	     -0.000
  4683.870 	     -0.005
  4684.711 	     -0.010
  4685.553 	      0.012
  4686.395 	      0.009
  4687.237 	     -0.002
  4688.079 	      0.001
  4688.921 	     -0.025
  4689.764 	     -0.041
  4690.606 	     -0.017
  4691.449 	     -0.029
  4692.292 	     -0.001
  4693.135 	      0.007
  4693.978 	      0.000
  4694.821 	     -0.010
  4695.665 	     -0.017
  4696.508 	     -0.035
  4697.352 	     -0.035
  4698.196 	     -0.026
  4699.040 	      0.008
  4699.885 	      0.029
  4700.729 	      0.023
  4701.574 	      0.028
  4702.418 	      0.006
  4703.263 	     -0.008
  4704.108 	     -0.011
  4704.953 	      0.002
  4705.799 	      0.013
  4706.644 	     -0.016
  4707.490 	     -0.023
  4708.335 	     -0.018
  4709.181 	     -0.021
  4710.027 	     -0.015
  4710.874 	     -0.005
  4711.720 	     -0.004
  4712.567 	     -0.024
  4713.413 	     -0.029
  4714.260 	     -0.019
  4715.107 	      0.001
  4715.954 	      0.009
  4716.802 	     -0.011
  4717.649 	     -0.035
  4718.497 	     -0.048
  4719.344 	     -0.057
  4720.192 	     -0.042
  4721.040 	     -0.022
  4721.888 	     -0.011
  4722.737 	     -0.006
  4723.585 	     -0.015
  4724.434 	     -0.014
  4725.283 	     -0.031
  4726.132 	     -0.028
  4726.981 	     -0.013
  4727.830 	     -0.021
  4728.680 	      0.006
  4729.529 	      0.000
  4730.379 	      0.007
  4731.229 	     -0.000
  4732.079 	     -0.003
  4732.929 	      0.018
  4733.779 	      0.030
  4734.630 	      0.015
  4735.480 	      0.047
  4736.331 	      0.042
  4737.182 	      0.014
  4738.033 	     -0.011
  4738.885 	     -0.007
  4739.736 	      0.002
  4740.588 	     -0.019
  4741.439 	     -0.017
  4742.291 	      0.003
  4743.143 	      0.014
  4743.995 	     -0.004
  4744.848 	     -0.018
  4745.700 	     -0.023
  4746.553 	     -0.027
  4747.406 	     -0.001
  4748.259 	      0.010
  4749.112 	     -0.007
  4749.965 	     -0.020
  4750.818 	     -0.013
  4751.672 	     -0.017
  4752.526 	      0.004
  4753.379 	      0.007
  4754.233 	      0.006
  4755.088 	      0.020
  4755.942 	      0.027
  4756.796 	      0.016
  4757.651 	      0.010
  4758.506 	      0.016
  4759.361 	      0.000
  4760.216 	     -0.019
  4761.071 	      0.010
  4761.926 	      0.019
  4762.782 	      0.013
  4763.638 	     -0.022
  4764.494 	     -0.034
  4765.350 	     -0.032
  4766.206 	     -0.028
  4767.062 	     -0.018
  4767.919 	     -0.004
  4768.775 	     -0.016
  4769.632 	     -0.015
  4770.489 	     -0.010
  4771.346 	     -0.009
  4772.203 	     -0.010
  4773.061 	      0.006
  4773.918 	      0.017
  4774.776 	      0.001
  4775.634 	     -0.002
  4776.492 	     -0.008
  4777.350 	     -0.024
  4778.208 	     -0.044
  4779.067 	     -0.045
  4779.925 	     -0.021
  4780.784 	     -0.029
  4781.643 	     -0.038
  4782.502 	     -0.029
  4783.361 	     -0.005
  4784.221 	      0.010
  4785.080 	     -0.001
  4785.940 	     -0.014
  4786.800 	      0.008
  4787.660 	      0.010
  4788.520 	     -0.001
  4789.381 	     -0.008
  4790.241 	     -0.002
  4791.102 	      0.007
  4791.962 	     -0.009
  4792.823 	     -0.003
  4793.684 	      0.003
  4794.546 	     -0.001
  4795.407 	     -0.002
  4796.269 	      0.031
  4797.130 	     -0.000
  4797.992 	     -0.005
  4798.854 	     -0.023
  4799.717 	     -0.026
  4800.579 	     -0.018
  4801.441 	     -0.014
  4802.304 	     -0.022
  4803.167 	     -0.049
  4804.030 	     -0.029
  4804.893 	      0.006
  4805.756 	      0.020
  4806.620 	      0.013
  4807.483 	      0.005
  4808.347 	      0.016
  4809.211 	     -0.005
  4810.075 	     -0.039
  4810.939 	      0.011
  4811.803 	      0.023
  4812.668 	     -0.008
  4813.533 	     -0.030
  4814.397 	     -0.008
  4815.262 	     -0.013
  4816.128 	      0.001
  4816.993 	      0.006
  4817.858 	      0.004
  4818.724 	      0.000
  4819.590 	      0.000
  4820.456 	      0.018
  4821.322 	      0.015
  4822.188 	      0.001
  4823.054 	      0.004
  4823.921 	      0.007
  4824.787 	     -0.010
  4825.654 	     -0.035
  4826.521 	     -0.019
  4827.388 	     -0.007
  4828.256 	     -0.016
  4829.123 	     -0.024
  4829.991 	     -0.015
  4830.859 	     -0.011
  4831.727 	     -0.018
  4832.595 	     -0.027
  4833.463 	     -0.016
  4834.331 	      0.022
  4835.200 	      0.001
  4836.069 	     -0.018
  4836.937 	     -0.013
  4837.806 	      0.002
  4838.676 	     -0.002
  4839.545 	     -0.015
  4840.415 	      0.001
  4841.284 	      0.003
  4842.154 	      0.012
  4843.024 	      0.013
  4843.894 	      0.009
  4844.764 	      0.007
  4845.635 	     -0.011
  4846.505 	     -0.039
  4847.376 	     -0.024
  4848.247 	     -0.006
  4849.118 	      0.012
  4849.989 	      0.001
  4850.861 	     -0.026
  4851.732 	     -0.012
  4852.604 	      0.025
  4853.476 	     -0.004
  4854.348 	     -0.025
  4855.220 	     -0.026
  4856.092 	     -0.023
  4856.965 	     -0.022
  4857.837 	     -0.019
  4858.710 	     -0.025
  4859.583 	      0.014
  4860.456 	     -0.011
  4861.329 	     -0.015
  4862.203 	     -0.012
  4863.076 	     -0.014
  4863.950 	     -0.017
  4864.824 	     -0.006
  4865.698 	     -0.036
  4866.572 	     -0.048
  4867.447 	     -0.014
  4868.321 	     -0.012
  4869.196 	     -0.016
  4870.071 	     -0.007
  4870.946 	     -0.001
  4871.821 	     -0.052
  4872.696 	     -0.024
  4873.571 	     -0.035
  4874.447 	     -0.034
  4875.323 	     -0.020
  4876.199 	     -0.022
  4877.075 	     -0.029
  4877.951 	     -0.012
  4878.827 	     -0.025
  4879.704 	     -0.033
  4880.581 	     -0.050
  4881.458 	     -0.009
  4882.335 	     -0.009
  4883.212 	     -0.034
  4884.089 	     -0.041
  4884.967 	     -0.032
  4885.844 	     -0.044
  4886.722 	     -0.051
  4887.600 	     -0.048
  4888.478 	     -0.035
  4889.356 	     -0.037
  4890.235 	     -0.028
  4891.114 	      0.005
  4891.992 	      0.014
  4892.871 	      0.022
  4893.750 	     -0.017
  4894.630 	     -0.031
  4895.509 	     -0.039
  4896.388 	     -0.032
  4897.268 	     -0.008
  4898.148 	      0.014
  4899.028 	      0.012
  4899.908 	     -0.028
  4900.789 	     -0.009
  4901.669 	     -0.014
  4902.550 	     -0.019
  4903.431 	     -0.008
  4904.312 	      0.046
  4905.193 	      0.214
  4906.074 	      0.634
  4906.955 	      1.478
  4907.837 	      2.145
  4908.719 	      2.275
  4909.601 	      1.942
  4910.483 	      1.279
  4911.365 	      0.591
  4912.247 	      0.173
  4913.130 	      0.058
  4914.013 	      0.002
  4914.896 	     -0.023
  4915.779 	     -0.020
  4916.662 	      0.000
  4917.545 	      0.000
  4918.429 	     -0.018
  4919.312 	     -0.030
  4920.196 	     -0.029
  4921.080 	     -0.034
  4921.964 	     -0.047
  4922.849 	     -0.042
  4923.733 	     -0.025
  4924.618 	     -0.034
  4925.502 	     -0.052
  4926.387 	     -0.050
  4927.273 	     -0.044
  4928.158 	     -0.050
  4929.043 	     -0.048
  4929.929 	     -0.047
  4930.815 	     -0.039
  4931.700 	     -0.041
  4932.586 	     -0.057
  4933.473 	     -0.065
  4934.359 	     -0.037
  4935.246 	     -0.027
  4936.132 	     -0.022
  4937.019 	     -0.028
  4937.906 	     -0.043
  4938.793 	     -0.051
  4939.681 	     -0.055
  4940.568 	     -0.058
  4941.456 	     -0.062
  4942.344 	     -0.076
  4943.232 	     -0.068
  4944.120 	     -0.079
  4945.008 	     -0.061
  4945.896 	     -0.041
  4946.785 	     -0.052
  4947.674 	     -0.058
  4948.563 	     -0.042
  4949.452 	     -0.048
  4950.341 	     -0.070
  4951.230 	     -0.037
  4952.120 	     -0.040
  4953.010 	     -0.019
  4953.900 	     -0.024
  4954.790 	     -0.038
  4955.680 	     -0.045
  4956.570 	     -0.042
  4957.461 	     -0.021
  4958.351 	     -0.047
  4959.242 	     -0.041
  4960.133 	     -0.036
  4961.024 	     -0.016
  4961.916 	     -0.018
  4962.807 	     -0.022
  4963.699 	     -0.019
  4964.591 	     -0.029
  4965.483 	     -0.011
  4966.375 	     -0.060
  4967.267 	     -0.030
  4968.159 	     -0.019
  4969.052 	     -0.039
  4969.945 	     -0.031
  4970.838 	     -0.030
  4971.731 	     -0.059
  4972.624 	     -0.058
  4973.518 	     -0.039
  4974.411 	     -0.058
  4975.305 	     -0.047
  4976.199 	     -0.025
  4977.093 	     -0.043
  4977.987 	     -0.053
  4978.881 	     -0.040
  4979.776 	     -0.021
  4980.671 	     -0.004
  4981.565 	     -0.011
  4982.460 	     -0.042
  4983.356 	     -0.018
  4984.251 	     -0.018
  4985.146 	     -0.011
  4986.042 	     -0.021
  4986.938 	     -0.033
  4987.834 	     -0.031
  4988.730 	     -0.035
  4989.626 	     -0.052
  4990.523 	     -0.056
  4991.419 	     -0.041
  4992.316 	     -0.033
  4993.213 	     -0.047
  4994.110 	     -0.049
  4995.007 	     -0.042
  4995.905 	     -0.037
  4996.802 	     -0.028
  4997.700 	     -0.040
  4998.598 	     -0.062
  4999.496 	     -0.036
  5000.394 	     -0.036
  5001.293 	     -0.047
  5002.191 	     -0.039
  5003.090 	     -0.020
  5003.989 	      0.001
  5004.888 	      0.028
  5005.787 	      0.042
  5006.687 	      0.058
  5007.586 	      0.064
  5008.486 	      0.059
  5009.386 	      0.039
  5010.286 	      0.008
  5011.186 	     -0.013
  5012.086 	     -0.009
  5012.987 	      0.010
  5013.887 	      0.008
  5014.788 	      0.003
  5015.689 	      0.013
  5016.590 	     -0.027
  5017.492 	     -0.041
  5018.393 	     -0.035
  5019.295 	     -0.031
  5020.197 	     -0.027
  5021.098 	     -0.023
  5022.001 	     -0.036
  5022.903 	     -0.033
  5023.805 	     -0.040
  5024.708 	     -0.053
  5025.611 	     -0.032
  5026.514 	     -0.028
  5027.417 	     -0.031
  5028.320 	     -0.015
  5029.223 	      0.007
  5030.127 	      0.003
  5031.031 	     -0.022
  5031.935 	     -0.047
  5032.839 	     -0.062
  5033.743 	     -0.024
  5034.647 	     -0.022
  5035.552 	     -0.013
  5036.456 	     -0.032
  5037.361 	     -0.065
  5038.266 	     -0.076
  5039.172 	     -0.060
  5040.077 	     -0.042
  5040.982 	     -0.041
  5041.888 	     -0.030
  5042.794 	     -0.016
  5043.700 	     -0.013
  5044.606 	     -0.033
  5045.513 	     -0.030
  5046.419 	     -0.015
  5047.326 	     -0.011
  5048.233 	     -0.018
  5049.140 	     -0.044
  5050.047 	     -0.057
  5050.954 	     -0.019
  5051.861 	      0.024
  5052.769 	      0.028
  5053.677 	      0.112
  5054.585 	      0.183
  5055.493 	      0.236
  5056.401 	      0.259
  5057.310 	      0.221
  5058.218 	      0.177
  5059.127 	      0.107
  5060.036 	      0.043
  5060.945 	      0.020
  5061.855 	     -0.019
  5062.764 	     -0.014
  5063.674 	     -0.009
  5064.583 	     -0.007
  5065.493 	     -0.015
  5066.403 	     -0.036
  5067.314 	     -0.041
  5068.224 	     -0.018
  5069.135 	     -0.023
  5070.045 	     -0.038
  5070.956 	     -0.019
  5071.867 	     -0.007
  5072.779 	     -0.018
  5073.690 	     -0.021
  5074.602 	     -0.022
  5075.513 	     -0.030
  5076.425 	     -0.028
  5077.337 	     -0.021
  5078.249 	     -0.043
  5079.162 	     -0.028
  5080.074 	     -0.042
  5080.987 	     -0.034
  5081.900 	     -0.009
  5082.813 	      0.012
  5083.726 	      0.017
  5084.640 	     -0.000
  5085.553 	     -0.028
  5086.467 	     -0.032
  5087.381 	     -0.004
  5088.295 	     -0.019
  5089.209 	     -0.006
  5090.123 	     -0.008
  5091.038 	     -0.002
  5091.952 	     -0.012
  5092.867 	     -0.021
  5093.782 	     -0.007
  5094.697 	      0.006
  5095.613 	     -0.013
  5096.528 	     -0.030
  5097.444 	     -0.006
  5098.360 	     -0.001
  5099.276 	     -0.009
  5100.192 	     -0.002
  5101.108 	     -0.010
  5102.025 	     -0.019
  5102.941 	     -0.020
  5103.858 	     -0.019
  5104.775 	     -0.019
  5105.692 	     -0.018
  5106.610 	     -0.023
  5107.527 	     -0.031
  5108.445 	     -0.008
  5109.363 	      0.005
  5110.281 	      0.008
  5111.199 	      0.018
  5112.117 	      0.021
  5113.036 	      0.011
  5113.954 	     -0.002
  5114.873 	     -0.004
  5115.792 	      0.006
  5116.711 	      0.015
  5117.630 	      0.005
  5118.550 	     -0.007
  5119.469 	     -0.028
  5120.389 	     -0.025
  5121.309 	     -0.013
  5122.229 	      0.002
  5123.150 	      0.007
  5124.070 	      0.014
  5124.991 	      0.015
  5125.911 	      0.008
  5126.832 	      0.004
  5127.753 	      0.015
  5128.675 	      0.040
  5129.596 	      0.015
  5130.518 	     -0.005
  5131.440 	      0.008
  5132.362 	      0.004
  5133.284 	     -0.006
  5134.206 	     -0.001
  5135.128 	     -0.007
  5136.051 	     -0.019
  5136.974 	     -0.012
  5137.897 	      0.009
  5138.820 	      0.017
  5139.743 	     -0.010
  5140.666 	     -0.016
  5141.590 	      0.015
  5142.514 	     -0.004
  5143.438 	      0.007
  5144.362 	     -0.009
  5145.286 	     -0.005
  5146.211 	      0.004
  5147.135 	      0.000
  5148.060 	     -0.014
  5148.985 	     -0.027
  5149.910 	     -0.017
  5150.835 	     -0.031
  5151.761 	     -0.006
  5152.686 	     -0.022
  5153.612 	     -0.021
  5154.538 	     -0.002
  5155.464 	      0.023
  5156.390 	      0.005
  5157.317 	     -0.014
  5158.243 	     -0.004
  5159.170 	      0.007
  5160.097 	      0.001
  5161.024 	      0.013
  5161.951 	      0.027
  5162.879 	      0.003
  5163.806 	      0.020
  5164.734 	     -0.016
  5165.662 	      0.021
  5166.590 	     -0.007
  5167.518 	     -0.005
  5168.447 	     -0.003
  5169.375 	      0.012
  5170.304 	      0.028
  5171.233 	      0.019
  5172.162 	      0.013
  5173.091 	      0.038
  5174.021 	      0.023
  5174.950 	      0.058
  5175.880 	      0.002
  5176.810 	      0.008
  5177.740 	     -0.034
  5178.670 	     -0.003
  5179.601 	     -0.001
  5180.531 	      0.001
  5181.462 	     -0.008
  5182.393 	     -0.022
  5183.324 	     -0.021
  5184.255 	     -0.003
  5185.187 	      0.021
  5186.118 	      0.009
  5187.050 	      0.001
  5187.982 	      0.023
  5188.914 	      0.022
  5189.846 	     -0.003
  5190.779 	      0.022
  5191.712 	      0.059
  5192.644 	      0.045
  5193.577 	      0.036
  5194.510 	      0.044
  5195.444 	      0.053
  5196.377 	      0.059
  5197.311 	      0.058
  5198.244 	      0.055
  5199.178 	      0.052
  5200.112 	      0.050
  5201.047 	      0.048
  5201.981 	      0.047
  5202.916 	      0.043
  5203.851 	      0.037
  5204.786 	      0.028
  5205.721 	      0.016
  5206.656 	      0.003
  5207.591 	     -0.008
  5208.527 	     -0.017
  5209.463 	     -0.021
  5210.399 	     -0.021
  5211.335 	     -0.016
  5212.271 	     -0.007
  5213.208 	      0.007
  5214.144 	      0.027
  5215.081 	      0.051
  5216.018 	      0.078
  5216.955 	      0.103
  5217.892 	      0.119
  5218.830 	      0.124
  5219.768 	      0.120
  5220.705 	      0.113
  5221.643 	      0.108
  5222.582 	      0.101
  5223.520 	      0.086
  5224.458 	      0.062
  5225.397 	      0.031
  5226.336 	      0.003
  5227.275 	     -0.018
  5228.214 	     -0.029
  5229.153 	     -0.029
  5230.093 	     -0.019
  5231.032 	     -0.001
  5231.972 	      0.021
  5232.912 	      0.042
  5233.852 	      0.046
  5234.793 	      0.033
  5235.733 	      0.019
  5236.674 	      0.013
  5237.615 	      0.022
  5238.556 	      0.033
  5239.497 	      0.022
  5240.438 	      0.034
  5241.380 	      0.043
  5242.322 	      0.027
  5243.263 	      0.030
  5244.205 	      0.042
  5245.148 	      0.052
  5246.090 	      0.074
  5247.033 	      0.110
  5247.975 	      0.146
  5248.918 	      0.163
  5249.861 	      0.152
  5250.804 	      0.123
  5251.748 	      0.089
  5252.691 	      0.059
  5253.635 	      0.054
  5254.579 	      0.048
  5255.523 	      0.039
  5256.467 	      0.057
  5257.412 	      0.059
  5258.356 	      0.039
  5259.301 	      0.050
  5260.246 	      0.052
  5261.191 	      0.028
  5262.136 	      0.016
  5263.082 	      0.006
  5264.027 	     -0.006
  5264.973 	     -0.001
  5265.919 	      0.009
  5266.865 	      0.003
  5267.811 	      0.002
  5268.758 	      0.015
  5269.704 	      0.021
  5270.651 	      0.010
  5271.598 	     -0.004
  5272.545 	     -0.009
  5273.493 	      0.008
  5274.440 	      0.009
  5275.388 	      0.016
  5276.335 	      0.025
  5277.283 	      0.031
  5278.232 	      0.030
  5279.180 	      0.027
  5280.128 	      0.030
  5281.077 	      0.018
  5282.026 	     -0.004
  5282.975 	     -0.002
  5283.924 	     -0.001
  5284.873 	      0.000
  5285.823 	      0.002
  5286.773 	      0.018
  5287.722 	      0.020
  5288.672 	      0.010
  5289.623 	     -0.004
  5290.573 	      0.003
  5291.523 	      0.012
  5292.474 	      0.034
  5293.425 	      0.024
  5294.376 	      0.021
  5295.327 	      0.029
  5296.279 	      0.023
  5297.230 	      0.016
  5298.182 	      0.023
  5299.134 	      0.027
  5300.086 	      0.020
  5301.038 	      0.006
  5301.991 	      0.010
  5302.943 	      0.031
  5303.896 	      0.021
  5304.849 	      0.007
  5305.802 	     -0.009
  5306.755 	     -0.012
  5307.709 	      0.009
  5308.662 	      0.006
  5309.616 	      0.005
  5310.570 	     -0.021
  5311.524 	     -0.003
  5312.478 	      0.001
  5313.433 	     -0.003
  5314.388 	     -0.004
  5315.342 	      0.011
  5316.297 	      0.036
  5317.252 	      0.039
  5318.208 	      0.033
  5319.163 	      0.028
  5320.119 	      0.022
  5321.075 	      0.004
  5322.031 	      0.002
  5322.987 	      0.028
  5323.943 	      0.001
  5324.900 	      0.038
  5325.857 	     -0.011
  5326.813 	     -0.008
  5327.770 	      0.025
  5328.728 	      0.003
  5329.685 	     -0.001
  5330.643 	     -0.017
  5331.600 	     -0.032
  5332.558 	     -0.027
  5333.516 	      0.000
  5334.475 	      0.023
  5335.433 	      0.009
  5336.392 	     -0.004
  5337.350 	      0.016
  5338.309 	     -0.005
  5339.268 	     -0.044
  5340.228 	     -0.028
  5341.187 	      0.010
  5342.147 	      0.020
  5343.107 	     -0.018
  5344.067 	      0.023
  5345.027 	      0.011
  5345.987 	      0.001
  5346.947 	     -0.043
  5347.908 	     -0.009
  5348.869 	     -0.007
  5349.830 	      0.002
  5350.791 	      0.030
  5351.752 	      0.006
  5352.714 	     -0.024
  5353.676 	     -0.011
  5354.638 	      0.011
  5355.600 	      0.010
  5356.562 	     -0.005
  5357.524 	     -0.023
  5358.487 	     -0.035
  5359.449 	     -0.026
  5360.412 	     -0.039
  5361.375 	     -0.027
  5362.339 	     -0.027
  5363.302 	     -0.000
  5364.266 	     -0.037
  5365.230 	     -0.024
  5366.193 	     -0.039
  5367.158 	     -0.019
  5368.122 	      0.003
  5369.086 	     -0.018
  5370.051 	     -0.010
  5371.016 	     -0.017
  5371.981 	     -0.010
  5372.946 	     -0.013
  5373.911 	     -0.003
  5374.877 	     -0.026
  5375.842 	     -0.038
  5376.808 	     -0.009
  5377.774 	      0.001
  5378.741 	     -0.015
  5379.707 	     -0.016
  5380.673 	     -0.002
  5381.640 	     -0.002
  5382.607 	     -0.014
  5383.574 	     -0.058
  5396.162 	     -0.052
  5397.131 	     -0.035
  5398.101 	     -0.024
  5399.071 	     -0.033
  5400.041 	     -0.045
  5401.011 	     -0.050
  5401.981 	     -0.036
  5402.952 	     -0.018
  5403.923 	     -0.014
  5404.894 	     -0.021
  5405.865 	     -0.027
  5406.836 	     -0.016
  5407.807 	     -0.026
  5408.779 	     -0.033
  5409.751 	     -0.037
  5410.723 	     -0.025
  5411.695 	     -0.015
  5412.667 	     -0.042
  5413.639 	     -0.035
  5414.612 	     -0.038
  5415.585 	     -0.023
  5416.558 	     -0.023
  5417.531 	     -0.001
  5418.504 	      0.002
  5419.478 	     -0.038
  5420.452 	     -0.037
  5421.426 	     -0.027
  5422.400 	     -0.027
  5423.374 	     -0.038
  5424.348 	     -0.031
  5425.323 	     -0.015
  5426.297 	     -0.052
  5427.272 	     -0.079
  5428.247 	     -0.051
  5429.223 	     -0.033
  5430.198 	     -0.035
  5431.174 	     -0.021
  5432.150 	     -0.020
  5433.126 	     -0.040
  5434.102 	     -0.036
  5435.078 	     -0.017
  5436.055 	     -0.017
  5437.031 	     -0.029
  5438.008 	     -0.044
  5438.985 	     -0.038
  5439.962 	     -0.044
  5440.940 	     -0.049
  5441.917 	     -0.023
  5442.895 	     -0.023
  5443.873 	     -0.008
  5444.851 	     -0.018
  5445.829 	     -0.007
  5446.808 	     -0.024
  5447.786 	     -0.008
  5448.765 	     -0.021
  5449.744 	     -0.047
  5450.723 	     -0.018
  5451.702 	     -0.034
  5452.682 	     -0.013
  5453.661 	     -0.025
  5454.641 	     -0.017
  5455.621 	     -0.012
  5456.601 	     -0.013
  5457.582 	     -0.018
  5458.562 	     -0.014
  5459.543 	     -0.036
  5460.524 	     -0.030
  5461.505 	     -0.026
  5462.486 	     -0.026
  5463.468 	     -0.022
  5464.449 	     -0.022
  5465.431 	     -0.026
  5466.413 	     -0.035
  5467.395 	     -0.028
  5468.377 	     -0.019
  5469.360 	     -0.021
  5470.343 	     -0.010
  5471.325 	     -0.010
  5472.308 	     -0.027
  5473.292 	     -0.033
  5474.275 	     -0.031
  5475.258 	     -0.010
  5476.242 	      0.001
  5477.226 	      0.010
  5478.210 	     -0.006
  5479.194 	     -0.005
  5480.179 	     -0.002
  5481.163 	     -0.024
  5482.148 	      0.005
  5483.133 	      0.018
  5484.118 	     -0.010
  5485.104 	     -0.009
  5486.089 	     -0.035
  5487.075 	     -0.044
  5488.060 	     -0.040
  5489.047 	     -0.022
  5490.033 	     -0.010
  5491.019 	     -0.014
  5492.006 	     -0.011
  5492.992 	     -0.034
  5493.979 	     -0.041
  5494.966 	     -0.023
  5495.954 	     -0.016
  5496.941 	     -0.029
  5497.929 	     -0.012
  5498.916 	     -0.012
  5499.904 	     -0.025
  5500.892 	     -0.030
  5501.881 	     -0.027
  5502.869 	     -0.017
  5503.858 	     -0.024
  5504.847 	     -0.042
  5505.836 	     -0.028
  5506.825 	     -0.012
  5507.814 	     -0.016
  5508.804 	     -0.016
  5509.794 	     -0.007
  5510.784 	     -0.004
  5511.774 	     -0.009
  5512.764 	     -0.010
  5513.754 	      0.000
  5514.745 	      0.002
  5515.736 	     -0.007
  5516.727 	     -0.004
  5517.718 	      0.004
  5518.709 	     -0.003
  5519.701 	     -0.016
  5520.693 	     -0.019
  5521.684 	     -0.012
  5522.677 	     -0.006
  5523.669 	     -0.016
  5524.661 	     -0.027
  5525.654 	     -0.006
  5526.647 	      0.010
  5527.639 	      0.006
  5528.633 	      0.003
  5529.626 	     -0.008
  5530.619 	      0.003
  5531.613 	      0.007
  5532.607 	      0.001
  5533.601 	     -0.009
  5534.595 	     -0.007
  5535.589 	     -0.010
  5536.584 	     -0.015
  5537.579 	      0.009
  5538.574 	     -0.004
  5539.569 	     -0.012
  5540.564 	     -0.012
  5541.559 	     -0.010
  5542.555 	     -0.020
  5543.551 	     -0.035
  5544.547 	     -0.010
  5545.543 	     -0.028
  5546.539 	     -0.056
  5547.536 	     -0.037
  5548.533 	     -0.001
  5549.529 	     -0.009
  5550.527 	     -0.028
  5551.524 	     -0.021
  5552.521 	     -0.027
  5553.519 	     -0.007
  5554.517 	     -0.019
  5555.514 	     -0.030
  5556.513 	     -0.018
  5557.511 	     -0.024
  5558.509 	     -0.042
  5559.508 	     -0.041
  5560.507 	     -0.021
  5561.506 	     -0.001
  5562.505 	     -0.013
  5563.505 	     -0.041
  5564.504 	     -0.029
  5565.504 	     -0.029
  5566.504 	     -0.034
  5567.504 	     -0.009
  5568.504 	     -0.022
  5569.505 	     -0.022
  5570.505 	     -0.014
  5571.506 	     -0.014
  5572.507 	     -0.021
  5573.508 	     -0.028
  5574.510 	     -0.048
  5575.511 	     -0.031
  5576.513 	     -0.030
  5577.515 	     -0.054
  5578.517 	     -0.067
  5579.519 	      0.002
  5580.522 	      0.016
  5581.524 	     -0.025
  5582.527 	     -0.041
  5583.530 	     -0.037
  5584.533 	     -0.036
  5585.537 	     -0.021
  5586.540 	     -0.023
  5587.544 	     -0.046
  5588.548 	     -0.049
  5589.552 	     -0.027
  5590.556 	     -0.032
  5591.560 	     -0.048
  5592.565 	     -0.045
  5593.570 	     -0.041
  5594.575 	     -0.039
  5595.580 	     -0.023
  5596.585 	     -0.029
  5597.591 	     -0.028
  5598.596 	     -0.029
  5599.602 	     -0.045
  5600.608 	     -0.026
  5601.615 	     -0.037
  5602.621 	     -0.054
  5603.628 	     -0.047
  5604.634 	     -0.032
  5605.641 	     -0.048
  5606.649 	     -0.056
  5607.656 	     -0.062
  5608.663 	     -0.048
  5609.671 	     -0.026
  5610.679 	     -0.041
  5611.687 	     -0.055
  5612.695 	     -0.018
  5613.704 	     -0.015
  5614.712 	     -0.034
  5615.721 	     -0.044
  5616.730 	     -0.049
  5617.739 	     -0.062
  5618.748 	     -0.062
  5619.758 	     -0.040
  5620.767 	     -0.048
  5621.777 	     -0.042
  5622.787 	     -0.025
  5623.798 	     -0.027
  5624.808 	     -0.023
  5625.819 	     -0.022
  5626.829 	     -0.036
  5627.840 	     -0.051
  5628.851 	     -0.030
  5629.863 	     -0.013
  5630.874 	     -0.021
  5631.886 	     -0.034
  5632.898 	     -0.057
  5633.910 	     -0.044
  5634.922 	     -0.046
  5635.934 	     -0.044
  5636.947 	     -0.039
  5637.960 	     -0.039
  5638.973 	     -0.036
  5639.986 	     -0.024
  5640.999 	     -0.033
  5642.013 	     -0.051
  5643.026 	     -0.038
  5644.040 	     -0.040
  5645.054 	     -0.061
  5646.068 	     -0.081
  5647.083 	     -0.070
  5648.097 	     -0.073
  5649.112 	     -0.073
  5650.127 	     -0.047
  5651.142 	     -0.034
  5652.157 	     -0.047
  5653.173 	     -0.070
  5654.189 	     -0.065
  5655.205 	     -0.061
  5656.221 	     -0.052
  5657.237 	     -0.068
  5658.253 	     -0.060
  5659.270 	     -0.045
  5660.287 	     -0.070
  5661.304 	     -0.073
  5662.321 	     -0.083
  5663.338 	     -0.090
  5664.355 	     -0.066
  5665.373 	     -0.083
  5666.391 	     -0.077
  5667.409 	     -0.084
  5668.427 	     -0.113
  5669.446 	     -0.092
  5670.464 	     -0.051
  5671.483 	     -0.056
  5672.502 	     -0.097
  5673.521 	     -0.082
  5674.541 	     -0.087
  5675.560 	     -0.063
  5676.580 	     -0.082
  5677.600 	     -0.094
  5678.620 	     -0.068
  5679.640 	     -0.064
  5680.660 	     -0.076
  5681.681 	     -0.089
  5682.702 	     -0.090
  5683.723 	     -0.083
  5684.744 	     -0.078
  5685.765 	     -0.096
  5686.787 	     -0.107
  5687.809 	     -0.100
  5688.830 	     -0.084
  5689.853 	     -0.085
  5690.875 	     -0.090
  5691.897 	     -0.102
  5692.920 	     -0.102
  5693.943 	     -0.111
  5694.966 	     -0.116
  5695.989 	     -0.108
  5697.012 	     -0.103
  5698.036 	     -0.100
  5699.060 	     -0.114
  5700.084 	     -0.102
  5701.108 	     -0.106
  5702.132 	     -0.123
  5703.156 	     -0.128
  5704.181 	     -0.125
  5705.206 	     -0.122
  5706.231 	     -0.128
  5707.256 	     -0.107
  5708.282 	     -0.110
  5709.307 	     -0.117
  5710.333 	     -0.118
  5711.359 	     -0.132
  5712.385 	     -0.121
  5713.411 	     -0.102
  5714.438 	     -0.083
  5715.464 	     -0.107
  5716.491 	     -0.114
  5717.518 	     -0.116
  5718.546 	     -0.127
  5719.573 	     -0.157
  5720.601 	     -0.132
  5721.628 	     -0.149
  5722.656 	     -0.138
  5723.685 	     -0.133
  5724.713 	     -0.151
  5725.741 	     -0.100
  5726.770 	     -0.138
  5727.799 	     -0.150
  5728.828 	     -0.136
  5729.857 	     -0.131
  5730.887 	     -0.135
  5731.916 	     -0.166
  5732.946 	     -0.128
  5733.976 	     -0.143
  5735.007 	     -0.132
  5736.037 	     -0.117
  5737.067 	     -0.134
  5738.098 	     -0.134
  5739.129 	     -0.121
  5740.160 	     -0.124
  5741.192 	     -0.138
  5742.223 	     -0.117
  5743.255 	     -0.129
  5744.287 	     -0.131
  5745.319 	     -0.131
  5746.351 	     -0.143
  5747.383 	     -0.125
  5748.416 	     -0.116
  5749.449 	     -0.115
  5750.482 	     -0.143
  5751.515 	     -0.143
  5752.548 	     -0.116
  5753.582 	     -0.130
  5754.615 	     -0.142
  5755.649 	     -0.123
  5756.683 	     -0.128
  5757.718 	     -0.123
  5758.752 	     -0.118
  5759.787 	     -0.137
  5760.822 	     -0.157
  5761.857 	     -0.146
  5762.892 	     -0.151
  5763.927 	     -0.156
  5764.963 	     -0.142
  5765.999 	     -0.143
  5767.035 	     -0.130
  5768.071 	     -0.127
  5769.107 	     -0.145
  5770.143 	     -0.133
  5771.180 	     -0.173
  5772.217 	     -0.160
  5773.254 	     -0.165
  5774.291 	     -0.137
  5775.329 	     -0.136
  5776.366 	     -0.160
  5777.404 	     -0.169
  5778.442 	     -0.182
  5779.480 	     -0.194
  5780.519 	     -0.187
  5781.557 	     -0.181
  5782.596 	     -0.159
  5783.635 	     -0.146
  5784.674 	     -0.143
  5785.713 	     -0.142
  5786.753 	     -0.152
  5787.793 	     -0.161
  5788.832 	     -0.149
  5789.873 	     -0.153
  5790.913 	     -0.173
  5791.953 	     -0.197
  5792.994 	     -0.184
  5794.035 	     -0.173
  5795.076 	     -0.166
  5796.117 	     -0.150
  5797.158 	     -0.163
  5798.200 	     -0.106
  5799.241 	     -0.135
  5800.283 	     -0.121
  5801.325 	     -0.149
  5802.368 	     -0.123
  5803.410 	     -0.135
  5804.453 	     -0.171
  5805.496 	     -0.166
  5806.539 	     -0.158
  5807.582 	     -0.163
  5808.625 	     -0.170
  5809.669 	     -0.154
  5810.713 	     -0.140
  5811.757 	     -0.133
  5812.801 	     -0.144
  5813.845 	     -0.143
  5814.890 	     -0.137
  5815.935 	     -0.146
  5816.980 	     -0.172
  5818.025 	     -0.164
  5819.070 	     -0.141
  5820.115 	     -0.146
  5821.161 	     -0.148
  5822.207 	     -0.136
  5823.253 	     -0.139
  5824.299 	     -0.137
  5825.346 	     -0.156
  5826.392 	     -0.160
  5827.439 	     -0.144
  5828.486 	     -0.154
  5829.533 	     -0.168
  5830.581 	     -0.183
  5831.628 	     -0.166
  5832.676 	     -0.136
  5833.724 	     -0.150
  5834.772 	     -0.153
  5835.820 	     -0.164
  5836.869 	     -0.153
  5837.917 	     -0.134
  5838.966 	     -0.076
  5840.015 	     -0.090
  5841.065 	     -0.143
  5842.114 	     -0.153
  5843.164 	     -0.124
  5844.213 	     -0.133
  5845.263 	     -0.144
  5846.314 	     -0.129
  5847.364 	     -0.111
  5848.415 	     -0.115
  5849.465 	     -0.125
  5850.516 	     -0.133
  5851.567 	     -0.144
  5852.619 	     -0.150
  5853.670 	     -0.161
  5854.722 	     -0.138
  5855.774 	     -0.124
  5856.826 	     -0.136
  5857.878 	     -0.139
  5858.931 	     -0.144
  5859.983 	     -0.127
  5861.036 	     -0.109
  5862.089 	     -0.104
  5863.142 	     -0.112
  5864.196 	     -0.128
  5865.249 	     -0.134
  5866.303 	     -0.114
  5867.357 	     -0.086
  5868.411 	     -0.086
  5869.466 	     -0.097
  5870.520 	     -0.092
  5871.575 	     -0.086
  5872.630 	     -0.078
  5873.685 	     -0.083
  5874.740 	     -0.096
  5875.796 	     -0.094
  5876.851 	     -0.092
  5877.907 	     -0.093
  5878.963 	     -0.080
  5880.019 	     -0.083
  5881.076 	     -0.091
  5882.133 	     -0.087
  5883.189 	     -0.078
  5884.246 	     -0.086
  5885.304 	     -0.086
  5886.361 	     -0.077
  5887.419 	     -0.115
  5888.476 	     -0.168
  5889.534 	     -0.187
  5890.592 	     -0.171
  5891.651 	     -0.121
  5892.709 	     -0.096
  5893.768 	     -0.115
  5894.827 	     -0.121
  5895.886 	     -0.128
  5896.945 	     -0.123
  5898.005 	     -0.093
  5899.064 	     -0.070
  5900.124 	     -0.083
  5901.184 	     -0.086
  5902.245 	     -0.060
  5903.305 	     -0.059
  5904.366 	     -0.057
  5905.426 	     -0.060
  5906.487 	     -0.053
  5907.549 	     -0.053
  5908.610 	     -0.050
  5909.671 	     -0.046
  5910.733 	     -0.043
  5911.795 	     -0.045
  5912.857 	     -0.050
  5913.920 	     -0.047
  5914.982 	     -0.041
  5916.045 	     -0.053
  5917.108 	     -0.046
  5918.171 	     -0.042
  5919.234 	     -0.049
  5920.298 	     -0.039
  5921.361 	     -0.037
  5922.425 	     -0.039
  5923.489 	     -0.037
  5924.554 	     -0.026
  5925.618 	     -0.036
  5926.683 	     -0.031
  5927.747 	     -0.017
  5928.812 	     -0.019
  5937.339 	     -0.021
  5938.406 	     -0.001
  5939.473 	     -0.033
  5940.540 	     -0.017
  5941.607 	     -0.015
  5942.675 	     -0.031
  5943.743 	     -0.050
  5944.811 	     -0.077
  5945.879 	     -0.134
  5946.947 	     -0.188
  5948.015 	     -0.257
  5949.084 	     -0.352
  5950.153 	     -0.396
  5951.222 	     -0.386
  5952.291 	     -0.325
  5953.360 	     -0.258
  5954.430 	     -0.243
  5955.500 	     -0.333
  5956.570 	     -0.321
  5957.640 	     -0.276
  5958.710 	     -0.162
  5959.781 	     -0.053
  5960.852 	     -0.009
  5961.923 	      0.009
  5962.994 	     -0.019
  5964.065 	     -0.016
  5965.137 	     -0.013
  5966.209 	     -0.034
  5967.280 	     -0.048
  5968.353 	     -0.005
  5969.425 	      0.003
  5970.497 	     -0.018
  5971.570 	     -0.005
  5972.643 	     -0.033
  5973.716 	     -0.009
  5974.789 	      0.010
  5975.863 	     -0.001
  5976.936 	     -0.011
  5978.010 	      0.020
  5979.084 	      0.022
  5980.158 	     -0.000
  5981.233 	      0.013
  5982.308 	      0.040
  5983.382 	      0.012
  5984.457 	     -0.003
  5985.533 	     -0.019
  5986.608 	      0.022
  5987.684 	      0.022
  5988.759 	      0.010
  5989.835 	      0.033
  5990.911 	      0.031
  5991.988 	      0.003
  5993.064 	     -0.024
  5994.141 	      0.000
  5995.218 	     -0.001
  5996.295 	      0.013
  5997.372 	      0.020
  5998.450 	      0.020
  5999.528 	      0.032
  6000.606 	      0.025
  6001.684 	      0.025
  6002.762 	      0.034
  6003.840 	      0.030
  6004.919 	      0.029
  6005.998 	      0.006
  6007.077 	      0.013
  6008.156 	      0.014
  6009.236 	      0.004
  6010.315 	      0.002
  6011.395 	      0.006
  6012.475 	      0.023
  6013.556 	      0.037
  6014.636 	      0.037
  6015.717 	      0.034
  6016.797 	      0.035
  6017.878 	      0.025
  6018.960 	      0.010
  6020.041 	      0.017
  6021.123 	      0.018
  6022.204 	      0.022
  6023.286 	      0.027
  6024.369 	      0.018
  6025.451 	      0.024
  6026.534 	      0.033
  6027.616 	      0.031
  6028.699 	      0.015
  6029.782 	      0.014
  6030.866 	      0.031
  6031.949 	      0.009
  6033.033 	      0.001
  6034.117 	      0.027
  6035.201 	      0.040
  6036.285 	      0.044
  6037.370 	      0.037
  6038.455 	      0.034
  6039.539 	      0.050
  6040.625 	      0.047
  6041.710 	      0.023
  6042.795 	      0.019
  6043.881 	      0.025
  6044.967 	      0.026
  6046.053 	      0.031
  6047.139 	      0.003
  6048.226 	     -0.001
  6049.312 	      0.027
  6050.399 	      0.059
  6051.486 	      0.048
  6052.573 	      0.042
  6053.661 	      0.033
  6054.749 	      0.041
  6055.836 	      0.056
  6056.924 	      0.037
  6058.013 	      0.032
  6059.101 	      0.053
  6060.190 	      0.073
  6061.278 	      0.055
  6062.367 	      0.033
  6063.457 	      0.022
  6064.546 	      0.035
  6065.636 	      0.054
  6066.725 	      0.049
  6067.815 	      0.058
  6068.906 	      0.069
  6069.996 	      0.056
  6071.086 	      0.054
  6072.177 	      0.057
  6073.268 	      0.031
  6074.359 	      0.061
  6075.451 	      0.065
  6076.542 	      0.062
  6077.634 	      0.075
  6078.726 	      0.081
  6079.818 	      0.064
  6080.910 	      0.054
  6082.003 	      0.063
  6083.096 	      0.074
  6084.189 	      0.069
  6085.282 	      0.060
  6086.375 	      0.070
  6087.468 	      0.064
  6088.562 	      0.072
  6089.656 	      0.077
  6090.750 	      0.093
  6091.844 	      0.114
  6092.939 	      0.097
  6094.034 	      0.055
  6095.129 	      0.076
  6096.224 	      0.083
  6097.319 	      0.104
  6098.414 	      0.109
  6099.510 	      0.091
  6100.606 	      0.103
  6101.702 	      0.081
  6102.798 	      0.058
  6103.895 	      0.065
  6104.991 	      0.063
  6106.088 	      0.075
  6107.185 	      0.094
  6108.282 	      0.053
  6109.380 	      0.059
  6110.478 	      0.073
  6111.575 	      0.051
  6112.673 	      0.066
  6113.772 	      0.056
  6114.870 	      0.048
  6115.969 	      0.061
  6117.068 	      0.063
  6118.167 	      0.038
  6119.266 	      0.021
  6120.365 	      0.053
  6121.465 	      0.070
  6122.565 	      0.017
  6123.665 	     -0.004
  6124.765 	      0.038
  6125.865 	      0.037
  6126.966 	      0.033
  6128.067 	      0.031
  6129.168 	      0.032
  6130.269 	      0.036
  6131.370 	      0.042
  6132.472 	      0.050
  6133.574 	      0.061
  6134.676 	      0.073
  6135.778 	      0.088
  6136.880 	      0.104
  6137.983 	      0.118
  6139.086 	      0.130
  6140.189 	      0.140
  6141.292 	      0.148
  6142.395 	      0.156
  6143.499 	      0.162
  6144.602 	      0.168
  6145.706 	      0.175
  6146.811 	      0.144
  6147.915 	      0.130
  6149.020 	      0.129
  6150.124 	      0.125
  6151.229 	      0.121
  6152.334 	      0.124
  6153.440 	      0.137
  6154.545 	      0.148
  6155.651 	      0.141
  6156.757 	      0.120
  6174.479 	      0.133
  6175.589 	      0.144
  6176.698 	      0.152
  6177.808 	      0.160
  6178.918 	      0.174
  6180.028 	      0.157
  6181.138 	      0.187
  6182.249 	      0.165
  6183.360 	      0.151
  6184.471 	      0.160
  6185.582 	      0.164
  6186.693 	      0.121
  6187.805 	      0.132
  6188.916 	      0.156
  6190.028 	      0.144
  6191.140 	      0.166
  6192.253 	      0.163
  6193.365 	      0.147
  6194.478 	      0.158
  6195.591 	      0.150
  6196.704 	      0.140
  6197.817 	      0.149
  6198.931 	      0.163
  6200.045 	      0.145
  6201.159 	      0.181
  6202.273 	      0.193
  6203.387 	      0.142
  6204.502 	      0.149
  6205.616 	      0.144
  6206.731 	      0.173
  6207.846 	      0.159
  6208.962 	      0.134
  6210.077 	      0.129
  6211.193 	      0.141
  6212.309 	      0.150
  6213.425 	      0.152
  6214.541 	      0.125
  6215.658 	      0.138
  6216.775 	      0.155
  6217.892 	      0.150
  6219.009 	      0.144
  6220.126 	      0.132
  6221.244 	      0.151
  6222.361 	      0.145
  6223.479 	      0.164
  6224.597 	      0.139
  6225.716 	      0.136
  6226.834 	      0.147
  6227.953 	      0.146
  6229.072 	      0.129
  6230.191 	      0.130
  6231.310 	      0.131
  6232.430 	      0.159
  6233.550 	      0.171
  6234.670 	      0.156
  6235.790 	      0.162
  6236.910 	      0.157
  6238.031 	      0.142
  6239.152 	      0.154
  6240.272 	      0.153
  6241.394 	      0.145
  6242.515 	      0.136
  6243.637 	      0.161
  6244.758 	      0.143
  6245.880 	      0.126
  6247.002 	      0.138
  6248.125 	      0.142
  6249.247 	      0.149
  6250.370 	      0.159
  6251.493 	      0.151
  6252.616 	      0.154
  6253.740 	      0.140
  6254.863 	      0.143
  6255.987 	      0.162
  6257.111 	      0.203
  6258.235 	      0.238
  6259.360 	      0.230
  6260.484 	      0.212
  6261.609 	      0.204
  6262.734 	      0.194
  6263.859 	      0.185
  6264.985 	      0.177
  6266.110 	      0.171
  6267.236 	      0.168
  6268.362 	      0.166
  6269.488 	      0.167
  6270.615 	      0.172
  6271.741 	      0.178
  6272.868 	      0.187
  6273.995 	      0.196
  6275.122 	      0.201
  6276.250 	      0.201
  6277.377 	      0.196
  6278.505 	      0.189
  6279.633 	      0.183
  6280.761 	      0.177
  6281.890 	      0.171
  6283.018 	      0.163
  6284.147 	      0.155
  6285.276 	      0.149
  6286.406 	      0.145
  6287.535 	      0.144
  6288.665 	      0.147
  6289.795 	      0.153
  6290.925 	      0.157
  6292.055 	      0.155
  6293.185 	      0.145
  6294.316 	      0.129
  6295.447 	      0.114
  6296.578 	      0.104
  6297.709 	      0.102
  6298.841 	      0.105
  6299.972 	      0.111
  6301.104 	      0.146
  6302.236 	      0.170
  6303.369 	      0.143
  6304.501 	      0.139
  6305.634 	      0.162
  6306.767 	      0.155
  6307.900 	      0.166
  6309.033 	      0.156
  6310.167 	      0.161
  6311.300 	      0.149
  6312.434 	      0.137
  6313.568 	      0.128
  6314.703 	      0.143
  6315.837 	      0.174
  6316.972 	      0.155
  6318.107 	      0.158
  6319.242 	      0.144
  6320.377 	      0.159
  6321.513 	      0.164
  6322.649 	      0.145
  6323.785 	      0.148
  6324.921 	      0.143
  6326.057 	      0.133
  6327.194 	      0.143
  6328.331 	      0.166
  6329.468 	      0.159
  6330.605 	      0.143
  6331.742 	      0.136
  6332.880 	      0.146
  6334.017 	      0.159
  6335.155 	      0.139
  6336.294 	      0.120
  6337.432 	      0.107
  6338.571 	      0.122
  6339.710 	      0.136
  6340.849 	      0.122
  6341.988 	      0.117
  6343.127 	      0.112
  6344.267 	      0.092
  6345.407 	      0.070
  6346.547 	      0.056
  6347.687 	      0.069
  6348.827 	      0.102
  6349.968 	      0.120
  6351.109 	      0.106
  6352.250 	      0.097
  6353.391 	      0.112
  6354.533 	      0.126
  6355.674 	      0.153
  6356.816 	      0.173
  6357.958 	      0.166
  6359.101 	      0.197
  6360.243 	      0.292
  6361.386 	      0.361
  6362.529 	      0.364
  6363.672 	      0.309
  6364.815 	      0.246
  6365.959 	      0.200
  6367.103 	      0.168
  6368.247 	      0.152
  6369.391 	      0.127
  6370.535 	      0.123
  6371.680 	      0.122
  6372.824 	      0.116
  6373.969 	      0.108
  6375.115 	      0.098
  6376.260 	      0.120
  6377.406 	      0.115
  6378.551 	      0.100
  6379.697 	      0.120
  6380.844 	      0.123
  6381.990 	      0.115
  6383.137 	      0.102
  6384.283 	      0.101
  6385.430 	      0.108
  6386.578 	      0.136
  6387.725 	      0.145
  6388.873 	      0.143
  6390.021 	      0.147
  6391.169 	      0.160
  6392.317 	      0.124
  6393.465 	      0.135
  6394.614 	      0.138
  6395.763 	      0.123
  6396.912 	      0.119
  6398.061 	      0.123
  6399.211 	      0.138
  6400.361 	      0.142
  6401.511 	      0.113
  6402.661 	      0.127
  6403.811 	      0.108
  6404.962 	      0.104
  6406.112 	      0.096
  6407.263 	      0.121
  6408.414 	      0.118
  6409.566 	      0.130
  6410.717 	      0.127
  6411.869 	      0.118
  6413.021 	      0.109
  6414.173 	      0.093
  6415.326 	      0.089
  6416.478 	      0.082
  6417.631 	      0.093
  6418.784 	      0.116
  6419.937 	      0.116
  6421.091 	      0.113
  6422.245 	      0.104
  6423.398 	      0.102
  6424.552 	      0.118
  6425.707 	      0.135
  6426.861 	      0.136
  6428.016 	      0.127
  6429.171 	      0.099
  6430.326 	      0.096
  6431.481 	      0.095
  6432.637 	      0.093
  6433.792 	      0.105
  6434.948 	      0.108
  6436.104 	      0.094
  6437.261 	      0.081
  6438.417 	      0.076
  6439.574 	      0.084
  6440.731 	      0.099
  6441.888 	      0.085
  6443.046 	      0.068
  6444.203 	      0.069
  6445.361 	      0.078
  6446.519 	      0.088
  6447.677 	      0.086
  6448.836 	      0.078
  6449.994 	      0.076
  6451.153 	      0.079
  6452.312 	      0.070
  6453.471 	      0.061
  6454.631 	      0.047
  6455.791 	      0.062
  6456.950 	      0.071
  6458.111 	      0.076
  6459.271 	      0.053
  6460.431 	      0.052
  6461.592 	      0.067
  6462.753 	      0.069
  6463.914 	      0.078
  6465.075 	      0.050
  6466.237 	      0.064
  6467.399 	      0.060
  6468.561 	      0.058
  6469.723 	      0.055
  6470.885 	      0.050
  6472.048 	      0.077
  6473.211 	      0.049
  6474.374 	      0.036
  6475.537 	      0.048
  6476.700 	      0.043
  6477.864 	      0.033
  6479.028 	      0.033
  6480.192 	      0.024
  6481.356 	      0.029
  6482.521 	      0.039
  6483.685 	      0.026
  6484.850 	      0.021
  6486.015 	      0.035
  6487.181 	      0.039
  6488.346 	      0.036
  6489.512 	      0.030
  6490.678 	      0.023
  6491.844 	      0.013
  6493.010 	      0.019
  6494.177 	      0.032
  6495.344 	      0.022
  6496.511 	      0.004
  6497.678 	      0.007
  6498.845 	      0.035
  6500.013 	      0.030
  6501.181 	      0.022
  6502.349 	      0.030
  6503.517 	      0.014
  6504.685 	      0.010
  6505.854 	      0.022
  6507.023 	      0.038
  6508.192 	      0.045
  6509.361 	      0.017
  6510.531 	      0.000
  6511.700 	      0.021
  6512.870 	      0.023
  6514.041 	      0.020
  6515.211 	      0.005
  6516.381 	     -0.020
  6517.552 	     -0.018
  6518.723 	      0.010
  6519.894 	      0.020
  6521.066 	     -0.007
  6522.237 	     -0.014
  6523.409 	      0.003
  6524.581 	      0.028
  6525.753 	      0.025
  6526.926 	      0.018
  6528.099 	      0.027
  6529.271 	      0.029
  6530.445 	      0.053
  6531.618 	      0.083
  6532.791 	      0.051
  6533.965 	      0.032
  6535.139 	      0.031
  6536.313 	      0.039
  6537.487 	      0.040
  6538.662 	      0.032
  6539.837 	      0.056
  6541.012 	      0.068
  6542.187 	      0.059
  6543.362 	      0.063
  6544.538 	      0.081
  6545.714 	      0.009
  6546.890 	      0.025
  6548.066 	      0.045
  6549.243 	      0.047
  6550.419 	      0.048
  6551.596 	      0.052
  6552.773 	      0.026
  6553.950 	      0.049
  6555.128 	      0.027
  6556.306 	      0.032
  6557.484 	      0.038
  6558.662 	      0.028
  6559.840 	      0.023
  6561.019 	      0.016
  6562.198 	      0.032
  6563.377 	      0.041
  6564.556 	      0.015
  6565.735 	     -0.044
  6566.915 	     -0.056
  6568.095 	     -0.057
  6569.275 	     -0.055
  6570.455 	     -0.051
  6571.635 	     -0.046
  6572.816 	     -0.040
  6573.997 	     -0.035
  6575.178 	     -0.029
  6576.359 	     -0.022
  6577.541 	     -0.011
  6578.723 	      0.000
  6579.905 	      0.012
  6581.087 	      0.020
  6582.269 	      0.023
  6583.452 	      0.023
  6584.635 	      0.022
  6585.818 	      0.022
  6587.001 	      0.026
  6588.184 	      0.033
  6589.368 	      0.048
  6590.552 	      0.054
  6591.736 	      0.033
  6592.920 	      0.034
  6594.105 	      0.059
  6595.290 	      0.082
  6596.475 	      0.100
  6597.660 	      0.084
  6598.845 	      0.064
  6600.031 	      0.088
  6601.216 	      0.066
  6602.402 	      0.056
  6603.589 	      0.086
  6604.775 	      0.089
  6605.962 	      0.092
  6607.149 	      0.140
  6608.336 	      0.343
  6609.523 	      0.978
  6610.710 	      1.779
  6611.898 	      1.982
  6613.086 	      1.520
  6614.274 	      0.725
  6615.463 	      0.402
  6616.651 	      0.295
  6617.840 	      0.242
  6619.029 	      0.196
  6620.218 	      0.216
  6621.408 	      0.316
  6622.597 	      0.864
  6623.787 	      4.433
  6624.977 	     12.284
  6626.167 	     17.347
  6627.358 	     15.022
  6628.549 	      7.724
  6629.740 	      2.822
  6630.931 	      1.079
  6632.122 	      0.561
  6633.314 	      0.345
  6634.505 	      0.252
  6635.697 	      0.193
  6636.890 	      0.175
  6638.082 	      0.170
  6639.275 	      0.172
  6640.467 	      0.195
  6641.660 	      0.195
  6642.854 	      0.285
  6644.047 	      0.882
  6645.241 	      2.922
  6646.435 	      5.521
  6647.629 	      5.960
  6648.823 	      4.343
  6650.018 	      2.262
  6651.213 	      1.060
  6652.408 	      0.565
  6653.603 	      0.335
  6654.798 	      0.248
  6655.994 	      0.189
  6657.190 	      0.151
  6658.386 	      0.127
  6659.582 	      0.110
  6660.779 	      0.096
  6661.975 	      0.076
  6663.172 	      0.095
  6664.369 	      0.113
  6665.567 	      0.110
  6666.764 	      0.111
  6667.962 	      0.099
  6669.160 	      0.109
  6670.358 	      0.107
  6671.557 	      0.110
  6672.755 	      0.110
  6673.954 	      0.102
  6675.153 	      0.096
  6676.353 	      0.095
  6677.552 	      0.096
  6678.752 	      0.074
  6679.952 	      0.084
  6681.152 	      0.079
  6682.352 	      0.059
  6683.553 	      0.069
  6684.754 	      0.083
  6685.955 	      0.099
  6687.156 	      0.081
  6688.357 	      0.077
  6689.559 	      0.101
  6690.761 	      0.092
  6691.963 	      0.094
  6693.165 	      0.095
  6694.368 	      0.088
  6695.571 	      0.094
  6696.774 	      0.086
  6697.977 	      0.065
  6699.180 	      0.069
  6700.384 	      0.079
  6701.588 	      0.095
  6702.792 	      0.077
  6703.996 	      0.080
  6705.200 	      0.068
  6706.405 	      0.068
  6707.610 	      0.071
  6708.815 	      0.069
  6710.020 	      0.075
  6711.226 	      0.090
  6712.432 	      0.090
  6713.638 	      0.075
  6714.844 	      0.071
  6716.050 	      0.072
  6717.257 	      0.086
  6718.464 	      0.077
  6719.671 	      0.053
  6720.878 	      0.050
  6722.086 	      0.091
  6723.293 	      0.083
  6724.501 	      0.050
  6725.710 	      0.044
  6726.918 	      0.040
  6728.127 	      0.051
  6729.335 	      0.071
  6730.544 	      0.062
  6731.754 	      0.057
  6732.963 	      0.065
  6734.173 	      0.056
  6735.383 	      0.046
  6736.593 	      0.058
  6737.803 	      0.068
  6739.014 	      0.092
  6740.224 	      0.121
  6741.435 	      0.136
  6742.647 	      0.142
  6743.858 	      0.140
  6745.070 	      0.108
  6746.281 	      0.098
  6747.494 	      0.065
  6748.706 	      0.048
  6749.918 	      0.040
  6751.131 	      0.076
  6752.344 	      0.064
  6753.557 	      0.092
  6754.771 	      0.077
  6755.984 	      0.067
  6757.198 	      0.060
  6758.412 	      0.059
  6759.626 	      0.059
  6760.841 	      0.065
  6762.055 	      0.058
  6763.270 	      0.040
  6764.485 	      0.062
  6765.701 	      0.066
  6766.916 	      0.063
  6768.132 	      0.071
  6769.348 	      0.074
  6770.564 	      0.046
  6771.781 	      0.054
  6772.997 	      0.044
  6774.214 	      0.057
  6775.431 	      0.085
  6776.649 	      0.100
  6777.866 	      0.181
  6779.084 	      0.620
  6780.302 	      1.389
  6781.520 	      1.770
  6782.738 	      1.451
  6783.957 	      0.810
  6785.176 	      0.390
  6786.395 	      0.206
  6787.614 	      0.133
  6788.834 	      0.097
  6790.053 	      0.085
  6791.273 	      0.084
  6792.494 	      0.195
  6793.714 	      0.589
  6794.935 	      1.132
  6796.155 	      1.424
  6797.376 	      1.136
  6798.598 	      0.532
  6799.819 	      0.276
  6801.041 	      0.171
  6802.263 	      0.112
  6803.485 	      0.079
  6804.707 	      0.061
  6805.930 	      0.064
  6807.153 	      0.053
  6808.376 	      0.042
  6809.599 	      0.039
  6810.822 	      0.041
  6812.046 	      0.026
  6813.270 	      0.032
  6814.494 	      0.035
  6815.718 	      0.031
  6816.943 	      0.037
  6818.168 	      0.029
  6819.392 	      0.013
  6820.618 	      0.029
  6821.843 	      0.049
  6823.069 	      0.031
  6824.295 	      0.030
  6825.521 	      0.018
  6826.747 	      0.048
  6827.974 	      0.050
  6829.200 	      0.052
  6830.427 	      0.054
  6831.654 	      0.059
  6832.882 	      0.047
  6834.109 	      0.041
  6835.337 	      0.032
  6836.565 	      0.041
  6837.794 	      0.025
  6839.022 	      0.026
  6840.251 	      0.011
  6841.480 	      0.016
  6842.709 	      0.025
  6843.938 	      0.042
  6845.168 	      0.038
  6846.398 	      0.021
  6847.628 	      0.035
  6848.858 	      0.038
  6850.089 	      0.024
  6851.319 	      0.014
  6852.550 	      0.023
  6853.782 	      0.047
  6855.013 	      0.041
  6856.245 	      0.023
  6857.476 	      0.016
  6858.708 	      0.008
  6859.941 	      0.011
  6861.173 	      0.018
  6862.406 	      0.004
  6863.639 	      0.018
  6864.872 	     -0.010
  6866.105 	     -0.137
  6867.339 	     -0.270
  6868.573 	     -0.348
  6869.807 	     -0.366
  6871.041 	     -0.331
  6872.276 	     -0.296
  6873.510 	     -0.261
  6874.745 	     -0.239
  6875.980 	     -0.227
  6877.216 	     -0.180
  6878.451 	     -0.143
  6879.687 	     -0.081
  6880.923 	     -0.032
  6882.159 	      0.002
  6883.396 	     -0.035
  6884.633 	     -0.097
  6885.870 	     -0.116
  6887.107 	     -0.123
  6888.344 	     -0.138
  6889.582 	     -0.158
  6890.820 	     -0.175
  6892.058 	     -0.144
  6893.296 	     -0.127
  6894.534 	     -0.129
  6895.773 	     -0.127
  6897.012 	     -0.112
  6898.251 	     -0.114
  6899.490 	     -0.099
  6900.730 	     -0.101
  6901.970 	     -0.101
  6903.210 	     -0.086
  6904.450 	     -0.094
  6905.691 	     -0.079
  6906.931 	     -0.070
  6908.172 	     -0.077
  6909.413 	     -0.082
  6910.655 	     -0.078
  6911.896 	     -0.066
  6913.138 	     -0.068
  6914.380 	     -0.050
  6915.623 	     -0.024
  6916.865 	     -0.038
  6918.108 	     -0.044
  6919.351 	     -0.052
  6920.594 	     -0.049
  6921.837 	     -0.041
  6923.081 	     -0.049
  6924.325 	     -0.030
  6925.569 	     -0.026
  6926.813 	     -0.043
  6928.058 	     -0.059
  6929.302 	     -0.036
  6930.547 	     -0.040
  6931.792 	     -0.042
  6933.038 	     -0.035
  6934.284 	     -0.017
  6935.529 	      0.018
  6936.775 	      0.001
  6938.022 	     -0.008
  6939.268 	     -0.025
  6940.515 	     -0.048
  6941.762 	     -0.044
  6943.009 	     -0.041
  6944.257 	     -0.008
  6945.504 	     -0.024
  6946.752 	     -0.027
  6948.000 	     -0.026
  6949.248 	     -0.024
  6950.497 	     -0.025
  6951.746 	     -0.030
  6952.995 	     -0.012
  6954.244 	     -0.023
  6955.493 	     -0.062
  6956.743 	     -0.038
  6957.993 	     -0.016
  6959.243 	     -0.034
  6960.493 	     -0.018
  6961.744 	     -0.003
  6962.995 	     -0.013
  6964.246 	      0.012
  6965.497 	      0.021
  6966.748 	      0.013
  6968.000 	      0.004
  6969.252 	     -0.004
  6970.504 	     -0.002
  6971.756 	      0.005
  6973.009 	      0.009
  6974.262 	      0.022
  6975.515 	      0.021
  6976.768 	      0.001
  6978.022 	     -0.003
  6979.275 	     -0.003
  6980.529 	     -0.001
  6981.783 	     -0.015
  6983.038 	      0.003
  6984.292 	      0.008
  6985.547 	     -0.011
  6986.802 	     -0.040
  6988.058 	     -0.047
  6989.313 	     -0.035
  6990.569 	     -0.032
  6991.825 	     -0.022
  6993.081 	     -0.033
  6994.337 	     -0.030
  6995.594 	     -0.016
  6996.851 	     -0.021
  6998.108 	     -0.028
  6999.365 	     -0.032
  7000.623 	     -0.030
  7001.881 	     -0.022
  7003.139 	     -0.019
  7004.397 	     -0.037
  7005.655 	     -0.057
  7006.914 	     -0.049
  7008.173 	     -0.024
  7009.432 	      0.002
  7010.691 	     -0.023
  7011.951 	     -0.023
  7013.211 	     -0.027
  7014.471 	     -0.021
  7015.731 	     -0.023
  7016.991 	     -0.038
  7018.252 	     -0.050
  7019.513 	     -0.040
  7020.774 	     -0.027
  7022.036 	     -0.012
  7023.297 	     -0.009
  7024.559 	     -0.018
  7025.821 	     -0.028
  7027.083 	     -0.032
  7028.346 	     -0.044
  7029.609 	     -0.026
  7030.872 	     -0.007
  7032.135 	     -0.010
  7033.398 	      0.013
  7034.662 	      0.001
  7035.926 	     -0.022
  7037.190 	     -0.008
  7038.454 	     -0.023
  7039.719 	     -0.034
  7040.984 	     -0.026
  7042.249 	     -0.008
  7043.514 	     -0.029
  7044.779 	     -0.018
  7046.045 	     -0.019
  7047.311 	     -0.008
  7048.577 	     -0.005
  7049.844 	     -0.021
  7051.110 	     -0.001
  7052.377 	      0.002
  7053.644 	      0.004
  7054.911 	      0.014
  7056.179 	      0.001
  7057.447 	     -0.016
  7058.715 	      0.000
  7059.983 	     -0.013
  7061.251 	     -0.010
  7062.520 	     -0.024
  7063.789 	     -0.031
  7065.058 	     -0.018
  7066.327 	     -0.006
  7067.597 	     -0.010
  7068.867 	      0.000
  7070.137 	     -0.007
  7071.407 	     -0.010
  7072.677 	     -0.010
  7073.948 	      0.002
  7075.219 	     -0.003
  7076.490 	     -0.028
  7077.762 	     -0.020
  7079.033 	     -0.011
  7080.305 	     -0.002
  7081.577 	     -0.017
  7082.850 	     -0.018
  7084.122 	     -0.010
  7085.395 	      0.000
  7086.668 	      0.004
  7087.941 	     -0.012
  7089.214 	     -0.019
  7090.488 	      0.005
  7091.762 	      0.003
  7093.036 	     -0.018
  7094.311 	     -0.013
  7095.585 	      0.004
  7096.860 	      0.003
  7098.135 	      0.006
  7099.410 	     -0.010
  7100.686 	     -0.010
  7101.962 	      0.019
  7103.238 	      0.013
  7104.514 	     -0.011
  7105.790 	     -0.018
  7107.067 	     -0.012
  7108.344 	     -0.007
  7109.621 	      0.002
  7110.898 	      0.006
  7112.176 	     -0.012
  7113.454 	     -0.013
  7114.732 	      0.002
  7116.010 	      0.010
  7117.288 	     -0.013
  7118.567 	     -0.018
  7119.846 	     -0.009
  7121.125 	     -0.003
  7122.405 	     -0.034
  7123.684 	     -0.004
  7124.964 	      0.040
  7126.244 	      0.028
  7127.525 	     -0.006
  7128.805 	      0.000
  7130.086 	     -0.006
  7131.367 	     -0.004
  7132.648 	      0.003
  7133.930 	      0.007
  7135.212 	     -0.020
  7136.494 	     -0.024
  7137.776 	     -0.008
  7139.058 	     -0.012
  7140.341 	     -0.024
  7141.624 	     -0.032
  7142.907 	     -0.037
  7144.190 	     -0.036
  7145.474 	     -0.027
  7146.757 	     -0.011
  7148.041 	     -0.011
  7149.326 	     -0.022
  7150.610 	     -0.001
  7151.895 	      0.007
  7153.180 	     -0.015
  7154.465 	     -0.020
  7155.750 	     -0.015
  7157.036 	     -0.014
  7158.322 	     -0.017
  7159.608 	     -0.022
  7160.894 	     -0.003
  7162.181 	     -0.022
  7163.468 	     -0.042
  7164.755 	     -0.077
  7166.042 	     -0.086
  7167.329 	     -0.101
  7168.617 	     -0.120
  7169.905 	     -0.097
  7171.193 	     -0.131
  7172.482 	     -0.133
  7173.770 	     -0.138
  7175.059 	     -0.155
  7176.348 	     -0.180
  7177.638 	     -0.152
  7178.927 	     -0.138
  7180.217 	     -0.137
  7181.507 	     -0.156
  7182.797 	     -0.166
  7184.088 	     -0.206
  7185.379 	     -0.264
  7186.670 	     -0.224
  7187.961 	     -0.159
  7189.252 	     -0.139
  7190.544 	     -0.188
  7191.836 	     -0.221
  7193.128 	     -0.209
  7194.420 	     -0.152
  7195.713 	     -0.131
  7197.006 	     -0.134
  7198.299 	     -0.166
  7199.592 	     -0.177
  7200.885 	     -0.181
  7202.179 	     -0.174
  7203.473 	     -0.124
  7204.767 	     -0.132
  7206.062 	     -0.124
  7207.356 	     -0.119
  7208.651 	     -0.098
  7209.947 	     -0.080
  7211.242 	     -0.059
  7212.538 	     -0.053
  7213.833 	     -0.060
  7215.129 	     -0.075
  7216.426 	     -0.097
  7217.722 	     -0.099
  7219.019 	     -0.089
  7220.316 	     -0.050
  7221.613 	     -0.075
  7222.911 	     -0.119
  7224.208 	     -0.106
  7225.506 	     -0.083
  7226.805 	     -0.094
  7228.103 	     -0.108
  7229.402 	     -0.089
  7230.700 	     -0.143
  7232.000 	     -0.212
  7233.299 	     -0.246
  7234.599 	     -0.199
  7235.898 	     -0.135
  7237.198 	     -0.121
  7238.499 	     -0.141
  7239.799 	     -0.163
  7241.100 	     -0.181
  7242.401 	     -0.195
  7243.702 	     -0.195
  7245.003 	     -0.158
  7246.305 	     -0.144
  7247.607 	     -0.127
  7248.909 	     -0.135
  7250.212 	     -0.168
  7251.514 	     -0.192
  7252.817 	     -0.193
  7254.120 	     -0.161
  7255.423 	     -0.136
  7256.727 	     -0.149
  7258.031 	     -0.146
  7259.335 	     -0.123
  7260.639 	     -0.125
  7261.943 	     -0.161
  7263.248 	     -0.201
  7264.553 	     -0.192
  7265.858 	     -0.164
  7267.164 	     -0.141
  7268.469 	     -0.109
  7269.775 	     -0.124
  7271.081 	     -0.138
  7272.388 	     -0.169
  7273.694 	     -0.176
  7275.001 	     -0.210
  7276.308 	     -0.238
  7277.616 	     -0.238
  7278.923 	     -0.144
  7280.231 	     -0.103
  7281.539 	     -0.088
  7282.847 	     -0.092
  7284.156 	     -0.078
  7285.464 	     -0.113
  7286.773 	     -0.147
  7288.082 	     -0.184
  7289.392 	     -0.185
  7290.701 	     -0.192
  7292.011 	     -0.186
  7293.321 	     -0.154
  7294.632 	     -0.144
  7295.942 	     -0.130
  7297.253 	     -0.131
  7298.564 	     -0.143
  7299.876 	     -0.148
  7301.187 	     -0.169
  7302.499 	     -0.184
  7303.811 	     -0.181
  7305.123 	     -0.136
  7306.436 	     -0.133
  7307.748 	     -0.144
  7309.061 	     -0.161
  7310.374 	     -0.170
  7311.688 	     -0.145
  7313.002 	     -0.145
  7314.315 	     -0.110
  7315.630 	     -0.125
  7316.944 	     -0.169
  7318.259 	     -0.174
  7319.573 	     -0.137
  7320.888 	     -0.109
  7322.204 	     -0.098
  7323.519 	     -0.099
  7324.835 	     -0.109
  7326.151 	     -0.095
  7327.467 	     -0.107
  7328.784 	     -0.090
  7330.101 	     -0.081
