1 1 1039.64 1044.33
3.7774 
0.6709 
name    flux    f_err    vel    sig
Hgamma      	   1.97310	      0.14	 3104.0278	     89.20
Hbeta       	   2.92596	      0.14	 3104.0278	     89.20
Halpha      	  23.32008	      0.13	 3104.0278	     89.20
[SII]6716   	   4.78996	      0.13	 3105.9593	    105.37
[SII]6731   	   3.97367	      0.13	 3105.9593	    105.37
[OIII]5007_d	   1.30959	      0.18	 3105.9593	    105.37
[OI]6300_d  	   3.71869	      0.17	 3105.9593	    105.37
[NII]6583_d 	  23.62247	      0.17	 3105.9593	    105.37
