wlen 	 newgal_spectrum 
  4176.646 	      0.005
  4177.397 	     -0.002
  4178.147 	     -0.010
  4178.898 	     -0.018
  4179.649 	     -0.027
  4180.400 	     -0.033
  4181.151 	     -0.038
  4181.902 	     -0.041
  4182.653 	     -0.042
  4183.405 	     -0.038
  4184.157 	     -0.030
  4184.908 	     -0.021
  4185.660 	     -0.016
  4186.412 	     -0.013
  4187.164 	     -0.016
  4187.917 	     -0.025
  4188.669 	     -0.036
  4189.422 	     -0.040
  4190.174 	     -0.038
  4190.927 	     -0.028
  4191.680 	     -0.013
  4192.433 	     -0.036
  4193.186 	     -0.051
  4193.940 	     -0.041
  4194.693 	     -0.004
  4195.447 	      0.007
  4196.201 	     -0.006
  4196.955 	     -0.071
  4197.709 	     -0.064
  4198.463 	     -0.029
  4199.217 	      0.003
  4199.972 	      0.020
  4200.726 	     -0.014
  4201.481 	     -0.033
  4202.236 	     -0.040
  4202.991 	     -0.019
  4203.746 	     -0.001
  4204.501 	      0.007
  4205.257 	      0.002
  4206.012 	     -0.032
  4206.768 	     -0.054
  4207.524 	     -0.036
  4208.280 	     -0.020
  4209.036 	     -0.028
  4209.792 	     -0.022
  4210.548 	     -0.005
  4211.305 	      0.012
  4212.061 	      0.024
  4212.818 	      0.021
  4213.575 	      0.023
  4214.332 	      0.021
  4215.089 	      0.000
  4215.846 	      0.004
  4216.604 	     -0.001
  4217.361 	     -0.007
  4218.119 	     -0.012
  4218.877 	      0.011
  4219.635 	      0.031
  4220.393 	      0.040
  4221.151 	      0.026
  4221.910 	      0.002
  4222.668 	      0.000
  4223.427 	     -0.000
  4224.186 	     -0.001
  4224.945 	      0.021
  4225.704 	      0.009
  4226.463 	      0.006
  4227.222 	      0.017
  4227.982 	     -0.017
  4228.741 	      0.003
  4229.501 	      0.022
  4230.261 	      0.035
  4231.021 	     -0.008
  4231.781 	     -0.009
  4232.542 	     -0.013
  4233.302 	     -0.020
  4234.063 	     -0.003
  4234.823 	      0.000
  4235.584 	      0.004
  4236.345 	      0.009
  4237.106 	      0.026
  4237.868 	      0.025
  4238.629 	      0.020
  4239.390 	      0.012
  4240.152 	     -0.011
  4240.914 	     -0.002
  4241.676 	      0.005
  4242.438 	      0.009
  4243.200 	     -0.005
  4243.963 	     -0.022
  4244.725 	     -0.009
  4245.488 	      0.010
  4246.250 	     -0.009
  4247.013 	     -0.029
  4247.776 	     -0.027
  4248.540 	     -0.014
  4249.303 	      0.012
  4250.066 	      0.013
  4250.830 	      0.017
  4251.594 	      0.027
  4252.357 	      0.054
  4253.121 	      0.028
  4253.886 	      0.022
  4254.650 	      0.021
  4255.414 	      0.024
  4256.179 	      0.030
  4256.944 	      0.009
  4257.708 	      0.003
  4258.473 	      0.016
  4259.238 	      0.038
  4260.004 	      0.027
  4260.769 	      0.020
  4261.535 	      0.018
  4262.300 	      0.017
  4263.066 	      0.033
  4263.832 	      0.045
  4264.598 	      0.052
  4265.364 	      0.016
  4266.130 	      0.017
  4266.897 	      0.039
  4267.664 	      0.057
  4268.430 	      0.017
  4269.197 	      0.024
  4269.964 	      0.017
  4270.731 	      0.006
  4271.499 	      0.001
  4272.266 	      0.019
  4273.034 	      0.025
  4273.801 	      0.028
  4274.569 	      0.031
  4275.337 	      0.014
  4276.105 	      0.026
  4276.874 	      0.037
  4277.642 	      0.043
  4278.411 	      0.045
  4279.179 	      0.036
  4279.948 	      0.035
  4280.717 	      0.036
  4281.486 	      0.026
  4282.255 	      0.042
  4283.025 	      0.052
  4283.794 	      0.052
  4284.564 	      0.021
  4285.334 	     -0.001
  4286.104 	      0.007
  4286.874 	      0.022
  4287.644 	      0.036
  4288.414 	      0.020
  4289.185 	      0.024
  4289.955 	      0.036
  4290.726 	      0.055
  4291.497 	      0.060
  4292.268 	      0.057
  4293.039 	      0.042
  4293.811 	      0.026
  4294.582 	      0.059
  4295.354 	      0.051
  4296.125 	      0.057
  4296.897 	      0.065
  4297.669 	      0.066
  4298.441 	      0.040
  4299.214 	      0.059
  4299.986 	      0.073
  4300.759 	      0.071
  4301.531 	      0.061
  4302.304 	      0.040
  4303.077 	      0.039
  4303.850 	      0.051
  4304.623 	      0.033
  4305.397 	      0.034
  4306.170 	      0.052
  4306.944 	      0.078
  4307.718 	      0.105
  4308.492 	      0.076
  4309.266 	      0.067
  4310.040 	      0.060
  4310.814 	      0.046
  4311.589 	      0.053
  4312.364 	      0.059
  4313.138 	      0.051
  4313.913 	      0.031
  4314.688 	      0.011
  4315.464 	      0.031
  4316.239 	      0.041
  4317.014 	      0.044
  4317.790 	      0.050
  4318.566 	      0.057
  4319.342 	      0.052
  4320.118 	      0.045
  4320.894 	      0.041
  4321.670 	      0.053
  4322.447 	      0.057
  4323.223 	      0.055
  4324.000 	      0.050
  4324.777 	      0.048
  4325.554 	      0.075
  4326.331 	      0.066
  4327.108 	      0.047
  4327.886 	      0.040
  4328.663 	      0.020
  4329.441 	      0.028
  4330.219 	      0.043
  4330.997 	      0.058
  4331.775 	      0.043
  4332.553 	      0.068
  4333.332 	      0.059
  4334.110 	      0.036
  4334.889 	      0.055
  4335.668 	      0.008
  4336.447 	      0.020
  4337.226 	      0.048
  4338.005 	      0.080
  4338.784 	      0.038
  4339.564 	      0.027
  4340.344 	      0.036
  4341.123 	      0.054
  4341.903 	      0.000
  4342.683 	      0.009
  4343.464 	      0.005
  4344.244 	      0.002
  4345.024 	      0.014
  4345.805 	      0.009
  4346.586 	      0.003
  4347.367 	     -0.006
  4348.148 	     -0.017
  4348.929 	     -0.010
  4349.710 	      0.005
  4350.492 	      0.012
  4351.274 	      0.015
  4352.055 	      0.019
  4352.837 	      0.044
  4353.619 	      0.049
  4354.402 	      0.048
  4355.184 	      0.040
  4355.966 	      0.025
  4356.749 	      0.035
  4357.532 	      0.049
  4358.315 	      0.065
  4359.098 	      0.081
  4359.881 	      0.061
  4360.664 	      0.051
  4361.448 	      0.047
  4362.231 	      0.049
  4363.015 	      0.060
  4363.799 	      0.054
  4364.583 	      0.062
  4365.367 	      0.070
  4366.151 	      0.052
  4366.936 	      0.038
  4367.720 	      0.070
  4368.505 	      0.062
  4369.290 	      0.003
  4370.075 	      0.068
  4370.860 	      0.046
  4371.645 	      0.040
  4372.431 	      0.034
  4373.216 	      0.003
  4374.002 	      0.056
  4374.788 	      0.062
  4375.574 	      0.077
  4376.360 	      0.100
  4377.146 	      0.084
  4377.933 	      0.051
  4378.719 	      0.045
  4379.506 	      0.055
  4380.293 	      0.075
  4381.080 	      0.059
  4390.535 	      0.049
  4391.324 	      0.057
  4392.113 	      0.018
  4392.902 	      0.003
  4393.691 	      0.013
  4394.480 	      0.044
  4395.270 	      0.049
  4396.059 	      0.048
  4396.849 	      0.046
  4397.639 	      0.039
  4398.429 	      0.027
  4399.220 	      0.056
  4400.010 	      0.048
  4400.801 	      0.039
  4401.591 	      0.033
  4402.382 	      0.035
  4403.173 	      0.046
  4403.964 	      0.053
  4404.755 	      0.066
  4405.547 	      0.088
  4406.338 	      0.058
  4407.130 	      0.076
  4407.922 	      0.054
  4408.714 	      0.034
  4409.506 	      0.062
  4410.298 	      0.063
  4411.090 	      0.075
  4411.883 	      0.065
  4412.675 	      0.042
  4413.468 	      0.049
  4414.261 	      0.070
  4415.054 	      0.048
  4415.848 	      0.030
  4416.641 	      0.028
  4417.434 	      0.016
  4418.228 	      0.028
  4419.022 	      0.031
  4419.816 	      0.030
  4420.610 	      0.030
  4421.404 	      0.018
  4422.199 	      0.029
  4422.993 	      0.026
  4423.788 	      0.017
  4424.583 	      0.011
  4425.377 	      0.020
  4426.173 	      0.014
  4426.968 	      0.027
  4427.763 	      0.049
  4428.559 	      0.031
  4429.354 	      0.015
  4430.150 	      0.030
  4430.946 	      0.038
  4431.742 	      0.031
  4432.538 	      0.025
  4433.335 	      0.019
  4434.131 	      0.032
  4434.928 	      0.042
  4435.725 	      0.032
  4436.522 	     -0.010
  4437.319 	      0.003
  4438.116 	      0.014
  4438.913 	      0.014
  4439.711 	     -0.013
  4440.509 	     -0.010
  4441.306 	      0.019
  4442.104 	      0.035
  4442.902 	      0.038
  4443.701 	      0.031
  4444.499 	      0.016
  4445.298 	      0.010
  4446.096 	      0.005
  4446.895 	     -0.000
  4447.694 	     -0.012
  4448.493 	      0.005
  4449.292 	      0.016
  4450.092 	      0.025
  4450.891 	      0.033
  4451.691 	      0.029
  4452.491 	      0.006
  4453.291 	      0.009
  4454.091 	      0.017
  4454.891 	      0.021
  4455.691 	      0.032
  4456.492 	      0.019
  4457.293 	      0.026
  4458.093 	      0.035
  4458.894 	      0.033
  4459.695 	      0.033
  4460.497 	      0.038
  4461.298 	      0.023
  4462.100 	     -0.001
  4462.901 	     -0.015
  4463.703 	     -0.017
  4464.505 	      0.002
  4465.307 	      0.021
  4466.109 	      0.033
  4466.912 	      0.026
  4467.714 	      0.008
  4468.517 	     -0.004
  4469.320 	     -0.009
  4470.123 	     -0.010
  4470.926 	     -0.017
  4471.729 	     -0.017
  4472.533 	     -0.024
  4473.336 	     -0.033
  4474.140 	     -0.040
  4474.944 	     -0.038
  4475.748 	     -0.035
  4476.552 	     -0.031
  4477.356 	     -0.028
  4478.161 	     -0.023
  4478.965 	     -0.016
  4479.770 	     -0.009
  4480.575 	     -0.004
  4481.380 	     -0.004
  4482.185 	     -0.009
  4482.990 	     -0.017
  4483.796 	     -0.025
  4484.601 	     -0.031
  4485.407 	     -0.032
  4486.213 	     -0.028
  4487.019 	     -0.019
  4487.825 	     -0.010
  4488.631 	     -0.004
  4489.438 	     -0.003
  4490.244 	     -0.007
  4491.051 	     -0.013
  4491.858 	     -0.019
  4492.665 	     -0.023
  4493.472 	     -0.025
  4494.280 	     -0.024
  4495.087 	     -0.022
  4495.895 	     -0.018
  4496.702 	     -0.014
  4497.510 	     -0.008
  4498.318 	     -0.002
  4499.127 	     -0.000
  4499.935 	      0.009
  4500.743 	      0.005
  4501.552 	      0.012
  4502.361 	      0.020
  4503.170 	      0.005
  4503.979 	      0.002
  4504.788 	      0.006
  4505.597 	      0.004
  4506.407 	     -0.002
  4507.216 	     -0.009
  4508.026 	     -0.005
  4508.836 	     -0.005
  4509.646 	     -0.001
  4510.456 	      0.007
  4511.267 	      0.017
  4512.077 	      0.015
  4512.888 	      0.027
  4513.699 	      0.028
  4514.510 	      0.027
  4515.321 	      0.029
  4516.132 	      0.040
  4516.943 	      0.042
  4517.755 	      0.053
  4518.567 	      0.059
  4519.379 	      0.051
  4520.191 	      0.020
  4521.003 	      0.016
  4521.815 	      0.017
  4522.627 	      0.020
  4523.440 	      0.022
  4524.253 	      0.024
  4525.065 	      0.029
  4525.878 	      0.029
  4526.692 	      0.020
  4527.505 	      0.003
  4528.318 	     -0.001
  4529.132 	     -0.002
  4529.946 	      0.002
  4530.759 	      0.005
  4531.573 	      0.018
  4532.388 	      0.059
  4533.202 	      0.043
  4534.016 	      0.025
  4534.831 	      0.009
  4535.646 	      0.007
  4536.461 	      0.028
  4537.276 	      0.031
  4538.091 	      0.029
  4538.906 	      0.014
  4539.722 	     -0.003
  4540.537 	     -0.014
  4541.353 	      0.014
  4542.169 	      0.016
  4542.985 	      0.009
  4543.801 	      0.008
  4544.618 	      0.014
  4545.434 	      0.011
  4546.251 	      0.010
  4547.068 	      0.008
  4547.885 	      0.014
  4548.702 	      0.023
  4549.519 	      0.030
  4550.336 	      0.018
  4551.154 	      0.020
  4551.972 	      0.021
  4552.789 	      0.022
  4553.607 	      0.021
  4554.425 	      0.014
  4555.244 	      0.015
  4556.062 	      0.020
  4556.881 	      0.024
  4557.699 	      0.026
  4558.518 	      0.034
  4559.337 	      0.023
  4560.156 	      0.020
  4560.976 	      0.016
  4561.795 	      0.004
  4562.615 	     -0.019
  4563.435 	      0.009
  4564.254 	      0.019
  4565.074 	      0.011
  4565.895 	      0.002
  4566.715 	      0.006
  4567.535 	      0.031
  4568.356 	      0.035
  4569.177 	      0.044
  4569.998 	      0.035
  4570.819 	      0.010
  4571.640 	     -0.012
  4572.461 	     -0.020
  4573.283 	     -0.017
  4574.105 	     -0.007
  4574.926 	      0.005
  4575.748 	      0.011
  4576.570 	      0.003
  4577.393 	      0.001
  4578.215 	     -0.005
  4579.038 	     -0.005
  4579.860 	      0.004
  4580.683 	      0.010
  4581.506 	      0.030
  4582.329 	      0.012
  4583.153 	      0.005
  4583.976 	     -0.004
  4584.800 	     -0.036
  4585.623 	      0.009
  4586.447 	      0.007
  4587.271 	      0.005
  4588.095 	      0.007
  4588.920 	      0.008
  4589.744 	     -0.016
  4590.569 	     -0.021
  4591.394 	      0.000
  4592.219 	      0.015
  4593.044 	      0.020
  4593.869 	      0.015
  4594.694 	     -0.001
  4595.520 	     -0.016
  4596.345 	     -0.007
  4597.171 	      0.004
  4597.997 	      0.007
  4598.823 	      0.002
  4599.649 	      0.001
  4600.476 	      0.011
  4601.302 	      0.018
  4602.129 	      0.022
  4602.956 	      0.021
  4603.783 	      0.019
  4604.610 	      0.003
  4605.437 	     -0.003
  4606.265 	      0.003
  4607.092 	      0.012
  4607.920 	      0.013
  4608.748 	      0.016
  4609.576 	      0.023
  4610.404 	      0.025
  4611.232 	      0.028
  4612.061 	      0.033
  4612.890 	      0.023
  4613.718 	      0.022
  4614.547 	      0.012
  4615.376 	     -0.008
  4616.206 	     -0.023
  4617.035 	     -0.021
  4617.864 	     -0.012
  4618.694 	     -0.003
  4619.524 	      0.012
  4620.354 	      0.008
  4621.184 	     -0.006
  4622.014 	      0.004
  4622.845 	      0.008
  4623.675 	      0.011
  4624.506 	     -0.006
  4625.337 	     -0.020
  4626.168 	     -0.018
  4626.999 	     -0.015
  4627.830 	     -0.017
  4628.662 	      0.001
  4629.493 	     -0.000
  4630.325 	     -0.010
  4631.157 	     -0.012
  4631.989 	     -0.014
  4632.821 	     -0.016
  4633.654 	     -0.008
  4634.486 	     -0.007
  4635.319 	     -0.009
  4636.152 	     -0.004
  4636.985 	      0.001
  4637.818 	      0.002
  4638.651 	     -0.003
  4639.484 	     -0.016
  4640.318 	     -0.033
  4641.152 	     -0.035
  4641.985 	     -0.012
  4642.819 	      0.003
  4643.654 	      0.003
  4644.488 	     -0.011
  4645.322 	     -0.025
  4646.157 	     -0.002
  4646.992 	      0.008
  4647.827 	     -0.010
  4648.662 	     -0.010
  4649.497 	      0.000
  4650.332 	      0.010
  4651.168 	      0.018
  4652.003 	      0.009
  4652.839 	      0.009
  4653.675 	      0.003
  4654.511 	     -0.003
  4655.347 	     -0.002
  4656.184 	     -0.014
  4657.020 	     -0.008
  4657.857 	      0.013
  4658.694 	      0.022
  4659.531 	      0.013
  4660.368 	     -0.010
  4661.205 	     -0.013
  4662.043 	     -0.013
  4662.881 	     -0.008
  4663.718 	      0.003
  4664.556 	      0.011
  4665.394 	      0.004
  4666.232 	     -0.005
  4667.071 	     -0.007
  4667.909 	     -0.001
  4668.748 	      0.006
  4669.587 	      0.009
  4670.426 	      0.002
  4671.265 	      0.004
  4672.104 	      0.005
  4672.944 	      0.012
  4673.783 	      0.015
  4674.623 	      0.012
  4675.463 	      0.003
  4676.303 	      0.001
  4677.143 	     -0.008
  4677.983 	     -0.025
  4678.824 	     -0.030
  4679.664 	     -0.023
  4680.505 	     -0.012
  4681.346 	      0.001
  4682.187 	     -0.006
  4683.028 	      0.002
  4683.870 	      0.003
  4684.711 	     -0.004
  4685.553 	     -0.012
  4686.395 	     -0.012
  4687.237 	     -0.001
  4688.079 	      0.014
  4688.921 	      0.017
  4689.764 	     -0.001
  4690.606 	     -0.034
  4691.449 	     -0.037
  4692.292 	      0.003
  4693.135 	     -0.006
  4693.978 	     -0.001
  4694.821 	     -0.008
  4695.665 	     -0.033
  4696.508 	      0.018
  4697.352 	     -0.020
  4698.196 	     -0.010
  4699.040 	     -0.002
  4699.885 	      0.002
  4700.729 	      0.005
  4701.574 	      0.005
  4702.418 	      0.002
  4703.263 	      0.004
  4704.108 	      0.014
  4704.953 	      0.022
  4705.799 	      0.020
  4706.644 	      0.001
  4707.490 	     -0.016
  4708.335 	      0.004
  4709.181 	      0.007
  4710.027 	     -0.006
  4710.874 	     -0.022
  4711.720 	     -0.022
  4712.567 	     -0.023
  4713.413 	     -0.024
  4714.260 	     -0.021
  4715.107 	     -0.019
  4715.954 	     -0.022
  4716.802 	     -0.028
  4717.649 	     -0.025
  4718.497 	     -0.012
  4719.344 	     -0.024
  4720.192 	     -0.027
  4721.040 	     -0.023
  4721.888 	     -0.018
  4722.737 	     -0.022
  4723.585 	      0.004
  4724.434 	     -0.018
  4725.283 	     -0.024
  4726.132 	     -0.025
  4726.981 	     -0.022
  4727.830 	     -0.014
  4728.680 	     -0.004
  4729.529 	     -0.009
  4730.379 	     -0.008
  4731.229 	     -0.008
  4732.079 	     -0.007
  4732.929 	     -0.004
  4733.779 	     -0.009
  4734.630 	     -0.003
  4735.480 	      0.007
  4736.331 	      0.002
  4737.182 	     -0.010
  4738.033 	     -0.016
  4738.885 	     -0.003
  4739.736 	     -0.007
  4740.588 	     -0.019
  4741.439 	      0.009
  4742.291 	      0.020
  4743.143 	      0.008
  4743.995 	     -0.013
  4744.848 	     -0.024
  4745.700 	     -0.033
  4746.553 	     -0.036
  4747.406 	     -0.020
  4748.259 	     -0.014
  4749.112 	     -0.022
  4749.965 	     -0.014
  4750.818 	      0.010
  4751.672 	     -0.029
  4752.526 	     -0.019
  4753.379 	     -0.008
  4754.233 	     -0.010
  4755.088 	     -0.019
  4755.942 	      0.007
  4756.796 	      0.009
  4757.651 	     -0.008
  4758.506 	     -0.024
  4759.361 	     -0.034
  4760.216 	     -0.038
  4761.071 	     -0.037
  4761.926 	     -0.028
  4762.782 	     -0.011
  4763.638 	     -0.011
  4764.494 	     -0.022
  4765.350 	     -0.025
  4766.206 	     -0.013
  4767.062 	     -0.009
  4767.919 	     -0.025
  4768.775 	     -0.002
  4769.632 	      0.009
  4770.489 	      0.004
  4771.346 	     -0.004
  4772.203 	     -0.005
  4773.061 	     -0.016
  4773.918 	     -0.028
  4774.776 	     -0.029
  4775.634 	     -0.033
  4776.492 	     -0.028
  4777.350 	     -0.018
  4778.208 	     -0.019
  4779.067 	     -0.025
  4779.925 	     -0.021
  4780.784 	     -0.028
  4781.643 	     -0.035
  4782.502 	     -0.034
  4783.361 	     -0.025
  4784.221 	     -0.019
  4785.080 	     -0.034
  4785.940 	     -0.013
  4786.800 	      0.003
  4787.660 	      0.008
  4788.520 	      0.015
  4789.381 	      0.025
  4790.241 	      0.014
  4791.102 	      0.009
  4791.962 	     -0.021
  4792.823 	     -0.013
  4793.684 	     -0.001
  4794.546 	     -0.001
  4795.407 	     -0.009
  4796.269 	      0.009
  4797.130 	      0.013
  4797.992 	     -0.002
  4798.854 	     -0.013
  4799.717 	     -0.009
  4800.579 	     -0.005
  4801.441 	     -0.014
  4802.304 	     -0.012
  4803.167 	     -0.025
  4804.030 	      0.024
  4804.893 	      0.023
  4805.756 	     -0.002
  4806.620 	     -0.007
  4807.483 	      0.014
  4808.347 	     -0.026
  4809.211 	     -0.024
  4810.075 	     -0.012
  4810.939 	     -0.012
  4811.803 	     -0.006
  4812.668 	     -0.005
  4813.533 	     -0.022
  4814.397 	     -0.039
  4815.262 	     -0.036
  4816.128 	     -0.009
  4816.993 	     -0.006
  4817.858 	     -0.008
  4818.724 	     -0.012
  4819.590 	     -0.016
  4820.456 	     -0.016
  4821.322 	      0.000
  4822.188 	      0.019
  4823.054 	      0.015
  4823.921 	      0.025
  4824.787 	      0.024
  4825.654 	      0.004
  4826.521 	     -0.002
  4827.388 	     -0.013
  4828.256 	      0.024
  4829.123 	      0.016
  4829.991 	      0.002
  4830.859 	     -0.011
  4831.727 	     -0.020
  4832.595 	     -0.020
  4833.463 	     -0.017
  4834.331 	     -0.009
  4835.200 	     -0.002
  4836.069 	     -0.006
  4836.937 	     -0.005
  4837.806 	     -0.001
  4838.676 	     -0.005
  4839.545 	     -0.006
  4840.415 	     -0.009
  4841.284 	     -0.006
  4842.154 	     -0.013
  4843.024 	     -0.015
  4843.894 	     -0.009
  4844.764 	     -0.001
  4845.635 	      0.002
  4846.505 	      0.006
  4847.376 	      0.016
  4848.247 	      0.021
  4849.118 	      0.007
  4849.989 	     -0.008
  4850.861 	     -0.015
  4851.732 	     -0.024
  4852.604 	     -0.020
  4853.476 	     -0.014
  4854.348 	     -0.012
  4855.220 	     -0.011
  4856.092 	     -0.007
  4856.965 	     -0.010
  4857.837 	     -0.022
  4858.710 	     -0.009
  4859.583 	      0.021
  4860.456 	      0.008
  4861.329 	     -0.007
  4862.203 	     -0.017
  4863.076 	     -0.008
  4863.950 	      0.006
  4864.824 	     -0.007
  4865.698 	     -0.001
  4866.572 	     -0.002
  4867.447 	     -0.005
  4868.321 	     -0.022
  4869.196 	     -0.022
  4870.071 	     -0.026
  4870.946 	     -0.043
  4871.821 	     -0.011
  4872.696 	     -0.015
  4873.571 	     -0.028
  4874.447 	     -0.020
  4875.323 	     -0.011
  4876.199 	     -0.030
  4877.075 	     -0.057
  4877.951 	     -0.051
  4878.827 	     -0.028
  4879.704 	     -0.014
  4880.581 	      0.001
  4881.458 	     -0.012
  4882.335 	     -0.027
  4883.212 	     -0.029
  4884.089 	     -0.028
  4884.967 	     -0.040
  4885.844 	     -0.022
  4886.722 	     -0.038
  4887.600 	     -0.044
  4888.478 	     -0.037
  4889.356 	     -0.035
  4890.235 	     -0.043
  4891.114 	     -0.045
  4891.992 	     -0.018
  4892.871 	     -0.013
  4893.750 	     -0.029
  4894.630 	     -0.033
  4895.509 	     -0.033
  4896.388 	     -0.039
  4897.268 	     -0.042
  4898.148 	     -0.037
  4899.028 	     -0.043
  4899.908 	     -0.040
  4900.789 	     -0.053
  4901.669 	     -0.061
  4902.550 	     -0.047
  4903.431 	     -0.037
  4904.312 	     -0.038
  4905.193 	     -0.039
  4906.074 	     -0.028
  4906.955 	     -0.002
  4907.837 	      0.039
  4908.719 	      0.117
  4909.601 	      0.219
  4910.483 	      0.339
  4911.365 	      0.445
  4912.247 	      0.494
  4913.130 	      0.458
  4914.013 	      0.341
  4914.896 	      0.186
  4915.779 	      0.068
  4916.662 	     -0.005
  4917.545 	     -0.039
  4918.429 	     -0.048
  4919.312 	     -0.048
  4920.196 	     -0.058
  4921.080 	     -0.056
  4921.964 	     -0.036
  4922.849 	     -0.048
  4923.733 	     -0.065
  4924.618 	     -0.064
  4925.502 	     -0.062
  4926.387 	     -0.071
  4927.273 	     -0.067
  4928.158 	     -0.041
  4929.043 	     -0.041
  4929.929 	     -0.063
  4930.815 	     -0.053
  4931.700 	     -0.047
  4932.586 	     -0.052
  4933.473 	     -0.054
  4934.359 	     -0.043
  4935.246 	     -0.054
  4936.132 	     -0.076
  4937.019 	     -0.070
  4937.906 	     -0.068
  4938.793 	     -0.050
  4939.681 	     -0.038
  4940.568 	     -0.038
  4941.456 	     -0.040
  4942.344 	     -0.048
  4943.232 	     -0.054
  4944.120 	     -0.047
  4945.008 	     -0.021
  4945.896 	     -0.029
  4946.785 	     -0.041
  4947.674 	     -0.036
  4948.563 	     -0.025
  4949.452 	     -0.032
  4950.341 	     -0.034
  4951.230 	     -0.032
  4952.120 	     -0.033
  4953.010 	     -0.033
  4953.900 	     -0.042
  4954.790 	     -0.059
  4955.680 	     -0.062
  4956.570 	     -0.040
  4957.461 	     -0.030
  4958.351 	     -0.035
  4959.242 	     -0.033
  4960.133 	     -0.037
  4961.024 	     -0.048
  4961.916 	     -0.056
  4962.807 	     -0.047
  4963.699 	     -0.037
  4964.591 	     -0.056
  4965.483 	     -0.038
  4966.375 	     -0.052
  4967.267 	     -0.052
  4968.159 	     -0.039
  4969.052 	     -0.050
  4969.945 	     -0.039
  4970.838 	     -0.017
  4971.731 	     -0.011
  4972.624 	     -0.024
  4973.518 	     -0.053
  4974.411 	     -0.062
  4975.305 	     -0.028
  4976.199 	     -0.040
  4977.093 	     -0.051
  4977.987 	     -0.051
  4978.881 	     -0.041
  4979.776 	     -0.024
  4980.671 	     -0.009
  4981.565 	     -0.034
  4982.460 	     -0.037
  4983.356 	     -0.046
  4984.251 	     -0.035
  4985.146 	     -0.029
  4986.042 	     -0.031
  4986.938 	     -0.035
  4987.834 	     -0.040
  4988.730 	     -0.050
  4989.626 	     -0.045
  4990.523 	     -0.056
  4991.419 	     -0.038
  4992.316 	     -0.027
  4993.213 	     -0.032
  4994.110 	     -0.045
  4995.007 	     -0.044
  4995.905 	     -0.027
  4996.802 	     -0.011
  4997.700 	     -0.007
  4998.598 	     -0.022
  4999.496 	     -0.024
  5000.394 	     -0.024
  5001.293 	     -0.023
  5002.191 	     -0.022
  5003.090 	     -0.026
  5003.989 	     -0.036
  5004.888 	     -0.045
  5005.787 	     -0.039
  5006.687 	     -0.017
  5007.586 	      0.009
  5008.486 	      0.029
  5009.386 	      0.039
  5010.286 	      0.035
  5011.186 	      0.022
  5012.086 	      0.011
  5012.987 	      0.004
  5013.887 	     -0.004
  5014.788 	     -0.004
  5015.689 	     -0.029
  5016.590 	     -0.023
  5017.492 	     -0.020
  5018.393 	     -0.028
  5019.295 	     -0.029
  5020.197 	     -0.029
  5021.098 	     -0.033
  5022.001 	     -0.029
  5022.903 	     -0.038
  5023.805 	     -0.027
  5024.708 	     -0.034
  5025.611 	     -0.036
  5026.514 	     -0.042
  5027.417 	     -0.035
  5028.320 	     -0.026
  5029.223 	     -0.029
  5030.127 	     -0.043
  5031.031 	     -0.053
  5031.935 	     -0.037
  5032.839 	     -0.062
  5033.743 	     -0.046
  5034.647 	     -0.048
  5035.552 	     -0.051
  5036.456 	     -0.062
  5037.361 	     -0.048
  5038.266 	     -0.030
  5039.172 	     -0.049
  5040.077 	     -0.044
  5040.982 	     -0.003
  5041.888 	     -0.033
  5042.794 	     -0.021
  5043.700 	     -0.032
  5044.606 	     -0.051
  5045.513 	     -0.029
  5046.419 	     -0.025
  5047.326 	     -0.045
  5048.233 	     -0.036
  5049.140 	     -0.051
  5050.047 	     -0.013
  5050.954 	     -0.044
  5051.861 	     -0.036
  5052.769 	     -0.006
  5053.677 	     -0.031
  5054.585 	     -0.018
  5055.493 	      0.020
  5056.401 	      0.053
  5057.310 	      0.101
  5058.218 	      0.154
  5059.127 	      0.171
  5060.036 	      0.181
  5060.945 	      0.140
  5061.855 	      0.069
  5062.764 	      0.032
  5063.674 	      0.012
  5064.583 	     -0.007
  5065.493 	     -0.026
  5066.403 	     -0.029
  5067.314 	     -0.014
  5068.224 	     -0.034
  5069.135 	     -0.049
  5070.045 	     -0.038
  5070.956 	     -0.044
  5071.867 	     -0.042
  5072.779 	     -0.028
  5073.690 	     -0.026
  5074.602 	     -0.031
  5075.513 	     -0.027
  5076.425 	     -0.024
  5077.337 	     -0.037
  5078.249 	     -0.029
  5079.162 	     -0.008
  5080.074 	     -0.012
  5080.987 	     -0.011
  5081.900 	     -0.017
  5082.813 	     -0.017
  5083.726 	     -0.021
  5084.640 	     -0.025
  5085.553 	     -0.023
  5086.467 	     -0.025
  5087.381 	     -0.028
  5088.295 	     -0.027
  5089.209 	     -0.029
  5090.123 	     -0.016
  5091.038 	     -0.013
  5091.952 	     -0.002
  5092.867 	      0.003
  5093.782 	     -0.001
  5094.697 	     -0.012
  5095.613 	     -0.026
  5096.528 	     -0.030
  5097.444 	     -0.025
  5098.360 	     -0.014
  5099.276 	     -0.011
  5100.192 	     -0.008
  5101.108 	     -0.005
  5102.025 	     -0.005
  5102.941 	     -0.003
  5103.858 	     -0.004
  5104.775 	     -0.019
  5105.692 	     -0.039
  5106.610 	     -0.040
  5107.527 	     -0.022
  5108.445 	     -0.003
  5109.363 	     -0.017
  5110.281 	     -0.017
  5111.199 	      0.004
  5112.117 	      0.005
  5113.036 	      0.006
  5113.954 	     -0.003
  5114.873 	     -0.011
  5115.792 	     -0.004
  5116.711 	      0.000
  5117.630 	     -0.015
  5118.550 	     -0.026
  5119.469 	     -0.014
  5120.389 	     -0.012
  5121.309 	     -0.009
  5122.229 	     -0.005
  5123.150 	      0.004
  5124.070 	      0.012
  5124.991 	      0.012
  5125.911 	      0.004
  5126.832 	     -0.003
  5127.753 	      0.004
  5128.675 	      0.007
  5129.596 	      0.001
  5130.518 	     -0.016
  5131.440 	     -0.006
  5132.362 	     -0.016
  5133.284 	     -0.015
  5134.206 	     -0.012
  5135.128 	     -0.009
  5136.051 	     -0.019
  5136.974 	     -0.030
  5137.897 	     -0.018
  5138.820 	      0.003
  5139.743 	     -0.004
  5140.666 	      0.015
  5141.590 	      0.014
  5142.514 	     -0.004
  5143.438 	      0.013
  5144.362 	     -0.012
  5145.286 	     -0.006
  5146.211 	      0.003
  5147.135 	      0.003
  5148.060 	      0.009
  5148.985 	      0.010
  5149.910 	      0.002
  5150.835 	      0.009
  5151.761 	      0.002
  5152.686 	     -0.014
  5153.612 	     -0.021
  5154.538 	     -0.036
  5155.464 	     -0.019
  5156.390 	     -0.022
  5157.317 	     -0.003
  5158.243 	      0.012
  5159.170 	      0.004
  5160.097 	      0.001
  5161.024 	     -0.002
  5161.951 	     -0.013
  5162.879 	     -0.003
  5163.806 	     -0.026
  5164.734 	     -0.023
  5165.662 	      0.003
  5166.590 	      0.001
  5167.518 	     -0.011
  5168.447 	      0.006
  5169.375 	      0.020
  5170.304 	      0.010
  5171.233 	      0.001
  5172.162 	      0.005
  5173.091 	     -0.007
  5174.021 	     -0.000
  5174.950 	     -0.025
  5175.880 	     -0.015
  5176.810 	      0.009
  5177.740 	     -0.005
  5178.670 	     -0.003
  5179.601 	     -0.025
  5180.531 	     -0.027
  5181.462 	     -0.012
  5182.393 	     -0.009
  5183.324 	     -0.014
  5184.255 	     -0.002
  5185.187 	      0.009
  5186.118 	      0.001
  5187.050 	     -0.001
  5187.982 	     -0.005
  5188.914 	     -0.013
  5189.846 	      0.013
  5190.779 	     -0.011
  5191.712 	     -0.006
  5192.644 	      0.013
  5193.577 	      0.012
  5194.510 	      0.019
  5195.444 	      0.031
  5196.377 	      0.027
  5197.311 	      0.026
  5198.244 	      0.025
  5199.178 	      0.025
  5200.112 	      0.025
  5201.047 	      0.024
  5201.981 	      0.023
  5202.916 	      0.022
  5203.851 	      0.023
  5204.786 	      0.024
  5205.721 	      0.024
  5206.656 	      0.020
  5207.591 	      0.013
  5208.527 	      0.003
  5209.463 	     -0.009
  5210.399 	     -0.020
  5211.335 	     -0.029
  5212.271 	     -0.033
  5213.208 	     -0.034
  5261.191 	      0.006
  5262.136 	      0.016
  5263.082 	      0.029
  5264.027 	      0.036
  5264.973 	      0.034
  5265.919 	      0.021
  5266.865 	      0.008
  5267.811 	      0.007
  5268.758 	      0.012
  5269.704 	      0.026
  5270.651 	      0.031
  5271.598 	      0.023
  5272.545 	      0.018
  5273.493 	      0.015
  5274.440 	      0.013
  5275.388 	      0.004
  5276.335 	      0.014
  5277.283 	      0.008
  5278.232 	     -0.001
  5279.180 	     -0.006
  5280.128 	     -0.004
  5281.077 	      0.007
  5282.026 	      0.016
  5282.975 	      0.015
  5283.924 	      0.013
  5284.873 	      0.002
  5285.823 	      0.001
  5286.773 	      0.002
  5287.722 	      0.023
  5288.672 	      0.018
  5289.623 	      0.009
  5290.573 	     -0.009
  5291.523 	     -0.006
  5292.474 	      0.005
  5293.425 	      0.007
  5294.376 	      0.011
  5295.327 	      0.024
  5296.279 	      0.013
  5297.230 	      0.004
  5298.182 	      0.010
  5299.134 	      0.001
  5300.086 	     -0.008
  5301.038 	     -0.004
  5301.991 	      0.005
  5302.943 	     -0.000
  5303.896 	     -0.007
  5304.849 	     -0.003
  5305.802 	      0.011
  5306.755 	      0.026
  5307.709 	      0.009
  5308.662 	      0.014
  5309.616 	      0.020
  5310.570 	      0.034
  5311.524 	      0.010
  5312.478 	     -0.003
  5313.433 	     -0.003
  5314.388 	     -0.009
  5315.342 	     -0.007
  5316.297 	     -0.002
  5317.252 	     -0.011
  5318.208 	     -0.015
  5319.163 	     -0.013
  5320.119 	     -0.035
  5321.075 	     -0.013
  5322.031 	     -0.028
  5322.987 	     -0.009
  5323.943 	     -0.003
  5324.900 	     -0.002
  5325.857 	     -0.017
  5326.813 	      0.009
  5327.770 	      0.013
  5328.728 	      0.018
  5329.685 	      0.030
  5330.643 	      0.004
  5331.600 	     -0.018
  5332.558 	     -0.021
  5333.516 	     -0.023
  5334.475 	     -0.009
  5335.433 	     -0.005
  5336.392 	     -0.018
  5337.350 	     -0.006
  5338.309 	     -0.014
  5339.268 	      0.015
  5340.228 	     -0.002
  5341.187 	      0.015
  5342.147 	      0.029
  5343.107 	     -0.013
  5344.067 	     -0.002
  5345.027 	     -0.008
  5345.987 	     -0.003
  5346.947 	     -0.028
  5347.908 	     -0.010
  5348.869 	     -0.001
  5349.830 	     -0.021
  5350.791 	      0.010
  5351.752 	      0.032
  5352.714 	      0.009
  5353.676 	      0.002
  5354.638 	      0.005
  5355.600 	      0.010
  5356.562 	      0.010
  5357.524 	      0.002
  5358.487 	      0.022
  5359.449 	     -0.010
  5360.412 	      0.001
  5361.375 	      0.018
  5362.339 	      0.025
  5363.302 	     -0.005
  5364.266 	      0.004
  5365.230 	     -0.001
  5366.193 	      0.009
  5367.158 	      0.008
  5368.122 	     -0.014
  5369.086 	     -0.016
  5370.051 	      0.018
  5371.016 	     -0.000
  5371.981 	      0.015
  5372.946 	      0.008
  5373.911 	     -0.002
  5374.877 	      0.009
  5375.842 	      0.009
  5376.808 	     -0.007
  5377.774 	     -0.019
  5378.741 	     -0.028
  5379.707 	     -0.022
  5380.673 	     -0.004
  5381.640 	     -0.028
  5382.607 	     -0.043
  5383.574 	     -0.023
  5384.541 	     -0.012
  5385.509 	     -0.010
  5386.476 	     -0.075
  5387.444 	     -0.086
  5388.412 	     -0.136
  5394.223 	     -0.016
  5395.192 	     -0.019
  5396.162 	     -0.021
  5397.131 	     -0.030
  5398.101 	     -0.016
  5399.071 	     -0.018
  5400.041 	     -0.016
  5401.011 	     -0.008
  5401.981 	     -0.010
  5402.952 	     -0.007
  5403.923 	     -0.005
  5404.894 	     -0.013
  5405.865 	     -0.020
  5406.836 	     -0.021
  5407.807 	     -0.007
  5408.779 	     -0.009
  5409.751 	      0.020
  5410.723 	      0.003
  5411.695 	      0.009
  5412.667 	     -0.013
  5413.639 	     -0.013
  5414.612 	     -0.019
  5415.585 	     -0.033
  5416.558 	     -0.026
  5417.531 	     -0.010
  5418.504 	     -0.030
  5419.478 	     -0.037
  5420.452 	     -0.037
  5421.426 	     -0.047
  5422.400 	     -0.053
  5423.374 	     -0.044
  5424.348 	     -0.030
  5425.323 	     -0.021
  5426.297 	     -0.013
  5427.272 	     -0.005
  5428.247 	     -0.005
  5429.223 	     -0.007
  5430.198 	     -0.011
  5431.174 	     -0.013
  5432.150 	     -0.011
  5433.126 	     -0.011
  5434.102 	     -0.013
  5435.078 	     -0.016
  5436.055 	     -0.015
  5437.031 	     -0.012
  5438.008 	     -0.015
  5438.985 	     -0.006
  5439.962 	     -0.033
  5440.940 	     -0.023
  5441.917 	     -0.018
  5442.895 	     -0.038
  5443.873 	     -0.019
  5444.851 	     -0.018
  5445.829 	     -0.009
  5446.808 	     -0.029
  5447.786 	     -0.029
  5448.765 	     -0.022
  5449.744 	     -0.005
  5450.723 	      0.001
  5451.702 	     -0.002
  5455.621 	      0.023
  5456.601 	     -0.040
  5457.582 	     -0.050
  5458.562 	     -0.051
  5459.543 	     -0.038
  5460.524 	     -0.024
  5461.505 	     -0.024
  5462.486 	     -0.019
  5463.468 	     -0.011
  5464.449 	     -0.010
  5465.431 	     -0.007
  5466.413 	      0.002
  5467.395 	      0.004
  5468.377 	     -0.014
  5469.360 	     -0.015
  5470.343 	      0.003
  5471.325 	     -0.008
  5472.308 	     -0.012
  5473.292 	     -0.012
  5474.275 	     -0.014
  5475.258 	     -0.012
  5476.242 	     -0.003
  5477.226 	      0.012
  5478.210 	      0.020
  5479.194 	      0.009
  5480.179 	     -0.002
  5481.163 	      0.001
  5482.148 	     -0.008
  5483.133 	     -0.016
  5484.118 	     -0.015
  5485.104 	     -0.001
  5486.089 	      0.012
  5487.075 	      0.000
  5488.060 	      0.006
  5489.047 	     -0.019
  5490.033 	     -0.029
  5491.019 	      0.005
  5492.006 	      0.006
  5492.992 	      0.009
  5493.979 	      0.006
  5494.966 	      0.008
  5495.954 	      0.009
  5496.941 	     -0.004
  5497.929 	     -0.018
  5498.916 	     -0.018
  5499.904 	     -0.014
  5500.892 	      0.000
  5501.881 	      0.027
  5502.869 	      0.029
  5503.858 	      0.003
  5504.847 	     -0.010
  5505.836 	     -0.005
  5506.825 	     -0.012
  5507.814 	     -0.023
  5508.804 	     -0.023
  5509.794 	     -0.012
  5510.784 	      0.000
  5511.774 	     -0.000
  5512.764 	     -0.004
  5513.754 	      0.005
  5514.745 	      0.011
  5515.736 	      0.000
  5516.727 	     -0.012
  5517.718 	     -0.013
  5518.709 	     -0.015
  5519.701 	     -0.009
  5520.693 	     -0.006
  5521.684 	     -0.003
  5522.677 	     -0.004
  5523.669 	      0.002
  5524.661 	      0.004
  5525.654 	      0.008
  5526.647 	     -0.002
  5527.639 	      0.004
  5528.633 	      0.014
  5529.626 	      0.005
  5530.619 	      0.000
  5531.613 	      0.013
  5532.607 	      0.006
  5533.601 	     -0.015
  5534.595 	     -0.019
  5535.589 	     -0.014
  5536.584 	     -0.007
  5537.579 	     -0.005
  5538.574 	      0.004
  5539.569 	     -0.014
  5540.564 	     -0.024
  5541.559 	     -0.023
  5542.555 	     -0.011
  5543.551 	      0.013
  5544.547 	     -0.007
  5545.543 	     -0.048
  5546.539 	     -0.031
  5547.536 	     -0.031
  5548.533 	     -0.012
  5549.529 	      0.013
  5550.527 	     -0.001
  5551.524 	     -0.011
  5552.521 	     -0.005
  5553.519 	      0.004
  5554.517 	      0.001
  5555.514 	     -0.013
  5556.513 	     -0.024
  5557.511 	     -0.014
  5558.509 	     -0.008
  5559.508 	     -0.010
  5560.507 	     -0.004
  5561.506 	     -0.011
  5562.505 	     -0.026
  5563.505 	     -0.014
  5564.504 	     -0.030
  5565.504 	     -0.050
  5566.504 	     -0.032
  5567.504 	     -0.030
  5568.504 	     -0.034
  5569.505 	     -0.032
  5570.505 	     -0.016
  5571.506 	     -0.017
  5572.507 	     -0.013
  5573.508 	     -0.010
  5574.510 	     -0.007
  5575.511 	     -0.013
  5576.513 	     -0.024
  5577.515 	     -0.036
  5578.517 	     -0.048
  5579.519 	     -0.054
  5580.522 	     -0.040
  5581.524 	     -0.017
  5582.527 	      0.003
  5583.530 	     -0.017
  5584.533 	     -0.023
  5585.537 	     -0.018
  5586.540 	     -0.026
  5587.544 	     -0.027
  5588.548 	     -0.025
  5589.552 	     -0.025
  5590.556 	     -0.027
  5591.560 	     -0.034
  5592.565 	     -0.043
  5593.570 	     -0.041
  5594.575 	     -0.035
  5595.580 	     -0.028
  5596.585 	     -0.040
  5597.591 	     -0.048
  5598.596 	     -0.049
  5599.602 	     -0.044
  5600.608 	     -0.031
  5601.615 	     -0.034
  5602.621 	     -0.040
  5603.628 	     -0.034
  5604.634 	     -0.019
  5605.641 	     -0.020
  5606.649 	     -0.034
  5607.656 	     -0.041
  5608.663 	     -0.031
  5609.671 	     -0.035
  5610.679 	     -0.039
  5611.687 	     -0.037
  5612.695 	     -0.039
  5613.704 	     -0.046
  5614.712 	     -0.058
  5615.721 	     -0.062
  5616.730 	     -0.047
  5617.739 	     -0.045
  5618.748 	     -0.056
  5619.758 	     -0.050
  5620.767 	     -0.031
  5621.777 	     -0.024
  5622.787 	     -0.027
  5623.798 	     -0.031
  5624.808 	     -0.037
  5625.819 	     -0.035
  5626.829 	     -0.046
  5627.840 	     -0.035
  5628.851 	     -0.021
  5629.863 	     -0.027
  5630.874 	     -0.024
  5631.886 	     -0.020
  5632.898 	     -0.029
  5633.910 	     -0.039
  5634.922 	     -0.053
  5635.934 	     -0.048
  5636.947 	     -0.032
  5637.960 	     -0.039
  5638.973 	     -0.059
  5639.986 	     -0.079
  5640.999 	     -0.070
  5642.013 	     -0.058
  5643.026 	     -0.063
  5644.040 	     -0.068
  5645.054 	     -0.056
  5646.068 	     -0.044
  5647.083 	     -0.066
  5648.097 	     -0.077
  5649.112 	     -0.075
  5650.127 	     -0.085
  5651.142 	     -0.067
  5652.157 	     -0.066
  5653.173 	     -0.070
  5654.189 	     -0.072
  5655.205 	     -0.070
  5656.221 	     -0.063
  5657.237 	     -0.069
  5658.253 	     -0.075
  5659.270 	     -0.085
  5660.287 	     -0.079
  5661.304 	     -0.064
  5662.321 	     -0.067
  5663.338 	     -0.058
  5664.355 	     -0.078
  5665.373 	     -0.091
  5666.391 	     -0.077
  5667.409 	     -0.090
  5668.427 	     -0.100
  5669.446 	     -0.096
  5670.464 	     -0.106
  5671.483 	     -0.083
  5672.502 	     -0.073
  5673.521 	     -0.087
  5674.541 	     -0.101
  5675.560 	     -0.101
  5676.580 	     -0.097
  5677.600 	     -0.088
  5678.620 	     -0.104
  5679.640 	     -0.108
  5680.660 	     -0.127
  5681.681 	     -0.115
  5682.702 	     -0.098
  5683.723 	     -0.101
  5684.744 	     -0.113
  5685.765 	     -0.114
  5686.787 	     -0.103
  5687.809 	     -0.101
  5688.830 	     -0.105
  5689.853 	     -0.110
  5690.875 	     -0.107
  5691.897 	     -0.104
  5692.920 	     -0.108
  5693.943 	     -0.110
  5694.966 	     -0.115
  5695.989 	     -0.093
  5697.012 	     -0.099
  5698.036 	     -0.124
  5699.060 	     -0.136
  5700.084 	     -0.133
  5701.108 	     -0.130
  5702.132 	     -0.136
  5703.156 	     -0.132
  5704.181 	     -0.130
  5705.206 	     -0.126
  5706.231 	     -0.132
  5707.256 	     -0.138
  5708.282 	     -0.127
  5709.307 	     -0.122
  5710.333 	     -0.136
  5711.359 	     -0.152
  5712.385 	     -0.136
  5713.411 	     -0.129
  5714.438 	     -0.139
  5715.464 	     -0.135
  5716.491 	     -0.114
  5717.518 	     -0.118
  5718.546 	     -0.128
  5719.573 	     -0.142
  5720.601 	     -0.146
  5721.628 	     -0.144
  5722.656 	     -0.174
  5723.685 	     -0.151
  5724.713 	     -0.133
  5725.741 	     -0.128
  5726.770 	     -0.149
  5727.799 	     -0.129
  5728.828 	     -0.139
  5729.857 	     -0.135
  5730.887 	     -0.158
  5731.916 	     -0.119
  5732.946 	     -0.143
  5733.976 	     -0.136
  5735.007 	     -0.153
  5736.037 	     -0.155
  5737.067 	     -0.167
  5738.098 	     -0.172
  5739.129 	     -0.154
  5740.160 	     -0.148
  5741.192 	     -0.170
  5742.223 	     -0.162
  5743.255 	     -0.154
  5744.287 	     -0.154
  5745.319 	     -0.157
  5746.351 	     -0.160
  5747.383 	     -0.163
  5748.416 	     -0.145
  5749.449 	     -0.141
  5750.482 	     -0.154
  5751.515 	     -0.176
  5752.548 	     -0.162
  5753.582 	     -0.141
  5754.615 	     -0.152
  5755.649 	     -0.161
  5756.683 	     -0.160
  5757.718 	     -0.150
  5758.752 	     -0.150
  5759.787 	     -0.146
  5760.822 	     -0.147
  5761.857 	     -0.173
  5762.892 	     -0.186
  5763.927 	     -0.187
  5764.963 	     -0.175
  5765.999 	     -0.198
  5767.035 	     -0.180
  5768.071 	     -0.173
  5769.107 	     -0.176
  5770.143 	     -0.159
  5771.180 	     -0.149
  5772.217 	     -0.169
  5773.254 	     -0.173
  5774.291 	     -0.179
  5775.329 	     -0.176
  5776.366 	     -0.170
  5777.404 	     -0.191
  5778.442 	     -0.201
  5779.480 	     -0.184
  5780.519 	     -0.209
  5781.557 	     -0.202
  5782.596 	     -0.176
  5783.635 	     -0.166
  5784.674 	     -0.172
  5785.713 	     -0.174
  5786.753 	     -0.176
  5787.793 	     -0.173
  5788.832 	     -0.174
  5789.873 	     -0.183
  5790.913 	     -0.190
  5791.953 	     -0.184
  5792.994 	     -0.160
  5794.035 	     -0.150
  5795.076 	     -0.170
  5796.117 	     -0.181
  5797.158 	     -0.172
  5798.200 	     -0.172
  5799.241 	     -0.159
  5800.283 	     -0.161
  5801.325 	     -0.178
  5802.368 	     -0.164
  5803.410 	     -0.171
  5804.453 	     -0.155
  5805.496 	     -0.155
  5806.539 	     -0.160
  5807.582 	     -0.182
  5808.625 	     -0.186
  5809.669 	     -0.172
  5810.713 	     -0.160
  5811.757 	     -0.147
  5812.801 	     -0.140
  5813.845 	     -0.130
  5814.890 	     -0.123
  5815.935 	     -0.139
  5816.980 	     -0.145
  5818.025 	     -0.143
  5819.070 	     -0.152
  5820.115 	     -0.163
  5821.161 	     -0.146
  5822.207 	     -0.148
  5823.253 	     -0.161
  5824.299 	     -0.157
  5825.346 	     -0.147
  5826.392 	     -0.151
  5827.439 	     -0.159
  5828.486 	     -0.175
  5829.533 	     -0.158
  5830.581 	     -0.151
  5831.628 	     -0.156
  5832.676 	     -0.159
  5833.724 	     -0.151
  5834.772 	     -0.162
  5835.820 	     -0.166
  5836.869 	     -0.169
  5837.917 	     -0.187
  5838.966 	     -0.200
  5840.015 	     -0.194
  5841.065 	     -0.178
  5842.114 	     -0.177
  5843.164 	     -0.188
  5844.213 	     -0.177
  5845.263 	     -0.154
  5846.314 	     -0.138
  5847.364 	     -0.148
  5848.415 	     -0.142
  5849.465 	     -0.143
  5850.516 	     -0.145
  5851.567 	     -0.134
  5852.619 	     -0.136
  5853.670 	     -0.144
  5854.722 	     -0.146
  5855.774 	     -0.151
  5856.826 	     -0.155
  5857.878 	     -0.140
  5858.931 	     -0.132
  5859.983 	     -0.119
  5861.036 	     -0.108
  5862.089 	     -0.110
  5863.142 	     -0.115
  5864.196 	     -0.115
  5865.249 	     -0.116
  5866.303 	     -0.109
  5867.357 	     -0.102
  5868.411 	     -0.101
  5869.466 	     -0.099
  5870.520 	     -0.089
  5871.575 	     -0.088
  5872.630 	     -0.094
  5873.685 	     -0.101
  5874.740 	     -0.097
  5875.796 	     -0.092
  5876.851 	     -0.092
  5877.907 	     -0.092
  5878.963 	     -0.098
  5880.019 	     -0.089
  5881.076 	     -0.077
  5882.133 	     -0.085
  5883.189 	     -0.091
  5884.246 	     -0.090
  5885.304 	     -0.088
  5886.361 	     -0.096
  5887.419 	     -0.126
  5888.476 	     -0.161
  5889.534 	     -0.168
  5890.592 	     -0.158
  5891.651 	     -0.123
  5892.709 	     -0.122
  5893.768 	     -0.150
  5894.827 	     -0.141
  5895.886 	     -0.133
  5896.945 	     -0.127
  5898.005 	     -0.087
  5899.064 	     -0.071
  5900.124 	     -0.087
  5901.184 	     -0.072
  5902.245 	     -0.068
  5903.305 	     -0.064
  5904.366 	     -0.050
  5905.426 	     -0.066
  5906.487 	     -0.071
  5907.549 	     -0.066
  5908.610 	     -0.072
  5909.671 	     -0.062
  5910.733 	     -0.050
  5911.795 	     -0.031
  5912.857 	     -0.041
  5913.920 	     -0.055
  5914.982 	     -0.048
  5916.045 	     -0.031
  5917.108 	     -0.032
  5918.171 	     -0.034
  5919.234 	     -0.045
  5920.298 	     -0.052
  5921.361 	     -0.039
  5922.425 	     -0.062
  5923.489 	     -0.053
  5924.554 	     -0.041
  5925.618 	     -0.026
  5926.683 	     -0.040
  5927.747 	     -0.041
  5928.812 	     -0.019
  5929.878 	     -0.023
  5930.943 	     -0.022
  5932.009 	     -0.023
  5933.074 	      0.003
  5934.140 	      0.014
  5935.206 	      0.014
  5936.273 	      0.050
  5937.339 	      0.019
  5938.406 	      0.007
  5939.473 	      0.006
  5940.540 	     -0.013
  5941.607 	     -0.047
  5942.675 	     -0.047
  5943.743 	     -0.088
  5944.811 	     -0.129
  5945.879 	     -0.168
  5946.947 	     -0.233
  5948.015 	     -0.368
  5949.084 	     -0.476
  5950.153 	     -0.522
  5951.222 	     -0.488
  5952.291 	     -0.400
  5953.360 	     -0.340
  5954.430 	     -0.352
  5955.500 	     -0.410
  5956.570 	     -0.416
  5957.640 	     -0.334
  5958.710 	     -0.208
  5959.781 	     -0.105
  5960.852 	     -0.049
  5961.923 	     -0.025
  5962.994 	     -0.032
  5964.065 	     -0.016
  5965.137 	     -0.005
  5966.209 	      0.002
  5967.280 	     -0.013
  5968.353 	     -0.002
  5969.425 	     -0.022
  5970.497 	     -0.005
  5971.570 	      0.000
  5972.643 	     -0.035
  5973.716 	      0.021
  5974.789 	     -0.002
  5975.863 	      0.014
  5976.936 	      0.023
  5978.010 	      0.024
  5979.084 	      0.012
  5980.158 	      0.022
  5981.233 	      0.016
  5982.308 	      0.001
  5983.382 	     -0.014
  5984.457 	     -0.016
  5985.533 	     -0.022
  5986.608 	     -0.015
  5987.684 	      0.007
  5988.759 	      0.026
  5989.835 	      0.012
  5990.911 	      0.011
  5991.988 	      0.014
  5993.064 	      0.020
  5994.141 	      0.004
  5995.218 	      0.030
  5996.295 	      0.038
  5997.372 	      0.021
  5998.450 	      0.006
  5999.528 	      0.001
  6000.606 	      0.007
  6001.684 	      0.029
  6002.762 	      0.029
  6003.840 	      0.015
  6004.919 	      0.023
  6005.998 	      0.010
  6007.077 	      0.016
  6008.156 	      0.030
  6009.236 	      0.037
  6010.315 	      0.030
  6011.395 	      0.027
  6022.204 	      0.033
  6023.286 	      0.023
  6024.369 	      0.022
  6025.451 	      0.016
  6026.534 	      0.021
  6027.616 	      0.033
  6028.699 	      0.029
  6029.782 	      0.031
  6030.866 	      0.049
  6031.949 	      0.055
  6033.033 	      0.044
  6034.117 	      0.024
  6035.201 	      0.021
  6036.285 	      0.028
  6037.370 	      0.036
  6038.455 	      0.034
  6039.539 	      0.034
  6040.625 	      0.025
  6041.710 	      0.017
  6042.795 	      0.017
  6043.881 	      0.019
  6044.967 	      0.029
  6046.053 	      0.032
  6047.139 	      0.030
  6048.226 	      0.041
  6049.312 	      0.032
  6050.399 	      0.026
  6051.486 	      0.037
  6052.573 	      0.046
  6053.661 	      0.040
  6054.749 	      0.040
  6055.836 	      0.062
  6056.924 	      0.050
  6058.013 	      0.053
  6059.101 	      0.054
  6060.190 	      0.029
  6061.278 	      0.044
  6062.367 	      0.048
  6063.457 	      0.048
  6064.546 	      0.051
  6065.636 	      0.059
  6066.725 	      0.051
  6067.815 	      0.052
  6068.906 	      0.054
  6069.996 	      0.066
  6071.086 	      0.056
  6072.177 	      0.062
  6073.268 	      0.058
  6074.359 	      0.026
  6075.451 	      0.050
  6076.542 	      0.050
  6077.634 	      0.056
  6078.726 	      0.054
  6079.818 	      0.053
  6080.910 	      0.069
  6082.003 	      0.086
  6083.096 	      0.074
  6084.189 	      0.077
  6085.282 	      0.088
  6086.375 	      0.088
  6087.468 	      0.093
  6088.562 	      0.076
  6089.656 	      0.070
  6090.750 	      0.087
  6091.844 	      0.087
  6092.939 	      0.075
  6094.034 	      0.086
  6095.129 	      0.098
  6096.224 	      0.146
  6097.319 	      0.115
  6098.414 	      0.095
  6099.510 	      0.117
  6100.606 	      0.113
  6101.702 	      0.068
  6102.798 	      0.102
  6103.895 	      0.100
  6104.991 	      0.070
  6106.088 	      0.067
  6107.185 	      0.073
  6108.282 	      0.082
  6109.380 	      0.079
  6110.478 	      0.088
  6111.575 	      0.057
  6112.673 	      0.077
  6113.772 	      0.073
  6114.870 	      0.037
  6115.969 	      0.080
  6117.068 	      0.097
  6118.167 	      0.073
  6119.266 	      0.057
  6120.365 	      0.072
  6121.465 	      0.075
  6122.565 	      0.048
  6123.665 	      0.063
  6124.765 	      0.114
  6125.865 	      0.123
  6126.966 	      0.131
  6128.067 	      0.133
  6129.168 	      0.128
  6130.269 	      0.118
  6131.370 	      0.108
  6132.472 	      0.102
  6133.574 	      0.098
  6134.676 	      0.097
  6135.778 	      0.099
  6136.880 	      0.103
  6137.983 	      0.110
  6139.086 	      0.120
  6140.189 	      0.131
  6141.292 	      0.141
  6142.395 	      0.150
  6143.499 	      0.156
  6144.602 	      0.160
  6145.706 	      0.163
  6146.811 	      0.154
  6147.915 	      0.154
  6149.020 	      0.175
  6150.124 	      0.152
  6151.229 	      0.160
  6152.334 	      0.179
  6153.440 	      0.186
  6154.545 	      0.171
  6155.651 	      0.144
  6156.757 	      0.136
  6157.863 	      0.142
  6158.970 	      0.142
  6164.504 	      0.154
  6165.612 	      0.156
  6166.720 	      0.174
  6167.828 	      0.153
  6168.936 	      0.154
  6170.044 	      0.160
  6171.153 	      0.136
  6172.261 	      0.149
  6173.370 	      0.151
  6174.479 	      0.145
  6175.589 	      0.175
  6176.698 	      0.168
  6177.808 	      0.147
  6178.918 	      0.160
  6180.028 	      0.152
  6181.138 	      0.138
  6182.249 	      0.177
  6183.360 	      0.190
  6184.471 	      0.188
  6185.582 	      0.173
  6186.693 	      0.171
  6187.805 	      0.184
  6188.916 	      0.184
  6190.028 	      0.163
  6191.140 	      0.187
  6192.253 	      0.175
  6193.365 	      0.170
  6194.478 	      0.163
  6195.591 	      0.162
  6196.704 	      0.160
  6197.817 	      0.185
  6198.931 	      0.167
  6200.045 	      0.168
  6201.159 	      0.140
  6202.273 	      0.156
  6203.387 	      0.193
  6204.502 	      0.175
  6205.616 	      0.183
  6206.731 	      0.173
  6207.846 	      0.156
  6208.962 	      0.151
  6210.077 	      0.168
  6211.193 	      0.196
  6212.309 	      0.179
  6213.425 	      0.169
  6214.541 	      0.158
  6215.658 	      0.151
  6216.775 	      0.154
  6217.892 	      0.172
  6219.009 	      0.153
  6220.126 	      0.142
  6221.244 	      0.137
  6222.361 	      0.119
  6223.479 	      0.169
  6224.597 	      0.174
  6225.716 	      0.179
  6226.834 	      0.177
  6227.953 	      0.176
  6229.072 	      0.166
  6230.191 	      0.157
  6231.310 	      0.165
  6232.430 	      0.165
  6233.550 	      0.152
  6234.670 	      0.166
  6235.790 	      0.166
  6236.910 	      0.170
  6238.031 	      0.169
  6239.152 	      0.159
  6240.272 	      0.164
  6241.394 	      0.184
  6242.515 	      0.183
  6243.637 	      0.153
  6244.758 	      0.134
  6245.880 	      0.139
  6247.002 	      0.153
  6248.125 	      0.157
  6249.247 	      0.170
  6250.370 	      0.166
  6251.493 	      0.155
  6252.616 	      0.155
  6253.740 	      0.159
  6254.863 	      0.156
  6255.987 	      0.154
  6257.111 	      0.143
  6258.235 	      0.128
  6259.360 	      0.115
  6260.484 	      0.108
  6261.609 	      0.108
  6262.734 	      0.111
  6263.859 	      0.113
  6264.985 	      0.111
  6266.110 	      0.104
  6267.236 	      0.097
  6268.362 	      0.091
  6269.488 	      0.087
  6270.615 	      0.085
  6271.741 	      0.085
  6272.868 	      0.089
  6273.995 	      0.096
  6275.122 	      0.106
  6276.250 	      0.121
  6277.377 	      0.136
  6278.505 	      0.147
  6279.633 	      0.153
  6280.761 	      0.152
  6281.890 	      0.149
  6283.018 	      0.147
  6284.147 	      0.145
  6285.276 	      0.141
  6286.406 	      0.136
  6287.535 	      0.131
  6288.665 	      0.126
  6289.795 	      0.124
  6290.925 	      0.125
  6292.055 	      0.132
  6293.185 	      0.142
  6294.316 	      0.153
  6295.447 	      0.158
  6296.578 	      0.152
  6297.709 	      0.139
  6298.841 	      0.124
  6299.972 	      0.114
  6301.104 	      0.132
  6302.236 	      0.137
  6303.369 	      0.135
  6304.501 	      0.117
  6305.634 	      0.110
  6306.767 	      0.128
  6307.900 	      0.154
  6309.033 	      0.129
  6310.167 	      0.111
  6311.300 	      0.135
  6312.434 	      0.129
  6313.568 	      0.130
  6314.703 	      0.121
  6315.837 	      0.137
  6316.972 	      0.174
  6318.107 	      0.145
  6319.242 	      0.154
  6320.377 	      0.157
  6321.513 	      0.149
  6322.649 	      0.137
  6323.785 	      0.152
  6324.921 	      0.146
  6326.057 	      0.143
  6327.194 	      0.170
  6328.331 	      0.166
  6329.468 	      0.162
  6330.605 	      0.162
  6331.742 	      0.145
  6332.880 	      0.133
  6334.017 	      0.133
  6335.155 	      0.142
  6336.294 	      0.145
  6337.432 	      0.145
  6338.571 	      0.144
  6339.710 	      0.132
  6340.849 	      0.128
  6341.988 	      0.139
  6343.127 	      0.131
  6344.267 	      0.102
  6345.407 	      0.091
  6346.547 	      0.076
  6347.687 	      0.051
  6348.827 	      0.027
  6349.968 	      0.036
  6351.109 	      0.050
  6352.250 	      0.061
  6353.391 	      0.096
  6354.533 	      0.131
  6355.674 	      0.145
  6356.816 	      0.137
  6357.958 	      0.141
  6359.101 	      0.150
  6360.243 	      0.157
  6361.386 	      0.191
  6362.529 	      0.246
  6363.672 	      0.342
  6364.815 	      0.390
  6365.959 	      0.397
  6367.103 	      0.380
  6368.247 	      0.315
  6369.391 	      0.242
  6370.535 	      0.165
  6371.680 	      0.132
  6372.824 	      0.139
  6373.969 	      0.117
  6375.115 	      0.092
  6376.260 	      0.119
  6377.406 	      0.128
  6378.551 	      0.124
  6379.697 	      0.116
  6380.844 	      0.112
  6381.990 	      0.107
  6383.137 	      0.101
  6384.283 	      0.091
  6385.430 	      0.081
  6386.578 	      0.121
  6387.725 	      0.127
  6388.873 	      0.122
  6390.021 	      0.111
  6391.169 	      0.150
  6392.317 	      0.143
  6393.465 	      0.154
  6394.614 	      0.148
  6395.763 	      0.149
  6396.912 	      0.134
  6398.061 	      0.117
  6399.211 	      0.125
  6400.361 	      0.119
  6401.511 	      0.139
  6402.661 	      0.129
  6403.811 	      0.120
  6404.962 	      0.122
  6406.112 	      0.118
  6407.263 	      0.114
  6408.414 	      0.114
  6409.566 	      0.113
  6410.717 	      0.115
  6411.869 	      0.102
  6413.021 	      0.098
  6414.173 	      0.101
  6415.326 	      0.081
  6416.478 	      0.072
  6417.631 	      0.080
  6418.784 	      0.091
  6419.937 	      0.099
  6421.091 	      0.100
  6422.245 	      0.100
  6423.398 	      0.096
  6424.552 	      0.079
  6425.707 	      0.078
  6426.861 	      0.085
  6428.016 	      0.093
  6429.171 	      0.123
  6430.326 	      0.149
  6431.481 	      0.147
  6432.637 	      0.126
  6433.792 	      0.107
  6434.948 	      0.095
  6436.104 	      0.095
  6437.261 	      0.092
  6438.417 	      0.084
  6439.574 	      0.082
  6440.731 	      0.087
  6441.888 	      0.079
  6443.046 	      0.077
  6444.203 	      0.086
  6445.361 	      0.085
  6446.519 	      0.077
  6447.677 	      0.073
  6448.836 	      0.085
  6449.994 	      0.088
  6451.153 	      0.093
  6452.312 	      0.085
  6453.471 	      0.081
  6454.631 	      0.077
  6455.791 	      0.064
  6456.950 	      0.068
  6458.111 	      0.055
  6459.271 	      0.066
  6460.431 	      0.077
  6461.592 	      0.088
  6462.753 	      0.082
  6463.914 	      0.076
  6465.075 	      0.076
  6466.237 	      0.057
  6467.399 	      0.069
  6468.561 	      0.050
  6469.723 	      0.038
  6470.885 	      0.044
  6472.048 	      0.045
  6473.211 	      0.034
  6474.374 	      0.025
  6475.537 	      0.008
  6476.700 	      0.002
  6477.864 	      0.005
  6479.028 	      0.014
  6480.192 	      0.025
  6481.356 	     -0.010
  6482.521 	      0.028
  6483.685 	      0.029
  6484.850 	      0.032
  6486.015 	      0.046
  6487.181 	      0.047
  6488.346 	      0.052
  6489.512 	      0.039
  6490.678 	      0.055
  6491.844 	      0.044
  6493.010 	      0.021
  6494.177 	      0.037
  6495.344 	      0.038
  6496.511 	      0.024
  6497.678 	      0.032
  6498.845 	      0.036
  6500.013 	      0.046
  6501.181 	      0.042
  6502.349 	      0.028
  6503.517 	      0.026
  6504.685 	      0.044
  6505.854 	      0.048
  6507.023 	      0.029
  6508.192 	      0.010
  6509.361 	      0.007
  6510.531 	      0.014
  6511.700 	      0.009
  6512.870 	     -0.005
  6514.041 	     -0.019
  6515.211 	     -0.012
  6516.381 	      0.006
  6517.552 	     -0.016
  6518.723 	     -0.026
  6519.894 	     -0.013
  6521.066 	     -0.003
  6522.237 	      0.004
  6523.409 	     -0.004
  6524.581 	     -0.021
  6525.753 	     -0.011
  6526.926 	      0.008
  6528.099 	      0.013
  6529.271 	      0.033
  6530.445 	      0.050
  6531.618 	      0.038
  6532.791 	      0.025
  6533.965 	      0.021
  6535.139 	      0.046
  6536.313 	      0.053
  6537.487 	      0.050
  6538.662 	      0.043
  6539.837 	      0.047
  6541.012 	      0.045
  6542.187 	      0.048
  6543.362 	      0.049
  6544.538 	      0.043
  6545.714 	      0.041
  6546.890 	      0.035
  6548.066 	      0.054
  6549.243 	      0.061
  6550.419 	      0.061
  6551.596 	      0.062
  6552.773 	      0.027
  6553.950 	      0.030
  6555.128 	      0.032
  6556.306 	      0.028
  6557.484 	      0.030
  6558.662 	      0.036
  6559.840 	      0.020
  6561.019 	      0.049
  6562.198 	      0.032
  6563.377 	      0.015
  6564.556 	      0.018
  6565.735 	     -0.005
  6566.915 	      0.008
  6568.095 	     -0.008
  6569.275 	     -0.022
  6570.455 	     -0.031
  6571.635 	     -0.035
  6572.816 	     -0.035
  6573.997 	     -0.030
  6575.178 	     -0.024
  6576.359 	     -0.019
  6577.541 	     -0.014
  6578.723 	     -0.008
  6579.905 	      0.001
  6581.087 	      0.012
  6582.269 	      0.026
  6583.452 	      0.039
  6584.635 	      0.050
  6585.818 	      0.056
  6587.001 	      0.057
  6588.184 	      0.056
  6589.368 	      0.056
  6590.552 	      0.059
  6591.736 	      0.053
  6592.920 	      0.047
  6594.105 	      0.053
  6595.290 	      0.059
  6596.475 	      0.064
  6597.660 	      0.065
  6598.845 	      0.086
  6600.031 	      0.083
  6601.216 	      0.055
  6602.402 	      0.048
  6603.589 	      0.034
  6604.775 	      0.048
  6605.962 	      0.068
  6607.149 	      0.095
  6608.336 	      0.108
  6609.523 	      0.121
  6610.710 	      0.170
  6611.898 	      0.303
  6613.086 	      0.549
  6614.274 	      0.782
  6615.463 	      0.959
  6616.651 	      1.025
  6617.840 	      0.918
  6619.029 	      0.661
  6620.218 	      0.388
  6621.408 	      0.246
  6622.597 	      0.212
  6623.787 	      0.238
  6624.977 	      0.334
  6626.167 	      0.698
  6627.358 	      1.629
  6628.549 	      2.681
  6629.740 	      3.567
  6630.931 	      4.125
  6632.122 	      4.161
  6633.314 	      3.134
  6634.505 	      1.648
  6635.697 	      0.704
  6636.890 	      0.309
  6638.082 	      0.195
  6639.275 	      0.161
  6640.467 	      0.153
  6641.660 	      0.155
  6642.854 	      0.162
  6644.047 	      0.189
  6645.241 	      0.257
  6646.435 	      0.467
  6647.629 	      0.921
  6648.823 	      1.583
  6650.018 	      2.274
  6651.213 	      2.794
  6652.408 	      2.991
  6653.603 	      2.573
  6654.798 	      1.738
  6655.994 	      0.947
  6657.190 	      0.483
  6658.386 	      0.280
  6659.582 	      0.193
  6660.779 	      0.150
  6661.975 	      0.133
  6663.172 	      0.137
  6664.369 	      0.129
  6665.567 	      0.130
  6666.764 	      0.123
  6667.962 	      0.115
  6669.160 	      0.113
  6670.358 	      0.116
  6671.557 	      0.105
  6672.755 	      0.093
  6673.954 	      0.091
  6675.153 	      0.106
  6676.353 	      0.116
  6677.552 	      0.102
  6678.752 	      0.104
  6679.952 	      0.112
  6681.152 	      0.104
  6682.352 	      0.098
  6683.553 	      0.081
  6684.754 	      0.105
  6685.955 	      0.107
  6687.156 	      0.109
  6688.357 	      0.113
  6689.559 	      0.116
  6690.761 	      0.110
  6691.963 	      0.117
  6693.165 	      0.083
  6694.368 	      0.091
  6695.571 	      0.105
  6696.774 	      0.067
  6697.977 	      0.089
  6699.180 	      0.092
  6700.384 	      0.080
  6701.588 	      0.092
  6702.792 	      0.125
  6703.996 	      0.127
  6705.200 	      0.114
  6706.405 	      0.102
  6707.610 	      0.106
  6708.815 	      0.105
  6710.020 	      0.122
  6711.226 	      0.124
  6712.432 	      0.115
  6713.638 	      0.115
  6714.844 	      0.101
  6716.050 	      0.107
  6717.257 	      0.109
  6718.464 	      0.103
  6719.671 	      0.111
  6720.878 	      0.120
  6722.086 	      0.099
  6723.293 	      0.083
  6724.501 	      0.090
  6725.710 	      0.093
  6726.918 	      0.090
  6728.127 	      0.068
  6729.335 	      0.064
  6730.544 	      0.084
  6731.754 	      0.093
  6732.963 	      0.089
  6734.173 	      0.092
  6735.383 	      0.100
  6736.593 	      0.112
  6737.803 	      0.110
  6739.014 	      0.096
  6740.224 	      0.086
  6741.435 	      0.091
  6742.647 	      0.096
  6743.858 	      0.099
  6745.070 	      0.110
  6746.281 	      0.103
  6747.494 	      0.111
  6748.706 	      0.118
  6749.918 	      0.114
  6751.131 	      0.098
  6752.344 	      0.107
  6753.557 	      0.102
  6754.771 	      0.083
  6755.984 	      0.115
  6757.198 	      0.090
  6758.412 	      0.072
  6759.626 	      0.091
  6760.841 	      0.109
  6762.055 	      0.099
  6763.270 	      0.088
  6764.485 	      0.073
  6765.701 	      0.073
  6766.916 	      0.078
  6768.132 	      0.070
  6769.348 	      0.057
  6770.564 	      0.059
  6771.781 	      0.055
  6772.997 	      0.055
  6774.214 	      0.063
  6775.431 	      0.077
  6776.649 	      0.068
  6777.866 	      0.067
  6779.084 	      0.083
  6780.302 	      0.117
  6781.520 	      0.197
  6782.738 	      0.341
  6783.957 	      0.541
  6785.176 	      0.708
  6786.395 	      0.810
  6787.614 	      0.771
  6788.834 	      0.565
  6790.053 	      0.332
  6791.273 	      0.197
  6792.494 	      0.141
  6793.714 	      0.110
  6794.935 	      0.119
  6796.155 	      0.179
  6797.376 	      0.309
  6798.598 	      0.465
  6799.819 	      0.599
  6801.041 	      0.680
  6802.263 	      0.628
  6803.485 	      0.433
  6804.707 	      0.255
  6805.930 	      0.148
  6807.153 	      0.116
  6808.376 	      0.094
  6809.599 	      0.078
  6810.822 	      0.065
  6812.046 	      0.072
  6813.270 	      0.071
  6814.494 	      0.046
  6815.718 	      0.039
  6816.943 	      0.022
  6818.168 	      0.041
  6819.392 	      0.041
  6820.618 	      0.049
  6821.843 	      0.056
  6823.069 	      0.051
  6824.295 	      0.061
  6825.521 	      0.052
  6826.747 	      0.067
  6827.974 	      0.072
  6829.200 	      0.070
  6830.427 	      0.089
  6831.654 	      0.074
  6832.882 	      0.042
  6834.109 	      0.052
  6835.337 	      0.054
  6836.565 	      0.052
  6837.794 	      0.057
  6839.022 	      0.060
  6840.251 	      0.074
  6841.480 	      0.061
  6842.709 	      0.051
  6843.938 	      0.042
  6845.168 	      0.041
  6846.398 	      0.071
  6847.628 	      0.070
  6848.858 	      0.048
  6850.089 	      0.035
  6851.319 	      0.037
  6852.550 	      0.047
  6853.782 	      0.041
  6855.013 	      0.033
  6856.245 	      0.052
  6857.476 	      0.056
  6858.708 	      0.047
  6859.941 	      0.050
  6861.173 	      0.044
  6862.406 	      0.042
  6863.639 	      0.042
  6864.872 	      0.004
  6866.105 	     -0.147
  6867.339 	     -0.323
  6868.573 	     -0.424
  6869.807 	     -0.440
  6871.041 	     -0.382
  6872.276 	     -0.341
  6873.510 	     -0.317
  6874.745 	     -0.269
  6875.980 	     -0.233
  6877.216 	     -0.184
  6878.451 	     -0.148
  6879.687 	     -0.093
  6880.923 	     -0.043
  6882.159 	     -0.035
  6883.396 	     -0.046
  6884.633 	     -0.094
  6885.870 	     -0.129
  6887.107 	     -0.142
  6888.344 	     -0.152
  6889.582 	     -0.138
  6890.820 	     -0.138
  6892.058 	     -0.133
  6893.296 	     -0.121
  6894.534 	     -0.136
  6895.773 	     -0.131
  6897.012 	     -0.099
  6898.251 	     -0.113
  6899.490 	     -0.112
  6900.730 	     -0.095
  6901.970 	     -0.102
  6903.210 	     -0.108
  6904.450 	     -0.099
  6905.691 	     -0.079
  6906.931 	     -0.059
  6908.172 	     -0.063
  6909.413 	     -0.079
  6910.655 	     -0.077
  6911.896 	     -0.078
  6913.138 	     -0.074
  6914.380 	     -0.072
  6915.623 	     -0.062
  6916.865 	     -0.045
  6918.108 	     -0.037
  6919.351 	     -0.035
  6920.594 	     -0.006
  6921.837 	     -0.018
  6923.081 	     -0.042
  6924.325 	     -0.035
  6925.569 	     -0.024
  6926.813 	     -0.034
  6928.058 	     -0.057
  6929.302 	     -0.049
  6930.547 	     -0.034
  6931.792 	     -0.018
  6933.038 	     -0.001
  6934.284 	     -0.007
  6935.529 	     -0.011
  6936.775 	     -0.009
  6938.022 	     -0.018
  6939.268 	     -0.015
  6940.515 	     -0.021
  6941.762 	     -0.034
  6943.009 	     -0.009
  6944.257 	      0.013
  6945.504 	     -0.014
  6946.752 	     -0.034
  6948.000 	     -0.028
  6949.248 	     -0.025
  6950.497 	     -0.026
  6951.746 	     -0.002
  6952.995 	      0.009
  6954.244 	      0.021
  6955.493 	      0.012
  6956.743 	     -0.011
  6957.993 	      0.002
  6959.243 	      0.007
  6960.493 	     -0.005
  6961.744 	      0.001
  6962.995 	      0.011
  6964.246 	      0.024
  6965.497 	      0.037
  6966.748 	      0.051
  6968.000 	      0.061
  6969.252 	      0.047
  6970.504 	      0.039
  6971.756 	      0.029
  6973.009 	      0.054
  6974.262 	      0.050
  6975.515 	      0.035
  6976.768 	      0.019
  6978.022 	      0.006
  6979.275 	      0.017
  6980.529 	      0.018
  6981.783 	      0.020
  6983.038 	      0.007
  6984.292 	      0.003
  6985.547 	      0.007
  6986.802 	      0.003
  6988.058 	     -0.024
  6989.313 	     -0.011
  6990.569 	      0.015
  6991.825 	      0.010
  6993.081 	     -0.006
  6994.337 	     -0.010
  6995.594 	     -0.009
  6996.851 	     -0.009
  6998.108 	     -0.024
  6999.365 	     -0.024
  7000.623 	     -0.012
  7001.881 	      0.039
  7003.139 	     -0.001
  7004.397 	     -0.009
  7005.655 	     -0.021
  7006.914 	     -0.004
  7008.173 	      0.014
  7009.432 	     -0.004
  7010.691 	      0.007
  7011.951 	      0.019
  7013.211 	      0.010
  7014.471 	     -0.017
  7015.731 	     -0.020
  7016.991 	     -0.005
  7018.252 	      0.000
  7019.513 	      0.007
  7020.774 	     -0.018
  7022.036 	     -0.023
  7023.297 	     -0.021
  7024.559 	     -0.018
  7025.821 	     -0.022
  7027.083 	     -0.015
  7028.346 	     -0.011
  7029.609 	      0.003
  7030.872 	      0.022
  7032.135 	      0.013
  7033.398 	      0.006
  7034.662 	     -0.002
  7035.926 	     -0.003
  7037.190 	     -0.029
  7038.454 	     -0.051
  7039.719 	     -0.027
  7040.984 	      0.003
  7042.249 	      0.025
  7043.514 	      0.012
  7044.779 	      0.009
  7046.045 	      0.010
  7047.311 	      0.010
  7048.577 	      0.019
  7049.844 	      0.013
  7051.110 	     -0.014
  7052.377 	     -0.010
  7053.644 	     -0.001
  7054.911 	      0.036
  7056.179 	      0.050
  7057.447 	      0.012
  7058.715 	     -0.008
  7059.983 	      0.014
  7061.251 	      0.019
  7062.520 	      0.014
  7063.789 	      0.001
  7065.058 	     -0.012
  7066.327 	     -0.010
  7067.597 	      0.000
  7068.867 	      0.021
  7070.137 	      0.009
  7071.407 	      0.014
  7072.677 	      0.002
  7073.948 	     -0.011
  7075.219 	     -0.018
  7076.490 	      0.005
  7077.762 	      0.022
  7079.033 	      0.026
  7080.305 	      0.023
  7081.577 	      0.030
  7082.850 	      0.024
  7084.122 	      0.007
  7085.395 	      0.014
  7086.668 	      0.022
  7087.941 	      0.025
  7089.214 	      0.030
  7090.488 	      0.031
  7091.762 	      0.013
  7093.036 	     -0.014
  7094.311 	      0.003
  7095.585 	      0.023
  7096.860 	      0.025
  7098.135 	      0.019
  7099.410 	      0.000
  7100.686 	     -0.013
  7101.962 	     -0.010
  7103.238 	      0.007
  7104.514 	      0.001
  7105.790 	      0.024
  7107.067 	      0.020
  7108.344 	      0.016
  7109.621 	      0.023
  7110.898 	      0.021
  7112.176 	      0.014
  7113.454 	      0.038
  7114.732 	      0.044
  7116.010 	      0.018
  7117.288 	      0.020
  7118.567 	      0.009
  7119.846 	      0.011
  7121.125 	     -0.013
  7122.405 	     -0.005
  7123.684 	      0.015
  7124.964 	      0.002
  7126.244 	     -0.015
  7127.525 	     -0.008
  7128.805 	     -0.005
  7130.086 	     -0.004
  7131.367 	      0.006
  7132.648 	     -0.003
  7133.930 	     -0.010
  7135.212 	      0.003
  7136.494 	     -0.000
  7137.776 	     -0.005
  7139.058 	      0.005
  7140.341 	      0.007
  7141.624 	     -0.009
  7142.907 	     -0.014
  7144.190 	      0.006
  7145.474 	      0.007
  7146.757 	      0.006
  7148.041 	     -0.000
  7149.326 	     -0.009
  7150.610 	      0.003
  7151.895 	      0.008
  7153.180 	     -0.007
  7154.465 	     -0.020
  7155.750 	      0.051
  7160.894 	      0.007
  7162.181 	     -0.024
  7163.468 	     -0.004
  7164.755 	     -0.010
  7166.042 	     -0.037
  7167.329 	     -0.087
  7168.617 	     -0.085
  7169.905 	     -0.091
  7171.193 	     -0.151
  7172.482 	     -0.156
  7173.770 	     -0.166
  7175.059 	     -0.185
  7176.348 	     -0.181
  7177.638 	     -0.138
  7178.927 	     -0.120
  7180.217 	     -0.141
  7181.507 	     -0.167
  7182.797 	     -0.202
  7184.088 	     -0.258
  7185.379 	     -0.309
  7186.670 	     -0.260
  7187.961 	     -0.178
  7189.252 	     -0.153
  7190.544 	     -0.197
  7191.836 	     -0.251
  7193.128 	     -0.237
  7194.420 	     -0.175
  7195.713 	     -0.167
  7197.006 	     -0.181
  7198.299 	     -0.212
  7199.592 	     -0.227
  7200.885 	     -0.217
  7202.179 	     -0.206
  7203.473 	     -0.184
  7204.767 	     -0.175
  7206.062 	     -0.133
  7207.356 	     -0.091
  7208.651 	     -0.059
  7209.947 	     -0.067
  7211.242 	     -0.052
  7212.538 	     -0.045
  7213.833 	     -0.050
  7215.129 	     -0.080
  7216.426 	     -0.088
  7217.722 	     -0.087
  7219.019 	     -0.067
  7220.316 	     -0.056
  7221.613 	     -0.094
  7222.911 	     -0.085
  7224.208 	     -0.095
  7225.506 	     -0.123
  7226.805 	     -0.100
  7228.103 	     -0.064
  7229.402 	     -0.058
  7230.700 	     -0.142
  7232.000 	     -0.220
  7233.299 	     -0.262
  7234.599 	     -0.243
  7235.898 	     -0.174
  7237.198 	     -0.143
  7238.499 	     -0.180
  7239.799 	     -0.213
  7241.100 	     -0.211
  7242.401 	     -0.198
  7243.702 	     -0.194
  7245.003 	     -0.184
  7246.305 	     -0.155
  7247.607 	     -0.132
  7248.909 	     -0.129
  7250.212 	     -0.193
  7251.514 	     -0.237
  7252.817 	     -0.209
  7254.120 	     -0.171
  7255.423 	     -0.148
  7256.727 	     -0.138
  7258.031 	     -0.148
  7259.335 	     -0.149
  7260.639 	     -0.135
  7261.943 	     -0.169
  7263.248 	     -0.208
  7264.553 	     -0.209
  7265.858 	     -0.168
  7267.164 	     -0.115
  7268.469 	     -0.108
  7269.775 	     -0.138
  7271.081 	     -0.163
  7272.388 	     -0.170
  7273.694 	     -0.188
  7275.001 	     -0.239
  7276.308 	     -0.248
  7277.616 	     -0.223
  7278.923 	     -0.168
  7280.231 	     -0.107
  7281.539 	     -0.094
  7282.847 	     -0.069
  7284.156 	     -0.063
  7285.464 	     -0.128
  7286.773 	     -0.164
  7288.082 	     -0.189
  7289.392 	     -0.197
  7290.701 	     -0.191
  7292.011 	     -0.175
  7293.321 	     -0.153
  7294.632 	     -0.128
  7295.942 	     -0.109
  7297.253 	     -0.127
  7298.564 	     -0.152
  7299.876 	     -0.180
  7301.187 	     -0.212
  7302.499 	     -0.201
  7303.811 	     -0.177
  7305.123 	     -0.123
  7306.436 	     -0.114
  7307.748 	     -0.144
  7309.061 	     -0.171
  7310.374 	     -0.140
  7311.688 	     -0.095
  7313.002 	     -0.092
  7314.315 	     -0.123
  7315.630 	     -0.143
  7316.944 	     -0.155
  7318.259 	     -0.148
  7319.573 	     -0.093
  7320.888 	     -0.065
  7322.204 	     -0.086
  7323.519 	     -0.106
  7324.835 	     -0.108
  7326.151 	     -0.094
  7327.467 	     -0.073
  7328.784 	     -0.058
  7330.101 	     -0.080
