WV      	 Sigma   
4184.326	    1.779
4185.077	    1.513
4185.828	    1.333
4186.580	    1.287
4187.331	    0.962
4188.083	    0.517
4188.835	    0.382
4189.586	    0.493
4190.339	    1.114
4191.091	    1.614
4191.843	    1.737
4192.595	    1.404
4193.348	    1.219
4194.101	    1.248
4194.853	    1.505
4195.606	    2.022
4196.359	    1.911
4197.113	    1.702
4197.866	    1.360
4198.620	    0.468
4199.373	    0.493
4200.127	    0.493
4200.881	    0.796
4201.635	    1.438
4202.389	    1.342
4203.143	    1.447
4203.898	    1.591
4204.652	    1.793
4205.407	    1.464
4206.162	    0.156
4206.917	    1.591
4207.672	    2.432
4208.427	    1.730
4209.183	    0.910
4209.938	    1.070
4210.694	    1.702
4211.450	    0.987
4212.206	    1.248
4212.962	    1.351
4213.718	    1.614
4214.474	    0.382
4215.231	    0.441
4215.987	    0.748
4216.744	    1.342
4217.501	    1.103
4218.258	    0.413
4219.015	    0.748
4219.773	    0.584
4220.530	    0.987
4221.288	    1.058
4222.045	    0.896
4222.803	    0.349
4223.561	    0.680
4224.319	    1.537
4225.077	    1.904
4225.836	    1.826
4226.594	    0.540
4227.353	    0.910
4228.112	    1.219
4228.871	    1.287
4229.630	    0.584
4230.389	    0.764
4231.148	    1.035
4231.908	    0.698
4232.667	    0.312
4233.427	    0.869
4234.187	    1.103
4234.947	    1.070
4235.707	    0.732
4236.468	    0.826
4237.228	    1.011
4237.989	    1.258
4238.749	    0.563
4239.510	    1.081
4240.271	    1.744
4241.032	    2.417
4241.793	    2.725
4242.555	    2.601
4243.316	    2.195
4244.078	    1.395
4244.840	    0.540
4245.602	    0.780
4246.364	    1.114
4247.126	    1.324
4247.888	    1.560
4248.651	    1.360
4249.413	    1.324
4250.176	    1.342
4250.939	    1.258
4251.702	    1.315
4252.465	    1.583
4253.229	    1.839
4253.992	    2.004
4254.756	    1.651
4255.519	    1.248
4256.283	    0.748
4257.047	    0.156
4257.811	    0.604
4258.575	    1.147
4259.340	    1.480
4260.104	    1.651
4260.869	    1.023
4261.634	    0.896
4262.399	    1.103
4263.164	    1.545
4263.929	    2.325
4264.695	    2.168
4265.460	    2.010
4266.226	    1.853
4266.991	    0.764
4267.757	    0.493
4268.523	    1.136
4269.290	    1.568
4270.056	    1.853
4270.822	    2.087
4271.589	    2.145
4272.356	    2.145
4273.123	    2.217
4273.890	    2.179
4274.657	    1.986
4275.424	    1.644
4276.191	    0.796
4276.959	    1.369
4277.727	    1.268
4278.494	    0.883
4279.262	    0.493
4280.031	    1.268
4280.799	    1.496
4281.567	    1.421
4282.336	    0.936
4283.104	    1.058
4283.873	    1.238
4284.642	    1.576
4285.411	    1.942
4286.180	    2.266
4286.950	    1.986
4287.719	    1.744
4288.489	    1.513
4289.259	    1.296
4290.029	    1.277
4290.799	    1.047
4291.569	    0.563
4292.339	    0.936
4293.110	    1.369
4293.880	    1.315
4294.651	    1.188
4295.422	    1.011
4296.193	    0.840
4296.964	    0.869
4297.735	    1.268
4298.507	    1.395
4299.278	    1.568
4300.050	    0.270
4300.822	    0.732
4301.594	    0.493
4302.366	    0.796
4303.138	    1.488
4303.910	    1.758
4304.683	    1.992
4305.456	    2.417
4306.229	    1.772
4307.001	    1.651
4307.775	    1.496
4308.548	    1.248
4309.321	    1.413
4310.095	    0.156
4310.868	    1.324
4311.642	    1.744
4312.416	    1.421
4313.190	    1.081
4313.964	    0.349
4314.739	    1.011
4315.513	    1.545
4316.288	    2.387
4317.062	    2.564
4317.837	    2.540
4318.612	    2.309
4319.388	    1.438
4320.163	    1.342
4320.938	    1.268
4321.714	    1.168
4322.490	    0.796
4323.266	    0.540
4324.042	    0.540
4324.818	    0.811
4325.594	    0.441
4326.370	    0.221
4327.147	    0.715
4327.924	    0.662
4328.700	    0.662
4329.477	    0.604
4330.255	    0.999
4331.032	    1.488
4331.809	    1.744
4332.587	    0.312
4333.364	    1.369
4334.142	    1.786
4334.920	    1.723
4335.698	    0.382
4336.477	    1.480
4337.255	    1.846
4338.034	    1.576
4338.812	    0.517
4339.591	    1.081
4340.370	    1.369
4341.149	    1.521
4341.928	    1.496
4342.708	    0.910
4343.487	    1.258
4344.267	    0.662
4345.046	    1.219
4345.826	    0.826
4346.606	    1.333
4347.387	    1.324
4348.167	    0.923
4348.947	    0.382
4349.728	    0.923
4350.509	    0.643
4351.290	    1.058
4352.071	    1.092
4352.852	    0.563
4353.633	    0.156
4354.415	    1.058
4355.196	    1.447
4355.978	    1.673
4356.760	    1.772
4357.542	    1.737
4358.324	    2.058
4359.106	    2.351
4359.889	    2.467
4360.671	    2.190
4361.454	    1.998
4362.237	    1.936
4363.020	    2.010
4363.803	    2.122
4364.587	    1.885
4365.370	    1.599
4366.153	    1.430
4366.937	    1.614
4367.721	    1.421
4368.505	    1.360
4369.289	    1.413
4370.073	    1.606
4370.858	    2.212
4371.642	    2.330
4372.427	    2.022
4373.212	    1.644
4373.997	    1.583
4374.782	    1.799
4375.567	    2.156
4376.353	    2.168
4377.138	    1.866
4377.924	    1.188
4385.788	    1.513
4386.576	    1.786
4387.363	    2.099
4388.151	    2.314
4388.938	    2.288
4389.726	    2.402
4390.514	    2.314
4391.302	    2.139
4392.090	    2.064
4392.879	    1.813
4393.667	    1.688
4394.456	    1.779
4395.245	    2.052
4396.033	    2.293
4396.823	    2.491
4397.612	    2.346
4398.401	    2.076
4399.191	    1.859
4399.980	    1.606
4400.770	    1.552
4401.560	    1.636
4402.350	    1.779
4403.140	    1.839
4403.931	    2.046
4404.721	    2.361
4405.512	    2.535
4406.302	    2.516
4407.093	    2.578
4407.884	    2.010
4408.676	    1.659
4409.467	    1.315
4410.258	    0.413
4411.050	    1.378
4411.842	    1.651
4412.634	    1.853
4413.426	    1.904
4414.218	    1.092
4415.010	    1.351
4415.803	    1.839
4416.595	    2.082
4417.388	    2.016
4418.181	    1.395
4418.974	    1.488
4419.767	    1.793
4420.561	    2.076
4421.354	    2.206
4422.148	    1.666
4422.941	    1.070
4423.735	    0.468
4424.529	    0.382
4425.324	    0.441
4426.118	    1.147
4426.912	    1.455
4427.707	    1.723
4428.502	    1.949
4429.297	    1.552
4430.092	    1.464
4430.887	    1.238
4431.682	    1.188
4432.478	    1.537
4433.273	    1.833
4434.069	    1.521
4434.865	    0.441
4435.661	    1.583
4436.457	    2.325
4437.253	    2.282
4438.050	    1.680
4438.847	    0.748
4439.643	    1.081
4440.440	    1.324
4441.237	    0.826
4442.034	    0.764
4442.832	    1.287
4443.629	    1.529
4444.427	    1.496
4445.225	    1.404
4446.023	    1.447
4446.821	    1.591
4447.619	    1.813
4448.417	    2.016
4449.216	    2.087
4450.014	    2.082
4450.813	    2.010
4451.612	    1.866
4452.411	    1.680
4453.210	    1.839
4454.009	    2.128
4454.809	    2.407
4455.609	    2.549
4456.408	    2.340
4457.208	    2.082
4458.008	    1.930
4458.808	    1.898
4459.609	    1.917
4460.409	    1.793
4461.210	    1.591
4462.011	    1.421
4462.812	    1.351
4463.613	    1.480
4464.414	    1.702
4465.215	    1.786
4466.017	    1.751
4466.818	    1.583
4467.620	    1.168
4468.422	    0.923
4469.224	    1.103
4470.026	    1.438
4470.829	    1.799
4471.631	    2.034
4472.434	    1.853
4473.237	    1.395
4474.039	    0.643
4474.843	    0.811
4475.646	    0.270
4476.449	    1.438
4477.253	    1.961
4478.056	    2.277
4478.860	    2.407
4479.664	    2.387
4480.468	    2.282
4481.272	    2.173
4482.077	    2.064
4482.881	    1.949
4483.686	    1.786
4484.491	    1.644
4485.296	    1.496
4486.101	    1.324
4486.906	    1.136
4487.711	    0.826
4488.517	    0.468
4489.322	    0.493
4490.128	    0.840
4490.934	    1.081
4491.740	    1.333
4492.547	    1.496
4493.353	    1.521
4494.160	    1.447
4494.966	    1.268
4495.773	    0.517
4496.580	    0.936
4497.387	    1.324
4498.194	    1.438
4499.002	    1.248
4499.809	    0.604
4500.617	    0.715
4501.425	    1.178
4502.233	    1.521
4503.041	    1.659
4503.849	    1.464
4504.658	    1.351
4505.466	    1.315
4506.275	    1.188
4507.084	    0.748
4507.893	    1.070
4508.702	    1.157
4509.511	    0.584
4510.321	    1.103
4511.130	    1.695
4511.940	    1.866
4512.750	    1.568
4513.560	    1.125
4514.370	    0.643
4515.180	    0.493
4515.991	    1.147
4516.802	    1.599
4517.612	    1.737
4518.423	    1.702
4519.234	    1.505
4520.045	    1.229
4520.857	    1.198
4521.668	    1.248
4522.480	    1.198
4523.292	    0.962
4524.103	    0.413
4524.916	    0.896
4525.728	    0.221
4526.540	    1.238
4527.353	    1.885
4528.165	    2.340
4528.978	    2.564
4529.791	    2.629
4530.604	    2.643
4531.417	    2.516
4532.231	    2.076
4533.044	    0.413
4533.858	    1.157
4534.672	    0.764
4535.486	    1.315
4536.300	    2.179
4537.114	    2.427
4537.928	    1.992
4538.743	    1.360
4539.558	    0.662
4540.372	    0.540
4541.187	    1.198
4542.002	    1.178
4542.818	    0.662
4543.633	    0.413
4544.449	    0.312
4545.264	    1.305
4546.080	    1.695
4546.896	    1.583
4547.712	    1.369
4548.529	    1.209
4549.345	    1.315
4550.162	    1.629
4550.979	    1.680
4551.795	    1.496
4552.612	    1.011
4553.430	    0.826
4554.247	    1.505
4555.064	    1.277
4555.882	    1.277
4556.700	    1.238
4557.518	    1.480
4558.336	    0.748
4559.154	    1.342
4559.972	    1.545
4560.791	    1.305
4561.609	    0.441
4562.428	    1.168
4563.247	    1.238
4564.066	    0.883
4564.885	    0.221
4565.705	    0.826
4566.524	    0.923
4567.344	    0.156
4568.164	    1.023
4568.984	    1.387
4569.804	    1.552
4570.624	    1.545
4571.445	    1.333
4572.265	    1.103
4573.086	    1.188
4573.907	    1.472
4574.728	    1.819
4575.549	    2.145
4576.370	    2.256
4577.192	    2.122
4578.013	    1.949
4578.835	    1.839
4579.657	    1.879
4580.479	    2.046
4581.301	    1.974
4582.123	    1.695
4582.946	    1.333
4583.768	    0.962
4584.591	    0.780
4585.414	    0.811
4586.237	    0.936
4587.060	    1.188
4587.884	    1.447
4588.707	    1.644
4589.531	    1.576
4590.355	    1.430
4591.179	    1.513
4592.003	    1.737
4592.827	    1.998
4593.651	    2.134
4594.476	    2.016
4595.301	    1.813
4596.125	    1.591
4596.950	    1.351
4597.776	    1.125
4598.601	    1.188
4599.426	    1.568
4600.252	    1.872
4601.078	    2.064
4601.903	    2.134
4602.730	    2.070
4603.556	    1.793
4604.382	    1.136
4605.208	    0.869
4606.035	    1.413
4606.862	    1.287
4607.689	    1.114
4608.516	    1.737
4609.343	    1.680
4610.170	    1.447
4610.998	    1.315
4611.826	    1.666
4612.653	    2.190
4613.481	    2.250
4614.309	    2.099
4615.138	    1.819
4615.966	    1.472
4616.795	    1.157
4617.623	    1.092
4618.452	    1.248
4619.281	    1.480
4620.110	    1.702
4620.940	    1.859
4621.769	    2.052
4622.599	    2.277
4623.428	    2.412
4624.258	    2.361
4625.088	    2.058
4625.918	    1.296
4626.749	    1.103
4627.579	    1.644
4628.410	    1.866
4629.241	    1.872
4630.072	    1.666
4630.903	    0.962
4631.734	    0.855
4632.565	    1.047
4633.397	    0.883
4634.229	    0.441
4635.060	    0.563
4635.892	    0.883
4636.724	    1.136
4637.557	    0.923
4638.389	    0.780
4639.222	    1.614
4640.054	    2.046
4640.887	    1.680
4641.720	    0.662
4642.553	    0.999
4643.387	    1.092
4644.220	    0.468
4645.054	    1.058
4645.888	    1.305
4646.722	    1.198
4647.556	    0.999
4648.390	    0.715
4649.224	    0.221
4650.059	    0.826
4650.893	    1.168
4651.728	    1.178
4652.563	    0.936
4653.398	    0.468
4654.234	    0.493
4655.069	    0.441
4655.905	    0.715
4656.740	    1.157
4657.576	    1.464
4658.412	    1.614
4659.248	    1.606
4660.085	    1.505
4660.921	    1.480
4661.758	    1.413
4662.594	    1.342
4663.431	    1.315
4664.268	    1.430
4665.106	    1.751
4665.943	    1.898
4666.781	    1.879
4667.618	    1.737
4668.456	    1.513
4669.294	    1.238
4670.132	    0.855
4670.970	    0.493
4671.809	    0.312
4672.647	    0.540
4673.486	    0.604
4674.325	    0.563
4675.164	    0.270
4676.003	    0.540
4676.843	    0.896
4677.682	    1.114
4678.522	    1.157
4679.361	    0.869
4680.201	    0.896
4681.041	    1.125
4681.882	    0.764
4682.722	    0.811
4683.563	    1.360
4684.403	    1.552
4685.244	    1.786
4686.085	    1.636
4686.926	    1.819
4687.767	    1.730
4688.609	    1.296
4689.450	    1.081
4690.292	    0.780
4691.134	    1.092
4691.976	    1.885
4692.818	    2.298
4693.661	    2.387
4694.503	    2.139
4695.346	    1.464
4696.189	    0.662
4697.032	    0.662
4697.875	    0.517
4698.718	    0.883
4699.561	    1.258
4700.405	    1.576
4701.249	    1.287
4702.092	    0.604
4702.936	    0.270
4703.781	    0.732
4704.625	    1.342
4705.469	    1.695
4706.314	    1.583
4707.159	    1.248
4708.004	    0.540
4708.849	    1.047
4709.694	    1.480
4710.539	    1.480
4711.385	    0.840
4712.231	    0.604
4713.076	    0.910
4713.922	    0.936
4714.768	    0.840
4715.615	    0.312
4716.461	    0.840
4717.308	    1.480
4718.154	    1.351
4719.001	    0.604
4719.848	    1.081
4720.696	    1.315
4721.543	    0.468
4722.390	    1.488
4723.238	    1.644
4724.086	    1.644
4724.934	    1.472
4725.782	    0.826
4726.630	    1.238
4727.479	    1.898
4728.327	    1.751
4729.176	    1.188
4730.025	    0.382
4730.874	    0.270
4731.723	    0.643
4732.572	    0.662
4733.422	    0.441
4734.271	    0.517
4735.121	    0.441
4735.971	    1.035
4736.821	    1.430
4737.671	    1.702
4738.522	    1.986
4739.372	    2.105
4740.223	    1.936
4741.074	    1.404
4741.925	    0.517
4742.776	    1.488
4743.627	    0.883
4744.479	    0.855
4745.330	    1.351
4746.182	    1.472
4747.034	    1.258
4747.886	    0.270
4748.738	    0.923
4749.591	    0.540
4750.443	    0.493
4751.296	    1.324
4752.149	    1.806
4753.002	    1.716
4753.855	    0.604
4754.708	    0.493
4755.562	    0.221
4756.415	    1.209
4757.269	    1.472
4758.123	    1.277
4758.977	    1.277
4759.831	    1.114
4760.686	    1.360
4761.540	    0.974
4762.395	    1.114
4763.250	    1.892
4764.105	    2.111
4764.960	    1.659
4765.815	    0.796
4766.671	    1.198
4767.526	    0.896
4768.382	    0.270
4769.238	    0.584
4770.094	    0.270
4770.950	    0.540
4771.807	    1.047
4772.663	    1.125
4773.520	    1.198
4774.377	    1.277
4775.234	    1.305
4776.091	    1.360
4776.948	    1.092
4777.805	    1.114
4778.663	    1.342
4779.521	    1.472
4780.379	    1.438
4781.237	    1.277
4782.095	    1.070
4782.953	    1.395
4783.812	    1.772
4784.670	    1.961
4785.529	    1.898
4786.388	    1.599
4787.247	    1.188
4788.107	    0.826
4788.966	    0.855
4789.826	    1.047
4790.686	    0.923
4791.545	    1.157
4792.405	    1.659
4793.266	    1.853
4794.126	    2.076
4794.987	    1.866
4795.847	    1.351
4796.708	    1.188
4797.569	    0.962
4798.430	    0.493
4799.292	    0.732
4800.153	    0.896
4801.015	    1.011
4801.876	    1.287
4802.738	    1.369
4803.600	    1.277
4804.463	    0.936
4805.325	    0.349
4806.188	    0.441
4807.050	    1.387
4807.913	    1.521
4808.776	    1.666
4809.639	    1.730
4810.503	    1.583
4811.366	    1.568
4812.230	    1.404
4813.093	    1.238
4813.957	    1.277
4814.821	    0.748
4815.686	    1.092
4816.550	    1.529
4817.415	    1.505
4818.279	    0.999
4819.144	    0.999
4820.009	    0.715
4820.874	    0.748
4821.740	    1.287
4822.605	    1.591
4823.471	    1.521
4824.337	    0.896
4825.203	    0.221
4826.069	    0.855
4826.935	    0.974
4827.801	    0.715
4828.668	    0.680
4829.535	    1.238
4830.401	    1.342
4831.269	    1.023
4832.136	    0.680
4833.003	    1.360
4833.871	    1.545
4834.738	    1.248
4835.606	    0.732
4836.474	    1.505
4837.342	    1.296
4838.210	    0.441
4839.079	    0.936
4839.947	    0.604
4840.816	    0.796
4841.685	    1.092
4842.554	    0.999
4843.423	    1.035
4844.293	    1.081
4845.162	    1.023
4846.032	    0.811
4846.902	    0.584
4847.772	    0.748
4848.642	    1.238
4849.512	    1.455
4850.383	    1.395
4851.253	    0.896
4852.124	    0.563
4852.995	    0.312
4853.866	    0.517
4854.737	    0.221
4855.609	    0.349
4856.480	    1.136
4857.352	    1.268
4858.224	    1.157
4859.096	    0.987
4859.968	    0.732
4860.841	    0.441
4861.713	    0.796
4862.586	    0.563
4863.459	    0.680
4864.332	    0.468
4865.205	    0.840
4866.078	    0.949
4866.951	    0.563
4867.825	    0.270
4868.699	    0.662
4869.573	    0.221
4870.447	    0.869
4871.321	    1.136
4872.195	    1.248
4873.070	    1.070
4873.945	    0.643
4874.819	    1.011
4875.694	    1.136
4876.570	    1.268
4877.445	    1.333
4878.320	    1.324
4879.196	    1.147
4880.072	    0.869
4880.948	    1.081
4881.824	    0.780
4882.700	    1.092
4883.577	    0.441
4884.453	    1.070
4885.330	    1.438
4886.207	    1.702
4887.084	    1.680
4887.961	    1.198
4888.838	    0.441
4889.716	    1.168
4890.594	    1.047
4891.472	    0.896
4892.350	    1.114
4893.228	    1.378
4894.106	    1.277
4894.984	    1.114
4895.863	    0.680
4896.742	    0.643
4897.621	    0.563
4898.500	    1.058
4899.379	    1.011
4900.259	    0.624
4901.138	    1.513
4902.018	    1.606
4902.898	    1.464
4903.778	    2.168
4904.658	    3.364
4905.538	    4.615
4906.419	    5.641
4907.300	    6.204
4908.180	    6.069
4909.061	    5.024
4909.943	    3.357
4910.824	    1.813
4911.705	    0.643
4912.587	    0.441
4913.469	    0.974
4914.351	    1.333
4915.233	    1.496
4916.115	    1.387
4916.998	    1.070
4917.880	    0.869
4918.763	    0.493
4919.646	    0.156
4920.529	    0.643
4921.412	    1.125
4922.295	    1.404
4923.179	    1.324
4924.063	    0.974
4924.947	    0.780
4925.831	    0.999
4926.715	    0.999
4927.599	    0.796
4928.484	    0.698
4929.368	    0.883
4930.253	    0.936
4931.138	    0.349
4932.023	    1.480
4932.908	    1.833
4933.794	    1.636
4934.679	    0.780
4935.565	    1.387
4936.451	    1.911
4937.337	    1.438
4938.223	    0.811
4939.110	    1.047
4939.996	    1.360
4940.883	    1.505
4941.770	    1.125
4942.657	    0.468
4943.544	    0.780
4944.431	    0.349
4945.319	    0.910
4946.207	    0.413
4947.094	    0.662
4947.982	    0.382
4948.871	    0.748
4949.759	    1.070
4950.647	    1.413
4951.536	    1.315
4952.425	    1.614
4953.314	    1.659
4954.203	    1.974
4955.092	    1.904
4955.981	    1.819
4956.871	    1.537
4957.761	    1.081
4958.651	    0.698
4959.541	    1.268
4960.431	    1.333
4961.321	    1.092
4962.212	    0.624
4963.103	    1.157
4963.993	    0.732
4964.884	    1.268
4965.776	    1.936
4966.667	    2.162
4967.558	    1.892
4968.450	    1.209
4969.342	    0.987
4970.234	    0.974
4971.126	    1.035
4972.018	    0.643
4972.911	    0.869
4973.803	    1.305
4974.696	    1.560
4975.589	    1.168
4976.482	    0.780
4977.375	    0.624
4978.269	    0.604
4979.162	    0.312
4980.056	    0.923
4980.950	    1.413
4981.844	    1.591
4982.738	    1.614
4983.633	    1.730
4984.527	    1.744
4985.422	    1.644
4986.317	    1.219
4987.212	    0.604
4988.107	    1.324
4989.002	    1.447
4989.898	    1.209
4990.794	    0.748
4991.689	    1.258
4992.585	    0.910
4993.482	    0.349
4994.378	    0.826
4995.274	    0.923
4996.171	    1.178
4997.068	    1.455
4997.965	    1.421
4998.862	    0.936
4999.759	    0.349
5000.657	    0.493
5001.554	    0.896
5002.452	    0.974
5003.350	    1.268
5004.248	    1.545
5005.146	    1.651
5006.045	    1.576
5006.943	    1.378
5007.842	    1.591
5008.741	    1.496
5009.640	    1.644
5010.539	    1.287
5011.438	    0.517
5012.338	    0.923
5013.238	    1.296
5014.137	    1.305
5015.037	    0.349
5015.938	    0.270
5016.838	    0.732
5017.738	    0.584
5018.639	    0.869
5019.540	    0.540
5020.441	    0.584
5021.342	    0.732
5022.243	    0.715
5023.145	    0.869
5024.046	    0.349
5024.948	    0.540
5025.850	    1.168
5026.752	    1.268
5027.655	    1.305
5028.557	    1.136
5029.460	    0.698
5030.362	    0.624
5031.265	    1.103
5032.168	    1.258
5033.072	    1.529
5033.975	    1.178
5034.879	    0.441
5035.782	    0.910
5036.686	    1.258
5037.590	    1.315
5038.495	    1.360
5039.399	    1.464
5040.304	    1.404
5041.208	    1.268
5042.113	    1.103
5043.018	    0.962
5043.923	    0.493
5044.829	    1.568
5045.734	    1.872
5046.640	    1.758
5047.546	    1.387
5048.452	    0.987
5049.358	    0.883
5050.264	    0.949
5051.171	    0.748
5052.078	    2.432
5052.984	    3.120
5053.891	    3.408
5054.799	    3.239
5055.706	    2.813
5056.613	    2.298
5057.521	    1.651
5058.429	    0.468
5059.337	    0.883
5060.245	    1.092
5061.153	    1.333
5062.062	    1.636
5062.970	    1.709
5063.879	    1.360
5064.788	    0.624
5065.697	    0.780
5066.606	    0.748
5067.516	    0.604
5068.425	    0.826
5069.335	    0.974
5070.245	    0.910
5071.155	    1.035
5072.065	    1.229
5072.976	    1.395
5073.886	    1.651
5074.797	    1.839
5075.708	    1.846
5076.619	    1.659
5077.530	    1.209
5078.442	    0.604
5079.353	    0.680
5080.265	    0.855
5081.177	    0.987
5082.089	    0.974
5083.001	    0.949
5083.914	    0.896
5084.826	    0.811
5085.739	    0.796
5086.652	    0.855
5087.565	    0.796
5088.478	    1.035
5089.391	    1.387
5090.305	    1.695
5091.219	    1.730
5092.132	    1.583
5093.046	    1.351
5093.961	    1.157
5094.875	    1.219
5095.789	    1.387
5096.704	    1.268
5097.619	    0.796
5098.534	    1.287
5099.449	    1.178
5100.364	    1.114
5101.280	    1.103
5102.196	    1.315
5103.111	    1.629
5104.027	    1.806
5104.944	    1.853
5105.860	    1.793
5106.776	    1.480
5107.693	    1.369
5108.610	    1.229
5109.527	    1.023
5110.444	    0.896
5111.361	    0.270
5112.279	    0.840
5113.196	    1.114
5114.114	    1.287
5115.032	    1.238
5115.950	    1.023
5116.868	    0.949
5117.787	    0.156
5118.706	    0.493
5119.624	    0.349
5120.543	    0.270
5121.462	    0.349
5122.382	    0.493
5123.301	    0.413
5124.221	    0.349
5125.141	    0.796
5126.060	    0.270
5126.981	    1.342
5127.901	    1.986
5128.821	    1.924
5129.742	    1.229
5130.663	    0.896
5131.584	    0.517
5132.505	    0.441
5133.426	    0.270
5134.347	    0.624
5135.269	    0.840
5136.191	    1.178
5137.113	    1.277
5138.035	    0.413
5138.957	    0.468
5139.879	    0.949
5140.802	    1.238
5141.725	    0.715
5142.648	    1.324
5143.571	    1.819
5144.494	    1.744
5145.417	    1.644
5146.341	    1.413
5147.265	    1.092
5148.189	    1.136
5149.113	    0.869
5150.037	    1.047
5150.961	    0.748
5151.886	    0.910
5152.811	    1.047
5153.736	    1.268
5154.661	    1.229
5155.586	    1.248
5156.511	    1.258
5157.437	    1.147
5158.363	    0.962
5159.289	    0.540
5160.215	    0.949
5161.141	    1.157
5162.067	    1.378
5162.994	    0.517
5163.921	    0.826
5164.848	    1.125
5165.775	    0.517
5166.702	    0.949
5167.629	    1.496
5168.557	    1.636
5169.485	    1.324
5170.412	    0.732
5171.341	    0.270
5172.269	    0.221
5173.197	    0.493
5174.126	    0.643
5175.054	    0.604
5175.983	    0.413
5176.912	    0.221
5177.842	    0.811
5178.771	    1.178
5179.701	    1.404
5180.630	    1.305
5181.560	    0.732
5182.490	    0.796
5183.421	    1.011
5184.351	    0.780
5185.282	    0.715
5186.212	    0.156
5187.143	    0.883
5188.074	    1.229
5189.006	    1.315
5189.937	    1.198
5190.868	    1.219
5191.800	    1.258
5192.732	    1.248
5193.664	    1.248
5194.596	    1.248
5195.529	    1.248
5196.461	    1.248
5197.394	    1.248
5198.327	    1.248
5199.260	    1.248
5200.193	    1.248
5201.127	    1.248
5202.060	    1.248
5202.994	    1.248
5203.928	    1.248
5204.862	    1.238
5205.796	    1.238
5206.731	    1.238
5207.665	    1.238
5208.600	    1.238
5209.535	    1.238
5210.470	    1.238
5211.405	    1.238
5212.341	    1.238
5213.276	    1.238
5214.212	    1.229
5215.148	    1.229
5216.084	    1.229
5217.021	    1.229
5217.957	    1.229
5218.894	    1.229
5219.830	    1.229
5220.767	    1.229
5221.704	    1.229
5222.642	    1.229
5223.579	    1.229
5224.517	    1.229
5225.454	    1.238
5226.392	    1.238
5227.331	    1.238
5228.269	    1.238
5229.207	    1.238
5230.146	    1.238
5231.085	    1.248
5232.024	    1.248
5232.963	    1.114
5233.902	    0.732
5234.842	    0.270
5235.781	    0.156
5236.721	    0.748
5237.661	    0.780
5238.601	    0.949
5239.541	    1.011
5240.482	    1.168
5241.423	    0.604
5242.363	    0.840
5243.304	    1.238
5244.245	    1.287
5245.187	    1.305
5246.128	    1.447
5247.070	    1.765
5248.012	    2.111
5248.954	    2.201
5249.896	    2.016
5250.838	    1.438
5251.781	    0.349
5252.723	    0.764
5253.666	    1.268
5254.609	    1.229
5255.552	    1.324
5256.496	    1.258
5257.439	    1.147
5258.383	    1.324
5259.327	    1.576
5260.271	    1.464
5261.215	    1.023
5262.159	    0.221
5263.104	    0.680
5264.049	    0.732
5264.994	    1.333
5265.939	    1.806
5266.884	    1.583
5267.829	    0.221
5268.775	    1.992
5269.721	    1.885
5270.666	    1.819
5271.612	    1.430
5272.559	    1.673
5273.505	    1.287
5274.452	    1.147
5275.398	    1.258
5276.345	    1.305
5277.292	    0.923
5278.240	    0.962
5279.187	    0.563
5280.135	    0.883
5281.082	    1.268
5282.030	    1.157
5282.979	    0.563
5283.927	    0.468
5284.875	    0.936
5285.824	    0.811
5286.773	    0.855
5287.722	    1.421
5288.671	    2.058
5289.620	    2.087
5290.569	    1.853
5291.519	    1.404
5292.469	    0.936
5293.419	    0.698
5294.369	    0.382
5295.319	    0.764
5296.270	    0.441
5297.220	    0.748
5298.171	    0.493
5299.122	    0.936
5300.073	    0.999
5301.025	    0.493
5301.976	    0.156
5302.928	    0.382
5303.880	    0.732
5304.832	    1.305
5305.784	    1.560
5306.736	    1.621
5307.689	    1.395
5308.642	    0.910
5309.595	    0.540
5310.548	    1.147
5311.501	    1.464
5312.454	    1.723
5313.408	    2.010
5314.362	    1.930
5315.315	    1.560
5316.270	    0.493
5317.224	    0.796
5318.178	    1.219
5319.133	    1.488
5320.088	    1.296
5321.043	    0.156
5321.998	    1.219
5322.953	    1.651
5323.908	    1.716
5324.864	    1.287
5325.820	    0.221
5326.776	    0.936
5327.732	    0.584
5328.688	    0.883
5329.645	    0.764
5330.601	    0.855
5331.558	    1.333
5332.515	    1.081
5333.472	    0.468
5334.430	    0.540
5335.387	    0.780
5336.345	    1.296
5337.303	    1.219
5338.261	    0.869
5339.219	    0.382
5340.177	    0.382
5341.136	    0.624
5342.094	    0.896
5343.053	    0.962
5344.012	    0.896
5344.972	    0.999
5345.931	    1.287
5346.891	    1.430
5347.850	    1.219
5348.810	    0.441
5349.770	    0.987
5350.731	    1.136
5351.691	    0.999
5352.652	    0.156
5353.612	    1.011
5354.573	    1.229
5355.535	    0.999
5356.496	    0.732
5357.457	    0.826
5358.419	    1.178
5359.381	    1.438
5360.343	    1.315
5361.305	    1.070
5362.267	    0.270
5363.230	    0.962
5364.192	    1.011
5365.155	    0.764
5366.118	    0.156
5367.081	    0.540
5368.045	    0.855
5369.008	    1.136
5369.972	    1.023
5370.936	    0.584
5371.900	    0.563
5372.864	    1.136
5373.829	    1.296
5374.793	    0.584
5375.758	    0.962
5376.723	    1.395
5377.688	    1.378
5378.653	    1.488
5379.619	    1.287
5380.584	    0.517
5381.550	    0.923
5382.516	    1.404
5383.482	    1.229
5384.449	    0.540
5385.415	    1.023
5386.382	    2.361
5387.349	    2.960
5388.316	    3.037
5389.283	    2.725
5390.250	    2.293
5391.218	    2.111
5392.185	    1.651
5393.153	    0.382
5394.121	    0.441
5395.090	    0.493
5396.058	    0.493
5397.027	    0.780
5397.995	    1.258
5398.964	    1.702
5399.933	    1.998
5400.903	    1.992
5401.872	    1.430
5402.842	    1.011
5403.811	    1.387
5404.781	    0.883
5405.751	    1.011
5406.722	    0.540
5407.692	    1.125
5408.663	    1.081
5409.634	    0.441
5410.605	    1.157
5411.576	    1.147
5412.547	    0.796
5413.519	    0.732
5414.491	    0.840
5415.462	    1.092
5416.434	    1.081
5417.407	    0.413
5418.379	    0.563
5419.352	    0.441
5420.324	    0.540
5421.297	    0.869
5422.270	    0.840
5423.244	    0.624
5424.217	    0.604
5425.191	    0.624
5426.165	    0.987
5427.139	    1.614
5428.113	    1.904
5429.087	    1.545
5430.062	    0.584
5431.036	    0.840
5432.011	    1.114
5432.986	    0.624
5433.961	    0.643
5434.937	    1.011
5435.912	    0.923
5436.888	    0.441
5437.864	    0.680
5438.840	    0.382
5439.816	    1.277
5440.793	    1.488
5441.769	    1.488
5442.746	    1.219
5443.723	    0.910
5444.700	    0.796
5445.677	    0.949
5446.655	    1.258
5447.632	    1.188
5448.610	    0.764
5449.588	    0.221
5450.566	    0.312
5451.545	    1.125
5452.523	    1.404
5453.502	    1.404
5454.481	    0.896
5455.460	    0.156
5456.439	    0.896
5457.419	    0.732
5458.398	    0.413
5459.378	    1.268
5460.358	    1.287
5461.338	    0.869
5462.318	    0.584
5463.299	    0.413
5464.279	    0.270
5465.260	    1.125
5466.241	    1.058
5467.222	    0.974
5468.204	    0.221
5469.185	    0.643
5470.167	    0.883
5471.149	    0.896
5472.131	    0.604
5473.113	    1.447
5474.096	    1.744
5475.078	    1.576
5476.061	    0.962
5477.044	    0.349
5478.027	    0.715
5479.010	    1.114
5479.994	    1.333
5480.977	    1.114
5481.961	    0.624
5482.945	    0.493
5483.929	    0.748
5484.914	    0.349
5485.898	    0.413
5486.883	    0.270
5487.868	    0.270
5488.853	    0.936
5489.838	    1.545
5490.823	    1.866
5491.809	    1.673
5492.795	    1.258
5493.781	    0.949
5494.767	    1.324
5495.753	    1.826
5496.740	    1.892
5497.726	    1.591
5498.713	    0.896
5499.700	    1.404
5500.687	    0.662
5501.675	    1.136
5502.662	    0.764
5503.650	    1.296
5504.638	    0.883
5505.626	    1.114
5506.614	    1.955
5507.602	    1.846
5508.591	    1.455
5509.580	    0.987
5510.569	    0.493
5511.558	    1.147
5512.547	    1.315
5513.537	    1.621
5514.526	    1.659
5515.516	    1.591
5516.506	    1.333
5517.496	    0.923
5518.487	    0.382
5519.477	    0.382
5520.468	    0.923
5521.459	    1.537
5522.450	    1.680
5523.441	    1.505
5524.433	    0.680
5525.424	    0.780
5526.416	    0.923
5527.408	    0.715
5528.400	    0.604
5529.392	    0.382
5530.385	    0.382
5531.378	    0.680
5532.370	    0.624
5533.363	    0.883
5534.357	    1.305
5535.350	    1.229
5536.344	    0.910
5537.337	    0.413
5538.331	    0.936
5539.325	    1.103
5540.320	    1.229
5541.314	    0.493
5542.309	    1.125
5543.304	    1.360
5544.299	    1.496
5545.294	    1.472
5546.289	    1.666
5547.285	    1.730
5548.280	    1.765
5549.276	    1.513
5550.272	    0.540
5551.269	    1.219
5552.265	    1.378
5553.262	    0.796
5554.259	    1.081
5555.255	    1.472
5556.253	    1.455
5557.250	    1.188
5558.247	    1.229
5559.245	    1.496
5560.243	    1.716
5561.241	    1.806
5562.239	    1.505
5563.238	    1.047
5564.236	    0.698
5565.235	    0.382
5566.234	    1.103
5567.233	    1.568
5568.232	    1.606
5569.232	    1.651
5570.231	    1.688
5571.231	    1.723
5572.231	    1.758
5573.232	    1.793
5574.232	    1.826
5575.232	    1.866
5576.233	    1.898
5577.234	    1.930
5578.235	    1.961
5579.236	    1.992
5580.238	    2.028
5581.240	    2.058
5582.241	    2.087
5583.243	    2.116
5584.246	    2.145
5585.248	    2.173
5586.250	    2.201
5587.253	    2.234
5588.256	    2.261
5589.259	    2.288
5590.262	    2.314
5591.266	    2.179
5592.269	    1.955
5593.273	    1.833
5594.277	    1.583
5595.281	    0.826
5596.286	    0.826
5597.290	    0.999
5598.295	    1.430
5599.300	    1.521
5600.305	    1.324
5601.310	    1.058
5602.315	    0.910
5603.321	    1.114
5604.327	    0.540
5605.333	    1.360
5606.339	    1.472
5607.345	    1.147
5608.352	    0.540
5609.358	    0.936
5610.365	    1.287
5611.372	    1.702
5612.379	    1.496
5613.387	    1.047
5614.394	    0.732
5615.402	    0.962
5616.410	    0.796
5617.418	    1.011
5618.427	    0.869
5619.435	    1.378
5620.444	    1.488
5621.453	    1.011
5622.462	    0.604
5623.471	    0.413
5624.480	    0.643
5625.490	    0.563
5626.499	    0.780
5627.509	    1.188
5628.520	    1.268
5629.530	    1.125
5630.540	    0.517
5631.551	    1.058
5632.562	    1.636
5633.573	    1.305
5634.584	    0.883
5635.595	    1.333
5636.607	    1.360
5637.619	    1.621
5638.631	    1.047
5639.643	    0.680
5640.655	    1.333
5641.668	    0.936
5642.680	    0.441
5643.693	    1.178
5644.706	    0.987
5645.719	    0.748
5646.733	    0.923
5647.746	    0.999
5648.760	    0.732
5649.774	    0.517
5650.788	    0.493
5651.802	    0.780
5652.817	    1.413
5653.831	    1.472
5654.846	    1.315
5655.861	    0.764
5656.876	    0.493
5657.892	    0.604
5658.907	    0.441
5659.923	    0.643
5660.939	    0.221
5661.955	    0.764
5662.972	    0.643
5663.988	    0.349
5665.005	    0.811
5666.022	    0.923
5667.039	    0.936
5668.056	    0.811
5669.073	    1.070
5670.091	    0.974
5671.109	    1.178
5672.126	    0.662
5673.145	    1.125
5674.163	    1.333
5675.181	    1.758
5676.200	    1.599
5677.219	    1.058
5678.238	    0.987
5679.257	    1.333
5680.277	    0.493
5681.296	    1.047
5682.316	    1.248
5683.336	    0.896
5684.356	    0.349
5685.376	    0.662
5686.397	    0.840
5687.418	    1.360
5688.438	    1.730
5689.459	    2.070
5690.481	    2.184
5691.502	    1.779
5692.524	    1.488
5693.545	    1.651
5694.567	    1.949
5695.590	    1.839
5696.612	    1.287
5697.634	    1.070
5698.657	    1.219
5699.680	    1.576
5700.703	    1.813
5701.726	    1.936
5702.750	    1.833
5703.773	    1.673
5704.797	    1.659
5705.821	    1.853
5706.845	    2.093
5707.870	    2.346
5708.894	    2.467
5709.919	    2.417
5710.944	    2.173
5711.969	    2.099
5712.994	    1.853
5714.020	    1.911
5715.045	    1.651
5716.071	    2.028
5717.097	    2.162
5718.123	    2.195
5719.150	    1.819
5720.176	    1.568
5721.203	    1.799
5722.230	    1.839
5723.257	    1.846
5724.284	    1.688
5725.312	    1.779
5726.340	    1.702
5727.367	    1.806
5728.396	    1.859
5729.424	    1.758
5730.452	    1.723
5731.481	    1.786
5732.510	    2.111
5733.538	    2.325
5734.568	    2.366
5735.597	    2.314
5736.626	    2.234
5737.656	    2.340
5738.686	    2.412
5739.716	    2.564
5740.746	    2.583
5741.777	    2.578
5742.807	    2.592
5743.838	    2.496
5744.869	    2.293
5745.900	    2.034
5746.932	    1.819
5755.189	    2.217
5756.222	    2.234
5757.256	    2.151
5758.289	    2.162
5759.323	    2.145
5760.356	    2.335
5761.390	    2.496
5762.425	    2.639
5763.459	    2.625
5764.493	    2.447
5765.528	    2.387
5766.563	    2.346
5767.598	    2.521
5768.633	    2.765
5769.669	    2.843
5770.704	    2.689
5771.740	    2.462
5772.776	    2.356
5773.812	    2.319
5774.849	    2.190
5775.885	    2.239
5776.922	    2.190
5777.959	    1.998
5778.996	    1.614
5780.033	    1.688
5781.071	    2.070
5782.109	    2.293
5783.146	    2.250
5784.185	    2.004
5785.223	    1.813
5786.261	    1.826
5787.300	    1.917
5788.339	    1.911
5789.378	    1.751
5790.417	    1.621
5791.456	    1.560
5792.496	    1.488
5793.535	    1.688
5794.575	    2.116
5795.615	    2.472
5796.656	    2.467
5797.696	    2.010
5798.737	    1.455
5799.778	    1.496
5800.819	    1.930
5801.860	    2.234
5802.901	    2.111
5803.943	    1.826
5804.985	    1.702
5806.027	    1.853
5807.069	    2.173
5808.111	    2.234
5809.154	    2.093
5810.196	    1.949
5811.239	    2.016
5812.282	    2.052
5813.326	    1.992
5814.369	    1.961
5815.413	    2.128
5816.457	    2.304
5817.501	    2.314
5818.545	    2.128
5819.589	    1.793
5820.634	    1.599
5821.679	    1.695
5822.724	    1.936
5823.769	    2.058
5824.814	    1.998
5825.860	    1.833
5826.905	    1.614
5827.951	    1.606
5828.997	    1.779
5830.044	    1.980
5831.090	    2.028
5832.137	    1.980
5833.184	    2.046
5834.231	    2.139
5835.278	    2.122
5836.325	    2.052
5837.373	    1.998
5838.421	    1.967
5839.469	    1.986
5840.517	    2.034
5841.565	    2.040
5842.614	    1.839
5843.663	    1.552
5844.711	    1.513
5845.761	    1.651
5846.810	    1.779
5847.859	    1.819
5848.909	    1.839
5849.959	    1.961
5851.009	    1.992
5852.059	    1.974
5853.110	    1.819
5854.160	    1.813
5855.211	    1.955
5856.262	    1.998
5857.313	    1.751
5858.364	    1.333
5859.416	    0.936
5860.468	    0.680
5861.520	    0.517
5862.572	    1.168
5863.624	    1.885
5864.677	    2.082
5865.729	    1.936
5866.782	    1.839
5867.835	    2.010
5868.888	    2.111
5869.942	    2.058
5870.996	    1.980
5872.049	    1.930
5873.103	    1.866
5874.158	    1.680
5875.212	    1.591
5876.267	    1.447
5877.321	    1.296
5878.376	    1.421
5879.431	    1.730
5880.487	    1.872
5888.936	    2.116
5889.993	    1.992
5891.051	    1.198
5892.108	    1.103
5893.166	    2.058
5894.223	    2.804
5895.281	    3.009
5896.340	    2.729
5897.398	    2.314
5898.456	    2.016
5899.515	    2.010
5900.574	    2.064
5901.633	    2.168
5902.693	    1.779
5903.752	    1.430
5904.812	    0.962
5905.872	    0.441
5906.932	    0.796
5907.992	    0.221
5909.052	    0.840
5910.113	    0.382
5911.174	    0.826
5912.235	    0.382
5913.296	    1.277
5914.358	    1.404
5915.419	    1.387
5916.481	    1.277
5917.543	    1.157
5918.605	    1.305
5919.668	    1.673
5920.730	    1.659
5921.793	    1.342
5922.856	    0.643
5923.919	    1.296
5924.982	    0.840
5926.046	    1.198
5927.109	    1.395
5928.173	    1.421
5929.237	    1.730
5930.302	    2.195
5931.366	    1.930
5932.431	    0.923
5933.496	    0.840
5934.561	    1.136
5935.626	    1.680
5936.691	    1.980
5937.757	    1.872
5938.823	    1.472
5939.889	    1.342
5940.955	    0.949
5942.021	    0.748
5943.088	    1.147
5944.155	    1.961
5945.222	    2.611
5946.289	    2.592
5947.356	    2.335
5948.424	    1.879
5949.491	    1.786
5950.559	    2.111
5951.627	    2.266
5952.696	    2.309
5953.764	    2.099
5954.833	    1.680
5955.902	    0.349
5956.971	    1.125
5958.040	    1.258
5959.109	    0.796
5960.179	    0.764
5961.249	    0.312
5962.319	    0.698
5963.389	    0.441
5964.460	    0.604
5965.530	    1.023
5966.601	    1.369
5967.672	    1.287
5968.743	    0.698
5969.814	    0.270
5970.886	    0.624
5971.958	    0.517
5973.030	    0.349
5974.102	    0.563
5975.174	    0.156
5976.247	    1.147
5977.319	    1.058
5978.392	    0.715
5979.465	    1.188
5980.539	    1.342
5981.612	    0.826
5982.686	    0.413
5983.760	    0.270
5984.834	    0.896
5985.908	    1.188
5986.982	    1.488
5988.057	    1.472
5989.132	    0.563
5990.207	    0.910
5991.282	    0.441
5992.358	    1.081
5993.433	    1.114
5994.509	    0.563
5995.585	    0.662
5996.661	    0.910
5997.738	    1.058
5998.814	    0.698
5999.891	    0.780
6000.968	    1.168
6002.045	    1.023
6003.122	    0.732
6004.200	    1.058
6005.278	    1.268
6006.356	    0.468
6007.434	    1.387
6008.512	    1.688
6009.590	    1.505
6010.669	    1.258
6011.748	    1.229
6012.827	    1.229
6013.906	    0.910
6014.986	    0.748
6016.066	    1.447
6017.145	    1.709
6018.225	    1.560
6019.306	    1.103
6020.386	    0.680
6021.467	    0.680
6022.548	    0.563
6023.629	    0.540
6024.710	    0.584
6025.791	    0.312
6026.873	    0.349
6027.955	    0.923
6029.037	    0.974
6030.119	    0.604
6031.201	    0.270
6032.284	    0.540
6033.367	    0.624
6034.450	    0.221
6035.533	    0.796
6036.616	    0.896
6037.700	    0.156
6038.783	    0.883
6039.867	    0.764
6040.951	    0.493
6042.036	    0.936
6043.120	    0.869
6044.205	    0.468
6045.290	    1.219
6046.375	    1.413
6047.460	    1.035
6048.546	    0.764
6049.631	    1.209
6050.717	    0.896
6051.803	    0.563
6052.890	    0.563
6053.976	    0.811
6055.063	    0.604
6056.150	    1.229
6057.237	    1.853
6058.324	    2.076
6059.411	    2.052
6060.499	    1.879
6061.587	    1.591
6062.675	    1.333
6063.763	    1.198
6064.852	    0.962
6065.940	    0.270
6067.029	    0.715
6068.118	    0.584
6069.207	    0.312
6070.297	    0.604
6071.386	    1.248
6072.476	    1.666
6073.566	    1.636
6074.656	    1.081
6075.747	    0.624
6076.837	    0.855
6077.928	    0.349
6079.019	    0.349
6080.110	    0.413
6081.201	    0.643
6082.293	    1.404
6083.385	    1.758
6084.477	    1.723
6085.569	    1.568
6086.661	    1.464
6087.754	    1.529
6088.846	    1.872
6089.939	    2.277
6091.032	    2.335
6092.126	    1.967
6093.219	    1.545
6094.313	    1.651
6095.407	    1.744
6096.501	    1.560
6097.595	    1.315
6098.690	    1.342
6099.784	    1.480
6100.879	    1.421
6101.974	    1.219
6103.070	    1.305
6104.165	    1.799
6105.261	    2.070
6106.357	    1.949
6107.453	    1.629
6108.549	    1.709
6109.646	    1.936
6110.742	    2.116
6111.839	    2.145
6112.936	    2.156
6114.033	    2.168
6115.131	    2.179
6116.228	    2.184
6117.326	    2.195
6118.424	    2.206
6119.523	    2.217
6120.621	    2.228
6121.720	    2.239
6122.818	    2.245
6123.917	    2.256
6125.017	    2.266
6126.116	    2.277
6127.216	    2.282
6128.315	    2.293
6129.415	    2.304
6130.516	    2.314
6131.616	    2.325
6132.717	    2.335
6133.817	    2.340
6134.918	    2.351
6136.020	    2.361
6137.121	    2.371
6138.223	    2.382
6139.324	    2.387
6140.426	    2.397
6141.529	    2.407
6142.631	    2.417
6143.734	    2.427
6144.836	    2.437
6145.939	    2.442
6147.042	    2.452
6148.146	    2.462
6149.249	    2.472
6150.353	    2.482
6151.457	    2.487
6152.561	    2.496
6153.666	    2.506
6154.770	    2.516
6155.875	    2.525
6156.980	    2.535
6158.085	    2.540
6159.190	    2.549
6160.296	    2.559
6161.402	    2.568
6162.508	    2.578
6163.614	    2.540
6164.720	    2.346
6165.827	    2.139
6166.933	    2.116
6168.040	    2.070
6169.148	    1.758
6170.255	    1.438
6171.362	    1.521
6172.470	    1.716
6173.578	    1.552
6174.686	    0.936
6175.795	    0.441
6176.903	    1.198
6178.012	    1.560
6179.121	    1.296
6180.230	    0.643
6181.339	    0.680
6182.449	    1.277
6183.558	    1.568
6184.668	    1.421
6185.778	    1.058
6186.889	    0.974
6187.999	    1.438
6189.110	    1.751
6190.221	    1.806
6191.332	    1.709
6192.443	    1.659
6193.555	    1.659
6194.667	    1.552
6195.779	    1.413
6196.891	    1.583
6198.003	    1.955
6199.116	    2.128
6200.228	    1.872
6201.341	    1.378
6202.454	    1.136
6203.568	    1.333
6204.681	    1.378
6205.795	    1.229
6206.909	    1.404
6208.023	    1.772
6209.137	    1.904
6210.252	    1.974
6211.366	    2.239
6212.481	    2.452
6213.596	    2.382
6214.712	    2.179
6215.827	    1.998
6216.943	    1.758
6218.059	    1.229
6219.175	    0.413
6220.291	    0.732
6221.408	    0.698
6222.525	    1.209
6223.641	    1.157
6224.759	    0.680
6225.876	    0.441
6226.993	    1.147
6228.111	    1.772
6229.229	    2.151
6230.347	    2.535
6231.466	    2.915
6232.584	    2.885
6233.703	    2.228
6234.822	    1.287
6235.941	    1.188
6237.060	    1.758
6238.180	    1.936
6239.299	    1.591
6240.419	    1.092
6241.539	    1.287
6242.660	    1.758
6243.780	    1.961
6244.901	    1.786
6246.022	    1.360
6247.143	    0.987
6248.264	    0.936
6249.386	    1.209
6250.508	    1.659
6251.630	    1.949
6252.752	    2.082
6253.874	    2.076
6254.997	    2.070
6256.119	    2.064
6257.242	    2.064
6258.366	    2.058
6259.489	    2.052
6260.612	    2.046
6261.736	    2.040
6262.860	    2.034
6263.984	    2.028
6265.109	    2.028
6266.233	    2.022
6267.358	    2.016
6268.483	    2.010
6269.608	    2.004
6270.734	    1.998
6271.859	    1.992
6272.985	    1.986
6274.111	    1.980
6275.237	    1.974
6276.363	    1.974
6277.490	    1.967
6278.617	    1.961
6279.744	    1.955
6280.871	    1.949
6281.998	    1.942
6283.126	    1.936
6284.254	    1.930
6285.382	    1.924
6286.510	    1.917
6287.638	    1.911
6288.767	    1.904
6289.896	    1.898
6291.025	    1.892
6292.154	    1.885
6293.283	    1.879
6294.413	    1.872
6295.543	    1.866
6296.673	    1.859
6297.803	    1.853
6298.933	    1.846
6300.064	    1.980
6301.195	    1.974
6302.326	    1.967
6303.457	    1.961
6304.589	    1.955
6305.720	    1.949
6306.852	    1.936
6307.984	    1.930
6309.117	    1.924
6310.249	    1.917
6311.382	    1.911
6312.514	    1.904
6313.648	    1.892
6314.781	    2.272
6315.914	    2.615
6317.048	    2.351
6318.182	    1.576
6319.316	    1.229
6320.450	    1.188
6321.585	    0.855
6322.719	    1.035
6323.854	    1.904
6324.989	    2.351
6326.125	    2.437
6327.260	    2.168
6328.396	    1.772
6329.532	    1.198
6330.668	    0.732
6331.804	    0.468
6332.941	    0.643
6334.078	    1.011
6335.215	    1.576
6336.352	    1.614
6337.489	    0.962
6338.627	    1.103
6339.764	    1.157
6340.902	    0.748
6342.041	    1.505
6343.179	    1.521
6344.317	    1.342
6345.456	    1.178
6346.595	    1.023
6347.734	    1.178
6348.874	    1.621
6350.013	    1.723
6351.153	    1.387
6352.293	    1.287
6353.433	    1.680
6354.574	    1.813
6355.714	    1.591
6356.855	    2.288
6357.996	    3.588
6359.138	    4.514
6360.279	    4.508
6361.421	    3.475
6362.563	    1.629
6363.705	    1.806
6364.847	    2.128
6365.989	    1.917
6367.132	    1.853
6368.275	    1.737
6369.418	    1.537
6370.561	    1.168
6371.705	    0.962
6372.848	    0.270
6373.992	    1.058
6375.136	    1.488
6376.281	    1.680
6377.425	    1.360
6378.570	    1.258
6379.715	    1.395
6380.860	    1.666
6382.005	    1.751
6383.151	    1.680
6384.297	    1.438
6385.443	    0.624
6386.589	    0.604
6387.735	    0.732
6388.882	    1.287
6390.028	    1.702
6391.175	    1.930
6392.323	    2.105
6393.470	    1.892
6394.618	    1.103
6395.765	    1.011
6396.913	    0.349
6398.062	    1.198
6399.210	    1.296
6400.359	    1.209
6401.508	    1.315
6402.657	    1.342
6403.806	    1.147
6404.955	    1.198
6406.105	    1.342
6407.255	    1.644
6408.405	    1.793
6409.555	    1.552
6410.706	    1.730
6411.856	    1.846
6413.007	    1.447
6414.158	    0.312
6415.310	    0.796
6416.461	    0.780
6417.613	    1.092
6418.765	    0.604
6419.917	    0.643
6421.069	    1.305
6422.222	    1.673
6423.375	    1.709
6424.528	    1.545
6425.681	    1.480
6426.834	    1.806
6427.988	    1.751
6429.142	    1.606
6430.296	    1.621
6431.450	    1.779
6432.604	    1.695
6433.759	    1.342
6434.914	    0.962
6436.069	    1.219
6437.224	    1.545
6438.380	    1.793
6439.535	    1.751
6440.691	    1.673
6441.847	    1.464
6443.003	    1.047
6444.160	    0.624
6445.317	    0.826
6446.474	    1.070
6447.631	    1.188
6448.788	    1.455
6449.945	    1.751
6451.103	    1.636
6452.261	    1.023
6453.419	    0.869
6454.578	    1.333
6455.736	    1.455
6456.895	    1.081
6458.054	    0.811
6459.213	    1.716
6460.373	    1.885
6461.532	    1.846
6462.692	    1.576
6463.852	    1.219
6465.012	    1.103
6466.173	    1.629
6467.333	    1.651
6468.494	    1.047
6469.655	    1.324
6470.817	    2.046
6471.978	    2.256
6473.140	    2.070
6474.302	    1.666
6475.464	    1.387
6476.626	    1.229
6477.789	    1.058
6478.951	    0.949
6480.114	    0.936
6481.277	    1.209
6482.441	    1.404
6483.604	    1.360
6484.768	    1.147
6485.932	    0.270
6487.096	    1.103
6488.261	    1.342
6489.425	    1.209
6490.590	    1.147
6491.755	    1.614
6492.921	    2.179
6494.086	    2.496
6495.252	    2.145
6496.418	    0.441
6497.584	    1.369
6498.750	    0.869
6499.916	    0.962
6501.083	    1.296
6502.250	    1.023
6503.417	    0.563
6504.584	    0.349
6505.752	    0.563
6506.920	    0.584
6508.088	    0.840
6509.256	    1.103
6510.424	    1.125
6511.593	    0.413
6512.762	    1.136
6513.931	    1.287
6515.100	    1.058
6516.269	    0.540
6517.439	    1.360
6518.609	    1.472
6519.779	    0.936
6520.949	    0.563
6522.120	    0.680
6523.290	    0.441
6524.461	    0.826
6525.632	    0.382
6526.804	    1.765
6527.975	    2.472
6529.147	    2.392
6530.319	    1.552
6531.491	    0.732
6532.664	    1.529
6533.836	    1.560
6535.009	    1.369
6536.182	    1.058
6537.355	    0.312
6538.529	    1.058
6539.702	    1.287
6540.876	    1.070
6542.050	    0.910
6543.224	    1.081
6544.399	    1.277
6545.574	    1.488
6546.748	    2.028
6547.924	    2.559
6549.099	    2.689
6550.274	    2.319
6551.450	    1.268
6552.626	    1.552
6553.802	    2.309
6554.979	    2.277
6556.155	    1.568
6557.332	    0.923
6558.509	    1.545
6559.686	    0.413
6560.864	    2.116
6562.041	    2.330
6563.219	    1.924
6564.397	    1.826
6565.576	    1.998
6566.754	    1.898
6567.933	    1.723
6569.112	    1.659
6570.291	    1.447
6571.470	    0.563
6572.650	    1.772
6573.830	    2.058
6575.010	    2.004
6576.190	    1.936
6577.370	    1.859
6578.551	    1.779
6579.732	    1.695
6580.913	    1.606
6582.094	    1.505
6583.275	    1.413
6584.457	    1.305
6585.639	    1.188
6586.821	    1.070
6588.003	    0.936
6589.186	    1.114
6590.368	    1.305
6591.551	    1.369
6592.735	    1.305
6593.918	    1.198
6595.102	    1.035
6596.285	    1.268
6597.469	    1.680
6598.654	    1.955
6599.838	    2.058
6601.023	    2.156
6602.207	    2.206
6603.393	    2.046
6604.578	    1.806
6605.763	    1.930
6606.949	    2.568
6608.135	    3.642
6609.321	    4.951
6610.507	    5.771
6611.694	    5.775
6612.881	    4.862
6614.068	    3.492
6615.255	    2.482
6616.442	    2.052
6617.630	    1.806
6618.818	    2.151
6620.006	    2.997
6621.194	    4.357
6622.383	    7.109
6623.571	   10.283
6624.760	   12.759
6625.949	   13.554
6627.139	   12.095
6628.328	    8.669
6629.518	    4.862
6630.708	    2.936
6631.898	    2.046
6633.089	    1.765
6634.279	    1.583
6635.470	    1.819
6636.661	    1.819
6637.852	    2.201
6639.044	    2.442
6640.235	    2.611
6641.427	    3.144
6642.619	    4.575
6643.812	    6.779
6645.004	    8.897
6646.197	   10.129
6647.390	    9.850
6648.583	    7.730
6649.777	    5.238
6650.970	    3.361
6652.164	    2.402
6653.358	    1.879
6654.552	    1.744
6655.747	    1.898
6656.941	    1.974
6658.136	    1.793
6659.331	    1.537
6660.527	    1.168
6661.722	    0.883
6662.918	    0.764
6664.114	    1.035
6665.310	    1.188
6666.507	    1.315
6667.703	    1.305
6668.900	    0.999
6670.097	    0.698
6671.294	    1.268
6672.492	    1.092
6673.689	    1.058
6674.887	    1.716
6676.086	    1.636
6677.284	    1.092
6678.482	    0.584
6679.681	    1.070
6680.880	    1.480
6682.079	    1.351
6683.279	    1.178
6684.478	    1.238
6685.678	    1.248
6686.878	    0.896
6688.079	    0.923
6689.279	    1.258
6690.480	    1.529
6691.681	    1.666
6692.882	    1.333
6694.083	    0.270
6695.285	    1.305
6696.486	    1.560
6697.688	    1.333
6698.891	    0.540
6700.093	    1.258
6701.296	    1.047
6702.499	    0.896
6703.702	    1.430
6704.905	    1.421
6706.108	    0.896
6707.312	    1.047
6708.516	    0.999
6709.720	    0.987
6710.925	    1.917
6712.129	    2.298
6713.334	    1.833
6714.539	    0.493
6715.744	    1.248
6716.950	    0.748
6718.155	    1.023
6719.361	    0.680
6720.567	    0.962
6721.774	    1.136
6722.980	    0.962
6724.187	    0.584
6725.394	    1.147
6726.601	    1.198
6727.808	    0.698
6729.016	    0.312
6730.224	    0.764
6731.432	    0.910
6732.640	    0.869
6733.849	    0.156
6735.057	    0.349
6736.266	    1.047
6737.475	    1.360
6738.685	    1.168
6739.894	    0.764
6741.104	    0.312
6742.314	    0.826
6743.524	    1.305
6744.735	    1.324
6745.945	    1.157
6747.156	    0.764
6748.367	    0.715
6749.579	    0.468
6750.790	    0.987
6752.002	    0.936
6753.214	    0.540
6754.426	    0.662
6755.638	    0.624
6756.851	    1.315
6758.064	    1.599
6759.277	    1.333
6760.490	    0.910
6761.704	    1.136
6762.917	    1.395
6764.131	    1.023
6765.345	    0.382
6766.560	    0.923
6767.774	    0.999
6768.989	    1.103
6770.204	    1.023
6771.419	    0.962
6772.635	    0.923
6773.851	    0.441
6775.066	    0.312
6776.282	    1.395
6777.499	    2.936
6778.715	    4.613
6779.932	    5.836
6781.149	    6.053
6782.366	    5.115
6783.584	    3.025
6784.801	    0.413
6786.019	    1.277
6787.237	    0.698
6788.455	    0.312
6789.674	    0.604
6790.893	    1.011
6792.112	    2.521
6793.331	    3.907
6794.550	    4.931
6795.770	    5.084
6796.990	    4.166
6798.210	    2.729
6799.430	    1.513
6800.650	    1.011
6801.871	    0.493
6803.092	    0.855
6804.313	    1.188
6805.534	    1.268
6806.756	    1.229
6807.978	    1.360
6809.200	    1.560
6978.705	    2.111
6979.957	    1.911
6981.210	    1.560
6982.463	    1.545
6983.717	    1.614
6984.970	    1.447
6986.224	    1.305
6987.478	    1.545
6988.732	    1.737
6989.987	    1.716
6991.241	    1.258
6992.496	    0.604
6993.751	    0.441
6995.007	    0.604
6996.262	    0.698
6997.518	    1.219
6998.774	    1.287
7000.030	    1.047
7001.287	    0.962
7002.544	    1.621
7003.801	    1.421
7005.058	    0.156
7006.315	    0.270
7007.573	    1.103
7008.831	    1.702
7010.089	    1.898
7011.347	    1.758
7012.605	    1.819
7013.864	    1.885
7015.123	    1.488
7016.382	    0.441
7017.642	    0.441
7018.901	    0.382
7020.161	    0.643
7021.421	    0.493
7022.682	    0.764
7023.942	    1.229
7025.203	    1.268
7026.464	    0.748
7027.725	    0.349
7028.987	    0.855
7030.248	    1.488
7031.510	    1.779
7032.772	    1.296
7034.035	    0.662
7035.297	    1.268
7036.560	    1.238
7037.823	    0.826
7039.086	    0.732
7040.350	    1.011
7041.614	    0.221
7042.877	    0.840
7044.142	    0.764
7045.406	    0.662
7046.671	    0.441
7047.936	    1.047
7049.201	    1.305
7050.466	    0.680
7051.731	    1.058
7052.997	    0.312
7054.263	    1.178
7055.529	    1.287
7056.796	    0.764
7058.062	    0.441
7059.329	    0.643
7060.596	    0.780
7061.864	    0.923
7063.131	    1.198
7064.399	    1.480
7065.667	    1.047
7066.936	    1.369
7068.204	    1.599
7069.473	    1.178
7070.742	    1.058
7072.011	    1.360
7073.280	    1.178
7074.550	    0.662
7075.820	    0.883
7077.090	    1.395
7078.360	    1.058
7079.631	    0.382
7080.901	    0.643
7082.172	    0.811
7083.444	    0.493
7084.715	    0.962
7085.987	    1.342
7087.259	    0.974
7088.531	    0.156
7089.803	    0.413
7091.076	    1.103
7092.349	    0.855
7093.622	    0.221
7094.895	    0.643
7096.168	    0.855
7097.442	    0.604
7098.716	    1.103
7099.990	    0.540
7101.265	    1.305
7102.539	    0.680
7103.814	    1.258
7105.089	    1.455
7106.365	    0.811
7107.640	    0.936
7108.916	    1.023
7110.192	    0.811
7111.468	    1.529
7112.745	    1.421
7114.021	    0.811
7115.298	    0.974
7116.576	    1.342
7117.853	    1.178
7119.131	    1.229
7120.408	    1.505
7121.687	    1.070
7122.965	    0.949
7124.243	    0.764
7125.522	    0.517
7126.801	    0.270
7128.080	    0.624
7129.360	    0.715
7130.640	    0.312
7131.919	    0.382
7133.200	    0.732
7134.480	    1.023
7135.761	    1.070
7137.041	    1.229
7138.323	    0.826
7139.604	    0.563
7140.885	    0.764
7142.167	    1.258
7143.449	    1.351
7144.731	    0.910
7146.014	    0.382
7147.296	    1.092
7148.579	    1.644
7149.863	    1.472
7151.146	    0.999
7152.430	    1.147
7153.713	    1.673
7154.997	    1.430
7156.282	    0.540
7157.566	    0.156
7158.851	    0.493
7160.136	    0.811
7161.421	    0.493
7162.707	    0.732
7163.992	    0.796
7165.278	    1.070
7166.564	    1.447
7167.851	    1.447
7169.137	    1.103
7170.424	    1.047
7171.711	    1.277
7172.998	    1.395
7174.286	    1.480
7175.574	    1.387
7176.862	    1.188
7178.150	    1.591
7179.438	    2.076
7180.727	    2.340
7182.016	    2.162
7183.305	    1.758
7184.595	    1.315
7185.884	    1.287
7187.174	    1.521
7188.464	    1.853
7189.754	    1.942
7191.045	    1.659
7192.336	    1.779
7193.627	    2.076
7194.918	    2.162
7196.209	    2.016
7197.501	    1.917
7198.793	    1.904
7200.085	    2.004
7201.377	    1.621
7202.670	    0.382
7203.963	    0.221
7205.256	    1.188
7206.549	    1.758
7207.843	    2.052
7209.137	    1.744
7210.431	    1.324
7211.725	    1.296
7213.019	    1.621
7214.314	    1.826
7215.609	    1.723
7216.904	    1.248
7218.200	    1.058
7219.495	    1.248
7220.791	    1.387
7222.087	    1.070
7223.384	    0.624
7224.680	    0.748
7225.977	    1.421
7227.274	    1.751
7228.571	    1.924
7229.869	    1.898
7231.166	    0.643
7232.464	    2.851
7233.763	    4.101
7235.061	    4.374
7236.360	    3.652
7237.659	    3.037
7238.958	    2.989
7240.257	    2.662
7241.557	    1.229
7242.857	    3.450
7244.157	    4.201
7245.457	    4.029
7246.757	    3.571
7248.058	    3.144
7249.359	    3.029
7250.660	    3.159
7251.962	    3.073
7253.264	    2.729
7254.566	    2.397
7255.868	    1.826
7257.170	    1.404
7258.473	    1.846
7259.776	    2.099
7261.079	    1.898
7262.382	    1.614
7263.686	    1.521
7264.989	    1.552
7266.293	    1.599
7267.598	    0.780
7268.902	    3.523
7270.207	    5.096
7271.512	    5.175
7272.817	    3.364
7274.123	    2.847
7275.428	    4.405
7276.734	    3.910
7278.040	    2.521
7279.347	    0.811
7280.653	    2.064
7281.960	    3.335
7283.267	    3.695
7284.575	    3.097
7285.882	    2.573
7287.190	    2.376
7288.498	    2.093
7289.806	    1.576
7291.115	    1.277
7292.423	    1.688
7293.732	    2.151
7295.042	    1.961
7296.351	    0.662
7297.661	    1.813
7298.971	    1.942
7300.281	    0.936
7301.591	    1.772
7302.902	    2.568
7304.212	    2.625
7305.524	    2.256
7306.835	    1.758
7308.146	    1.839
7309.458	    3.919
7310.770	    4.816
7312.082	    3.774
7313.395	    0.910
7314.708	    3.616
7316.021	    3.741
7317.334	    3.372
7318.647	    3.005
7319.961	    2.620
7321.275	    1.839
7322.589	    1.369
7323.903	    2.462
7325.218	    2.016
7326.533	    1.070
7327.848	    2.417
7329.163	    2.702
7330.479	    2.716
7331.795	    2.076
7333.111	    2.707
7334.427	    4.824
7335.743	    5.521
7337.060	    3.885
7338.377	    2.076
7339.694	    3.744
