wlen 	 newgal_spectrum 
  4184.326 	      0.087
  4185.077 	      0.076
  4185.828 	      0.076
  4186.580 	      0.088
  4187.331 	      0.113
  4188.083 	      0.053
  4188.835 	     -0.001
  4189.586 	     -0.047
  4190.339 	      0.022
  4191.091 	      0.027
  4191.843 	      0.007
  4192.595 	     -0.049
  4193.348 	     -0.007
  4194.101 	     -0.004
  4194.853 	     -0.011
  4195.606 	     -0.032
  4196.359 	     -0.042
  4197.113 	     -0.063
  4197.866 	     -0.085
  4198.620 	     -0.108
  4199.373 	     -0.048
  4200.127 	      0.016
  4200.881 	      0.055
  4201.635 	      0.040
  4202.389 	     -0.042
  4203.143 	      0.039
  4203.898 	      0.097
  4204.652 	      0.048
  4205.407 	      0.052
  4206.162 	      0.077
  4206.917 	      0.076
  4207.672 	      0.003
  4208.427 	     -0.043
  4209.183 	     -0.040
  4209.938 	     -0.020
  4210.694 	      0.026
  4211.450 	      0.026
  4212.206 	     -0.011
  4212.962 	     -0.035
  4213.718 	     -0.012
  4214.474 	      0.013
  4215.231 	     -0.005
  4215.987 	     -0.012
  4216.744 	      0.022
  4217.501 	     -0.011
  4218.258 	      0.009
  4219.015 	      0.005
  4219.773 	     -0.076
  4220.530 	     -0.112
  4221.288 	      0.013
  4222.045 	      0.119
  4222.803 	      0.141
  4223.561 	      0.035
  4224.319 	      0.082
  4225.077 	      0.127
  4225.836 	      0.137
  4226.594 	      0.095
  4227.353 	      0.079
  4228.112 	      0.089
  4228.871 	      0.146
  4229.630 	      0.131
  4230.389 	      0.062
  4231.148 	      0.007
  4231.908 	     -0.021
  4232.667 	      0.072
  4233.427 	      0.049
  4234.187 	      0.006
  4234.947 	     -0.057
  4235.707 	      0.141
  4236.468 	      0.024
  4237.228 	      0.006
  4237.989 	      0.109
  4238.749 	     -0.010
  4239.510 	      0.008
  4240.271 	     -0.033
  4241.032 	     -0.125
  4241.793 	      0.033
  4242.555 	      0.011
  4243.316 	     -0.014
  4244.078 	     -0.037
  4244.840 	      0.022
  4245.602 	      0.057
  4246.364 	      0.067
  4247.126 	      0.069
  4247.888 	      0.124
  4248.651 	      0.114
  4249.413 	      0.059
  4250.176 	     -0.009
  4250.939 	     -0.017
  4251.702 	      0.058
  4252.465 	      0.036
  4253.229 	     -0.013
  4253.992 	     -0.047
  4254.756 	      0.038
  4255.519 	      0.068
  4256.283 	      0.073
  4257.047 	      0.040
  4257.811 	      0.093
  4258.575 	      0.108
  4259.340 	      0.117
  4260.104 	      0.125
  4260.869 	      0.104
  4261.634 	      0.084
  4262.399 	      0.059
  4263.164 	      0.024
  4263.929 	     -0.024
  4264.695 	     -0.115
  4265.460 	     -0.120
  4266.226 	     -0.039
  4266.991 	     -0.091
  4267.757 	     -0.019
  4268.523 	      0.006
  4269.290 	      0.003
  4270.056 	      0.044
  4270.822 	     -0.004
  4271.589 	     -0.043
  4272.356 	     -0.046
  4273.123 	      0.133
  4273.890 	      0.040
  4274.657 	      0.016
  4275.424 	      0.009
  4276.191 	     -0.006
  4276.959 	      0.100
  4277.727 	      0.085
  4278.494 	      0.051
  4279.262 	      0.019
  4280.031 	      0.096
  4280.799 	      0.086
  4281.567 	      0.037
  4282.336 	     -0.050
  4283.104 	      0.058
  4283.873 	      0.115
  4284.642 	      0.133
  4285.411 	      0.116
  4286.180 	      0.055
  4286.950 	      0.076
  4287.719 	      0.059
  4288.489 	      0.029
  4289.259 	      0.013
  4290.029 	      0.005
  4290.799 	     -0.034
  4291.569 	     -0.066
  4292.339 	     -0.064
  4293.110 	      0.039
  4293.880 	      0.101
  4294.651 	      0.130
  4295.422 	      0.118
  4296.193 	      0.040
  4296.964 	     -0.047
  4297.735 	     -0.029
  4298.507 	      0.064
  4299.278 	      0.030
  4300.050 	     -0.072
  4300.822 	     -0.048
  4301.594 	      0.018
  4302.366 	      0.024
  4303.138 	      0.135
  4303.910 	      0.114
  4304.683 	      0.113
  4305.456 	      0.224
  4306.229 	      0.130
  4307.001 	     -0.010
  4307.775 	     -0.086
  4308.548 	     -0.083
  4309.321 	     -0.028
  4310.095 	      0.035
  4310.868 	      0.048
  4311.642 	      0.015
  4312.416 	     -0.115
  4313.190 	      0.066
  4313.964 	      0.043
  4314.739 	     -0.022
  4315.513 	     -0.030
  4316.288 	      0.068
  4317.062 	      0.107
  4317.837 	      0.103
  4318.612 	      0.050
  4319.388 	      0.066
  4320.163 	      0.069
  4320.938 	      0.044
  4321.714 	     -0.000
  4322.490 	     -0.056
  4323.266 	     -0.021
  4324.042 	     -0.004
  4324.818 	      0.018
  4325.594 	      0.071
  4326.370 	      0.071
  4327.147 	     -0.009
  4327.924 	     -0.026
  4328.700 	      0.043
  4329.477 	     -0.042
  4330.255 	     -0.008
  4331.032 	      0.007
  4331.809 	      0.015
  4332.587 	      0.047
  4333.364 	      0.011
  4334.142 	     -0.011
  4334.920 	     -0.034
  4335.698 	     -0.068
  4336.477 	      0.137
  4337.255 	      0.087
  4338.034 	      0.070
  4338.812 	      0.093
  4339.591 	      0.033
  4340.370 	     -0.050
  4341.149 	     -0.064
  4341.928 	     -0.071
  4342.708 	     -0.155
  4343.487 	     -0.058
  4344.267 	      0.035
  4345.046 	      0.090
  4345.826 	      0.094
  4346.606 	      0.085
  4347.387 	      0.039
  4348.167 	     -0.002
  4348.947 	     -0.036
  4349.728 	     -0.054
  4350.509 	      0.047
  4351.290 	      0.091
  4352.071 	      0.105
  4352.852 	      0.089
  4353.633 	      0.039
  4354.415 	      0.019
  4355.196 	      0.047
  4355.978 	      0.115
  4356.760 	      0.217
  4357.542 	      0.137
  4358.324 	      0.075
  4359.106 	      0.056
  4359.889 	      0.119
  4360.671 	      0.099
  4361.454 	      0.102
  4362.237 	      0.068
  4363.020 	      0.008
  4363.803 	      0.007
  4364.587 	      0.015
  4365.370 	      0.023
  4366.153 	      0.025
  4366.937 	      0.015
  4367.721 	      0.017
  4368.505 	      0.026
  4369.289 	      0.041
  4370.073 	      0.061
  4370.858 	      0.083
  4371.642 	      0.052
  4372.427 	      0.014
  4373.212 	      0.005
  4373.997 	      0.063
  4374.782 	     -0.003
  4375.567 	     -0.077
  4376.353 	     -0.057
  4385.788 	     -0.079
  4386.576 	     -0.031
  4387.363 	      0.046
  4388.151 	      0.112
  4388.938 	      0.131
  4389.726 	      0.102
  4390.514 	      0.053
  4391.302 	      0.009
  4392.090 	      0.012
  4392.879 	      0.054
  4393.667 	      0.017
  4394.456 	     -0.004
  4395.245 	      0.006
  4396.033 	      0.032
  4396.823 	      0.070
  4397.612 	      0.092
  4398.401 	      0.105
  4399.191 	      0.107
  4399.980 	      0.125
  4400.770 	      0.120
  4401.560 	      0.142
  4402.350 	      0.173
  4403.140 	      0.129
  4403.931 	      0.170
  4404.721 	      0.138
  4405.512 	      0.097
  4406.302 	      0.071
  4407.093 	      0.179
  4407.884 	      0.165
  4408.676 	      0.190
  4409.467 	      0.210
  4410.258 	      0.168
  4411.050 	      0.181
  4411.842 	      0.096
  4412.634 	      0.087
  4413.426 	      0.131
  4414.218 	      0.053
  4415.010 	      0.272
  4415.803 	      0.199
  4416.595 	      0.110
  4417.388 	      0.097
  4418.181 	      0.096
  4418.974 	     -0.023
  4419.767 	      0.050
  4420.561 	      0.167
  4421.354 	      0.176
  4422.148 	      0.116
  4422.941 	      0.166
  4423.735 	      0.120
  4424.529 	      0.014
  4425.324 	     -0.017
  4426.118 	     -0.070
  4426.912 	     -0.013
  4427.707 	      0.048
  4428.502 	      0.086
  4429.297 	      0.090
  4430.092 	      0.075
  4430.887 	      0.042
  4431.682 	      0.031
  4432.478 	      0.067
  4433.273 	      0.068
  4434.069 	      0.047
  4434.865 	      0.068
  4435.661 	      0.106
  4436.457 	      0.123
  4437.253 	      0.132
  4438.050 	      0.118
  4438.847 	      0.098
  4439.643 	      0.078
  4440.440 	      0.059
  4441.237 	      0.058
  4442.034 	      0.070
  4442.832 	      0.084
  4443.629 	      0.093
  4444.427 	      0.067
  4445.225 	      0.029
  4446.023 	      0.013
  4446.821 	      0.008
  4447.619 	      0.011
  4448.417 	     -0.010
  4449.216 	     -0.036
  4450.014 	     -0.053
  4450.813 	     -0.051
  4451.612 	     -0.020
  4452.411 	      0.085
  4453.210 	      0.127
  4454.009 	      0.109
  4454.809 	      0.049
  4455.609 	     -0.032
  4456.408 	     -0.065
  4457.208 	     -0.051
  4458.008 	     -0.022
  4458.808 	      0.014
  4459.609 	      0.039
  4460.409 	      0.043
  4461.210 	      0.060
  4462.011 	      0.089
  4462.812 	      0.121
  4463.613 	      0.115
  4464.414 	      0.039
  4465.215 	     -0.032
  4466.017 	     -0.084
  4466.818 	     -0.109
  4467.620 	     -0.101
  4468.422 	     -0.075
  4469.224 	     -0.052
  4470.026 	     -0.034
  4470.829 	     -0.024
  4471.631 	     -0.017
  4472.434 	     -0.015
  4473.237 	     -0.021
  4474.039 	     -0.035
  4474.843 	     -0.057
  4475.646 	     -0.111
  4476.449 	     -0.131
  4477.253 	     -0.097
  4478.056 	     -0.062
  4478.860 	     -0.057
  4479.664 	     -0.049
  4480.468 	     -0.043
  4481.272 	     -0.037
  4482.077 	     -0.032
  4482.881 	     -0.026
  4483.686 	     -0.018
  4484.491 	     -0.012
  4485.296 	     -0.006
  4486.101 	     -0.000
  4486.906 	      0.006
  4487.711 	      0.014
  4488.517 	      0.020
  4489.322 	      0.026
  4490.128 	      0.032
  4490.934 	      0.038
  4491.740 	      0.046
  4492.547 	      0.053
  4493.353 	      0.052
  4494.160 	      0.042
  4494.966 	      0.023
  4495.773 	     -0.060
  4496.580 	     -0.094
  4497.387 	     -0.062
  4498.194 	     -0.010
  4499.002 	      0.021
  4499.809 	      0.026
  4500.617 	     -0.019
  4501.425 	     -0.058
  4502.233 	     -0.074
  4503.041 	     -0.054
  4503.849 	      0.010
  4504.658 	      0.012
  4505.466 	     -0.015
  4506.275 	     -0.043
  4507.084 	     -0.050
  4507.893 	     -0.034
  4508.702 	     -0.052
  4509.511 	     -0.072
  4510.321 	     -0.058
  4511.130 	      0.008
  4511.940 	      0.121
  4512.750 	      0.089
  4513.560 	      0.008
  4514.370 	     -0.032
  4520.857 	     -0.077
  4521.668 	     -0.016
  4522.480 	      0.023
  4523.292 	      0.016
  4524.103 	     -0.043
  4524.916 	     -0.074
  4525.728 	     -0.060
  4526.540 	     -0.024
  4527.353 	      0.019
  4528.165 	      0.042
  4528.978 	      0.014
  4529.791 	     -0.010
  4530.604 	     -0.011
  4531.417 	      0.010
  4532.231 	      0.046
  4533.044 	      0.081
  4533.858 	      0.058
  4534.672 	      0.004
  4535.486 	     -0.053
  4536.300 	     -0.084
  4537.114 	     -0.045
  4537.928 	      0.005
  4538.743 	      0.037
  4539.558 	      0.052
  4540.372 	      0.052
  4541.187 	      0.050
  4542.002 	      0.032
  4542.818 	      0.007
  4543.633 	     -0.001
  4544.449 	      0.013
  4545.264 	      0.046
  4546.080 	      0.062
  4546.896 	      0.060
  4547.712 	      0.048
  4548.529 	      0.034
  4549.345 	      0.025
  4550.162 	      0.027
  4550.979 	      0.028
  4551.795 	      0.027
  4552.612 	      0.020
  4553.430 	      0.009
  4554.247 	      0.018
  4555.064 	      0.039
  4555.882 	      0.057
  4556.700 	      0.073
  4557.518 	      0.086
  4558.336 	      0.095
  4559.154 	      0.086
  4559.972 	      0.066
  4560.791 	      0.036
  4561.609 	     -0.002
  4562.428 	     -0.048
  4563.247 	     -0.050
  4564.066 	     -0.011
  4564.885 	      0.011
  4565.705 	     -0.003
  4566.524 	     -0.064
  4567.344 	     -0.110
  4568.164 	     -0.058
  4568.984 	     -0.010
  4569.804 	      0.004
  4570.624 	     -0.025
  4571.445 	     -0.068
  4572.265 	     -0.067
  4573.086 	     -0.056
  4573.907 	     -0.046
  4574.728 	     -0.035
  4575.549 	     -0.012
  4576.370 	      0.037
  4577.192 	      0.045
  4578.013 	      0.026
  4578.835 	     -0.000
  4579.657 	     -0.013
  4580.479 	     -0.001
  4581.301 	      0.009
  4582.123 	      0.019
  4582.946 	      0.034
  4583.768 	      0.055
  4584.591 	      0.073
  4585.414 	      0.031
  4586.237 	     -0.021
  4587.060 	     -0.052
  4587.884 	     -0.058
  4588.707 	     -0.039
  4589.531 	     -0.018
  4590.355 	     -0.026
  4591.179 	     -0.034
  4592.003 	     -0.042
  4592.827 	     -0.052
  4593.651 	     -0.069
  4594.476 	     -0.082
  4595.301 	     -0.080
  4596.125 	     -0.075
  4596.950 	     -0.072
  4597.776 	     -0.072
  4598.601 	     -0.077
  4599.426 	     -0.079
  4600.252 	     -0.072
  4601.078 	     -0.054
  4601.903 	     -0.026
  4602.730 	      0.013
  4603.556 	      0.047
  4604.382 	      0.054
  4605.208 	      0.045
  4606.035 	      0.025
  4606.862 	      0.002
  4607.689 	     -0.015
  4608.516 	     -0.016
  4609.343 	     -0.011
  4610.170 	     -0.009
  4610.998 	     -0.014
  4611.826 	     -0.030
  4612.653 	     -0.047
  4613.481 	     -0.039
  4614.309 	     -0.014
  4615.138 	      0.021
  4615.966 	      0.051
  4616.795 	      0.043
  4617.623 	     -0.004
  4618.452 	     -0.028
  4619.281 	     -0.033
  4620.110 	     -0.032
  4620.940 	     -0.043
  4621.769 	     -0.071
  4622.599 	     -0.055
  4623.428 	     -0.017
  4624.258 	      0.007
  4625.088 	     -0.001
  4625.918 	     -0.043
  4626.749 	     -0.049
  4627.579 	     -0.033
  4628.410 	     -0.050
  4629.241 	     -0.091
  4630.072 	     -0.133
  4630.903 	     -0.097
  4631.734 	     -0.028
  4632.565 	     -0.043
  4633.397 	     -0.085
  4634.229 	     -0.105
  4635.060 	     -0.054
  4635.892 	      0.037
  4636.724 	      0.009
  4637.557 	     -0.054
  4638.389 	     -0.085
  4639.222 	     -0.069
  4640.054 	     -0.021
  4640.887 	     -0.018
  4641.720 	     -0.043
  4642.553 	     -0.054
  4643.387 	     -0.052
  4644.220 	     -0.043
  4645.054 	     -0.047
  4645.888 	     -0.059
  4646.722 	     -0.070
  4647.556 	     -0.074
  4648.390 	     -0.066
  4649.224 	     -0.047
  4650.059 	     -0.018
  4650.893 	      0.001
  4651.728 	     -0.012
  4652.563 	     -0.040
  4653.398 	     -0.058
  4654.234 	     -0.040
  4655.069 	      0.038
  4655.905 	      0.087
  4656.740 	      0.071
  4657.576 	      0.024
  4658.412 	     -0.031
  4659.248 	     -0.068
  4660.085 	     -0.064
  4660.921 	     -0.036
  4661.758 	     -0.019
  4662.594 	     -0.015
  4663.431 	     -0.019
  4664.268 	     -0.025
  4665.106 	     -0.014
  4665.943 	     -0.002
  4666.781 	      0.009
  4667.618 	      0.016
  4668.456 	      0.014
  4669.294 	      0.005
  4670.132 	     -0.024
  4670.970 	     -0.042
  4671.809 	     -0.036
  4672.647 	     -0.018
  4673.486 	     -0.000
  4674.325 	      0.004
  4675.164 	     -0.003
  4676.003 	     -0.032
  4676.843 	     -0.054
  4677.682 	     -0.056
  4678.522 	     -0.039
  4679.361 	     -0.019
  4680.201 	     -0.045
  4681.041 	     -0.076
  4681.882 	     -0.070
  4682.722 	     -0.042
  4683.563 	     -0.009
  4684.403 	      0.003
  4685.244 	     -0.015
  4686.085 	     -0.033
  4686.926 	      0.002
  4687.767 	     -0.018
  4688.609 	     -0.074
  4689.450 	     -0.026
  4690.292 	     -0.091
  4691.134 	     -0.016
  4691.976 	      0.003
  4692.818 	      0.012
  4693.661 	      0.007
  4694.503 	     -0.049
  4695.346 	     -0.021
  4696.189 	      0.084
  4697.032 	      0.041
  4697.875 	     -0.028
  4698.718 	     -0.084
  4699.561 	     -0.120
  4700.405 	      0.007
  4701.249 	     -0.017
  4702.092 	     -0.010
  4702.936 	     -0.018
  4703.781 	     -0.006
  4704.625 	      0.061
  4705.469 	      0.033
  4706.314 	      0.068
  4707.159 	      0.052
  4708.004 	     -0.004
  4708.849 	     -0.057
  4709.694 	     -0.064
  4710.539 	     -0.026
  4711.385 	     -0.024
  4712.231 	     -0.016
  4713.076 	      0.009
  4713.922 	      0.023
  4714.768 	      0.008
  4715.615 	     -0.016
  4716.461 	      0.018
  4717.308 	      0.027
  4718.154 	      0.019
  4719.001 	      0.019
  4719.848 	      0.034
  4720.696 	      0.052
  4721.543 	      0.000
  4722.390 	      0.005
  4723.238 	     -0.013
  4724.086 	     -0.007
  4724.934 	      0.020
  4725.782 	      0.038
  4726.630 	      0.041
  4727.479 	      0.018
  4728.327 	      0.024
  4729.176 	      0.014
  4730.025 	      0.003
  4730.874 	      0.028
  4731.723 	      0.143
  4732.572 	      0.082
  4733.422 	      0.051
  4734.271 	      0.052
  4735.121 	      0.028
  4735.971 	     -0.024
  4736.821 	     -0.043
  4737.671 	     -0.115
  4738.522 	      0.008
  4739.372 	      0.019
  4740.223 	      0.013
  4741.074 	     -0.017
  4741.925 	     -0.094
  4742.776 	     -0.090
  4743.627 	     -0.076
  4744.479 	     -0.018
  4745.330 	      0.024
  4746.182 	      0.021
  4747.034 	     -0.018
  4747.886 	     -0.027
  4748.738 	     -0.128
  4749.591 	     -0.102
  4750.443 	      0.000
  4751.296 	      0.046
  4752.149 	      0.017
  4753.002 	     -0.026
  4753.855 	      0.027
  4754.708 	      0.065
  4755.562 	      0.030
  4756.415 	     -0.030
  4757.269 	     -0.067
  4758.123 	     -0.047
  4758.977 	      0.029
  4759.831 	     -0.007
  4760.686 	      0.039
  4761.540 	      0.048
  4762.395 	      0.053
  4763.250 	      0.040
  4764.105 	     -0.010
  4764.960 	     -0.030
  4765.815 	      0.020
  4766.671 	      0.053
  4767.526 	      0.051
  4768.382 	      0.023
  4769.238 	     -0.009
  4770.094 	     -0.020
  4770.950 	     -0.004
  4771.807 	     -0.042
  4772.663 	     -0.042
  4773.520 	     -0.028
  4774.377 	     -0.015
  4775.234 	     -0.003
  4776.091 	      0.043
  4776.948 	     -0.025
  4777.805 	      0.004
  4778.663 	      0.035
  4779.521 	      0.020
  4780.379 	     -0.013
  4781.237 	     -0.007
  4782.095 	     -0.015
  4782.953 	      0.014
  4783.812 	      0.045
  4784.670 	      0.043
  4785.529 	      0.065
  4786.388 	      0.075
  4787.247 	     -0.019
  4788.107 	      0.014
  4788.966 	     -0.044
  4789.826 	      0.015
  4790.686 	      0.010
  4791.545 	      0.003
  4792.405 	      0.026
  4793.266 	      0.003
  4794.126 	      0.004
  4794.987 	      0.018
  4795.847 	     -0.021
  4796.708 	     -0.037
  4797.569 	      0.005
  4798.430 	      0.080
  4799.292 	      0.082
  4800.153 	      0.016
  4801.015 	      0.060
  4801.876 	      0.025
  4802.738 	      0.028
  4803.600 	      0.052
  4804.463 	      0.048
  4805.325 	      0.026
  4806.188 	     -0.047
  4807.050 	     -0.052
  4807.913 	     -0.041
  4808.776 	     -0.062
  4809.639 	     -0.087
  4810.503 	     -0.059
  4811.366 	      0.052
  4812.230 	      0.066
  4813.093 	     -0.017
  4813.957 	     -0.041
  4814.821 	     -0.063
  4815.686 	     -0.079
  4816.550 	     -0.066
  4817.415 	     -0.032
  4818.279 	     -0.035
  4819.144 	     -0.004
  4820.009 	     -0.009
  4820.874 	     -0.013
  4821.740 	     -0.026
  4822.605 	     -0.047
  4823.471 	     -0.006
  4824.337 	     -0.030
  4825.203 	     -0.020
  4826.069 	     -0.017
  4826.935 	     -0.038
  4827.801 	     -0.051
  4828.668 	     -0.042
  4829.535 	     -0.051
  4830.401 	     -0.006
  4831.269 	     -0.031
  4832.136 	     -0.084
  4833.003 	     -0.126
  4833.871 	     -0.129
  4834.738 	     -0.078
  4835.606 	      0.011
  4836.474 	      0.091
  4837.342 	      0.093
  4838.210 	      0.068
  4839.079 	      0.020
  4839.947 	     -0.020
  4840.816 	     -0.029
  4841.685 	     -0.001
  4842.554 	      0.054
  4843.423 	      0.014
  4844.293 	     -0.019
  4845.162 	     -0.014
  4846.032 	     -0.013
  4846.902 	     -0.009
  4847.772 	      0.006
  4848.642 	     -0.063
  4849.512 	     -0.007
  4850.383 	     -0.019
  4851.253 	     -0.031
  4852.124 	     -0.013
  4852.995 	      0.013
  4853.866 	      0.001
  4854.737 	     -0.070
  4855.609 	     -0.028
  4856.480 	      0.030
  4857.352 	      0.014
  4858.224 	     -0.029
  4859.096 	     -0.045
  4859.968 	     -0.028
  4860.841 	     -0.020
  4861.713 	     -0.034
  4862.586 	      0.051
  4863.459 	     -0.080
  4864.332 	      0.029
  4865.205 	      0.062
  4866.078 	      0.007
  4866.951 	     -0.023
  4867.825 	     -0.134
  4868.699 	     -0.039
  4869.573 	     -0.005
  4870.447 	      0.025
  4871.321 	     -0.012
  4872.195 	     -0.063
  4873.070 	     -0.071
  4873.945 	     -0.034
  4874.819 	     -0.038
  4875.694 	     -0.002
  4876.570 	      0.027
  4877.445 	     -0.010
  4878.320 	     -0.002
  4879.196 	      0.004
  4880.072 	     -0.027
  4880.948 	      0.019
  4881.824 	     -0.023
  4882.700 	     -0.019
  4883.577 	     -0.036
  4884.453 	     -0.037
  4885.330 	     -0.052
  4886.207 	     -0.043
  4887.084 	      0.018
  4887.961 	     -0.054
  4888.838 	     -0.074
  4889.716 	     -0.077
  4890.594 	     -0.098
  4891.472 	     -0.112
  4892.350 	     -0.123
  4893.228 	     -0.112
  4894.106 	     -0.053
  4894.984 	     -0.027
  4895.863 	     -0.051
  4896.742 	     -0.040
  4897.621 	     -0.040
  4898.500 	     -0.069
  4899.379 	     -0.106
  4900.259 	     -0.135
  4901.138 	     -0.166
  4902.018 	     -0.147
  4902.898 	     -0.030
  4903.778 	      0.175
  4904.658 	      0.595
  4905.538 	      1.086
  4906.419 	      1.433
  4907.300 	      1.487
  4908.180 	      1.233
  4909.061 	      0.580
  4909.943 	      0.110
  4910.824 	     -0.099
  4911.705 	     -0.169
  4912.587 	     -0.186
  4913.469 	     -0.155
  4914.351 	     -0.088
  4915.233 	     -0.074
  4916.115 	     -0.094
  4916.998 	     -0.180
  4917.880 	     -0.198
  4918.763 	     -0.115
  4919.646 	     -0.072
  4920.529 	     -0.067
  4921.412 	     -0.064
  4922.295 	     -0.107
  4923.179 	     -0.081
  4924.063 	     -0.085
  4924.947 	     -0.055
  4925.831 	     -0.070
  4926.715 	     -0.045
  4927.599 	     -0.020
  4928.484 	     -0.018
  4929.368 	      0.017
  4930.253 	     -0.087
  4931.138 	      0.047
  4932.023 	     -0.018
  4932.908 	     -0.019
  4933.794 	      0.023
  4934.679 	      0.005
  4935.565 	     -0.055
  4936.451 	     -0.036
  4937.337 	     -0.053
  4938.223 	     -0.053
  4939.110 	      0.067
  4939.996 	     -0.017
  4940.883 	      0.010
  4941.770 	      0.086
  4942.657 	      0.106
  4943.544 	      0.075
  4944.431 	      0.096
  4945.319 	     -0.026
  4946.207 	      0.084
  4947.094 	      0.029
  4947.982 	      0.087
  4948.871 	      0.101
  4949.759 	      0.041
  4950.647 	      0.003
  4951.536 	      0.052
  4952.425 	      0.085
  4953.314 	      0.028
  4954.203 	      0.038
  4955.092 	      0.057
  4955.981 	      0.009
  4956.871 	     -0.001
  4957.761 	      0.028
  4958.651 	      0.011
  4959.541 	      0.050
  4960.431 	     -0.006
  4961.321 	      0.026
  4962.212 	      0.041
  4963.103 	      0.029
  4963.993 	      0.012
  4964.884 	     -0.003
  4965.776 	     -0.035
  4966.667 	     -0.097
  4967.558 	     -0.114
  4968.450 	      0.006
  4969.342 	      0.015
  4970.234 	     -0.001
  4971.126 	     -0.018
  4972.018 	     -0.038
  4972.911 	     -0.047
  4973.803 	     -0.026
  4974.696 	     -0.003
  4975.589 	     -0.030
  4976.482 	      0.014
  4977.375 	      0.024
  4978.269 	      0.023
  4979.162 	      0.012
  4980.056 	      0.001
  4980.950 	      0.000
  4981.844 	      0.002
  4982.738 	     -0.019
  4983.633 	     -0.026
  4984.527 	     -0.050
  4985.422 	     -0.077
  4986.317 	     -0.029
  4987.212 	      0.021
  4988.107 	      0.044
  4989.002 	      0.047
  4989.898 	      0.036
  4990.794 	     -0.003
  4991.689 	      0.014
  4992.585 	      0.025
  4993.482 	      0.043
  4994.378 	      0.042
  4995.274 	      0.038
  4996.171 	      0.008
  4997.068 	     -0.031
  4997.965 	     -0.031
  4998.862 	     -0.002
  4999.759 	      0.041
  5000.657 	     -0.021
  5001.554 	     -0.068
  5002.452 	     -0.073
  5003.350 	     -0.094
  5004.248 	     -0.072
  5005.146 	      0.009
  5006.045 	      0.081
  5006.943 	      0.091
  5007.842 	     -0.016
  5008.741 	     -0.001
  5009.640 	      0.003
  5010.539 	      0.002
  5011.438 	     -0.045
  5012.338 	     -0.047
  5013.238 	     -0.008
  5014.137 	     -0.001
  5015.037 	     -0.042
  5015.938 	     -0.086
  5016.838 	     -0.041
  5017.738 	     -0.025
  5018.639 	     -0.030
  5019.540 	      0.011
  5020.441 	      0.034
  5021.342 	      0.022
  5022.243 	     -0.010
  5023.145 	     -0.043
  5024.046 	     -0.045
  5024.948 	     -0.072
  5025.850 	     -0.027
  5026.752 	     -0.045
  5027.655 	     -0.058
  5028.557 	     -0.125
  5029.460 	     -0.164
  5030.362 	     -0.143
  5031.265 	     -0.108
  5032.168 	     -0.078
  5033.072 	     -0.043
  5033.975 	     -0.122
  5034.879 	     -0.016
  5035.782 	     -0.059
  5036.686 	     -0.090
  5037.590 	     -0.079
  5038.495 	     -0.092
  5039.399 	     -0.096
  5040.304 	     -0.018
  5041.208 	     -0.009
  5042.113 	      0.009
  5043.018 	     -0.047
  5043.923 	     -0.008
  5044.829 	      0.008
  5045.734 	      0.017
  5046.640 	     -0.019
  5047.546 	     -0.079
  5048.452 	     -0.105
  5049.358 	     -0.079
  5050.264 	     -0.062
  5051.171 	     -0.019
  5052.078 	      0.075
  5052.984 	      0.149
  5053.891 	      0.182
  5054.799 	      0.185
  5055.706 	      0.141
  5056.613 	      0.071
  5057.521 	      0.011
  5058.429 	     -0.030
  5059.337 	     -0.053
  5060.245 	     -0.008
  5061.153 	     -0.049
  5062.062 	     -0.115
  5062.970 	     -0.115
  5063.879 	     -0.094
  5064.788 	     -0.079
  5065.697 	     -0.082
  5066.606 	     -0.083
  5067.516 	     -0.059
  5068.425 	     -0.037
  5069.335 	     -0.032
  5070.245 	     -0.055
  5071.155 	     -0.066
  5072.065 	     -0.040
  5072.976 	     -0.054
  5073.886 	     -0.062
  5074.797 	     -0.022
  5075.708 	      0.017
  5076.619 	     -0.008
  5077.530 	     -0.055
  5078.442 	     -0.046
  5079.353 	     -0.053
  5080.265 	     -0.051
  5081.177 	     -0.056
  5082.089 	     -0.081
  5083.001 	     -0.082
  5083.914 	     -0.074
  5084.826 	     -0.078
  5085.739 	     -0.086
  5086.652 	     -0.080
  5087.565 	     -0.091
  5088.478 	     -0.058
  5089.391 	     -0.090
  5090.305 	     -0.072
  5091.219 	     -0.023
  5092.132 	      0.017
  5093.046 	     -0.019
  5093.961 	     -0.049
  5094.875 	     -0.035
  5095.789 	     -0.036
  5096.704 	     -0.070
  5097.619 	     -0.048
  5098.534 	      0.061
  5099.449 	      0.047
  5100.364 	      0.047
  5101.280 	      0.031
  5102.196 	      0.021
  5103.111 	      0.028
  5104.027 	      0.011
  5104.944 	     -0.013
  5105.860 	      0.011
  5106.776 	      0.067
  5107.693 	      0.090
  5108.610 	      0.006
  5109.527 	      0.002
  5110.444 	      0.006
  5111.361 	      0.046
  5112.279 	     -0.037
  5113.196 	     -0.045
  5114.114 	     -0.020
  5115.032 	     -0.007
  5115.950 	      0.024
  5116.868 	      0.018
  5117.787 	     -0.017
  5118.706 	     -0.105
  5119.624 	     -0.024
  5120.543 	     -0.033
  5121.462 	      0.039
  5122.382 	      0.007
  5123.301 	      0.012
  5124.221 	      0.009
  5125.141 	     -0.018
  5126.060 	     -0.026
  5126.981 	     -0.026
  5127.901 	     -0.028
  5128.821 	     -0.068
  5129.742 	      0.061
  5130.663 	     -0.054
  5131.584 	     -0.032
  5132.505 	     -0.004
  5133.426 	      0.001
  5134.347 	      0.023
  5135.269 	     -0.013
  5136.191 	     -0.040
  5137.113 	      0.006
  5138.035 	     -0.044
  5138.957 	     -0.056
  5139.879 	     -0.008
  5140.802 	      0.068
  5141.725 	      0.012
  5142.648 	      0.034
  5143.571 	      0.069
  5144.494 	      0.023
  5145.417 	      0.024
  5146.341 	      0.040
  5147.265 	      0.006
  5148.189 	     -0.028
  5149.113 	     -0.032
  5150.037 	     -0.036
  5150.961 	     -0.035
  5151.886 	     -0.085
  5152.811 	      0.002
  5153.736 	      0.025
  5154.661 	     -0.014
  5155.586 	     -0.003
  5156.511 	      0.020
  5157.437 	      0.009
  5158.363 	      0.033
  5159.289 	      0.093
  5160.215 	      0.038
  5161.141 	      0.014
  5162.067 	     -0.021
  5162.994 	     -0.065
  5163.921 	     -0.021
  5164.848 	      0.028
  5165.775 	      0.040
  5166.702 	      0.022
  5167.629 	      0.018
  5168.557 	      0.028
  5169.485 	      0.027
  5170.412 	      0.002
  5171.341 	     -0.043
  5172.269 	     -0.083
  5173.197 	     -0.028
  5174.126 	     -0.062
  5175.054 	     -0.121
  5175.983 	     -0.081
  5176.912 	     -0.071
  5177.842 	     -0.058
  5178.771 	     -0.029
  5179.701 	     -0.001
  5180.630 	      0.025
  5181.560 	      0.018
  5182.490 	     -0.022
  5183.421 	     -0.023
  5184.351 	      0.002
  5185.282 	      0.008
  5186.212 	     -0.019
  5187.143 	     -0.032
  5188.074 	     -0.049
  5189.006 	     -0.061
  5189.937 	     -0.096
  5190.868 	     -0.108
  5191.800 	     -0.106
  5192.732 	     -0.105
  5193.664 	     -0.103
  5194.596 	     -0.102
  5195.529 	     -0.100
  5196.461 	     -0.099
  5197.394 	     -0.097
  5198.327 	     -0.096
  5199.260 	     -0.094
  5200.193 	     -0.093
  5201.127 	     -0.091
  5202.060 	     -0.090
  5202.994 	     -0.088
  5203.928 	     -0.086
  5204.862 	     -0.085
  5205.796 	     -0.083
  5206.731 	     -0.082
  5207.665 	     -0.080
  5208.600 	     -0.078
  5209.535 	     -0.077
  5210.470 	     -0.075
  5211.405 	     -0.073
  5212.341 	     -0.072
  5213.276 	     -0.070
  5214.212 	     -0.068
  5215.148 	     -0.067
  5216.084 	     -0.065
  5217.021 	     -0.063
  5217.957 	     -0.061
  5218.894 	     -0.060
  5219.830 	     -0.058
  5220.767 	     -0.056
  5221.704 	     -0.055
  5222.642 	     -0.053
  5223.579 	     -0.051
  5224.517 	     -0.050
  5225.454 	     -0.048
  5226.392 	     -0.047
  5227.331 	     -0.045
  5228.269 	     -0.044
  5229.207 	     -0.042
  5230.146 	     -0.041
  5231.085 	     -0.040
  5232.024 	     -0.038
  5232.963 	     -0.028
  5233.902 	     -0.040
  5234.842 	     -0.087
  5235.781 	     -0.042
  5236.721 	      0.046
  5237.661 	     -0.050
  5238.601 	      0.042
  5239.541 	      0.003
  5240.482 	      0.003
  5241.423 	      0.003
  5242.363 	     -0.013
  5243.304 	      0.007
  5244.245 	      0.020
  5245.187 	      0.091
  5246.128 	      0.155
  5247.070 	      0.171
  5248.012 	      0.173
  5248.954 	      0.145
  5249.896 	      0.174
  5250.838 	      0.099
  5251.781 	      0.082
  5252.723 	      0.043
  5253.666 	     -0.002
  5254.609 	      0.024
  5255.552 	     -0.011
  5256.496 	     -0.056
  5257.439 	     -0.019
  5258.383 	     -0.012
  5259.327 	      0.000
  5260.271 	      0.024
  5261.215 	     -0.032
  5262.159 	     -0.078
  5263.104 	     -0.011
  5264.049 	      0.008
  5264.994 	      0.061
  5265.939 	      0.020
  5266.884 	      0.034
  5267.829 	      0.080
  5268.775 	      0.004
  5269.721 	      0.038
  5270.666 	      0.073
  5271.612 	      0.008
  5272.559 	      0.022
  5273.505 	     -0.022
  5274.452 	     -0.077
  5275.398 	     -0.072
  5276.345 	     -0.027
  5277.292 	      0.019
  5278.240 	      0.029
  5279.187 	      0.008
  5280.135 	      0.049
  5281.082 	      0.028
  5282.030 	      0.014
  5282.979 	      0.092
  5283.927 	      0.011
  5284.875 	      0.042
  5285.824 	      0.032
  5286.773 	      0.096
  5287.722 	      0.021
  5288.671 	      0.008
  5289.620 	      0.014
  5290.569 	      0.001
  5291.519 	      0.039
  5292.469 	      0.088
  5293.419 	      0.078
  5294.369 	      0.054
  5295.319 	      0.030
  5296.270 	     -0.025
  5297.220 	     -0.011
  5298.171 	     -0.008
  5299.122 	      0.013
  5300.073 	      0.017
  5301.025 	     -0.058
  5301.976 	     -0.008
  5302.928 	      0.053
  5303.880 	      0.040
  5304.832 	      0.082
  5305.784 	      0.130
  5306.736 	      0.121
  5307.689 	      0.071
  5308.642 	      0.066
  5309.595 	      0.044
  5310.548 	     -0.034
  5311.501 	     -0.070
  5312.454 	     -0.086
  5313.408 	     -0.089
  5314.362 	     -0.062
  5315.315 	     -0.058
  5316.270 	     -0.071
  5317.224 	     -0.076
  5318.178 	     -0.067
  5319.133 	     -0.079
  5320.088 	     -0.066
  5321.043 	     -0.067
  5321.998 	     -0.018
  5322.953 	     -0.029
  5323.908 	     -0.010
  5324.864 	     -0.010
  5325.820 	     -0.022
  5326.776 	     -0.018
  5327.732 	      0.013
  5328.688 	      0.059
  5329.645 	      0.063
  5330.601 	      0.025
  5331.558 	      0.003
  5332.515 	     -0.026
  5333.472 	     -0.025
  5334.430 	     -0.016
  5335.387 	     -0.005
  5336.345 	      0.046
  5337.303 	      0.056
  5338.261 	      0.032
  5339.219 	      0.025
  5340.177 	      0.091
  5341.136 	      0.116
  5342.094 	      0.078
  5343.053 	      0.047
  5344.012 	      0.049
  5344.972 	      0.054
  5345.931 	      0.035
  5346.891 	      0.010
  5347.850 	      0.021
  5348.810 	      0.044
  5349.770 	      0.025
  5350.731 	      0.009
  5351.691 	      0.018
  5352.652 	      0.006
  5353.612 	      0.004
  5354.573 	      0.025
  5355.535 	      0.064
  5356.496 	      0.099
  5357.457 	      0.056
  5358.419 	      0.027
  5359.381 	      0.067
  5360.343 	      0.082
  5361.305 	      0.061
  5362.267 	      0.055
  5363.230 	      0.026
  5364.192 	      0.007
  5365.155 	     -0.003
  5366.118 	      0.005
  5367.081 	      0.037
  5368.045 	      0.053
  5369.008 	      0.049
  5369.972 	      0.032
  5370.936 	     -0.032
  5371.900 	     -0.063
  5372.864 	     -0.003
  5373.829 	      0.013
  5374.793 	     -0.038
  5375.758 	     -0.043
  5376.723 	     -0.058
  5377.688 	     -0.097
  5378.653 	     -0.082
  5379.619 	     -0.034
  5380.584 	      0.021
  5381.550 	      0.010
  5382.516 	     -0.004
  5383.482 	      0.015
  5384.449 	      0.020
  5385.415 	     -0.005
  5386.382 	     -0.010
  5387.349 	     -0.153
  5388.316 	     -0.342
  5389.283 	     -0.312
  5390.250 	     -0.187
  5391.218 	     -0.139
  5392.185 	     -0.107
  5393.153 	     -0.084
  5394.121 	     -0.053
  5395.090 	     -0.005
  5396.058 	      0.008
  5397.027 	      0.005
  5397.995 	     -0.025
  5398.964 	     -0.001
  5399.933 	      0.018
  5400.903 	      0.011
  5401.872 	      0.041
  5402.842 	     -0.005
  5403.811 	      0.002
  5404.781 	      0.006
  5405.751 	      0.023
  5406.722 	      0.044
  5407.692 	      0.006
  5408.663 	      0.045
  5409.634 	      0.056
  5410.605 	      0.042
  5411.576 	     -0.015
  5412.547 	     -0.034
  5413.519 	     -0.011
  5414.491 	     -0.012
  5415.462 	     -0.045
  5416.434 	     -0.044
  5417.407 	     -0.031
  5418.379 	     -0.058
  5419.352 	     -0.069
  5420.324 	     -0.065
  5421.297 	     -0.060
  5422.270 	     -0.063
  5423.244 	     -0.086
  5424.217 	     -0.059
  5425.191 	      0.056
  5426.165 	      0.042
  5427.139 	      0.004
  5428.113 	     -0.008
  5429.087 	     -0.014
  5430.062 	      0.015
  5431.036 	     -0.002
  5432.011 	     -0.000
  5432.986 	     -0.001
  5433.961 	      0.014
  5434.937 	     -0.012
  5435.912 	      0.012
  5436.888 	      0.028
  5437.864 	     -0.018
  5438.840 	     -0.025
  5439.816 	     -0.027
  5440.793 	     -0.040
  5441.769 	     -0.003
  5442.746 	     -0.042
  5443.723 	     -0.071
  5444.700 	     -0.021
  5445.677 	     -0.049
  5446.655 	     -0.090
  5447.632 	     -0.053
  5448.610 	     -0.028
  5449.588 	     -0.013
  5450.566 	     -0.039
  5451.545 	     -0.063
  5452.523 	     -0.061
  5453.502 	     -0.046
  5454.481 	     -0.014
  5455.460 	     -0.082
  5456.439 	     -0.056
  5457.419 	     -0.128
  5458.398 	     -0.085
  5459.378 	     -0.060
  5460.358 	      0.018
  5461.338 	      0.004
  5462.318 	     -0.048
  5463.299 	     -0.056
  5464.279 	     -0.018
  5465.260 	     -0.051
  5466.241 	     -0.056
  5467.222 	      0.026
  5468.204 	      0.043
  5469.185 	     -0.053
  5470.167 	     -0.044
  5471.149 	     -0.053
  5472.131 	     -0.003
  5473.113 	     -0.012
  5474.096 	      0.018
  5475.078 	      0.004
  5476.061 	      0.010
  5477.044 	     -0.040
  5478.027 	     -0.065
  5479.010 	      0.022
  5479.994 	      0.060
  5480.977 	      0.057
  5481.961 	      0.027
  5482.945 	     -0.010
  5483.929 	     -0.010
  5484.914 	     -0.045
  5485.898 	     -0.034
  5486.883 	      0.010
  5487.868 	      0.009
  5488.853 	      0.009
  5489.838 	      0.006
  5490.823 	      0.002
  5491.809 	      0.041
  5492.795 	      0.040
  5493.781 	      0.049
  5494.767 	      0.047
  5495.753 	      0.042
  5496.740 	     -0.048
  5497.726 	      0.018
  5498.713 	     -0.008
  5499.700 	     -0.045
  5500.687 	     -0.018
  5501.675 	      0.034
  5502.662 	      0.034
  5503.650 	      0.018
  5504.638 	     -0.018
  5505.626 	      0.060
  5506.614 	      0.056
  5507.602 	      0.053
  5508.591 	      0.034
  5509.580 	     -0.006
  5510.569 	     -0.001
  5511.558 	      0.003
  5512.547 	      0.009
  5513.537 	     -0.010
  5514.526 	     -0.005
  5515.516 	      0.048
  5516.506 	     -0.020
  5517.496 	     -0.016
  5518.487 	      0.015
  5519.477 	     -0.006
  5520.468 	     -0.027
  5521.459 	     -0.034
  5522.450 	     -0.056
  5523.441 	     -0.083
  5524.433 	     -0.015
  5525.424 	     -0.060
  5526.416 	     -0.097
  5527.408 	     -0.080
  5528.400 	     -0.037
  5529.392 	     -0.029
  5530.385 	     -0.034
  5531.378 	      0.004
  5532.370 	      0.014
  5533.363 	     -0.032
  5534.357 	     -0.039
  5535.350 	      0.016
  5536.344 	      0.020
  5537.337 	      0.033
  5538.331 	      0.063
  5539.325 	      0.019
  5540.320 	     -0.003
  5541.314 	      0.010
  5542.309 	      0.026
  5543.304 	     -0.004
  5544.299 	      0.026
  5545.294 	      0.013
  5546.289 	      0.067
  5547.285 	      0.030
  5548.280 	      0.010
  5549.276 	      0.018
  5550.272 	     -0.001
  5551.269 	      0.013
  5552.265 	      0.004
  5553.262 	      0.016
  5554.259 	     -0.034
  5555.255 	     -0.010
  5556.253 	     -0.021
  5557.250 	     -0.007
  5558.247 	     -0.002
  5559.245 	     -0.051
  5560.243 	     -0.064
  5561.241 	      0.067
  5562.239 	     -0.001
  5563.238 	     -0.032
  5564.236 	     -0.059
  5565.235 	     -0.057
  5566.234 	     -0.054
  5567.233 	     -0.051
  5568.232 	     -0.049
  5569.232 	     -0.046
  5570.231 	     -0.044
  5571.231 	     -0.041
  5572.231 	     -0.038
  5573.232 	     -0.036
  5574.232 	     -0.033
  5575.232 	     -0.031
  5576.233 	     -0.028
  5577.234 	     -0.026
  5578.235 	     -0.023
  5579.236 	     -0.021
  5580.238 	     -0.018
  5581.240 	     -0.016
  5582.241 	     -0.013
  5583.243 	     -0.011
  5584.246 	     -0.008
  5585.248 	     -0.005
  5586.250 	     -0.003
  5587.253 	     -0.000
  5588.256 	      0.015
  5589.259 	     -0.023
  5590.262 	      0.024
  5591.266 	     -0.031
  5592.269 	     -0.031
  5593.273 	      0.051
  5594.277 	      0.042
  5595.281 	     -0.041
  5596.286 	     -0.098
  5597.290 	     -0.034
  5598.295 	     -0.031
  5599.300 	      0.001
  5600.305 	     -0.026
  5601.310 	     -0.041
  5602.315 	     -0.069
  5603.321 	      0.033
  5604.327 	     -0.039
  5605.333 	     -0.024
  5606.339 	      0.054
  5607.345 	     -0.039
  5608.352 	     -0.031
  5609.358 	     -0.063
  5610.365 	      0.001
  5611.372 	      0.012
  5612.379 	     -0.008
  5613.387 	     -0.009
  5614.394 	     -0.015
  5615.402 	     -0.036
  5616.410 	      0.015
  5617.418 	     -0.054
  5618.427 	     -0.014
  5619.435 	     -0.015
  5620.444 	     -0.004
  5621.453 	     -0.059
  5622.462 	     -0.052
  5623.471 	     -0.099
  5624.480 	     -0.044
  5625.490 	     -0.016
  5626.499 	     -0.005
  5627.509 	     -0.025
  5628.520 	     -0.079
  5629.530 	     -0.119
  5630.540 	      0.006
  5631.551 	      0.011
  5632.562 	     -0.087
  5633.573 	     -0.010
  5634.584 	     -0.025
  5635.595 	     -0.077
  5636.607 	     -0.107
  5637.619 	     -0.097
  5638.631 	     -0.053
  5639.643 	     -0.121
  5640.655 	     -0.052
  5641.668 	     -0.047
  5642.680 	     -0.090
  5643.693 	     -0.108
  5644.706 	     -0.031
  5645.719 	     -0.056
  5646.733 	     -0.122
  5647.746 	     -0.036
  5648.760 	     -0.018
  5649.774 	     -0.094
  5650.788 	     -0.117
  5651.802 	     -0.122
  5652.817 	     -0.074
  5653.831 	     -0.115
  5654.846 	     -0.060
  5655.861 	     -0.074
  5656.876 	     -0.062
  5657.892 	     -0.079
  5658.907 	     -0.012
  5659.923 	     -0.034
  5660.939 	     -0.068
  5661.955 	     -0.047
  5662.972 	     -0.036
  5663.988 	     -0.041
  5665.005 	     -0.079
  5666.022 	     -0.076
  5667.039 	     -0.085
  5668.056 	     -0.131
  5669.073 	     -0.054
  5670.091 	     -0.071
  5671.109 	     -0.078
  5672.126 	     -0.090
  5673.145 	     -0.056
  5674.163 	     -0.085
  5675.181 	     -0.113
  5676.200 	     -0.124
  5677.219 	     -0.134
  5678.238 	     -0.109
  5679.257 	     -0.085
  5680.277 	     -0.061
  5681.296 	     -0.062
  5682.316 	     -0.005
  5683.336 	     -0.030
  5684.356 	     -0.051
  5685.376 	     -0.050
  5686.397 	     -0.056
  5687.418 	     -0.076
  5688.438 	     -0.111
  5689.459 	     -0.088
  5690.481 	     -0.103
  5691.502 	     -0.138
  5692.524 	     -0.129
  5693.545 	     -0.101
  5694.567 	     -0.090
  5695.590 	     -0.082
  5696.612 	     -0.114
  5697.634 	     -0.123
  5698.657 	     -0.079
  5699.680 	     -0.072
  5700.703 	     -0.111
  5701.726 	     -0.131
  5702.750 	     -0.133
  5703.773 	     -0.096
  5704.797 	     -0.096
  5705.821 	     -0.080
  5706.845 	     -0.090
  5707.870 	     -0.147
  5708.894 	     -0.159
  5709.919 	     -0.123
  5710.944 	     -0.103
  5711.969 	     -0.132
  5712.994 	     -0.150
  5714.020 	     -0.115
  5715.045 	     -0.157
  5716.071 	     -0.144
  5717.097 	     -0.126
  5718.123 	     -0.079
  5719.150 	     -0.103
  5720.176 	     -0.190
  5721.203 	     -0.150
  5722.230 	     -0.105
  5723.257 	     -0.101
  5724.284 	     -0.113
  5725.312 	     -0.115
  5726.340 	     -0.103
  5727.367 	     -0.148
  5728.396 	     -0.165
  5729.424 	     -0.132
  5730.452 	     -0.092
  5731.481 	     -0.116
  5732.510 	     -0.194
  5733.538 	     -0.138
  5734.568 	     -0.087
  5735.597 	     -0.163
  5736.626 	     -0.140
  5737.656 	     -0.136
  5738.686 	     -0.110
  5739.716 	     -0.137
  5740.746 	     -0.163
  5741.777 	     -0.176
  5742.807 	     -0.154
  5743.838 	     -0.138
  5744.869 	     -0.116
  5745.900 	     -0.101
  5746.932 	     -0.112
  5747.963 	     -0.148
  5748.995 	     -0.164
  5750.027 	     -0.152
  5751.059 	     -0.137
  5752.091 	     -0.148
  5753.124 	     -0.138
  5754.157 	     -0.122
  5755.189 	     -0.136
  5756.222 	     -0.156
  5757.256 	     -0.184
  5758.289 	     -0.196
  5759.323 	     -0.199
  5760.356 	     -0.210
  5761.390 	     -0.187
  5762.425 	     -0.215
  5763.459 	     -0.183
  5764.493 	     -0.159
  5765.528 	     -0.170
  5766.563 	     -0.170
  5767.598 	     -0.143
  5768.633 	     -0.188
  5769.669 	     -0.150
  5770.704 	     -0.159
  5771.740 	     -0.172
  5772.776 	     -0.118
  5773.812 	     -0.150
  5774.849 	     -0.185
  5775.885 	     -0.151
  5776.922 	     -0.163
  5777.959 	     -0.148
  5778.996 	     -0.139
  5780.033 	     -0.130
  5781.071 	     -0.127
  5782.109 	     -0.135
  5783.146 	     -0.134
  5784.185 	     -0.170
  5785.223 	     -0.150
  5786.261 	     -0.103
  5787.300 	     -0.082
  5788.339 	     -0.112
  5789.378 	     -0.157
  5790.417 	     -0.133
  5791.456 	     -0.131
  5792.496 	     -0.148
  5793.535 	     -0.178
  5794.575 	     -0.191
  5795.615 	     -0.167
  5796.656 	     -0.129
  5797.696 	     -0.121
  5798.737 	     -0.126
  5799.778 	     -0.140
  5800.819 	     -0.162
  5801.860 	     -0.136
  5802.901 	     -0.116
  5803.943 	     -0.153
  5804.985 	     -0.170
  5806.027 	     -0.153
  5807.069 	     -0.131
  5808.111 	     -0.145
  5809.154 	     -0.120
  5810.196 	     -0.093
  5811.239 	     -0.133
  5812.282 	     -0.154
  5813.326 	     -0.130
  5814.369 	     -0.126
  5815.413 	     -0.138
  5816.457 	     -0.136
  5817.501 	     -0.147
  5818.545 	     -0.141
  5819.589 	     -0.121
  5820.634 	     -0.101
  5821.679 	     -0.096
  5822.724 	     -0.114
  5823.769 	     -0.127
  5824.814 	     -0.125
  5825.860 	     -0.131
  5826.905 	     -0.099
  5827.951 	     -0.094
  5828.997 	     -0.160
  5830.044 	     -0.159
  5831.090 	     -0.164
  5832.137 	     -0.179
  5833.184 	     -0.143
  5834.231 	     -0.130
  5835.278 	     -0.206
  5836.325 	     -0.220
  5837.373 	     -0.195
  5838.421 	     -0.183
  5839.469 	     -0.183
  5840.517 	     -0.189
  5841.565 	     -0.164
  5842.614 	     -0.109
  5843.663 	     -0.078
  5844.711 	     -0.084
  5845.761 	     -0.095
  5846.810 	     -0.125
  5847.859 	     -0.168
  5848.909 	     -0.146
  5849.959 	     -0.103
  5851.009 	     -0.132
  5852.059 	     -0.144
  5853.110 	     -0.094
  5854.160 	     -0.100
  5855.211 	     -0.143
  5856.262 	     -0.118
  5857.313 	     -0.134
  5858.364 	     -0.094
  5859.416 	     -0.099
  5860.468 	     -0.100
  5861.520 	     -0.076
  5862.572 	     -0.096
  5863.624 	     -0.079
  5864.677 	     -0.074
  5865.729 	     -0.081
  5866.782 	     -0.116
  5867.835 	     -0.116
  5868.888 	     -0.101
  5869.942 	     -0.080
  5870.996 	     -0.006
  5872.049 	      0.068
  5873.103 	      0.017
  5874.158 	     -0.020
  5875.212 	     -0.033
  5876.267 	     -0.077
  5877.321 	     -0.052
  5878.376 	     -0.047
  5879.431 	     -0.069
  5880.487 	     -0.090
  5881.542 	     -0.037
  5882.598 	     -0.003
  5883.654 	      0.016
  5884.710 	      0.066
  5885.766 	      0.020
  5886.823 	     -0.023
  5887.879 	     -0.063
  5888.936 	     -0.125
  5889.993 	     -0.106
  5891.051 	     -0.050
  5892.108 	     -0.050
  5893.166 	     -0.107
  5894.223 	     -0.151
  5895.281 	     -0.137
  5896.340 	     -0.115
  5897.398 	     -0.109
  5898.456 	     -0.115
  5899.515 	     -0.077
  5900.574 	     -0.098
  5901.633 	     -0.085
  5902.693 	      0.007
  5903.752 	     -0.072
  5904.812 	     -0.050
  5905.872 	     -0.049
  5906.932 	     -0.057
  5907.992 	     -0.070
  5909.052 	     -0.093
  5910.113 	     -0.029
  5911.174 	     -0.025
  5912.235 	     -0.078
  5913.296 	     -0.068
  5914.358 	     -0.073
  5915.419 	     -0.074
  5916.481 	     -0.084
  5917.543 	     -0.074
  5918.605 	     -0.059
  5919.668 	     -0.055
  5920.730 	     -0.051
  5921.793 	     -0.047
  5922.856 	     -0.043
  5923.919 	     -0.038
  5924.982 	     -0.034
  5926.046 	     -0.030
  5927.109 	     -0.026
  5928.173 	     -0.021
  5929.237 	     -0.017
  5930.302 	     -0.013
  5931.366 	     -0.008
  5932.431 	     -0.004
  5933.496 	      0.001
  5934.561 	      0.005
  5935.626 	      0.010
  5936.691 	      0.014
  5937.757 	     -0.088
  5938.823 	     -0.015
  5939.889 	     -0.011
  5940.955 	     -0.008
  5942.021 	     -0.120
  5943.088 	     -0.167
  5944.155 	     -0.279
  5945.222 	     -0.441
  5946.289 	     -0.590
  5947.356 	     -0.504
  5948.424 	     -0.375
  5949.491 	     -0.311
  5950.559 	     -0.379
  5951.627 	     -0.483
  5952.696 	     -0.516
  5953.764 	     -0.459
  5954.833 	     -0.294
  5955.902 	     -0.149
  5956.971 	     -0.082
  5958.040 	     -0.011
  5959.109 	     -0.036
  5960.179 	     -0.074
  5961.249 	     -0.083
  5962.319 	     -0.041
  5963.389 	      0.008
  5964.460 	      0.026
  5965.530 	     -0.035
  5966.601 	     -0.053
  5967.672 	     -0.021
  5968.743 	     -0.007
  5969.814 	      0.015
  5970.886 	      0.017
  5971.958 	     -0.019
  5973.030 	      0.034
  5974.102 	      0.075
  5975.174 	      0.042
  5976.247 	      0.001
  5977.319 	      0.018
  5978.392 	      0.070
  5979.465 	      0.074
  5980.539 	      0.015
  5981.612 	     -0.024
  5982.686 	      0.026
  5983.760 	      0.046
  5984.834 	      0.049
  5985.908 	      0.059
  5986.982 	      0.023
  5988.057 	     -0.001
  5989.132 	      0.072
  5990.207 	      0.094
  5991.282 	      0.076
  5992.358 	      0.061
  5993.433 	      0.068
  5994.509 	      0.092
  5995.585 	      0.104
  5996.661 	      0.092
  5997.738 	      0.003
  5998.814 	      0.022
  5999.891 	      0.083
  6000.968 	      0.104
  6002.045 	      0.098
  6003.122 	      0.093
  6004.200 	      0.086
  6005.278 	      0.042
  6006.356 	     -0.014
  6007.434 	     -0.029
  6008.512 	     -0.003
  6009.590 	      0.032
  6010.669 	      0.051
  6011.748 	      0.062
  6012.827 	      0.096
  6013.906 	      0.125
  6014.986 	      0.094
  6016.066 	      0.047
  6017.145 	      0.046
  6018.225 	      0.070
  6019.306 	      0.075
  6020.386 	      0.048
  6021.467 	      0.022
  6022.548 	      0.038
  6023.629 	      0.082
  6024.710 	      0.096
  6025.791 	      0.074
  6026.873 	      0.058
  6027.955 	      0.052
  6029.037 	      0.043
  6030.119 	      0.042
  6031.201 	      0.062
  6032.284 	      0.063
  6033.367 	      0.028
  6034.450 	      0.012
  6035.533 	      0.053
  6036.616 	      0.078
  6037.700 	      0.043
  6038.783 	      0.029
  6039.867 	      0.046
  6040.951 	      0.011
  6042.036 	     -0.043
  6043.120 	     -0.003
  6044.205 	      0.090
  6045.290 	      0.123
  6046.375 	      0.093
  6047.460 	      0.065
  6048.546 	      0.081
  6049.631 	      0.117
  6050.717 	      0.118
  6051.803 	      0.069
  6052.890 	      0.038
  6053.976 	      0.059
  6055.063 	      0.074
  6056.150 	      0.061
  6057.237 	      0.057
  6058.324 	      0.068
  6059.411 	      0.063
  6060.499 	      0.054
  6061.587 	      0.059
  6062.675 	      0.066
  6063.763 	      0.074
  6064.852 	      0.080
  6065.940 	      0.078
  6067.029 	      0.079
  6068.118 	      0.087
  6069.207 	      0.106
  6070.297 	      0.107
  6071.386 	      0.076
  6072.476 	      0.044
  6073.566 	      0.071
  6074.656 	      0.112
  6075.747 	      0.099
  6076.837 	      0.082
  6077.928 	      0.098
  6079.019 	      0.121
  6080.110 	      0.116
  6081.201 	      0.104
  6082.293 	      0.110
  6083.385 	      0.130
  6084.477 	      0.127
  6085.569 	      0.118
  6086.661 	      0.111
  6087.754 	      0.112
  6088.846 	      0.131
  6089.939 	      0.165
  6091.032 	      0.183
  6092.126 	      0.164
  6093.219 	      0.125
  6094.313 	      0.094
  6095.407 	      0.095
  6096.501 	      0.108
  6097.595 	      0.118
  6098.690 	      0.114
  6099.784 	      0.103
  6100.879 	      0.098
  6101.974 	      0.117
  6103.070 	      0.136
  6104.165 	      0.134
  6105.261 	      0.136
  6106.357 	      0.131
  6107.453 	      0.137
  6108.549 	      0.128
  6109.646 	      0.129
  6110.742 	      0.131
  6111.839 	      0.132
  6112.936 	      0.134
  6114.033 	      0.135
  6115.131 	      0.136
  6116.228 	      0.138
  6117.326 	      0.139
  6118.424 	      0.141
  6119.523 	      0.142
  6120.621 	      0.143
  6121.720 	      0.144
  6122.818 	      0.146
  6123.917 	      0.147
  6125.017 	      0.148
  6126.116 	      0.149
  6127.216 	      0.150
  6128.315 	      0.151
  6129.415 	      0.152
  6130.516 	      0.153
  6131.616 	      0.155
  6132.717 	      0.156
  6133.817 	      0.157
  6134.918 	      0.158
  6136.020 	      0.159
  6137.121 	      0.160
  6138.223 	      0.161
  6139.324 	      0.162
  6140.426 	      0.163
  6141.529 	      0.164
  6142.631 	      0.165
  6143.734 	      0.166
  6144.836 	      0.167
  6145.939 	      0.168
  6147.042 	      0.170
  6148.146 	      0.171
  6149.249 	      0.172
  6150.353 	      0.173
  6151.457 	      0.175
  6152.561 	      0.176
  6153.666 	      0.177
  6154.770 	      0.179
  6155.875 	      0.180
  6156.980 	      0.181
  6158.085 	      0.183
  6159.190 	      0.184
  6160.296 	      0.186
  6161.402 	      0.187
  6162.508 	      0.188
  6163.614 	      0.190
  6164.720 	      0.229
  6165.827 	      0.189
  6166.933 	      0.189
  6168.040 	      0.183
  6169.148 	      0.122
  6170.255 	      0.073
  6171.362 	      0.103
  6172.470 	      0.161
  6173.578 	      0.181
  6174.686 	      0.145
  6175.795 	      0.099
  6176.903 	      0.130
  6178.012 	      0.172
  6179.121 	      0.139
  6180.230 	      0.083
  6181.339 	      0.064
  6182.449 	      0.109
  6183.558 	      0.164
  6184.668 	      0.139
  6185.778 	      0.075
  6186.889 	      0.102
  6187.999 	      0.186
  6189.110 	      0.194
  6190.221 	      0.159
  6191.332 	      0.143
  6192.443 	      0.140
  6193.555 	      0.138
  6194.667 	      0.140
  6195.779 	      0.130
  6196.891 	      0.147
  6198.003 	      0.164
  6199.116 	      0.166
  6200.228 	      0.140
  6201.341 	      0.114
  6202.454 	      0.146
  6203.568 	      0.208
  6204.681 	      0.214
  6205.795 	      0.175
  6206.909 	      0.158
  6208.023 	      0.163
  6209.137 	      0.156
  6210.252 	      0.148
  6211.366 	      0.151
  6212.481 	      0.141
  6213.596 	      0.104
  6214.712 	      0.108
  6215.827 	      0.163
  6216.943 	      0.184
  6218.059 	      0.149
  6219.175 	      0.110
  6220.291 	      0.086
  6221.408 	      0.043
  6222.525 	      0.049
  6223.641 	      0.138
  6224.759 	      0.182
  6225.876 	      0.127
  6226.993 	      0.101
  6228.111 	      0.162
  6229.229 	      0.242
  6230.347 	      0.282
  6231.466 	      0.278
  6232.584 	      0.240
  6233.703 	      0.180
  6234.822 	      0.134
  6235.941 	      0.129
  6237.060 	      0.130
  6238.180 	      0.127
  6239.299 	      0.148
  6240.419 	      0.167
  6241.539 	      0.128
  6242.660 	      0.098
  6243.780 	      0.128
  6244.901 	      0.155
  6246.022 	      0.130
  6247.143 	      0.124
  6248.264 	      0.161
  6249.386 	      0.151
  6250.508 	      0.101
  6251.630 	      0.134
  6252.752 	      0.216
  6253.874 	      0.251
  6254.997 	      0.245
  6256.119 	      0.241
  6257.242 	      0.237
  6258.366 	      0.233
  6259.489 	      0.230
  6260.612 	      0.226
  6261.736 	      0.222
  6262.860 	      0.218
  6263.984 	      0.215
  6265.109 	      0.211
  6266.233 	      0.208
  6267.358 	      0.204
  6268.483 	      0.200
  6269.608 	      0.196
  6270.734 	      0.193
  6271.859 	      0.189
  6272.985 	      0.185
  6274.111 	      0.182
  6275.237 	      0.178
  6276.363 	      0.174
  6277.490 	      0.171
  6278.617 	      0.167
  6279.744 	      0.163
  6280.871 	      0.159
  6281.998 	      0.155
  6283.126 	      0.151
  6284.254 	      0.147
  6285.382 	      0.143
  6286.510 	      0.139
  6287.638 	      0.135
  6288.767 	      0.130
  6289.896 	      0.126
  6291.025 	      0.122
  6292.154 	      0.117
  6293.283 	      0.113
  6294.413 	      0.109
  6295.543 	      0.105
  6296.673 	      0.100
  6297.803 	      0.096
  6298.933 	      0.091
  6300.064 	      0.103
  6301.195 	      0.099
  6302.326 	      0.094
  6303.457 	      0.090
  6304.589 	      0.086
  6305.720 	      0.081
  6306.852 	      0.077
  6307.984 	      0.072
  6309.117 	      0.079
  6310.249 	      0.087
  6311.382 	      0.058
  6312.514 	      0.046
  6313.648 	      0.021
  6314.781 	      0.055
  6315.914 	      0.128
  6317.048 	      0.130
  6318.182 	      0.122
  6319.316 	      0.134
  6320.450 	      0.148
  6321.585 	      0.086
  6322.719 	      0.087
  6323.854 	      0.150
  6324.989 	      0.168
  6326.125 	      0.147
  6327.260 	      0.104
  6328.396 	      0.043
  6329.532 	      0.123
  6330.668 	      0.096
  6331.804 	      0.017
  6332.941 	      0.014
  6334.078 	      0.120
  6335.215 	      0.157
  6336.352 	      0.174
  6337.489 	      0.133
  6338.627 	      0.080
  6339.764 	      0.066
  6340.902 	      0.074
  6342.041 	      0.042
  6343.179 	      0.077
  6344.317 	      0.036
  6345.456 	      0.012
  6346.595 	      0.042
  6347.734 	      0.078
  6348.874 	      0.099
  6350.013 	      0.089
  6351.153 	      0.124
  6352.293 	      0.122
  6353.433 	      0.132
  6354.574 	      0.150
  6355.714 	      0.169
  6356.855 	      0.227
  6357.996 	      0.392
  6359.138 	      0.631
  6360.279 	      0.688
  6361.421 	      0.443
  6362.563 	      0.223
  6363.705 	      0.096
  6364.847 	      0.010
  6365.989 	     -0.014
  6367.132 	      0.012
  6368.275 	      0.037
  6369.418 	      0.035
  6370.561 	      0.024
  6371.705 	      0.036
  6372.848 	      0.061
  6373.992 	      0.103
  6375.136 	      0.087
  6376.281 	      0.021
  6377.425 	      0.060
  6378.570 	      0.121
  6379.715 	      0.094
  6380.860 	      0.081
  6382.005 	      0.116
  6383.151 	      0.151
  6384.297 	      0.097
  6385.443 	      0.068
  6386.589 	      0.143
  6387.735 	      0.140
  6388.882 	      0.085
  6390.028 	      0.110
  6391.175 	      0.097
  6392.323 	      0.125
  6393.470 	      0.142
  6394.618 	      0.126
  6395.765 	      0.126
  6396.913 	      0.138
  6398.062 	      0.135
  6399.210 	      0.129
  6400.359 	      0.135
  6401.508 	      0.141
  6402.657 	      0.069
  6403.806 	      0.100
  6404.955 	      0.099
  6406.105 	      0.105
  6407.255 	      0.086
  6408.405 	      0.092
  6409.555 	      0.147
  6410.706 	      0.155
  6411.856 	      0.144
  6413.007 	      0.040
  6414.158 	      0.041
  6415.310 	      0.094
  6416.461 	      0.132
  6417.613 	      0.131
  6418.765 	      0.111
  6419.917 	      0.054
  6421.069 	      0.057
  6422.222 	      0.081
  6423.375 	      0.116
  6424.528 	      0.153
  6425.681 	      0.108
  6426.834 	      0.104
  6427.988 	      0.086
  6429.142 	      0.065
  6430.296 	      0.031
  6431.450 	      0.006
  6432.604 	      0.031
  6433.759 	      0.041
  6434.914 	      0.058
  6436.069 	      0.061
  6437.224 	      0.040
  6438.380 	      0.039
  6439.535 	      0.056
  6440.691 	      0.090
  6441.847 	      0.134
  6443.003 	      0.095
  6444.160 	      0.060
  6445.317 	      0.038
  6446.474 	      0.029
  6447.631 	      0.071
  6448.788 	      0.129
  6449.945 	      0.085
  6451.103 	      0.001
  6452.261 	     -0.032
  6453.419 	      0.003
  6454.578 	      0.042
  6455.736 	      0.033
  6456.895 	      0.016
  6458.054 	      0.013
  6459.213 	      0.055
  6460.373 	      0.104
  6461.532 	      0.090
  6462.692 	      0.058
  6463.852 	      0.028
  6465.012 	      0.051
  6466.173 	      0.103
  6467.333 	      0.046
  6468.494 	      0.018
  6469.655 	      0.029
  6470.817 	      0.026
  6471.978 	      0.035
  6473.140 	      0.036
  6474.302 	      0.047
  6475.464 	      0.040
  6476.626 	      0.002
  6477.789 	      0.024
  6478.951 	      0.027
  6480.114 	      0.002
  6481.277 	     -0.004
  6482.441 	      0.030
  6483.604 	      0.064
  6484.768 	      0.060
  6485.932 	      0.036
  6487.096 	      0.024
  6488.261 	      0.094
  6489.425 	      0.042
  6490.590 	      0.051
  6491.755 	      0.057
  6492.921 	      0.092
  6494.086 	      0.116
  6495.252 	      0.148
  6496.418 	      0.071
  6497.584 	      0.049
  6498.750 	      0.032
  6499.916 	      0.056
  6501.083 	      0.040
  6502.250 	      0.028
  6503.417 	     -0.007
  6504.584 	      0.020
  6505.752 	      0.021
  6506.920 	      0.040
  6508.088 	      0.051
  6509.256 	      0.020
  6510.424 	      0.046
  6511.593 	     -0.035
  6512.762 	     -0.063
  6513.931 	     -0.006
  6515.100 	      0.032
  6516.269 	      0.013
  6517.439 	     -0.016
  6518.609 	     -0.057
  6519.779 	     -0.023
  6520.949 	      0.022
  6522.120 	      0.031
  6523.290 	      0.021
  6524.461 	     -0.001
  6525.632 	      0.008
  6526.804 	      0.060
  6527.975 	      0.106
  6529.147 	      0.093
  6530.319 	      0.052
  6531.491 	      0.050
  6532.664 	     -0.012
  6533.836 	      0.013
  6535.009 	      0.051
  6536.182 	      0.029
  6537.355 	      0.007
  6538.529 	      0.025
  6539.702 	      0.075
  6540.876 	      0.074
  6542.050 	      0.052
  6543.224 	      0.030
  6544.399 	     -0.005
  6545.574 	     -0.005
  6546.748 	      0.024
  6547.924 	      0.044
  6549.099 	      0.076
  6550.274 	      0.076
  6551.450 	     -0.012
  6552.626 	     -0.073
  6553.802 	     -0.070
  6554.979 	     -0.087
  6556.155 	     -0.079
  6557.332 	     -0.049
  6558.509 	     -0.016
  6559.686 	     -0.035
  6560.864 	     -0.081
  6562.041 	     -0.129
  6563.219 	     -0.056
  6564.397 	     -0.024
  6565.576 	      0.004
  6566.754 	      0.029
  6567.933 	      0.028
  6569.112 	      0.008
  6570.291 	     -0.011
  6571.470 	      0.021
  6572.650 	      0.035
  6573.830 	      0.033
  6575.010 	      0.030
  6576.190 	      0.027
  6577.370 	      0.024
  6578.551 	      0.021
  6579.732 	      0.019
  6580.913 	      0.016
  6582.094 	      0.013
  6583.275 	      0.011
  6584.457 	      0.008
  6585.639 	      0.006
  6586.821 	      0.004
  6588.003 	      0.002
  6589.186 	      0.011
  6590.368 	      0.044
  6591.551 	      0.078
  6592.735 	      0.081
  6593.918 	      0.063
  6595.102 	      0.050
  6596.285 	      0.079
  6597.469 	      0.068
  6598.654 	      0.110
  6599.838 	      0.163
  6601.023 	      0.118
  6602.207 	      0.063
  6603.393 	      0.081
  6604.578 	      0.121
  6605.763 	      0.190
  6606.949 	      0.419
  6608.135 	      1.057
  6609.321 	      1.904
  6610.507 	      2.050
  6611.694 	      1.537
  6612.881 	      0.819
  6614.068 	      0.334
  6615.255 	      0.155
  6616.442 	      0.118
  6617.630 	      0.130
  6618.818 	      0.201
  6620.006 	      0.475
  6621.194 	      1.426
  6622.383 	      4.753
  6623.571 	     10.057
  6624.760 	     13.644
  6625.949 	     12.131
  6627.139 	      7.005
  6628.328 	      2.639
  6629.518 	      0.796
  6630.708 	      0.355
  6631.898 	      0.170
  6633.089 	      0.132
  6634.279 	      0.152
  6635.470 	      0.073
  6636.661 	      0.138
  6637.852 	      0.099
  6639.044 	      0.129
  6640.235 	      0.174
  6641.427 	      0.453
  6642.619 	      1.305
  6643.812 	      3.378
  6645.004 	      5.851
  6646.197 	      6.623
  6647.390 	      4.871
  6648.583 	      2.145
  6649.777 	      0.840
  6650.970 	      0.398
  6652.164 	      0.179
  6653.358 	      0.098
  6654.552 	      0.102
  6655.747 	      0.081
  6656.941 	      0.063
  6658.136 	      0.096
  6659.331 	      0.098
  6660.527 	      0.117
  6661.722 	      0.148
  6662.918 	      0.124
  6664.114 	      0.123
  6665.310 	      0.168
  6666.507 	      0.177
  6667.703 	      0.137
  6668.900 	      0.145
  6670.097 	      0.150
  6671.294 	      0.116
  6672.492 	      0.096
  6673.689 	      0.118
  6674.887 	      0.149
  6676.086 	      0.144
  6677.284 	      0.103
  6678.482 	      0.117
  6679.681 	      0.108
  6680.880 	      0.076
  6682.079 	      0.080
  6683.279 	      0.111
  6684.478 	      0.163
  6685.678 	      0.137
  6686.878 	      0.127
  6688.079 	      0.143
  6689.279 	      0.138
  6690.480 	      0.088
  6691.681 	      0.062
  6692.882 	      0.075
  6694.083 	      0.053
  6695.285 	      0.043
  6696.486 	      0.050
  6697.688 	     -0.001
  6698.891 	      0.060
  6700.093 	      0.124
  6701.296 	      0.124
  6702.499 	      0.087
  6703.702 	      0.096
  6704.905 	      0.106
  6706.108 	      0.145
  6707.312 	      0.101
  6708.516 	      0.104
  6709.720 	      0.130
  6710.925 	      0.174
  6712.129 	      0.144
  6713.334 	      0.110
  6714.539 	      0.032
  6715.744 	      0.051
  6716.950 	      0.082
  6718.155 	      0.066
  6719.361 	      0.050
  6720.567 	      0.047
  6721.774 	      0.055
  6722.980 	     -0.019
  6724.187 	      0.064
  6725.394 	      0.082
  6726.601 	      0.075
  6727.808 	      0.044
  6729.016 	      0.039
  6730.224 	      0.093
  6731.432 	      0.070
  6732.640 	      0.031
  6733.849 	      0.060
  6735.057 	      0.129
  6736.266 	      0.067
  6737.475 	      0.024
  6738.685 	      0.047
  6739.894 	      0.083
  6741.104 	      0.138
  6742.314 	      0.081
  6743.524 	      0.034
  6744.735 	      0.014
  6745.945 	     -0.002
  6747.156 	      0.042
  6748.367 	      0.089
  6749.579 	      0.063
  6750.790 	      0.054
  6752.002 	      0.078
  6753.214 	      0.089
  6754.426 	      0.079
  6755.638 	      0.067
  6756.851 	      0.020
  6758.064 	      0.001
  6759.277 	      0.040
  6760.490 	      0.067
  6761.704 	      0.030
  6762.917 	      0.027
  6764.131 	      0.047
  6765.345 	      0.044
  6766.560 	      0.112
  6767.774 	      0.041
  6768.989 	      0.024
  6770.204 	      0.008
  6771.419 	      0.035
  6772.635 	      0.047
  6773.851 	      0.055
  6775.066 	      0.061
  6776.282 	      0.163
  6777.499 	      0.661
  6778.715 	      1.566
  6779.932 	      2.076
  6781.149 	      1.828
  6782.366 	      1.133
  6783.584 	      0.427
  6784.801 	      0.165
  6786.019 	      0.094
  6787.237 	      0.048
  6788.455 	      0.062
  6789.674 	      0.104
  6790.893 	      0.227
  6792.112 	      0.578
  6793.331 	      1.156
  6794.550 	      1.547
  6795.770 	      1.316
  6796.990 	      0.723
  6798.210 	      0.311
  6799.430 	      0.101
  6800.650 	      0.069
  6801.871 	      0.075
  6803.092 	      0.075
  6804.313 	      0.090
  6805.534 	      0.064
  6806.756 	     -0.005
  6807.978 	     -0.007
  6809.200 	     -0.005
  6810.422 	     -0.014
  6811.644 	     -0.007
  6812.867 	      0.005
  6814.090 	      0.007
  6815.313 	      0.005
  6816.536 	      0.041
  6817.760 	      0.059
  6818.984 	      0.069
  6820.208 	      0.039
  6821.432 	      0.045
  6822.656 	      0.110
  6823.881 	      0.207
  6825.106 	      0.146
  6826.331 	      0.111
  6827.556 	      0.110
  6828.782 	      0.186
  6830.007 	      0.120
  6831.233 	      0.051
  6832.460 	     -0.040
  6833.686 	     -0.149
  6834.913 	     -0.107
  6836.139 	     -0.026
  6837.366 	      0.005
  6838.594 	      0.013
  6839.821 	      0.050
  6841.049 	     -0.018
  6842.277 	     -0.014
  6843.505 	     -0.011
  6844.733 	      0.003
  6845.962 	     -0.006
  6847.191 	     -0.034
  6848.420 	     -0.053
  6849.649 	     -0.051
  6850.879 	     -0.005
  6852.108 	     -0.036
  6853.338 	     -0.034
  6854.568 	     -0.008
  6855.799 	      0.013
  6857.029 	      0.052
  6858.260 	      0.174
  6859.491 	      0.206
  6860.722 	      0.111
  6861.954 	     -0.158
  6863.186 	     -0.393
  6864.418 	     -0.426
  6865.650 	     -0.408
  6866.882 	     -0.391
  6868.115 	     -0.378
  6869.347 	     -0.320
  6870.580 	     -0.265
  6871.814 	     -0.282
  6873.047 	     -0.246
  6874.281 	     -0.127
  6875.515 	     -0.120
  6876.749 	     -0.086
  6877.983 	     -0.030
  6879.218 	     -0.055
  6880.453 	     -0.130
  6881.688 	     -0.131
  6882.923 	     -0.134
  6884.158 	     -0.143
  6885.394 	     -0.085
  6886.630 	     -0.095
  6887.866 	     -0.153
  6889.102 	     -0.148
  6890.339 	     -0.126
  6891.576 	     -0.093
  6892.813 	     -0.128
  6894.050 	     -0.108
  6895.287 	     -0.040
  6896.525 	     -0.052
  6897.763 	     -0.093
  6899.001 	     -0.084
  6900.239 	     -0.098
  6901.478 	     -0.172
  6902.717 	     -0.156
  6903.956 	     -0.097
  6905.195 	     -0.076
  6906.434 	     -0.093
  6907.674 	     -0.043
  6908.914 	     -0.079
  6910.154 	     -0.085
  6911.395 	     -0.115
  6912.635 	     -0.105
  6913.876 	     -0.083
  6915.117 	     -0.083
  6916.358 	      0.040
  6917.600 	      0.054
  6918.841 	      0.030
  6920.083 	     -0.004
  6921.325 	     -0.066
  6922.568 	     -0.122
  6923.810 	     -0.087
  6925.053 	     -0.050
  6926.296 	     -0.063
  6927.539 	     -0.094
  6928.783 	     -0.096
  6930.026 	     -0.060
  6931.270 	     -0.045
  6932.514 	     -0.025
  6933.759 	      0.015
  6935.003 	      0.003
  6936.248 	     -0.006
  6937.493 	     -0.024
  6938.739 	     -0.019
  6939.984 	      0.018
  6941.230 	     -0.015
  6942.476 	      0.013
  6943.722 	      0.115
  6944.968 	      0.115
  6946.215 	      0.035
  6947.462 	     -0.094
  6948.709 	     -0.110
  6949.956 	     -0.088
  6951.203 	     -0.118
  6952.451 	     -0.097
  6953.699 	     -0.044
  6954.947 	      0.000
  6956.196 	      0.010
  6957.444 	     -0.043
  6958.693 	     -0.029
  6959.942 	      0.014
  6961.191 	      0.018
  6962.441 	      0.017
  6963.691 	      0.087
  6964.941 	      0.038
  6966.191 	      0.056
  6967.441 	     -0.013
  6968.692 	     -0.078
  6969.943 	     -0.047
  6971.194 	     -0.025
  6972.445 	      0.102
  6973.696 	      0.091
  6974.948 	      0.038
  6976.200 	      0.005
  6977.452 	      0.010
  6978.705 	     -0.036
  6979.957 	     -0.034
  6981.210 	     -0.040
  6982.463 	     -0.064
  6983.717 	     -0.061
  6984.970 	     -0.041
  6986.224 	      0.014
  6987.478 	      0.017
  6988.732 	     -0.002
  6989.987 	     -0.021
  6991.241 	     -0.046
  6992.496 	     -0.004
  6993.751 	      0.019
  6995.007 	     -0.009
  6996.262 	      0.002
  6997.518 	      0.004
  6998.774 	      0.004
  7000.030 	      0.004
  7001.287 	     -0.034
  7002.544 	     -0.016
  7003.801 	     -0.033
  7005.058 	     -0.015
  7006.315 	      0.041
  7007.573 	      0.043
  7008.831 	     -0.009
  7010.089 	     -0.111
  7011.347 	     -0.096
  7012.605 	     -0.017
  7013.864 	     -0.019
  7015.123 	     -0.063
  7016.382 	     -0.069
  7017.642 	     -0.105
  7018.901 	     -0.065
  7020.161 	      0.002
  7021.421 	      0.016
  7022.682 	     -0.015
  7023.942 	     -0.048
  7025.203 	     -0.022
  7026.464 	      0.025
  7027.725 	     -0.014
  7028.987 	     -0.040
  7030.248 	     -0.010
  7031.510 	      0.017
  7032.772 	      0.034
  7034.035 	      0.005
  7035.297 	      0.005
  7036.560 	     -0.012
  7037.823 	     -0.016
  7039.086 	      0.015
  7040.350 	     -0.014
  7041.614 	     -0.041
  7042.877 	     -0.033
  7044.142 	     -0.012
  7045.406 	     -0.023
  7046.671 	     -0.035
  7047.936 	     -0.023
  7049.201 	     -0.035
  7050.466 	      0.035
  7051.731 	      0.082
  7052.997 	      0.043
  7054.263 	     -0.002
  7055.529 	     -0.054
  7056.796 	     -0.032
  7058.062 	     -0.025
  7059.329 	     -0.001
  7060.596 	      0.015
  7061.864 	     -0.004
  7063.131 	     -0.013
  7064.399 	      0.000
  7065.667 	      0.042
  7066.936 	     -0.000
  7068.204 	     -0.064
  7069.473 	     -0.044
  7070.742 	     -0.055
  7072.011 	     -0.058
  7073.280 	     -0.033
  7074.550 	      0.020
  7075.820 	      0.021
  7077.090 	      0.032
  7078.360 	      0.032
  7079.631 	     -0.003
  7080.901 	     -0.016
  7082.172 	     -0.068
  7083.444 	     -0.030
  7084.715 	     -0.015
  7085.987 	     -0.034
  7087.259 	      0.065
  7088.531 	      0.020
  7089.803 	     -0.044
  7091.076 	     -0.031
  7092.349 	      0.021
  7093.622 	      0.052
  7094.895 	      0.024
  7096.168 	     -0.028
  7097.442 	      0.019
  7098.716 	      0.013
  7099.990 	      0.005
  7101.265 	      0.037
  7102.539 	      0.017
  7103.814 	     -0.003
  7105.089 	      0.008
  7106.365 	      0.017
  7107.640 	      0.047
  7108.916 	      0.106
  7110.192 	      0.077
  7111.468 	      0.019
  7112.745 	      0.017
  7114.021 	      0.065
  7115.298 	      0.065
  7116.576 	      0.050
  7117.853 	      0.051
  7119.131 	     -0.016
  7120.408 	     -0.018
  7121.687 	     -0.050
  7122.965 	     -0.062
  7124.243 	      0.018
  7125.522 	      0.016
  7126.801 	      0.018
  7128.080 	      0.008
  7129.360 	     -0.013
  7130.640 	      0.025
  7131.919 	     -0.012
  7133.200 	     -0.053
  7134.480 	     -0.048
  7135.761 	     -0.045
  7137.041 	      0.010
  7138.323 	      0.042
  7139.604 	      0.012
  7140.885 	     -0.017
  7142.167 	     -0.043
  7143.449 	      0.009
  7144.731 	     -0.007
  7146.014 	     -0.005
  7147.296 	     -0.021
  7148.579 	     -0.031
  7149.863 	     -0.020
  7151.146 	     -0.015
  7152.430 	     -0.089
  7153.713 	     -0.120
  7154.997 	     -0.119
  7156.282 	     -0.101
  7157.566 	     -0.065
  7158.851 	     -0.089
  7160.136 	     -0.094
  7161.421 	     -0.063
  7162.707 	     -0.078
  7163.992 	     -0.073
  7165.278 	     -0.118
  7166.564 	     -0.145
  7167.851 	     -0.116
  7169.137 	     -0.102
  7170.424 	     -0.099
  7171.711 	     -0.121
  7172.998 	     -0.123
  7174.286 	     -0.129
  7175.574 	     -0.122
  7176.862 	     -0.107
  7178.150 	     -0.132
  7179.438 	     -0.151
  7180.727 	     -0.214
  7182.016 	     -0.171
  7183.305 	     -0.132
  7184.595 	     -0.110
  7185.884 	     -0.059
  7187.174 	     -0.111
  7188.464 	     -0.123
  7189.754 	     -0.094
  7191.045 	     -0.089
  7192.336 	     -0.105
  7193.627 	     -0.153
  7194.918 	     -0.206
  7196.209 	     -0.208
  7197.501 	     -0.188
  7198.793 	     -0.164
  7200.085 	     -0.175
  7201.377 	     -0.140
  7202.670 	     -0.053
  7203.963 	     -0.001
  7205.256 	     -0.000
  7206.549 	     -0.046
  7207.843 	     -0.043
  7209.137 	     -0.024
  7210.431 	     -0.059
  7211.725 	     -0.106
  7213.019 	     -0.121
  7214.314 	     -0.130
  7215.609 	     -0.104
  7216.904 	     -0.082
  7218.200 	     -0.096
  7219.495 	     -0.105
  7220.791 	     -0.066
  7222.087 	     -0.074
  7223.384 	     -0.074
  7224.680 	     -0.061
  7225.977 	     -0.082
  7227.274 	     -0.118
  7228.571 	     -0.133
  7229.869 	     -0.140
  7231.166 	     -0.114
  7232.464 	     -0.023
  7233.763 	      0.141
  7235.061 	      0.256
  7236.360 	      0.133
  7237.659 	      0.014
  7238.958 	      0.042
  7240.257 	      0.087
  7241.557 	     -0.027
  7242.857 	     -0.265
  7244.157 	     -0.310
  7245.457 	     -0.305
  7246.757 	     -0.274
  7248.058 	     -0.241
  7249.359 	     -0.172
  7250.660 	     -0.127
  7251.962 	     -0.031
  7253.264 	     -0.106
  7254.566 	     -0.181
  7255.868 	     -0.164
  7257.170 	     -0.159
  7258.473 	     -0.162
  7259.776 	     -0.159
  7261.079 	     -0.181
  7262.382 	     -0.168
  7263.686 	     -0.107
  7264.989 	     -0.036
  7266.293 	     -0.064
  7267.598 	     -0.083
  7268.902 	      0.074
  7270.207 	      0.345
  7271.512 	      0.333
  7272.817 	      0.094
  7274.123 	     -0.213
  7275.428 	     -0.340
  7276.734 	     -0.302
  7278.040 	     -0.180
  7279.347 	     -0.069
  7280.653 	     -0.069
  7281.960 	     -0.210
  7283.267 	     -0.262
  7284.575 	     -0.225
  7285.882 	     -0.227
  7287.190 	     -0.200
  7288.498 	     -0.148
  7289.806 	     -0.116
  7291.115 	     -0.129
  7292.423 	     -0.154
  7293.732 	     -0.146
  7295.042 	     -0.162
  7296.351 	     -0.110
  7297.661 	      0.013
  7298.971 	      0.016
  7300.281 	     -0.031
  7301.591 	     -0.106
  7302.902 	     -0.104
  7304.212 	     -0.101
  7305.524 	     -0.107
  7306.835 	     -0.085
  7308.146 	     -0.105
  7309.458 	      0.132
  7310.770 	      0.261
  7312.082 	      0.171
  7313.395 	     -0.037
  7314.708 	     -0.252
  7316.021 	     -0.256
  7317.334 	     -0.195
  7318.647 	     -0.170
  7319.961 	     -0.158
  7321.275 	     -0.116
  7322.589 	      0.035
  7323.903 	      0.095
  7325.218 	      0.032
  7326.533 	     -0.074
  7327.848 	     -0.170
  7329.163 	     -0.207
  7330.479 	     -0.194
  7331.795 	     -0.143
  7333.111 	      0.050
  7334.427 	      0.342
  7335.743 	      0.407
  7337.060 	      0.177
  7338.377 	     -0.148
  7339.694 	     -0.263
