WV      	 Sigma   
4184.326	    0.128
4185.077	    0.120
4185.828	    0.120
4186.580	    0.129
4187.331	    0.146
4188.083	    0.100
4188.835	    0.014
4189.586	    0.094
4190.339	    0.064
4191.091	    0.071
4191.843	    0.036
4192.595	    0.096
4193.348	    0.036
4194.101	    0.027
4194.853	    0.046
4195.606	    0.078
4196.359	    0.089
4197.113	    0.109
4197.866	    0.127
4198.620	    0.143
4199.373	    0.095
4200.127	    0.055
4200.881	    0.102
4201.635	    0.087
4202.389	    0.089
4203.143	    0.086
4203.898	    0.135
4204.652	    0.095
4205.407	    0.099
4206.162	    0.121
4206.917	    0.120
4207.672	    0.024
4208.427	    0.090
4209.183	    0.087
4209.938	    0.061
4210.694	    0.070
4211.450	    0.070
4212.206	    0.046
4212.962	    0.081
4213.718	    0.048
4214.474	    0.050
4215.231	    0.031
4215.987	    0.048
4216.744	    0.064
4217.501	    0.046
4218.258	    0.041
4219.015	    0.031
4219.773	    0.120
4220.530	    0.145
4221.288	    0.050
4222.045	    0.150
4222.803	    0.163
4223.561	    0.081
4224.319	    0.124
4225.077	    0.155
4225.836	    0.161
4226.594	    0.134
4227.353	    0.122
4228.112	    0.130
4228.871	    0.166
4229.630	    0.157
4230.389	    0.108
4231.148	    0.036
4231.908	    0.063
4232.667	    0.117
4233.427	    0.096
4234.187	    0.034
4234.947	    0.104
4235.707	    0.163
4236.468	    0.067
4237.228	    0.034
4237.989	    0.143
4238.749	    0.043
4239.510	    0.039
4240.271	    0.079
4241.032	    0.154
4241.793	    0.079
4242.555	    0.046
4243.316	    0.051
4244.078	    0.084
4244.840	    0.064
4245.602	    0.104
4246.364	    0.113
4247.126	    0.114
4247.888	    0.153
4248.651	    0.147
4249.413	    0.106
4250.176	    0.041
4250.939	    0.057
4251.702	    0.105
4252.465	    0.082
4253.229	    0.050
4253.992	    0.094
4254.756	    0.085
4255.519	    0.113
4256.283	    0.117
4257.047	    0.087
4257.811	    0.133
4258.575	    0.143
4259.340	    0.149
4260.104	    0.154
4260.869	    0.140
4261.634	    0.126
4262.399	    0.106
4263.164	    0.067
4263.929	    0.067
4264.695	    0.147
4265.460	    0.151
4266.226	    0.086
4266.991	    0.131
4267.757	    0.060
4268.523	    0.034
4269.290	    0.024
4270.056	    0.091
4270.822	    0.027
4271.589	    0.090
4272.356	    0.093
4273.123	    0.159
4273.890	    0.087
4274.657	    0.055
4275.424	    0.041
4276.191	    0.034
4276.959	    0.137
4277.727	    0.127
4278.494	    0.098
4279.262	    0.060
4280.031	    0.135
4280.799	    0.127
4281.567	    0.084
4282.336	    0.097
4283.104	    0.105
4283.873	    0.147
4284.642	    0.159
4285.411	    0.148
4286.180	    0.102
4286.950	    0.120
4287.719	    0.106
4288.489	    0.074
4289.259	    0.050
4290.029	    0.031
4290.799	    0.080
4291.569	    0.112
4292.339	    0.110
4293.110	    0.086
4293.880	    0.138
4294.651	    0.157
4295.422	    0.149
4296.193	    0.087
4296.964	    0.094
4297.735	    0.074
4298.507	    0.110
4299.278	    0.075
4300.050	    0.117
4300.822	    0.095
4301.594	    0.058
4302.366	    0.067
4303.138	    0.160
4303.910	    0.147
4304.683	    0.146
4305.456	    0.206
4306.229	    0.157
4307.001	    0.043
4307.775	    0.127
4308.548	    0.125
4309.321	    0.073
4310.095	    0.081
4310.868	    0.095
4311.642	    0.053
4312.416	    0.147
4313.190	    0.112
4313.964	    0.090
4314.739	    0.064
4315.513	    0.075
4316.288	    0.113
4317.062	    0.142
4317.837	    0.139
4318.612	    0.097
4319.388	    0.112
4320.163	    0.114
4320.938	    0.091
4321.714	    0.091
4322.490	    0.103
4323.266	    0.063
4324.042	    0.027
4324.818	    0.058
4325.594	    0.116
4326.370	    0.116
4327.147	    0.041
4327.924	    0.070
4328.700	    0.090
4329.477	    0.089
4330.255	    0.039
4331.032	    0.036
4331.809	    0.053
4332.587	    0.094
4333.364	    0.046
4334.142	    0.046
4334.920	    0.080
4335.698	    0.113
4336.477	    0.161
4337.255	    0.128
4338.034	    0.115
4338.812	    0.133
4339.591	    0.079
4340.370	    0.097
4341.149	    0.110
4341.928	    0.116
4342.708	    0.171
4343.487	    0.105
4344.267	    0.081
4345.046	    0.130
4345.826	    0.133
4346.606	    0.127
4347.387	    0.086
4348.167	    0.019
4348.947	    0.082
4349.728	    0.101
4350.509	    0.094
4351.290	    0.131
4352.071	    0.141
4352.852	    0.130
4353.633	    0.086
4354.415	    0.060
4355.196	    0.094
4355.978	    0.147
4356.760	    0.202
4357.542	    0.161
4358.324	    0.119
4359.106	    0.103
4359.889	    0.150
4360.671	    0.137
4361.454	    0.139
4362.237	    0.113
4363.020	    0.039
4363.803	    0.036
4364.587	    0.053
4365.370	    0.066
4366.153	    0.069
4366.937	    0.053
4367.721	    0.057
4368.505	    0.070
4369.289	    0.088
4370.073	    0.107
4370.858	    0.125
4371.642	    0.099
4372.427	    0.051
4373.212	    0.031
4373.997	    0.109
4374.782	    0.024
4375.567	    0.121
4376.353	    0.104
4385.788	    0.122
4386.576	    0.077
4387.363	    0.093
4388.151	    0.145
4388.938	    0.157
4389.726	    0.139
4390.514	    0.100
4391.302	    0.041
4392.090	    0.048
4392.879	    0.101
4393.667	    0.057
4394.456	    0.027
4395.245	    0.034
4396.033	    0.078
4396.823	    0.115
4397.612	    0.132
4398.401	    0.141
4399.191	    0.142
4399.980	    0.154
4400.770	    0.151
4401.560	    0.164
4402.350	    0.181
4403.140	    0.156
4403.931	    0.179
4404.721	    0.161
4405.512	    0.135
4406.302	    0.116
4407.093	    0.184
4407.884	    0.177
4408.676	    0.189
4409.467	    0.199
4410.258	    0.178
4411.050	    0.185
4411.842	    0.135
4412.634	    0.128
4413.426	    0.157
4414.218	    0.100
4415.010	    0.227
4415.803	    0.194
4416.595	    0.144
4417.388	    0.135
4418.181	    0.135
4418.974	    0.066
4419.767	    0.097
4420.561	    0.178
4421.354	    0.182
4422.148	    0.148
4422.941	    0.177
4423.735	    0.151
4424.529	    0.051
4425.324	    0.057
4426.118	    0.115
4426.912	    0.050
4427.707	    0.095
4428.502	    0.127
4429.297	    0.130
4430.092	    0.119
4430.887	    0.089
4431.682	    0.077
4432.478	    0.113
4433.273	    0.113
4434.069	    0.094
4434.865	    0.113
4435.661	    0.142
4436.457	    0.152
4437.253	    0.158
4438.050	    0.149
4438.847	    0.136
4439.643	    0.121
4440.440	    0.106
4441.237	    0.105
4442.034	    0.115
4442.832	    0.126
4443.629	    0.133
4444.427	    0.113
4445.225	    0.074
4446.023	    0.050
4446.821	    0.039
4447.619	    0.046
4448.417	    0.043
4449.216	    0.082
4450.014	    0.100
4450.813	    0.098
4451.612	    0.061
4452.411	    0.127
4453.210	    0.155
4454.009	    0.143
4454.809	    0.096
4455.609	    0.078
4456.408	    0.111
4457.208	    0.098
4458.008	    0.064
4458.808	    0.051
4459.609	    0.086
4460.409	    0.090
4461.210	    0.106
4462.011	    0.130
4462.812	    0.151
4463.613	    0.147
4464.414	    0.086
4465.215	    0.078
4466.017	    0.126
4466.818	    0.143
4467.620	    0.138
4468.422	    0.119
4469.224	    0.099
4470.026	    0.080
4470.829	    0.067
4471.631	    0.057
4472.434	    0.053
4473.237	    0.063
4474.039	    0.081
4474.843	    0.104
4475.646	    0.145
4476.449	    0.157
4477.253	    0.135
4478.056	    0.108
4478.860	    0.104
4479.664	    0.096
4480.468	    0.090
4481.272	    0.084
4482.077	    0.078
4482.881	    0.070
4483.686	    0.058
4484.491	    0.048
4485.296	    0.034
4486.101	    0.034
4486.906	    0.034
4487.711	    0.051
4488.517	    0.061
4489.322	    0.070
4490.128	    0.078
4490.934	    0.085
4491.740	    0.093
4492.547	    0.100
4493.353	    0.099
4494.160	    0.089
4494.966	    0.066
4495.773	    0.106
4496.580	    0.133
4497.387	    0.108
4498.194	    0.043
4499.002	    0.063
4499.809	    0.070
4500.617	    0.060
4501.425	    0.105
4502.233	    0.118
4503.041	    0.101
4503.849	    0.043
4504.658	    0.048
4505.466	    0.053
4506.275	    0.090
4507.084	    0.097
4507.893	    0.080
4508.702	    0.099
4509.511	    0.117
4510.321	    0.105
4511.130	    0.039
4511.940	    0.151
4512.750	    0.130
4513.560	    0.039
4514.370	    0.078
4520.857	    0.121
4521.668	    0.055
4522.480	    0.066
4523.292	    0.055
4524.103	    0.090
4524.916	    0.118
4525.728	    0.106
4526.540	    0.067
4527.353	    0.060
4528.165	    0.089
4528.978	    0.051
4529.791	    0.043
4530.604	    0.046
4531.417	    0.043
4532.231	    0.093
4533.044	    0.124
4533.858	    0.105
4534.672	    0.027
4535.486	    0.100
4536.300	    0.126
4537.114	    0.092
4537.928	    0.031
4538.743	    0.084
4539.558	    0.099
4540.372	    0.099
4541.187	    0.097
4542.002	    0.078
4542.818	    0.036
4543.633	    0.014
4544.449	    0.050
4545.264	    0.093
4546.080	    0.108
4546.896	    0.106
4547.712	    0.095
4548.529	    0.080
4549.345	    0.069
4550.162	    0.071
4550.979	    0.073
4551.795	    0.071
4552.612	    0.061
4553.430	    0.041
4554.247	    0.058
4555.064	    0.086
4555.882	    0.104
4556.700	    0.117
4557.518	    0.127
4558.336	    0.134
4559.154	    0.127
4559.972	    0.112
4560.791	    0.082
4561.609	    0.019
4562.428	    0.095
4563.247	    0.097
4564.066	    0.046
4564.885	    0.046
4565.705	    0.024
4566.524	    0.110
4567.344	    0.144
4568.164	    0.105
4568.984	    0.043
4569.804	    0.027
4570.624	    0.069
4571.445	    0.113
4572.265	    0.113
4573.086	    0.103
4573.907	    0.093
4574.728	    0.081
4575.549	    0.048
4576.370	    0.084
4577.192	    0.092
4578.013	    0.070
4578.835	    0.070
4579.657	    0.050
4580.479	    0.014
4581.301	    0.041
4582.123	    0.060
4582.946	    0.080
4583.768	    0.102
4584.591	    0.117
4585.414	    0.077
4586.237	    0.063
4587.060	    0.099
4587.884	    0.105
4588.707	    0.086
4589.531	    0.058
4590.355	    0.070
4591.179	    0.080
4592.003	    0.089
4592.827	    0.099
4593.651	    0.114
4594.476	    0.124
4595.301	    0.123
4596.125	    0.119
4596.950	    0.117
4597.776	    0.117
4598.601	    0.121
4599.426	    0.122
4600.252	    0.117
4601.078	    0.101
4601.903	    0.070
4602.730	    0.050
4603.556	    0.094
4604.382	    0.101
4605.208	    0.092
4606.035	    0.069
4606.862	    0.019
4607.689	    0.053
4608.516	    0.055
4609.343	    0.046
4610.170	    0.041
4610.998	    0.051
4611.826	    0.075
4612.653	    0.094
4613.481	    0.086
4614.309	    0.051
4615.138	    0.063
4615.966	    0.098
4616.795	    0.090
4617.623	    0.027
4618.452	    0.073
4619.281	    0.079
4620.110	    0.078
4620.940	    0.090
4621.769	    0.116
4622.599	    0.102
4623.428	    0.057
4624.258	    0.036
4625.088	    0.014
4625.918	    0.090
4626.749	    0.096
4627.579	    0.079
4628.410	    0.097
4629.241	    0.131
4630.072	    0.159
4630.903	    0.135
4631.734	    0.073
4632.565	    0.090
4633.397	    0.127
4634.229	    0.141
4635.060	    0.101
4635.892	    0.084
4636.724	    0.041
4637.557	    0.101
4638.389	    0.127
4639.222	    0.114
4640.054	    0.063
4640.887	    0.058
4641.720	    0.090
4642.553	    0.101
4643.387	    0.099
4644.220	    0.090
4645.054	    0.094
4645.888	    0.106
4646.722	    0.115
4647.556	    0.118
4648.390	    0.112
4649.224	    0.094
4650.059	    0.058
4650.893	    0.014
4651.728	    0.048
4652.563	    0.087
4653.398	    0.105
4654.234	    0.087
4655.069	    0.085
4655.905	    0.128
4656.740	    0.116
4657.576	    0.067
4658.412	    0.077
4659.248	    0.113
4660.085	    0.110
4660.921	    0.082
4661.758	    0.060
4662.594	    0.053
4663.431	    0.060
4664.268	    0.069
4665.106	    0.051
4665.943	    0.019
4666.781	    0.041
4667.618	    0.055
4668.456	    0.051
4669.294	    0.031
4670.132	    0.067
4670.970	    0.089
4671.809	    0.082
4672.647	    0.058
4673.486	    0.058
4674.325	    0.027
4675.164	    0.024
4676.003	    0.078
4676.843	    0.101
4677.682	    0.103
4678.522	    0.086
4679.361	    0.060
4680.201	    0.092
4681.041	    0.120
4681.882	    0.115
4682.722	    0.089
4683.563	    0.041
4684.403	    0.024
4685.244	    0.053
4686.085	    0.079
4686.926	    0.019
4687.767	    0.058
4688.609	    0.118
4689.450	    0.070
4690.292	    0.131
4691.134	    0.055
4691.976	    0.024
4692.818	    0.048
4693.661	    0.036
4694.503	    0.096
4695.346	    0.063
4696.189	    0.126
4697.032	    0.088
4697.875	    0.073
4698.718	    0.126
4699.561	    0.151
4700.405	    0.036
4701.249	    0.057
4702.092	    0.043
4702.936	    0.058
4703.781	    0.034
4704.625	    0.107
4705.469	    0.079
4706.314	    0.113
4707.159	    0.099
4708.004	    0.027
4708.849	    0.104
4709.694	    0.110
4710.539	    0.070
4711.385	    0.067
4712.231	    0.055
4713.076	    0.041
4713.922	    0.066
4714.768	    0.039
4715.615	    0.055
4716.461	    0.058
4717.308	    0.071
4718.154	    0.060
4719.001	    0.060
4719.848	    0.080
4720.696	    0.099
4721.543	    0.099
4722.390	    0.031
4723.238	    0.050
4724.086	    0.036
4724.934	    0.061
4725.782	    0.085
4726.630	    0.088
4727.479	    0.058
4728.327	    0.067
4729.176	    0.051
4730.025	    0.024
4730.874	    0.073
4731.723	    0.164
4732.572	    0.124
4733.422	    0.098
4734.271	    0.099
4735.121	    0.073
4735.971	    0.067
4736.821	    0.090
4737.671	    0.147
4738.522	    0.039
4739.372	    0.060
4740.223	    0.050
4741.074	    0.057
4741.925	    0.133
4742.776	    0.130
4743.627	    0.120
4744.479	    0.058
4745.330	    0.067
4746.182	    0.063
4747.034	    0.058
4747.886	    0.071
4748.738	    0.155
4749.591	    0.139
4750.443	    0.139
4751.296	    0.093
4752.149	    0.057
4753.002	    0.070
4753.855	    0.071
4754.708	    0.111
4755.562	    0.075
4756.415	    0.075
4757.269	    0.113
4758.123	    0.094
4758.977	    0.074
4759.831	    0.036
4760.686	    0.086
4761.540	    0.095
4762.395	    0.100
4763.250	    0.087
4764.105	    0.043
4764.960	    0.075
4765.815	    0.061
4766.671	    0.100
4767.526	    0.098
4768.382	    0.066
4769.238	    0.041
4770.094	    0.061
4770.950	    0.027
4771.807	    0.089
4772.663	    0.089
4773.520	    0.073
4774.377	    0.053
4775.234	    0.024
4776.091	    0.090
4776.948	    0.069
4777.805	    0.027
4778.663	    0.081
4779.521	    0.061
4780.379	    0.050
4781.237	    0.036
4782.095	    0.053
4782.953	    0.051
4783.812	    0.092
4784.670	    0.090
4785.529	    0.111
4786.388	    0.119
4787.247	    0.060
4788.107	    0.051
4788.966	    0.091
4789.826	    0.053
4790.686	    0.043
4791.545	    0.024
4792.405	    0.070
4793.266	    0.024
4794.126	    0.027
4794.987	    0.058
4795.847	    0.063
4796.708	    0.084
4797.569	    0.031
4798.430	    0.123
4799.292	    0.124
4800.153	    0.055
4801.015	    0.106
4801.876	    0.069
4802.738	    0.073
4803.600	    0.099
4804.463	    0.095
4805.325	    0.070
4806.188	    0.094
4807.050	    0.099
4807.913	    0.088
4808.776	    0.108
4809.639	    0.128
4810.503	    0.106
4811.366	    0.099
4812.230	    0.112
4813.093	    0.057
4813.957	    0.088
4814.821	    0.109
4815.686	    0.122
4816.550	    0.112
4817.415	    0.078
4818.279	    0.081
4819.144	    0.027
4820.009	    0.041
4820.874	    0.050
4821.740	    0.070
4822.605	    0.094
4823.471	    0.034
4824.337	    0.075
4825.203	    0.061
4826.069	    0.057
4826.935	    0.085
4827.801	    0.098
4828.668	    0.089
4829.535	    0.098
4830.401	    0.034
4831.269	    0.077
4832.136	    0.126
4833.003	    0.154
4833.871	    0.156
4834.738	    0.121
4835.606	    0.046
4836.474	    0.131
4837.342	    0.133
4838.210	    0.113
4839.079	    0.061
4839.947	    0.061
4840.816	    0.074
4841.685	    0.014
4842.554	    0.101
4843.423	    0.051
4844.293	    0.060
4845.162	    0.051
4846.032	    0.050
4846.902	    0.041
4847.772	    0.034
4848.642	    0.109
4849.512	    0.036
4850.383	    0.060
4851.253	    0.077
4852.124	    0.050
4852.995	    0.050
4853.866	    0.014
4854.737	    0.115
4855.609	    0.073
4856.480	    0.075
4857.352	    0.051
4858.224	    0.074
4859.096	    0.092
4859.968	    0.073
4860.841	    0.061
4861.713	    0.080
4862.586	    0.098
4863.459	    0.123
4864.332	    0.074
4865.205	    0.108
4866.078	    0.036
4866.951	    0.066
4867.825	    0.159
4868.699	    0.086
4869.573	    0.031
4870.447	    0.069
4871.321	    0.048
4872.195	    0.109
4873.070	    0.116
4873.945	    0.080
4874.819	    0.085
4875.694	    0.019
4876.570	    0.071
4877.445	    0.043
4878.320	    0.019
4879.196	    0.027
4880.072	    0.071
4880.948	    0.060
4881.824	    0.066
4882.700	    0.060
4883.577	    0.082
4884.453	    0.084
4885.330	    0.099
4886.207	    0.090
4887.084	    0.058
4887.961	    0.101
4888.838	    0.118
4889.716	    0.121
4890.594	    0.136
4891.472	    0.145
4892.350	    0.152
4893.228	    0.145
4894.106	    0.100
4894.984	    0.071
4895.863	    0.098
4896.742	    0.087
4897.621	    0.087
4898.500	    0.114
4899.379	    0.142
4900.259	    0.160
4901.138	    0.177
4902.018	    0.167
4902.898	    0.075
4903.778	    0.182
4904.658	    0.335
4905.538	    0.453
4906.419	    0.520
4907.300	    0.530
4908.180	    0.483
4909.061	    0.331
4909.943	    0.144
4910.824	    0.137
4911.705	    0.179
4912.587	    0.187
4913.469	    0.171
4914.351	    0.129
4915.233	    0.118
4916.115	    0.133
4916.998	    0.184
4917.880	    0.193
4918.763	    0.147
4919.646	    0.117
4920.529	    0.113
4921.412	    0.110
4922.295	    0.142
4923.179	    0.124
4924.063	    0.127
4924.947	    0.102
4925.831	    0.115
4926.715	    0.092
4927.599	    0.061
4928.484	    0.058
4929.368	    0.057
4930.253	    0.128
4931.138	    0.094
4932.023	    0.058
4932.908	    0.060
4933.794	    0.066
4934.679	    0.031
4935.565	    0.102
4936.451	    0.082
4937.337	    0.100
4938.223	    0.100
4939.110	    0.113
4939.996	    0.057
4940.883	    0.043
4941.770	    0.127
4942.657	    0.142
4943.544	    0.119
4944.431	    0.135
4945.319	    0.070
4946.207	    0.126
4947.094	    0.074
4947.982	    0.128
4948.871	    0.138
4949.759	    0.088
4950.647	    0.024
4951.536	    0.099
4952.425	    0.127
4953.314	    0.073
4954.203	    0.085
4955.092	    0.104
4955.981	    0.041
4956.871	    0.014
4957.761	    0.073
4958.651	    0.046
4959.541	    0.097
4960.431	    0.034
4961.321	    0.070
4962.212	    0.088
4963.103	    0.074
4963.993	    0.048
4964.884	    0.024
4965.776	    0.081
4966.667	    0.135
4967.558	    0.147
4968.450	    0.034
4969.342	    0.053
4970.234	    0.014
4971.126	    0.058
4972.018	    0.085
4972.911	    0.094
4973.803	    0.070
4974.696	    0.024
4975.589	    0.075
4976.482	    0.051
4977.375	    0.067
4978.269	    0.066
4979.162	    0.048
4980.056	    0.014
4980.950	    0.014
4981.844	    0.019
4982.738	    0.060
4983.633	    0.070
4984.527	    0.097
4985.422	    0.121
4986.317	    0.074
4987.212	    0.063
4988.107	    0.091
4989.002	    0.094
4989.898	    0.082
4990.794	    0.024
4991.689	    0.051
4992.585	    0.069
4993.482	    0.090
4994.378	    0.089
4995.274	    0.085
4996.171	    0.039
4997.068	    0.077
4997.965	    0.077
4998.862	    0.019
4999.759	    0.088
5000.657	    0.063
5001.554	    0.113
5002.452	    0.117
5003.350	    0.133
5004.248	    0.117
5005.146	    0.041
5006.045	    0.124
5006.943	    0.131
5007.842	    0.055
5008.741	    0.014
5009.640	    0.024
5010.539	    0.019
5011.438	    0.092
5012.338	    0.094
5013.238	    0.039
5014.137	    0.014
5015.037	    0.089
5015.938	    0.127
5016.838	    0.088
5017.738	    0.069
5018.639	    0.075
5019.540	    0.046
5020.441	    0.080
5021.342	    0.064
5022.243	    0.043
5023.145	    0.090
5024.046	    0.092
5024.948	    0.117
5025.850	    0.071
5026.752	    0.092
5027.655	    0.105
5028.557	    0.154
5029.460	    0.176
5030.362	    0.164
5031.265	    0.143
5032.168	    0.121
5033.072	    0.090
5033.975	    0.152
5034.879	    0.055
5035.782	    0.106
5036.686	    0.130
5037.590	    0.122
5038.495	    0.132
5039.399	    0.135
5040.304	    0.058
5041.208	    0.041
5042.113	    0.041
5043.018	    0.094
5043.923	    0.039
5044.829	    0.039
5045.734	    0.057
5046.640	    0.060
5047.546	    0.122
5048.452	    0.141
5049.358	    0.122
5050.264	    0.108
5051.171	    0.060
5052.078	    0.119
5052.984	    0.168
5053.891	    0.185
5054.799	    0.187
5055.706	    0.163
5056.613	    0.116
5057.521	    0.046
5058.429	    0.075
5059.337	    0.100
5060.245	    0.039
5061.153	    0.096
5062.062	    0.147
5062.970	    0.147
5063.879	    0.133
5064.788	    0.122
5065.697	    0.124
5066.606	    0.125
5067.516	    0.106
5068.425	    0.084
5069.335	    0.078
5070.245	    0.102
5071.155	    0.112
5072.065	    0.087
5072.976	    0.101
5073.886	    0.108
5074.797	    0.064
5075.708	    0.057
5076.619	    0.039
5077.530	    0.102
5078.442	    0.093
5079.353	    0.100
5080.265	    0.098
5081.177	    0.103
5082.089	    0.124
5083.001	    0.124
5083.914	    0.118
5084.826	    0.121
5085.739	    0.127
5086.652	    0.123
5087.565	    0.131
5088.478	    0.105
5089.391	    0.130
5090.305	    0.117
5091.219	    0.066
5092.132	    0.057
5093.046	    0.060
5093.961	    0.096
5094.875	    0.081
5095.789	    0.082
5096.704	    0.115
5097.619	    0.095
5098.534	    0.107
5099.449	    0.094
5100.364	    0.094
5101.280	    0.077
5102.196	    0.063
5103.111	    0.073
5104.027	    0.046
5104.944	    0.050
5105.860	    0.046
5106.776	    0.113
5107.693	    0.130
5108.610	    0.034
5109.527	    0.019
5110.444	    0.034
5111.361	    0.093
5112.279	    0.084
5113.196	    0.092
5114.114	    0.061
5115.032	    0.036
5115.950	    0.067
5116.868	    0.058
5117.787	    0.057
5118.706	    0.141
5119.624	    0.067
5120.543	    0.079
5121.462	    0.086
5122.382	    0.036
5123.301	    0.048
5124.221	    0.041
5125.141	    0.058
5126.060	    0.070
5126.981	    0.070
5127.901	    0.073
5128.821	    0.113
5129.742	    0.107
5130.663	    0.101
5131.584	    0.078
5132.505	    0.027
5133.426	    0.014
5134.347	    0.066
5135.269	    0.050
5136.191	    0.087
5137.113	    0.034
5138.035	    0.091
5138.957	    0.103
5139.879	    0.039
5140.802	    0.113
5141.725	    0.048
5142.648	    0.080
5143.571	    0.114
5144.494	    0.066
5145.417	    0.067
5146.341	    0.087
5147.265	    0.034
5148.189	    0.073
5149.113	    0.078
5150.037	    0.082
5150.961	    0.081
5151.886	    0.127
5152.811	    0.019
5153.736	    0.069
5154.661	    0.051
5155.586	    0.024
5156.511	    0.061
5157.437	    0.041
5158.363	    0.079
5159.289	    0.133
5160.215	    0.085
5161.141	    0.051
5162.067	    0.063
5162.994	    0.111
5163.921	    0.063
5164.848	    0.073
5165.775	    0.087
5166.702	    0.064
5167.629	    0.058
5168.557	    0.073
5169.485	    0.071
5170.412	    0.019
5171.341	    0.090
5172.269	    0.125
5173.197	    0.073
5174.126	    0.108
5175.054	    0.151
5175.983	    0.124
5176.912	    0.116
5177.842	    0.105
5178.771	    0.074
5179.701	    0.014
5180.630	    0.069
5181.560	    0.058
5182.490	    0.064
5183.421	    0.066
5184.351	    0.019
5185.282	    0.039
5186.212	    0.060
5187.143	    0.078
5188.074	    0.096
5189.006	    0.107
5189.937	    0.135
5190.868	    0.143
5191.800	    0.142
5192.732	    0.141
5193.664	    0.139
5194.596	    0.139
5195.529	    0.137
5196.461	    0.137
5197.394	    0.135
5198.327	    0.135
5199.260	    0.133
5200.193	    0.133
5201.127	    0.131
5202.060	    0.130
5202.994	    0.129
5203.928	    0.127
5204.862	    0.127
5205.796	    0.125
5206.731	    0.124
5207.665	    0.123
5208.600	    0.121
5209.535	    0.121
5210.470	    0.119
5211.405	    0.117
5212.341	    0.117
5213.276	    0.115
5214.212	    0.113
5215.148	    0.113
5216.084	    0.111
5217.021	    0.109
5217.957	    0.107
5218.894	    0.106
5219.830	    0.105
5220.767	    0.103
5221.704	    0.102
5222.642	    0.100
5223.579	    0.098
5224.517	    0.097
5225.454	    0.095
5226.392	    0.094
5227.331	    0.092
5228.269	    0.091
5229.207	    0.089
5230.146	    0.088
5231.085	    0.087
5232.024	    0.085
5232.963	    0.073
5233.902	    0.087
5234.842	    0.128
5235.781	    0.089
5236.721	    0.093
5237.661	    0.097
5238.601	    0.089
5239.541	    0.024
5240.482	    0.024
5241.423	    0.024
5242.363	    0.050
5243.304	    0.036
5244.245	    0.061
5245.187	    0.131
5246.128	    0.171
5247.070	    0.180
5248.012	    0.181
5248.954	    0.166
5249.896	    0.181
5250.838	    0.137
5251.781	    0.124
5252.723	    0.090
5253.666	    0.019
5254.609	    0.067
5255.552	    0.046
5256.496	    0.103
5257.439	    0.060
5258.383	    0.048
5259.327	    0.048
5260.271	    0.067
5261.215	    0.078
5262.159	    0.121
5263.104	    0.046
5264.049	    0.039
5264.994	    0.107
5265.939	    0.061
5266.884	    0.080
5267.829	    0.123
5268.775	    0.027
5269.721	    0.085
5270.666	    0.117
5271.612	    0.039
5272.559	    0.064
5273.505	    0.064
5274.452	    0.121
5275.398	    0.117
5276.345	    0.071
5277.292	    0.060
5278.240	    0.074
5279.187	    0.039
5280.135	    0.096
5281.082	    0.073
5282.030	    0.051
5282.979	    0.132
5283.927	    0.046
5284.875	    0.089
5285.824	    0.078
5286.773	    0.135
5287.722	    0.063
5288.671	    0.039
5289.620	    0.051
5290.569	    0.014
5291.519	    0.086
5292.469	    0.129
5293.419	    0.121
5294.369	    0.101
5295.319	    0.075
5296.270	    0.069
5297.220	    0.046
5298.171	    0.039
5299.122	    0.050
5300.073	    0.057
5301.025	    0.105
5301.976	    0.039
5302.928	    0.100
5303.880	    0.087
5304.832	    0.124
5305.784	    0.157
5306.736	    0.151
5307.689	    0.116
5308.642	    0.112
5309.595	    0.091
5310.548	    0.080
5311.501	    0.115
5312.454	    0.127
5313.408	    0.130
5314.362	    0.108
5315.315	    0.105
5316.270	    0.116
5317.224	    0.120
5318.178	    0.113
5319.133	    0.122
5320.088	    0.112
5321.043	    0.113
5321.998	    0.058
5322.953	    0.074
5323.908	    0.043
5324.864	    0.043
5325.820	    0.064
5326.776	    0.058
5327.732	    0.050
5328.688	    0.106
5329.645	    0.109
5330.601	    0.069
5331.558	    0.024
5332.515	    0.070
5333.472	    0.069
5334.430	    0.055
5335.387	    0.031
5336.345	    0.093
5337.303	    0.103
5338.261	    0.078
5339.219	    0.069
5340.177	    0.131
5341.136	    0.148
5342.094	    0.121
5343.053	    0.094
5344.012	    0.096
5344.972	    0.101
5345.931	    0.081
5346.891	    0.043
5347.850	    0.063
5348.810	    0.091
5349.770	    0.069
5350.731	    0.041
5351.691	    0.058
5352.652	    0.034
5353.612	    0.027
5354.573	    0.069
5355.535	    0.110
5356.496	    0.137
5357.457	    0.103
5358.419	    0.071
5359.381	    0.113
5360.343	    0.124
5361.305	    0.107
5362.267	    0.102
5363.230	    0.070
5364.192	    0.036
5365.155	    0.024
5366.118	    0.031
5367.081	    0.084
5368.045	    0.100
5369.008	    0.096
5369.972	    0.078
5370.936	    0.078
5371.900	    0.109
5372.864	    0.024
5373.829	    0.050
5374.793	    0.085
5375.758	    0.090
5376.723	    0.105
5377.688	    0.135
5378.653	    0.124
5379.619	    0.080
5380.584	    0.063
5381.550	    0.043
5382.516	    0.027
5383.482	    0.053
5384.449	    0.061
5385.415	    0.031
5386.382	    0.043
5387.349	    0.170
5388.316	    0.254
5389.283	    0.243
5390.250	    0.188
5391.218	    0.162
5392.185	    0.142
5393.153	    0.126
5394.121	    0.100
5395.090	    0.031
5396.058	    0.039
5397.027	    0.031
5397.995	    0.069
5398.964	    0.014
5399.933	    0.058
5400.903	    0.046
5401.872	    0.088
5402.842	    0.031
5403.811	    0.019
5404.781	    0.034
5405.751	    0.066
5406.722	    0.091
5407.692	    0.034
5408.663	    0.092
5409.634	    0.103
5410.605	    0.089
5411.576	    0.053
5412.547	    0.080
5413.519	    0.046
5414.491	    0.048
5415.462	    0.092
5416.434	    0.091
5417.407	    0.077
5418.379	    0.105
5419.352	    0.114
5420.324	    0.111
5421.297	    0.106
5422.270	    0.109
5423.244	    0.127
5424.217	    0.106
5425.191	    0.103
5426.165	    0.089
5427.139	    0.027
5428.113	    0.039
5429.087	    0.051
5430.062	    0.053
5431.036	    0.019
5432.011	    0.019
5432.986	    0.014
5433.961	    0.051
5434.937	    0.048
5435.912	    0.048
5436.888	    0.073
5437.864	    0.058
5438.840	    0.069
5439.816	    0.071
5440.793	    0.087
5441.769	    0.024
5442.746	    0.089
5443.723	    0.116
5444.700	    0.063
5445.677	    0.096
5446.655	    0.130
5447.632	    0.100
5448.610	    0.073
5449.588	    0.050
5450.566	    0.086
5451.545	    0.109
5452.523	    0.107
5453.502	    0.093
5454.481	    0.051
5455.460	    0.124
5456.439	    0.103
5457.419	    0.155
5458.398	    0.127
5459.378	    0.106
5460.358	    0.058
5461.338	    0.027
5462.318	    0.095
5463.299	    0.103
5464.279	    0.058
5465.260	    0.098
5466.241	    0.103
5467.222	    0.070
5468.204	    0.090
5469.185	    0.100
5470.167	    0.091
5471.149	    0.100
5472.131	    0.024
5473.113	    0.048
5474.096	    0.058
5475.078	    0.027
5476.061	    0.043
5477.044	    0.087
5478.027	    0.111
5479.010	    0.064
5479.994	    0.106
5480.977	    0.104
5481.961	    0.071
5482.945	    0.043
5483.929	    0.043
5484.914	    0.092
5485.898	    0.080
5486.883	    0.043
5487.868	    0.041
5488.853	    0.041
5489.838	    0.034
5490.823	    0.019
5491.809	    0.088
5492.795	    0.087
5493.781	    0.096
5494.767	    0.094
5495.753	    0.089
5496.740	    0.095
5497.726	    0.058
5498.713	    0.039
5499.700	    0.092
5500.687	    0.058
5501.675	    0.080
5502.662	    0.080
5503.650	    0.058
5504.638	    0.058
5505.626	    0.106
5506.614	    0.103
5507.602	    0.100
5508.591	    0.080
5509.580	    0.034
5510.569	    0.014
5511.558	    0.024
5512.547	    0.041
5513.537	    0.043
5514.526	    0.031
5515.516	    0.095
5516.506	    0.061
5517.496	    0.055
5518.487	    0.053
5519.477	    0.034
5520.468	    0.071
5521.459	    0.080
5522.450	    0.103
5523.441	    0.125
5524.433	    0.053
5525.424	    0.106
5526.416	    0.135
5527.408	    0.123
5528.400	    0.084
5529.392	    0.074
5530.385	    0.080
5531.378	    0.027
5532.370	    0.051
5533.363	    0.078
5534.357	    0.086
5535.350	    0.055
5536.344	    0.061
5537.337	    0.079
5538.331	    0.109
5539.325	    0.060
5540.320	    0.024
5541.314	    0.043
5542.309	    0.070
5543.304	    0.027
5544.299	    0.070
5545.294	    0.050
5546.289	    0.113
5547.285	    0.075
5548.280	    0.043
5549.276	    0.058
5550.272	    0.014
5551.269	    0.050
5552.265	    0.027
5553.262	    0.055
5554.259	    0.080
5555.255	    0.043
5556.253	    0.063
5557.250	    0.036
5558.247	    0.019
5559.245	    0.098
5560.243	    0.110
5561.241	    0.113
5562.239	    0.014
5563.238	    0.078
5564.236	    0.106
5565.235	    0.104
5566.234	    0.101
5567.233	    0.098
5568.232	    0.096
5569.232	    0.093
5570.231	    0.091
5571.231	    0.088
5572.231	    0.085
5573.232	    0.082
5574.232	    0.079
5575.232	    0.077
5576.233	    0.073
5577.234	    0.070
5578.235	    0.066
5579.236	    0.063
5580.238	    0.058
5581.240	    0.055
5582.241	    0.050
5583.243	    0.046
5584.246	    0.039
5585.248	    0.031
5586.250	    0.024
5587.253	    0.024
5588.256	    0.053
5589.259	    0.066
5590.262	    0.067
5591.266	    0.077
5592.269	    0.077
5593.273	    0.098
5594.277	    0.089
5595.281	    0.088
5596.286	    0.136
5597.290	    0.080
5598.295	    0.077
5599.300	    0.014
5600.305	    0.070
5601.310	    0.088
5602.315	    0.114
5603.321	    0.079
5604.327	    0.086
5605.333	    0.067
5606.339	    0.101
5607.345	    0.086
5608.352	    0.077
5609.358	    0.109
5610.365	    0.014
5611.372	    0.048
5612.379	    0.039
5613.387	    0.041
5614.394	    0.053
5615.402	    0.082
5616.410	    0.053
5617.418	    0.101
5618.427	    0.051
5619.435	    0.053
5620.444	    0.027
5621.453	    0.106
5622.462	    0.099
5623.471	    0.137
5624.480	    0.091
5625.490	    0.055
5626.499	    0.031
5627.509	    0.069
5628.520	    0.122
5629.530	    0.150
5630.540	    0.034
5631.551	    0.046
5632.562	    0.128
5633.573	    0.043
5634.584	    0.069
5635.595	    0.121
5636.607	    0.142
5637.619	    0.135
5638.631	    0.100
5639.643	    0.151
5640.655	    0.099
5641.668	    0.094
5642.680	    0.130
5643.693	    0.143
5644.706	    0.077
5645.719	    0.103
5646.733	    0.152
5647.746	    0.082
5648.760	    0.058
5649.774	    0.133
5650.788	    0.149
5651.802	    0.152
5652.817	    0.118
5653.831	    0.147
5654.846	    0.106
5655.861	    0.118
5656.876	    0.108
5657.892	    0.122
5658.907	    0.048
5659.923	    0.080
5660.939	    0.113
5661.955	    0.094
5662.972	    0.082
5663.988	    0.088
5665.005	    0.122
5666.022	    0.120
5667.039	    0.127
5668.056	    0.157
5669.073	    0.101
5670.091	    0.116
5671.109	    0.121
5672.126	    0.130
5673.145	    0.103
5674.163	    0.127
5675.181	    0.146
5676.200	    0.153
5677.219	    0.159
5678.238	    0.143
5679.257	    0.127
5680.277	    0.107
5681.296	    0.108
5682.316	    0.031
5683.336	    0.075
5684.356	    0.098
5685.376	    0.097
5686.397	    0.103
5687.418	    0.120
5688.438	    0.145
5689.459	    0.129
5690.481	    0.139
5691.502	    0.161
5692.524	    0.156
5693.545	    0.138
5694.567	    0.130
5695.590	    0.124
5696.612	    0.147
5697.634	    0.152
5698.657	    0.122
5699.680	    0.117
5700.703	    0.145
5701.726	    0.157
5702.750	    0.159
5703.773	    0.135
5704.797	    0.135
5705.821	    0.123
5706.845	    0.130
5707.870	    0.167
5708.894	    0.173
5709.919	    0.152
5710.944	    0.139
5711.969	    0.158
5712.994	    0.168
5714.020	    0.147
5715.045	    0.172
5716.071	    0.165
5717.097	    0.154
5718.123	    0.122
5719.150	    0.139
5720.176	    0.189
5721.203	    0.168
5722.230	    0.141
5723.257	    0.138
5724.284	    0.146
5725.312	    0.147
5726.340	    0.139
5727.367	    0.167
5728.396	    0.177
5729.424	    0.158
5730.452	    0.132
5731.481	    0.148
5732.510	    0.191
5733.538	    0.161
5734.568	    0.128
5735.597	    0.175
5736.626	    0.163
5737.656	    0.160
5738.686	    0.144
5739.716	    0.161
5740.746	    0.175
5741.777	    0.182
5742.807	    0.171
5743.838	    0.161
5744.869	    0.148
5745.900	    0.138
5746.932	    0.145
5747.963	    0.167
5748.995	    0.176
5750.027	    0.169
5751.059	    0.161
5752.091	    0.167
5753.124	    0.161
5754.157	    0.152
5755.189	    0.160
5756.222	    0.172
5757.256	    0.186
5758.289	    0.192
5759.323	    0.194
5760.356	    0.199
5761.390	    0.188
5762.425	    0.202
5763.459	    0.186
5764.493	    0.173
5765.528	    0.179
5766.563	    0.179
5767.598	    0.164
5768.633	    0.188
5769.669	    0.168
5770.704	    0.173
5771.740	    0.180
5772.776	    0.149
5773.812	    0.168
5774.849	    0.187
5775.885	    0.169
5776.922	    0.175
5777.959	    0.167
5778.996	    0.162
5780.033	    0.157
5781.071	    0.155
5782.109	    0.160
5783.146	    0.159
5784.185	    0.179
5785.223	    0.168
5786.261	    0.139
5787.300	    0.124
5788.339	    0.145
5789.378	    0.172
5790.417	    0.159
5791.456	    0.157
5792.496	    0.167
5793.535	    0.183
5794.575	    0.190
5795.615	    0.178
5796.656	    0.156
5797.696	    0.151
5798.737	    0.154
5799.778	    0.163
5800.819	    0.175
5801.860	    0.160
5802.901	    0.148
5803.943	    0.170
5804.985	    0.179
5806.027	    0.170
5807.069	    0.157
5808.111	    0.166
5809.154	    0.151
5810.196	    0.133
5811.239	    0.159
5812.282	    0.171
5813.326	    0.157
5814.369	    0.154
5815.413	    0.161
5816.457	    0.160
5817.501	    0.167
5818.545	    0.163
5819.589	    0.151
5820.634	    0.138
5821.679	    0.135
5822.724	    0.147
5823.769	    0.155
5824.814	    0.154
5825.860	    0.157
5826.905	    0.137
5827.951	    0.133
5828.997	    0.174
5830.044	    0.173
5831.090	    0.176
5832.137	    0.184
5833.184	    0.164
5834.231	    0.157
5835.278	    0.197
5836.325	    0.204
5837.373	    0.192
5838.421	    0.186
5839.469	    0.186
5840.517	    0.189
5841.565	    0.176
5842.614	    0.143
5843.663	    0.121
5844.711	    0.126
5845.761	    0.134
5846.810	    0.154
5847.859	    0.178
5848.909	    0.166
5849.959	    0.139
5851.009	    0.158
5852.059	    0.165
5853.110	    0.133
5854.160	    0.137
5855.211	    0.164
5856.262	    0.149
5857.313	    0.159
5858.364	    0.133
5859.416	    0.137
5860.468	    0.137
5861.520	    0.120
5862.572	    0.135
5863.624	    0.122
5864.677	    0.118
5865.729	    0.124
5866.782	    0.148
5867.835	    0.148
5868.888	    0.138
5869.942	    0.123
5870.996	    0.034
5872.049	    0.113
5873.103	    0.057
5874.158	    0.061
5875.212	    0.079
5876.267	    0.121
5877.321	    0.099
5878.376	    0.094
5879.431	    0.114
5880.487	    0.130
5881.542	    0.084
5882.598	    0.024
5883.654	    0.055
5884.710	    0.112
5885.766	    0.061
5886.823	    0.066
5887.879	    0.109
5888.936	    0.154
5889.993	    0.142
5891.051	    0.097
5892.108	    0.097
5893.166	    0.142
5894.223	    0.169
5895.281	    0.161
5896.340	    0.147
5897.398	    0.143
5898.456	    0.147
5899.515	    0.121
5900.574	    0.136
5901.633	    0.127
5902.693	    0.036
5903.752	    0.117
5904.812	    0.097
5905.872	    0.096
5906.932	    0.104
5907.992	    0.115
5909.052	    0.133
5910.113	    0.074
5911.174	    0.069
5912.235	    0.121
5913.296	    0.113
5914.358	    0.117
5915.419	    0.118
5916.481	    0.126
5917.543	    0.118
5918.605	    0.106
5919.668	    0.102
5920.730	    0.098
5921.793	    0.094
5922.856	    0.090
5923.919	    0.085
5924.982	    0.080
5926.046	    0.075
5927.109	    0.070
5928.173	    0.063
5929.237	    0.057
5930.302	    0.050
5931.366	    0.039
5932.431	    0.027
5933.496	    0.014
5934.561	    0.031
5935.626	    0.043
5936.691	    0.051
5937.757	    0.129
5938.823	    0.053
5939.889	    0.046
5940.955	    0.039
5942.021	    0.151
5943.088	    0.178
5944.155	    0.230
5945.222	    0.289
5946.289	    0.334
5947.356	    0.309
5948.424	    0.266
5949.491	    0.242
5950.559	    0.268
5951.627	    0.302
5952.696	    0.312
5953.764	    0.294
5954.833	    0.236
5955.902	    0.168
5956.971	    0.124
5958.040	    0.046
5959.109	    0.082
5960.179	    0.118
5961.249	    0.125
5962.319	    0.088
5963.389	    0.039
5964.460	    0.070
5965.530	    0.081
5966.601	    0.100
5967.672	    0.063
5968.743	    0.036
5969.814	    0.053
5970.886	    0.057
5971.958	    0.060
5973.030	    0.080
5974.102	    0.119
5975.174	    0.089
5976.247	    0.014
5977.319	    0.058
5978.392	    0.115
5979.465	    0.118
5980.539	    0.053
5981.612	    0.067
5982.686	    0.070
5983.760	    0.093
5984.834	    0.096
5985.908	    0.106
5986.982	    0.066
5988.057	    0.014
5989.132	    0.117
5990.207	    0.133
5991.282	    0.120
5992.358	    0.107
5993.433	    0.113
5994.509	    0.132
5995.585	    0.140
5996.661	    0.132
5997.738	    0.024
5998.814	    0.064
5999.891	    0.125
6000.968	    0.140
6002.045	    0.136
6003.122	    0.133
6004.200	    0.127
6005.278	    0.089
6006.356	    0.051
6007.434	    0.074
6008.512	    0.024
6009.590	    0.078
6010.669	    0.098
6011.748	    0.108
6012.827	    0.135
6013.906	    0.154
6014.986	    0.133
6016.066	    0.094
6017.145	    0.093
6018.225	    0.115
6019.306	    0.119
6020.386	    0.095
6021.467	    0.064
6022.548	    0.085
6023.629	    0.124
6024.710	    0.135
6025.791	    0.118
6026.873	    0.105
6027.955	    0.099
6029.037	    0.090
6030.119	    0.089
6031.201	    0.108
6032.284	    0.109
6033.367	    0.073
6034.450	    0.048
6035.533	    0.100
6036.616	    0.121
6037.700	    0.090
6038.783	    0.074
6039.867	    0.093
6040.951	    0.046
6042.036	    0.090
6043.120	    0.024
6044.205	    0.130
6045.290	    0.152
6046.375	    0.133
6047.460	    0.111
6048.546	    0.124
6049.631	    0.149
6050.717	    0.149
6051.803	    0.114
6052.890	    0.085
6053.976	    0.106
6055.063	    0.118
6056.150	    0.107
6057.237	    0.104
6058.324	    0.113
6059.411	    0.109
6060.499	    0.101
6061.587	    0.106
6062.675	    0.112
6063.763	    0.118
6064.852	    0.123
6065.940	    0.121
6067.029	    0.122
6068.118	    0.128
6069.207	    0.142
6070.297	    0.142
6071.386	    0.120
6072.476	    0.091
6073.566	    0.116
6074.656	    0.145
6075.747	    0.137
6076.837	    0.124
6077.928	    0.136
6079.019	    0.151
6080.110	    0.148
6081.201	    0.140
6082.293	    0.144
6083.385	    0.157
6084.477	    0.155
6085.569	    0.149
6086.661	    0.145
6087.754	    0.145
6088.846	    0.157
6089.939	    0.177
6091.032	    0.186
6092.126	    0.176
6093.219	    0.154
6094.313	    0.133
6095.407	    0.134
6096.501	    0.143
6097.595	    0.149
6098.690	    0.147
6099.784	    0.139
6100.879	    0.136
6101.974	    0.149
6103.070	    0.160
6104.165	    0.159
6105.261	    0.160
6106.357	    0.157
6107.453	    0.161
6108.549	    0.155
6109.646	    0.156
6110.742	    0.157
6111.839	    0.158
6112.936	    0.159
6114.033	    0.160
6115.131	    0.160
6116.228	    0.161
6117.326	    0.162
6118.424	    0.163
6119.523	    0.164
6120.621	    0.164
6121.720	    0.165
6122.818	    0.166
6123.917	    0.167
6125.017	    0.167
6126.116	    0.168
6127.216	    0.168
6128.315	    0.169
6129.415	    0.169
6130.516	    0.170
6131.616	    0.171
6132.717	    0.172
6133.817	    0.172
6134.918	    0.173
6136.020	    0.173
6137.121	    0.174
6138.223	    0.174
6139.324	    0.175
6140.426	    0.175
6141.529	    0.176
6142.631	    0.177
6143.734	    0.177
6144.836	    0.178
6145.939	    0.178
6147.042	    0.179
6148.146	    0.180
6149.249	    0.180
6150.353	    0.181
6151.457	    0.182
6152.561	    0.182
6153.666	    0.183
6154.770	    0.184
6155.875	    0.184
6156.980	    0.185
6158.085	    0.186
6159.190	    0.186
6160.296	    0.187
6161.402	    0.188
6162.508	    0.188
6163.614	    0.189
6164.720	    0.208
6165.827	    0.189
6166.933	    0.189
6168.040	    0.186
6169.148	    0.152
6170.255	    0.117
6171.362	    0.139
6172.470	    0.174
6173.578	    0.185
6174.686	    0.166
6175.795	    0.137
6176.903	    0.157
6178.012	    0.180
6179.121	    0.162
6180.230	    0.125
6181.339	    0.110
6182.449	    0.143
6183.558	    0.176
6184.668	    0.162
6185.778	    0.119
6186.889	    0.139
6187.999	    0.187
6189.110	    0.191
6190.221	    0.173
6191.332	    0.164
6192.443	    0.163
6193.555	    0.161
6194.667	    0.163
6195.779	    0.157
6196.891	    0.167
6198.003	    0.176
6199.116	    0.177
6200.228	    0.163
6201.341	    0.147
6202.454	    0.166
6203.568	    0.198
6204.681	    0.201
6205.795	    0.182
6206.909	    0.173
6208.023	    0.175
6209.137	    0.172
6210.252	    0.167
6211.366	    0.169
6212.481	    0.163
6213.596	    0.140
6214.712	    0.143
6215.827	    0.175
6216.943	    0.186
6218.059	    0.168
6219.175	    0.144
6220.291	    0.127
6221.408	    0.090
6222.525	    0.096
6223.641	    0.161
6224.759	    0.185
6225.876	    0.155
6226.993	    0.138
6228.111	    0.175
6229.229	    0.214
6230.347	    0.231
6231.466	    0.229
6232.584	    0.213
6233.703	    0.184
6234.822	    0.159
6235.941	    0.156
6237.060	    0.157
6238.180	    0.155
6239.299	    0.167
6240.419	    0.178
6241.539	    0.155
6242.660	    0.136
6243.780	    0.155
6244.901	    0.171
6246.022	    0.157
6247.143	    0.153
6248.264	    0.174
6249.386	    0.169
6250.508	    0.138
6251.630	    0.159
6252.752	    0.202
6253.874	    0.218
6254.997	    0.215
6256.119	    0.213
6257.242	    0.212
6258.366	    0.210
6259.489	    0.208
6260.612	    0.207
6261.736	    0.205
6262.860	    0.203
6263.984	    0.202
6265.109	    0.200
6266.233	    0.198
6267.358	    0.196
6268.483	    0.194
6269.608	    0.192
6270.734	    0.191
6271.859	    0.189
6272.985	    0.187
6274.111	    0.185
6275.237	    0.183
6276.363	    0.181
6277.490	    0.180
6278.617	    0.178
6279.744	    0.175
6280.871	    0.173
6281.998	    0.171
6283.126	    0.169
6284.254	    0.167
6285.382	    0.164
6286.510	    0.162
6287.638	    0.160
6288.767	    0.157
6289.896	    0.154
6291.025	    0.152
6292.154	    0.149
6293.283	    0.146
6294.413	    0.143
6295.543	    0.141
6296.673	    0.137
6297.803	    0.135
6298.933	    0.131
6300.064	    0.139
6301.195	    0.137
6302.326	    0.133
6303.457	    0.130
6304.589	    0.127
6305.720	    0.124
6306.852	    0.121
6307.984	    0.117
6309.117	    0.122
6310.249	    0.128
6311.382	    0.105
6312.514	    0.093
6313.648	    0.063
6314.781	    0.102
6315.914	    0.155
6317.048	    0.157
6318.182	    0.152
6319.316	    0.159
6320.450	    0.167
6321.585	    0.127
6322.719	    0.128
6323.854	    0.168
6324.989	    0.178
6326.125	    0.167
6327.260	    0.140
6328.396	    0.090
6329.532	    0.152
6330.668	    0.135
6331.804	    0.057
6332.941	    0.051
6334.078	    0.151
6335.215	    0.172
6336.352	    0.181
6337.489	    0.159
6338.627	    0.123
6339.764	    0.112
6340.902	    0.118
6342.041	    0.089
6343.179	    0.121
6344.317	    0.082
6345.456	    0.048
6346.595	    0.089
6347.734	    0.121
6348.874	    0.137
6350.013	    0.130
6351.153	    0.153
6352.293	    0.152
6353.433	    0.158
6354.574	    0.168
6355.714	    0.179
6356.855	    0.207
6357.996	    0.272
6359.138	    0.345
6360.279	    0.361
6361.421	    0.289
6362.563	    0.205
6363.705	    0.135
6364.847	    0.043
6365.989	    0.051
6367.132	    0.048
6368.275	    0.084
6369.418	    0.081
6370.561	    0.067
6371.705	    0.082
6372.848	    0.107
6373.992	    0.139
6375.136	    0.128
6376.281	    0.063
6377.425	    0.106
6378.570	    0.151
6379.715	    0.133
6380.860	    0.124
6382.005	    0.148
6383.151	    0.169
6384.297	    0.135
6385.443	    0.113
6386.589	    0.164
6387.735	    0.163
6388.882	    0.127
6390.028	    0.144
6391.175	    0.135
6392.323	    0.154
6393.470	    0.164
6394.618	    0.154
6395.765	    0.154
6396.913	    0.161
6398.062	    0.160
6399.210	    0.156
6400.359	    0.160
6401.508	    0.163
6402.657	    0.114
6403.806	    0.137
6404.955	    0.137
6406.105	    0.141
6407.255	    0.127
6408.405	    0.132
6409.555	    0.167
6410.706	    0.171
6411.856	    0.165
6413.007	    0.087
6414.158	    0.088
6415.310	    0.133
6416.461	    0.158
6417.613	    0.157
6418.765	    0.145
6419.917	    0.101
6421.069	    0.104
6422.222	    0.124
6423.375	    0.148
6424.528	    0.170
6425.681	    0.143
6426.834	    0.140
6427.988	    0.127
6429.142	    0.111
6430.296	    0.077
6431.450	    0.034
6432.604	    0.077
6433.759	    0.088
6434.914	    0.105
6436.069	    0.107
6437.224	    0.087
6438.380	    0.086
6439.535	    0.103
6440.691	    0.130
6441.847	    0.159
6443.003	    0.134
6444.160	    0.106
6445.317	    0.085
6446.474	    0.074
6447.631	    0.116
6448.788	    0.156
6449.945	    0.127
6451.103	    0.014
6452.261	    0.078
6453.419	    0.024
6454.578	    0.089
6455.736	    0.079
6456.895	    0.055
6458.054	    0.050
6459.213	    0.102
6460.373	    0.140
6461.532	    0.130
6462.692	    0.105
6463.852	    0.073
6465.012	    0.098
6466.173	    0.139
6467.333	    0.093
6468.494	    0.058
6469.655	    0.074
6470.817	    0.070
6471.978	    0.081
6473.140	    0.082
6474.302	    0.094
6475.464	    0.087
6476.626	    0.019
6477.789	    0.067
6478.951	    0.071
6480.114	    0.019
6481.277	    0.027
6482.441	    0.075
6483.604	    0.110
6484.768	    0.106
6485.932	    0.082
6487.096	    0.067
6488.261	    0.133
6489.425	    0.089
6490.590	    0.098
6491.755	    0.104
6492.921	    0.132
6494.086	    0.148
6495.252	    0.167
6496.418	    0.116
6497.584	    0.096
6498.750	    0.078
6499.916	    0.103
6501.083	    0.087
6502.250	    0.073
6503.417	    0.036
6504.584	    0.061
6505.752	    0.063
6506.920	    0.087
6508.088	    0.098
6509.256	    0.061
6510.424	    0.093
6511.593	    0.081
6512.762	    0.109
6513.931	    0.034
6515.100	    0.078
6516.269	    0.050
6517.439	    0.055
6518.609	    0.104
6519.779	    0.066
6520.949	    0.064
6522.120	    0.077
6523.290	    0.063
6524.461	    0.014
6525.632	    0.039
6526.804	    0.106
6527.975	    0.142
6529.147	    0.133
6530.319	    0.099
6531.491	    0.097
6532.664	    0.048
6533.836	    0.050
6535.009	    0.098
6536.182	    0.074
6537.355	    0.036
6538.529	    0.069
6539.702	    0.119
6540.876	    0.118
6542.050	    0.099
6543.224	    0.075
6544.399	    0.031
6545.574	    0.031
6546.748	    0.067
6547.924	    0.091
6549.099	    0.120
6550.274	    0.120
6551.450	    0.048
6552.626	    0.117
6553.802	    0.115
6554.979	    0.128
6556.155	    0.122
6557.332	    0.096
6558.509	    0.055
6559.686	    0.081
6560.864	    0.124
6562.041	    0.156
6563.219	    0.103
6564.397	    0.067
6565.576	    0.027
6566.754	    0.074
6567.933	    0.073
6569.112	    0.039
6570.291	    0.046
6571.470	    0.063
6572.650	    0.081
6573.830	    0.079
6575.010	    0.075
6576.190	    0.071
6577.370	    0.067
6578.551	    0.063
6579.732	    0.060
6580.913	    0.055
6582.094	    0.050
6583.275	    0.046
6584.457	    0.039
6585.639	    0.034
6586.821	    0.027
6588.003	    0.019
6589.186	    0.046
6590.368	    0.091
6591.551	    0.121
6592.735	    0.124
6593.918	    0.109
6595.102	    0.097
6596.285	    0.122
6597.469	    0.113
6598.654	    0.144
6599.838	    0.175
6601.023	    0.149
6602.207	    0.109
6603.393	    0.124
6604.578	    0.151
6605.763	    0.189
6606.949	    0.281
6608.135	    0.447
6609.321	    0.600
6610.507	    0.622
6611.694	    0.539
6612.881	    0.393
6614.068	    0.251
6615.255	    0.171
6616.442	    0.149
6617.630	    0.157
6618.818	    0.195
6620.006	    0.300
6621.194	    0.519
6622.383	    0.948
6623.571	    1.378
6624.760	    1.605
6625.949	    1.514
6627.139	    1.150
6628.328	    0.706
6629.518	    0.388
6630.708	    0.259
6631.898	    0.179
6633.089	    0.158
6634.279	    0.169
6635.470	    0.117
6636.661	    0.161
6637.852	    0.137
6639.044	    0.156
6640.235	    0.181
6641.427	    0.293
6642.619	    0.497
6643.812	    0.799
6645.004	    1.051
6646.197	    1.119
6647.390	    0.959
6648.583	    0.637
6649.777	    0.398
6650.970	    0.274
6652.164	    0.184
6653.358	    0.136
6654.552	    0.139
6655.747	    0.124
6656.941	    0.109
6658.136	    0.135
6659.331	    0.136
6660.527	    0.149
6661.722	    0.167
6662.918	    0.153
6664.114	    0.152
6665.310	    0.178
6666.507	    0.183
6667.703	    0.161
6668.900	    0.166
6670.097	    0.168
6671.294	    0.148
6672.492	    0.135
6673.689	    0.149
6674.887	    0.168
6676.086	    0.165
6677.284	    0.139
6678.482	    0.149
6679.681	    0.143
6680.880	    0.120
6682.079	    0.123
6683.279	    0.145
6684.478	    0.175
6685.678	    0.161
6686.878	    0.155
6688.079	    0.164
6689.279	    0.161
6690.480	    0.129
6691.681	    0.108
6692.882	    0.119
6694.083	    0.100
6695.285	    0.090
6696.486	    0.097
6697.688	    0.014
6698.891	    0.106
6700.093	    0.153
6701.296	    0.153
6702.499	    0.128
6703.702	    0.135
6704.905	    0.142
6706.108	    0.166
6707.312	    0.138
6708.516	    0.140
6709.720	    0.157
6710.925	    0.181
6712.129	    0.165
6713.334	    0.144
6714.539	    0.078
6715.744	    0.098
6716.950	    0.124
6718.155	    0.112
6719.361	    0.097
6720.567	    0.094
6721.774	    0.102
6722.980	    0.060
6724.187	    0.110
6725.394	    0.124
6726.601	    0.119
6727.808	    0.091
6729.016	    0.086
6730.224	    0.133
6731.432	    0.115
6732.640	    0.077
6733.849	    0.106
6735.057	    0.156
6736.266	    0.113
6737.475	    0.067
6738.685	    0.094
6739.894	    0.125
6741.104	    0.161
6742.314	    0.124
6743.524	    0.080
6744.735	    0.051
6745.945	    0.019
6747.156	    0.089
6748.367	    0.130
6749.579	    0.109
6750.790	    0.101
6752.002	    0.121
6753.214	    0.130
6754.426	    0.122
6755.638	    0.113
6756.851	    0.061
6758.064	    0.014
6759.277	    0.087
6760.490	    0.113
6761.704	    0.075
6762.917	    0.071
6764.131	    0.094
6765.345	    0.091
6766.560	    0.145
6767.774	    0.088
6768.989	    0.067
6770.204	    0.039
6771.419	    0.081
6772.635	    0.094
6773.851	    0.102
6775.066	    0.107
6776.282	    0.175
6777.499	    0.353
6778.715	    0.544
6779.932	    0.626
6781.149	    0.588
6782.366	    0.463
6783.584	    0.284
6784.801	    0.177
6786.019	    0.133
6787.237	    0.095
6788.455	    0.108
6789.674	    0.140
6790.893	    0.207
6792.112	    0.330
6793.331	    0.467
6794.550	    0.541
6795.770	    0.499
6796.990	    0.370
6798.210	    0.242
6799.430	    0.138
6800.650	    0.114
6801.871	    0.119
6803.092	    0.119
6804.313	    0.130
6805.534	    0.110
6806.756	    0.031
6807.978	    0.036
6809.200	    0.031
6810.422	    0.051
6811.644	    0.036
6812.867	    0.031
6814.090	    0.036
6815.313	    0.031
6816.536	    0.088
6817.760	    0.106
6818.984	    0.114
6820.208	    0.086
6821.432	    0.092
6822.656	    0.144
6823.881	    0.198
6825.106	    0.166
6826.331	    0.145
6827.556	    0.144
6828.782	    0.187
6830.007	    0.151
6831.233	    0.098
6832.460	    0.087
6833.686	    0.168
6834.913	    0.142
6836.139	    0.070
6837.366	    0.031
6838.594	    0.050
6839.821	    0.097
6841.049	    0.058
6842.277	    0.051
6843.505	    0.046
6844.733	    0.024
6845.962	    0.034
6847.191	    0.080
6848.420	    0.100
6849.649	    0.098
6850.879	    0.031
6852.108	    0.082
6853.338	    0.080
6854.568	    0.039
6855.799	    0.050
6857.029	    0.099
6858.260	    0.181
6859.491	    0.197
6860.722	    0.145
6861.954	    0.173
6863.186	    0.272
6864.418	    0.284
6865.650	    0.278
6866.882	    0.272
6868.115	    0.267
6869.347	    0.246
6870.580	    0.224
6871.814	    0.231
6873.047	    0.216
6874.281	    0.155
6875.515	    0.151
6876.749	    0.127
6877.983	    0.075
6879.218	    0.102
6880.453	    0.157
6881.688	    0.157
6882.923	    0.159
6884.158	    0.164
6885.394	    0.127
6886.630	    0.134
6887.866	    0.170
6889.102	    0.167
6890.339	    0.154
6891.576	    0.133
6892.813	    0.155
6894.050	    0.143
6895.287	    0.087
6896.525	    0.099
6897.763	    0.133
6899.001	    0.126
6900.239	    0.136
6901.478	    0.180
6902.717	    0.172
6903.956	    0.135
6905.195	    0.120
6906.434	    0.133
6907.674	    0.090
6908.914	    0.122
6910.154	    0.127
6911.395	    0.147
6912.635	    0.141
6913.876	    0.125
6915.117	    0.125
6916.358	    0.087
6917.600	    0.101
6918.841	    0.075
6920.083	    0.027
6921.325	    0.112
6922.568	    0.152
6923.810	    0.128
6925.053	    0.097
6926.296	    0.109
6927.539	    0.133
6928.783	    0.135
6930.026	    0.106
6931.270	    0.092
6932.514	    0.069
6933.759	    0.053
6935.003	    0.024
6936.248	    0.034
6937.493	    0.067
6938.739	    0.060
6939.984	    0.058
6941.230	    0.053
6942.476	    0.050
6943.722	    0.147
6944.968	    0.147
6946.215	    0.081
6947.462	    0.133
6948.709	    0.144
6949.956	    0.129
6951.203	    0.149
6952.451	    0.135
6953.699	    0.091
6954.947	    0.091
6956.196	    0.043
6957.444	    0.090
6958.693	    0.074
6959.942	    0.051
6961.191	    0.058
6962.441	    0.057
6963.691	    0.128
6964.941	    0.085
6966.191	    0.103
6967.441	    0.050
6968.692	    0.121
6969.943	    0.094
6971.194	    0.069
6972.445	    0.139
6973.696	    0.131
6974.948	    0.085
6976.200	    0.031
6977.452	    0.043
6978.705	    0.082
6979.957	    0.080
6981.210	    0.087
6982.463	    0.110
6983.717	    0.107
6984.970	    0.088
6986.224	    0.051
6987.478	    0.057
6988.732	    0.019
6989.987	    0.063
6991.241	    0.093
6992.496	    0.027
6993.751	    0.060
6995.007	    0.041
6996.262	    0.019
6997.518	    0.027
6998.774	    0.027
7000.030	    0.027
7001.287	    0.080
7002.544	    0.055
7003.801	    0.079
7005.058	    0.053
7006.315	    0.088
7007.573	    0.090
7008.831	    0.041
7010.089	    0.145
7011.347	    0.135
7012.605	    0.057
7013.864	    0.060
7015.123	    0.109
7016.382	    0.114
7017.642	    0.141
7018.901	    0.111
7020.161	    0.019
7021.421	    0.055
7022.682	    0.053
7023.942	    0.095
7025.203	    0.064
7026.464	    0.069
7027.725	    0.051
7028.987	    0.087
7030.248	    0.043
7031.510	    0.057
7032.772	    0.080
7034.035	    0.031
7035.297	    0.031
7036.560	    0.048
7037.823	    0.055
7039.086	    0.053
7040.350	    0.051
7041.614	    0.088
7042.877	    0.079
7044.142	    0.048
7045.406	    0.066
7046.671	    0.081
7047.936	    0.066
7049.201	    0.081
7050.466	    0.081
7051.731	    0.124
7052.997	    0.090
7054.263	    0.019
7055.529	    0.101
7056.796	    0.078
7058.062	    0.069
7059.329	    0.014
7060.596	    0.053
7061.864	    0.027
7063.131	    0.050
7064.399	    0.050
7065.667	    0.089
7066.936	    0.089
7068.204	    0.110
7069.473	    0.091
7070.742	    0.102
7072.011	    0.105
7073.280	    0.079
7074.550	    0.061
7075.820	    0.063
7077.090	    0.078
7078.360	    0.078
7079.631	    0.024
7080.901	    0.055
7082.172	    0.113
7083.444	    0.075
7084.715	    0.053
7085.987	    0.080
7087.259	    0.111
7088.531	    0.061
7089.803	    0.091
7091.076	    0.077
7092.349	    0.063
7093.622	    0.099
7094.895	    0.067
7096.168	    0.073
7097.442	    0.060
7098.716	    0.050
7099.990	    0.031
7101.265	    0.084
7102.539	    0.057
7103.814	    0.024
7105.089	    0.039
7106.365	    0.057
7107.640	    0.094
7108.916	    0.142
7110.192	    0.121
7111.468	    0.060
7112.745	    0.057
7114.021	    0.111
7115.298	    0.111
7116.576	    0.097
7117.853	    0.098
7119.131	    0.055
7120.408	    0.058
7121.687	    0.097
7122.965	    0.108
7124.243	    0.058
7125.522	    0.055
7126.801	    0.058
7128.080	    0.039
7129.360	    0.050
7130.640	    0.069
7131.919	    0.048
7133.200	    0.100
7134.480	    0.095
7135.761	    0.092
7137.041	    0.043
7138.323	    0.089
7139.604	    0.048
7140.885	    0.057
7142.167	    0.090
7143.449	    0.041
7144.731	    0.036
7146.014	    0.031
7147.296	    0.063
7148.579	    0.077
7149.863	    0.061
7151.146	    0.053
7152.430	    0.130
7153.713	    0.151
7154.997	    0.150
7156.282	    0.138
7157.566	    0.111
7158.851	    0.130
7160.136	    0.133
7161.421	    0.109
7162.707	    0.121
7163.992	    0.117
7165.278	    0.149
7166.564	    0.166
7167.851	    0.148
7169.137	    0.139
7170.424	    0.137
7171.711	    0.151
7172.998	    0.152
7174.286	    0.156
7175.574	    0.152
7176.862	    0.142
7178.150	    0.158
7179.438	    0.169
7180.727	    0.201
7182.016	    0.180
7183.305	    0.158
7184.595	    0.144
7185.884	    0.106
7187.174	    0.145
7188.464	    0.152
7189.754	    0.133
7191.045	    0.130
7192.336	    0.141
7193.627	    0.170
7194.918	    0.197
7196.209	    0.198
7197.501	    0.188
7198.793	    0.176
7200.085	    0.182
7201.377	    0.163
7202.670	    0.100
7203.963	    0.014
7205.256	    0.014
7206.549	    0.093
7207.843	    0.090
7209.137	    0.067
7210.431	    0.106
7211.725	    0.142
7213.019	    0.151
7214.314	    0.157
7215.609	    0.140
7216.904	    0.124
7218.200	    0.135
7219.495	    0.141
7220.791	    0.112
7222.087	    0.118
7223.384	    0.118
7224.680	    0.107
7225.977	    0.124
7227.274	    0.149
7228.571	    0.159
7229.869	    0.163
7231.166	    0.147
7232.464	    0.066
7233.763	    0.163
7235.061	    0.220
7236.360	    0.159
7237.659	    0.051
7238.958	    0.089
7240.257	    0.128
7241.557	    0.071
7242.857	    0.224
7244.157	    0.242
7245.457	    0.240
7246.757	    0.228
7248.058	    0.213
7249.359	    0.180
7250.660	    0.155
7251.962	    0.077
7253.264	    0.142
7254.566	    0.185
7255.868	    0.176
7257.170	    0.173
7258.473	    0.175
7259.776	    0.173
7261.079	    0.185
7262.382	    0.178
7263.686	    0.142
7264.989	    0.082
7266.293	    0.110
7267.598	    0.125
7268.902	    0.118
7270.207	    0.255
7271.512	    0.251
7272.817	    0.133
7274.123	    0.201
7275.428	    0.253
7276.734	    0.239
7278.040	    0.184
7279.347	    0.114
7280.653	    0.114
7281.960	    0.199
7283.267	    0.222
7284.575	    0.206
7285.882	    0.207
7287.190	    0.194
7288.498	    0.167
7289.806	    0.148
7291.115	    0.156
7292.423	    0.171
7293.732	    0.166
7295.042	    0.175
7296.351	    0.144
7297.661	    0.050
7298.971	    0.055
7300.281	    0.077
7301.591	    0.142
7302.902	    0.140
7304.212	    0.138
7305.524	    0.142
7306.835	    0.127
7308.146	    0.141
7309.458	    0.158
7310.770	    0.222
7312.082	    0.180
7313.395	    0.084
7314.708	    0.218
7316.021	    0.220
7317.334	    0.192
7318.647	    0.179
7319.961	    0.173
7321.275	    0.148
7322.589	    0.081
7323.903	    0.134
7325.218	    0.078
7326.533	    0.118
7327.848	    0.179
7329.163	    0.198
7330.479	    0.191
7331.795	    0.164
7333.111	    0.097
7334.427	    0.254
7335.743	    0.277
7337.060	    0.183
7338.377	    0.167
7339.694	    0.223
