WV      	 Sigma   
4176.646	    0.069
4177.397	    0.066
4178.147	    0.063
4178.898	    0.059
4179.649	    0.054
4180.400	    0.050
4181.151	    0.047
4181.902	    0.043
4182.653	    0.041
4183.405	    0.040
4184.157	    0.043
4184.908	    0.047
4185.660	    0.053
4186.412	    0.058
4187.164	    0.059
4187.917	    0.054
4188.669	    0.037
4189.422	    0.026
4190.174	    0.021
4190.927	    0.048
4191.680	    0.037
4192.433	    0.036
4193.186	    0.034
4193.940	    0.029
4194.693	    0.043
4195.447	    0.031
4196.201	    0.015
4196.955	    0.031
4197.709	    0.036
4198.463	    0.007
4199.217	    0.034
4199.972	    0.027
4200.726	    0.023
4201.481	    0.029
4202.236	    0.033
4202.991	    0.024
4203.746	    0.040
4204.501	    0.040
4205.257	    0.041
4206.012	    0.045
4206.768	    0.046
4207.524	    0.027
4208.280	    0.022
4209.036	    0.024
4209.792	    0.018
4210.548	    0.021
4211.305	    0.035
4212.061	    0.043
4212.818	    0.033
4213.575	    0.021
4214.332	    0.007
4215.089	    0.023
4215.846	    0.023
4216.604	    0.033
4217.361	    0.032
4218.119	    0.035
4218.877	    0.021
4219.635	    0.016
4220.393	    0.021
4221.151	    0.025
4221.910	    0.026
4222.668	    0.013
4223.427	    0.013
4224.186	    0.037
4224.945	    0.019
4225.704	    0.022
4226.463	    0.016
4227.222	    0.018
4227.982	    0.032
4228.741	    0.046
4229.501	    0.049
4230.261	    0.040
4231.021	    0.032
4231.781	    0.033
4232.542	    0.045
4233.302	    0.039
4234.063	    0.021
4234.823	    0.042
4235.584	    0.045
4236.345	    0.034
4237.106	    0.043
4237.868	    0.030
4238.629	    0.024
4239.390	    0.028
4240.152	    0.038
4240.914	    0.036
4241.676	    0.032
4242.438	    0.022
4243.200	    0.028
4243.963	    0.032
4244.725	    0.044
4245.488	    0.046
4246.250	    0.022
4247.013	    0.030
4247.776	    0.043
4248.540	    0.052
4249.303	    0.056
4250.066	    0.077
4250.830	    0.061
4251.594	    0.034
4252.357	    0.019
4253.121	    0.064
4253.886	    0.066
4254.650	    0.064
4255.414	    0.061
4256.179	    0.042
4256.944	    0.027
4257.708	    0.027
4258.473	    0.045
4259.238	    0.042
4260.004	    0.041
4260.769	    0.046
4261.535	    0.056
4262.300	    0.070
4263.066	    0.007
4263.832	    0.007
4264.598	    0.053
4265.364	    0.057
4266.130	    0.058
4266.897	    0.053
4267.664	    0.046
4268.430	    0.049
4269.197	    0.016
4269.964	    0.034
4270.731	    0.036
4271.499	    0.047
4272.266	    0.051
4273.034	    0.050
4273.801	    0.042
4274.569	    0.036
4275.337	    0.045
4276.105	    0.049
4276.874	    0.054
4277.642	    0.058
4278.411	    0.026
4279.179	    0.042
4279.948	    0.056
4280.717	    0.068
4281.486	    0.064
4282.255	    0.065
4283.025	    0.061
4283.794	    0.051
4284.564	    0.033
4285.334	    0.054
4286.104	    0.063
4286.874	    0.067
4287.644	    0.065
4288.414	    0.023
4289.185	    0.043
4289.955	    0.054
4290.726	    0.058
4291.497	    0.054
4292.268	    0.055
4293.039	    0.059
4293.811	    0.059
4294.582	    0.018
4295.354	    0.045
4296.125	    0.057
4296.897	    0.064
4297.669	    0.064
4298.441	    0.062
4299.214	    0.059
4299.986	    0.056
4300.759	    0.057
4301.531	    0.016
4302.304	    0.013
4303.077	    0.036
4303.850	    0.055
4304.623	    0.045
4305.397	    0.058
4306.170	    0.060
4306.944	    0.057
4307.718	    0.053
4308.492	    0.064
4309.266	    0.073
4310.040	    0.079
4310.814	    0.081
4311.589	    0.088
4312.364	    0.072
4313.138	    0.053
4313.913	    0.036
4314.688	    0.036
4315.464	    0.045
4316.239	    0.049
4317.014	    0.049
4317.790	    0.035
4318.566	    0.054
4319.342	    0.069
4320.118	    0.074
4320.894	    0.064
4321.670	    0.064
4322.447	    0.051
4323.223	    0.050
4324.000	    0.060
4324.777	    0.059
4325.554	    0.074
4326.331	    0.079
4327.108	    0.080
4327.886	    0.075
4328.663	    0.057
4329.441	    0.051
4330.219	    0.045
4330.997	    0.034
4331.775	    0.031
4332.553	    0.061
4333.332	    0.060
4334.110	    0.048
4334.889	    0.070
4335.668	    0.034
4336.447	    0.049
4337.226	    0.064
4338.005	    0.063
4338.784	    0.069
4339.564	    0.073
4340.344	    0.063
4341.123	    0.034
4341.903	    0.042
4342.683	    0.033
4343.464	    0.040
4344.244	    0.047
4345.024	    0.045
4345.805	    0.045
4346.586	    0.039
4347.367	    0.025
4348.148	    0.021
4348.929	    0.024
4349.710	    0.043
4350.492	    0.037
4351.274	    0.023
4352.055	    0.025
4352.837	    0.034
4353.619	    0.022
4354.402	    0.013
4355.184	    0.019
4355.966	    0.053
4356.749	    0.075
4357.532	    0.074
4358.315	    0.066
4359.098	    0.071
4359.881	    0.069
4360.664	    0.069
4361.448	    0.070
4362.231	    0.074
4363.015	    0.072
4363.799	    0.086
4364.583	    0.086
4365.367	    0.077
4366.151	    0.059
4366.936	    0.062
4367.720	    0.061
4368.505	    0.068
4369.290	    0.078
4370.075	    0.054
4370.860	    0.078
4371.645	    0.066
4372.431	    0.045
4373.216	    0.068
4374.002	    0.050
4374.788	    0.056
4375.574	    0.073
4376.360	    0.089
4377.146	    0.073
4377.933	    0.070
4378.719	    0.070
4390.535	    0.072
4391.324	    0.065
4392.113	    0.059
4392.902	    0.058
4393.691	    0.059
4394.480	    0.058
4395.270	    0.067
4396.059	    0.068
4396.849	    0.068
4397.639	    0.068
4398.429	    0.067
4399.220	    0.044
4400.010	    0.049
4400.801	    0.057
4401.591	    0.067
4402.382	    0.077
4403.173	    0.055
4403.964	    0.064
4404.755	    0.072
4405.547	    0.069
4406.338	    0.091
4407.130	    0.066
4407.922	    0.069
4408.714	    0.084
4409.506	    0.096
4410.298	    0.082
4411.090	    0.064
4411.883	    0.063
4412.675	    0.073
4413.468	    0.064
4414.261	    0.068
4415.054	    0.068
4415.848	    0.065
4416.641	    0.058
4417.434	    0.026
4418.228	    0.046
4419.022	    0.060
4419.816	    0.068
4420.610	    0.070
4421.404	    0.073
4422.199	    0.068
4422.993	    0.064
4423.788	    0.060
4424.583	    0.054
4425.377	    0.043
4426.173	    0.033
4426.968	    0.035
4427.763	    0.044
4428.559	    0.042
4429.354	    0.024
4430.150	    0.018
4430.946	    0.030
4431.742	    0.028
4432.538	    0.027
4433.335	    0.026
4434.131	    0.034
4434.928	    0.037
4435.725	    0.032
4436.522	    0.041
4437.319	    0.046
4438.116	    0.034
4438.913	    0.007
4439.711	    0.015
4440.509	    0.018
4441.306	    0.043
4442.104	    0.047
4442.902	    0.041
4443.701	    0.023
4444.499	    0.040
4445.298	    0.053
4446.096	    0.053
4446.895	    0.042
4447.694	    0.010
4448.493	    0.019
4449.292	    0.033
4450.092	    0.021
4450.891	    0.040
4451.691	    0.028
4452.491	    0.044
4453.291	    0.036
4454.091	    0.035
4454.891	    0.053
4455.691	    0.046
4456.492	    0.045
4457.293	    0.034
4458.093	    0.028
4458.894	    0.042
4459.695	    0.046
4460.497	    0.040
4461.298	    0.040
4462.100	    0.037
4462.901	    0.016
4463.703	    0.021
4464.505	    0.007
4465.307	    0.010
4466.109	    0.013
4466.912	    0.026
4467.714	    0.036
4468.517	    0.031
4469.320	    0.024
4470.123	    0.013
4470.926	    0.019
4471.729	    0.034
4472.533	    0.042
4473.336	    0.045
4474.140	    0.045
4474.944	    0.043
4475.748	    0.041
4476.552	    0.037
4477.356	    0.034
4478.161	    0.031
4478.965	    0.026
4479.770	    0.016
4480.575	    0.016
4481.380	    0.026
4482.185	    0.029
4482.990	    0.025
4483.796	    0.016
4484.601	    0.015
4485.407	    0.022
4486.213	    0.021
4487.019	    0.007
4487.825	    0.024
4488.631	    0.036
4489.438	    0.042
4490.244	    0.042
4491.051	    0.040
4491.858	    0.035
4492.665	    0.032
4493.472	    0.031
4494.280	    0.033
4495.087	    0.036
4495.895	    0.057
4496.702	    0.051
4497.510	    0.045
4498.318	    0.033
4499.127	    0.034
4499.935	    0.015
4500.743	    0.018
4501.552	    0.022
4502.361	    0.027
4503.170	    0.034
4503.979	    0.019
4504.788	    0.013
4505.597	    0.015
4506.407	    0.025
4507.216	    0.010
4508.026	    0.025
4508.836	    0.039
4509.646	    0.052
4510.456	    0.052
4511.267	    0.038
4512.077	    0.036
4512.888	    0.036
4513.699	    0.036
4514.510	    0.037
4515.321	    0.046
4516.132	    0.035
4516.943	    0.040
4517.755	    0.050
4518.567	    0.057
4519.379	    0.063
4520.191	    0.068
4521.003	    0.059
4521.815	    0.050
4522.627	    0.044
4523.440	    0.038
4524.253	    0.015
4525.065	    0.031
4525.878	    0.050
4526.692	    0.058
4527.505	    0.055
4528.318	    0.046
4529.132	    0.026
4529.946	    0.013
4530.759	    0.021
4531.573	    0.019
4532.388	    0.032
4533.202	    0.058
4534.016	    0.051
4534.831	    0.050
4535.646	    0.049
4536.461	    0.045
4537.276	    0.047
4538.091	    0.038
4538.906	    0.028
4539.722	    0.028
4540.537	    0.040
4541.353	    0.035
4542.169	    0.024
4542.985	    0.013
4543.801	    0.024
4544.618	    0.034
4545.434	    0.033
4546.251	    0.054
4547.068	    0.046
4547.885	    0.037
4548.702	    0.026
4549.519	    0.015
4550.336	    0.007
4551.154	    0.019
4551.972	    0.025
4552.789	    0.033
4553.607	    0.041
4554.425	    0.053
4555.244	    0.050
4556.062	    0.032
4556.881	    0.013
4557.699	    0.022
4558.518	    0.032
4559.337	    0.049
4560.156	    0.053
4560.976	    0.050
4561.795	    0.044
4562.615	    0.037
4563.435	    0.042
4564.254	    0.027
4565.074	    0.024
4565.895	    0.035
4566.715	    0.047
4567.535	    0.037
4568.356	    0.037
4569.177	    0.043
4569.998	    0.044
4570.819	    0.037
4571.640	    0.022
4572.461	    0.010
4573.283	    0.016
4574.105	    0.024
4574.926	    0.019
4575.748	    0.022
4576.570	    0.016
4577.393	    0.030
4578.215	    0.039
4579.038	    0.035
4579.860	    0.016
4580.683	    0.016
4581.506	    0.019
4582.329	    0.029
4583.153	    0.030
4583.976	    0.021
4584.800	    0.023
4585.623	    0.022
4586.447	    0.007
4587.271	    0.013
4588.095	    0.015
4588.920	    0.018
4589.744	    0.046
4590.569	    0.019
4591.394	    0.024
4592.219	    0.007
4593.044	    0.013
4593.869	    0.045
4594.694	    0.007
4595.520	    0.023
4596.345	    0.023
4597.171	    0.015
4597.997	    0.013
4598.823	    0.015
4599.649	    0.007
4600.476	    0.015
4601.302	    0.028
4602.129	    0.032
4602.956	    0.015
4603.783	    0.026
4604.610	    0.031
4605.437	    0.030
4606.265	    0.025
4607.092	    0.018
4607.920	    0.021
4608.748	    0.032
4609.576	    0.021
4610.404	    0.043
4611.232	    0.051
4612.061	    0.049
4612.890	    0.047
4613.718	    0.032
4614.547	    0.015
4615.376	    0.021
4616.206	    0.007
4617.035	    0.022
4617.864	    0.032
4618.694	    0.033
4619.524	    0.034
4620.354	    0.016
4621.184	    0.037
4622.014	    0.056
4622.845	    0.036
4623.675	    0.007
4624.506	    0.021
4625.337	    0.037
4626.168	    0.046
4626.999	    0.048
4627.830	    0.027
4628.662	    0.027
4629.493	    0.049
4630.325	    0.061
4631.157	    0.051
4631.989	    0.035
4632.821	    0.045
4633.654	    0.007
4634.486	    0.016
4635.319	    0.045
4636.152	    0.049
4636.985	    0.049
4637.818	    0.040
4638.651	    0.025
4639.484	    0.025
4640.318	    0.038
4641.152	    0.037
4645.322	    0.034
4646.157	    0.010
4646.992	    0.033
4647.827	    0.050
4648.662	    0.055
4649.497	    0.045
4650.332	    0.019
4651.168	    0.037
4652.003	    0.021
4652.839	    0.035
4653.675	    0.034
4654.511	    0.013
4655.347	    0.024
4656.184	    0.033
4657.020	    0.026
4657.857	    0.013
4658.694	    0.019
4659.531	    0.024
4660.368	    0.016
4661.205	    0.022
4662.043	    0.021
4662.881	    0.019
4663.718	    0.022
4664.556	    0.015
4665.394	    0.026
4666.232	    0.016
4667.071	    0.025
4667.909	    0.023
4668.748	    0.025
4669.587	    0.030
4670.426	    0.034
4671.265	    0.042
4672.104	    0.044
4672.944	    0.045
4673.783	    0.042
4674.623	    0.033
4675.463	    0.018
4676.303	    0.016
4677.143	    0.015
4677.983	    0.015
4678.824	    0.019
4679.664	    0.031
4680.505	    0.043
4681.346	    0.013
4682.187	    0.010
4683.028	    0.007
4683.870	    0.022
4684.711	    0.025
4685.553	    0.021
4686.395	    0.018
4687.237	    0.027
4688.079	    0.028
4688.921	    0.018
4689.764	    0.022
4690.606	    0.046
4691.449	    0.066
4692.292	    0.034
4693.135	    0.034
4693.978	    0.019
4694.821	    0.030
4695.665	    0.013
4696.508	    0.042
4697.352	    0.007
4698.196	    0.030
4699.040	    0.018
4699.885	    0.013
4700.729	    0.013
4701.574	    0.021
4702.418	    0.019
4703.263	    0.035
4704.108	    0.040
4704.953	    0.030
4705.799	    0.007
4706.644	    0.023
4707.490	    0.035
4708.335	    0.023
4709.181	    0.021
4710.027	    0.010
4710.874	    0.022
4711.720	    0.032
4712.567	    0.029
4713.413	    0.028
4714.260	    0.045
4715.107	    0.048
4715.954	    0.038
4716.802	    0.028
4717.649	    0.046
4718.497	    0.036
4719.344	    0.027
4720.192	    0.031
4721.040	    0.030
4721.888	    0.016
4722.737	    0.007
4723.585	    0.007
4724.434	    0.013
4725.283	    0.025
4726.132	    0.026
4726.981	    0.019
4727.830	    0.010
4728.680	    0.019
4729.529	    0.013
4730.379	    0.015
4731.229	    0.015
4732.079	    0.024
4732.929	    0.025
4733.779	    0.032
4734.630	    0.027
4735.480	    0.024
4736.331	    0.035
4737.182	    0.038
4738.033	    0.027
4738.885	    0.010
4739.736	    0.052
4740.588	    0.042
4741.439	    0.046
4742.291	    0.030
4743.143	    0.018
4743.995	    0.024
4744.848	    0.044
4745.700	    0.038
4746.553	    0.019
4747.406	    0.019
4748.259	    0.019
4749.112	    0.019
4749.965	    0.041
4750.818	    0.046
4751.672	    0.027
4752.526	    0.010
4753.379	    0.015
4754.233	    0.032
4755.088	    0.036
4755.942	    0.040
4756.796	    0.027
4757.651	    0.034
4758.506	    0.034
4759.361	    0.033
4760.216	    0.034
4761.071	    0.021
4761.926	    0.007
4762.782	    0.051
4763.638	    0.041
4764.494	    0.032
4765.350	    0.036
4766.206	    0.042
4767.062	    0.031
4767.919	    0.031
4768.775	    0.024
4769.632	    0.013
4770.489	    0.013
4771.346	    0.016
4772.203	    0.031
4773.061	    0.037
4773.918	    0.015
4774.776	    0.010
4775.634	    0.023
4776.492	    0.030
4777.350	    0.036
4778.208	    0.043
4779.067	    0.037
4779.925	    0.058
4780.784	    0.043
4781.643	    0.022
4782.502	    0.042
4783.361	    0.032
4784.221	    0.037
4785.080	    0.045
4785.940	    0.032
4786.800	    0.024
4787.660	    0.019
4788.520	    0.013
4789.381	    0.033
4790.241	    0.023
4791.102	    0.045
4791.962	    0.039
4792.823	    0.010
4793.684	    0.037
4794.546	    0.037
4795.407	    0.010
4796.269	    0.030
4797.130	    0.010
4797.992	    0.026
4798.854	    0.029
4799.717	    0.032
4800.579	    0.018
4801.441	    0.032
4802.304	    0.036
4803.167	    0.019
4804.030	    0.034
4804.893	    0.029
4805.756	    0.015
4806.620	    0.026
4807.483	    0.026
4808.347	    0.030
4809.211	    0.018
4810.075	    0.037
4810.939	    0.038
4811.803	    0.040
4812.668	    0.043
4813.533	    0.046
4814.397	    0.060
4815.262	    0.058
4816.128	    0.042
4816.993	    0.037
4817.858	    0.028
4818.724	    0.019
4819.590	    0.026
4820.456	    0.044
4821.322	    0.029
4822.188	    0.010
4823.054	    0.032
4823.921	    0.018
4824.787	    0.010
4825.654	    0.019
4826.521	    0.019
4827.388	    0.013
4828.256	    0.021
4829.123	    0.015
4829.991	    0.025
4830.859	    0.022
4831.727	    0.023
4832.595	    0.033
4833.463	    0.038
4834.331	    0.029
4835.200	    0.029
4836.069	    0.037
4836.937	    0.032
4837.806	    0.010
4838.676	    0.023
4839.545	    0.018
4840.415	    0.046
4841.284	    0.051
4842.154	    0.048
4843.024	    0.028
4843.894	    0.022
4844.764	    0.025
4845.635	    0.021
4846.505	    0.025
4847.376	    0.043
4848.247	    0.041
4849.118	    0.023
4849.989	    0.013
4850.861	    0.013
4851.732	    0.023
4852.604	    0.027
4853.476	    0.040
4854.348	    0.027
4855.220	    0.015
4856.092	    0.015
4856.965	    0.040
4857.837	    0.048
4858.710	    0.046
4859.583	    0.033
4860.456	    0.030
4861.329	    0.030
4862.203	    0.010
4863.076	    0.022
4863.950	    0.027
4864.824	    0.049
4865.698	    0.037
4866.572	    0.046
4867.447	    0.046
4868.321	    0.027
4869.196	    0.021
4870.071	    0.034
4870.946	    0.057
4871.821	    0.041
4872.696	    0.037
4873.571	    0.046
4874.447	    0.046
4875.323	    0.048
4876.199	    0.052
4877.075	    0.049
4877.951	    0.033
4878.827	    0.031
4879.704	    0.050
4880.581	    0.039
4881.458	    0.048
4882.335	    0.033
4883.212	    0.036
4884.089	    0.058
4884.967	    0.040
4885.844	    0.050
4886.722	    0.046
4887.600	    0.021
4888.478	    0.032
4889.356	    0.042
4890.235	    0.043
4891.114	    0.043
4891.992	    0.040
4892.871	    0.019
4893.750	    0.042
4894.630	    0.041
4895.509	    0.052
4896.388	    0.049
4897.268	    0.043
4898.148	    0.051
4899.028	    0.049
4899.908	    0.041
4900.789	    0.050
4901.669	    0.056
4902.550	    0.054
4903.431	    0.048
4904.312	    0.045
4905.193	    0.048
4906.074	    0.040
4906.955	    0.015
4907.837	    0.036
4908.719	    0.062
4909.601	    0.100
4910.483	    0.153
4911.365	    0.206
4912.247	    0.246
4913.130	    0.266
4914.013	    0.248
4914.896	    0.189
4915.779	    0.122
4916.662	    0.063
4917.545	    0.022
4918.429	    0.046
4919.312	    0.054
4920.196	    0.049
4921.080	    0.041
4921.964	    0.032
4922.849	    0.046
4923.733	    0.059
4924.618	    0.062
4925.502	    0.061
4926.387	    0.057
4927.273	    0.047
4928.158	    0.052
4929.043	    0.066
4929.929	    0.057
4930.815	    0.055
4931.700	    0.058
4932.586	    0.063
4933.473	    0.064
4934.359	    0.057
4935.246	    0.052
4936.132	    0.059
4937.019	    0.063
4937.906	    0.068
4938.793	    0.062
4939.681	    0.050
4940.568	    0.050
4941.456	    0.059
4942.344	    0.054
4943.232	    0.054
4944.120	    0.055
4945.008	    0.060
4945.896	    0.056
4946.785	    0.056
4947.674	    0.054
4948.563	    0.049
4949.452	    0.060
4950.341	    0.043
4951.230	    0.055
4952.120	    0.040
4953.010	    0.040
4953.900	    0.040
4954.790	    0.053
4955.680	    0.061
4956.570	    0.053
4957.461	    0.056
4958.351	    0.062
4959.242	    0.040
4960.133	    0.062
4961.024	    0.049
4961.916	    0.054
4962.807	    0.063
4963.699	    0.061
4964.591	    0.060
4965.483	    0.060
4966.375	    0.055
4967.267	    0.055
4968.159	    0.066
4969.052	    0.055
4969.945	    0.050
4970.838	    0.048
4971.731	    0.040
4972.624	    0.048
4973.518	    0.048
4974.411	    0.037
4975.305	    0.042
4976.199	    0.045
4977.093	    0.035
4977.987	    0.038
4978.881	    0.048
4979.776	    0.048
4980.671	    0.046
4981.565	    0.066
4982.460	    0.056
4983.356	    0.050
4984.251	    0.053
4985.146	    0.053
4986.042	    0.057
4986.938	    0.065
4987.834	    0.066
4988.730	    0.059
4989.626	    0.054
4990.523	    0.050
4991.419	    0.040
4992.316	    0.027
4993.213	    0.043
4994.110	    0.056
4995.007	    0.057
4995.905	    0.051
4996.802	    0.049
4997.700	    0.046
4998.598	    0.021
4999.496	    0.016
5000.394	    0.026
5001.293	    0.037
5002.191	    0.046
5003.090	    0.054
5003.989	    0.059
5004.888	    0.060
5005.787	    0.061
5006.687	    0.064
5007.586	    0.055
5008.486	    0.045
5009.386	    0.045
5010.286	    0.048
5011.186	    0.053
5012.086	    0.048
5012.987	    0.045
5013.887	    0.024
5014.788	    0.043
5015.689	    0.050
5016.590	    0.039
5017.492	    0.047
5018.393	    0.053
5019.295	    0.055
5020.197	    0.053
5021.098	    0.046
5022.001	    0.041
5022.903	    0.061
5023.805	    0.061
5024.708	    0.048
5025.611	    0.041
5026.514	    0.056
5027.417	    0.060
5028.320	    0.058
5029.223	    0.058
5030.127	    0.061
5031.031	    0.062
5031.935	    0.061
5032.839	    0.063
5033.743	    0.055
5034.647	    0.066
5035.552	    0.062
5036.456	    0.057
5037.361	    0.049
5038.266	    0.043
5039.172	    0.055
5040.077	    0.062
5040.982	    0.044
5041.888	    0.025
5042.794	    0.034
5043.700	    0.040
5044.606	    0.034
5045.513	    0.061
5046.419	    0.055
5047.326	    0.046
5048.233	    0.062
5049.140	    0.057
5050.047	    0.059
5050.954	    0.043
5051.861	    0.062
5052.769	    0.050
5053.677	    0.043
5054.585	    0.036
5055.493	    0.015
5056.401	    0.044
5057.310	    0.060
5058.218	    0.085
5059.127	    0.107
5060.036	    0.117
5060.945	    0.104
5061.855	    0.078
5062.764	    0.037
5063.674	    0.034
5064.583	    0.042
5065.493	    0.037
5066.403	    0.034
5067.314	    0.037
5068.224	    0.032
5069.135	    0.048
5070.045	    0.051
5070.956	    0.057
5071.867	    0.054
5072.779	    0.056
5073.690	    0.048
5074.602	    0.045
5075.513	    0.054
5076.425	    0.055
5077.337	    0.051
5078.249	    0.053
5079.162	    0.029
5080.074	    0.040
5080.987	    0.042
5081.900	    0.049
5082.813	    0.058
5083.726	    0.060
5084.640	    0.056
5085.553	    0.051
5086.467	    0.045
5087.381	    0.019
5088.295	    0.025
5089.209	    0.046
5090.123	    0.057
5091.038	    0.061
5091.952	    0.060
5092.867	    0.041
5093.782	    0.010
5094.697	    0.027
5095.613	    0.048
5096.528	    0.051
5097.444	    0.037
5098.360	    0.007
5099.276	    0.023
5100.192	    0.010
5101.108	    0.021
5102.025	    0.007
5102.941	    0.028
5103.858	    0.043
5104.775	    0.050
5105.692	    0.040
5106.610	    0.026
5107.527	    0.037
5108.445	    0.023
5109.363	    0.007
5110.281	    0.022
5111.199	    0.038
5112.117	    0.039
5113.036	    0.033
5113.954	    0.036
5114.873	    0.043
5115.792	    0.041
5116.711	    0.022
5117.630	    0.019
5118.550	    0.025
5119.469	    0.034
5120.389	    0.024
5121.309	    0.045
5122.229	    0.047
5123.150	    0.045
5124.070	    0.045
5124.991	    0.040
5125.911	    0.023
5126.832	    0.022
5127.753	    0.053
5128.675	    0.053
5129.596	    0.033
5130.518	    0.028
5131.440	    0.037
5132.362	    0.045
5133.284	    0.023
5134.206	    0.033
5135.128	    0.040
5136.051	    0.037
5136.974	    0.042
5137.897	    0.048
5138.820	    0.043
5139.743	    0.043
5140.666	    0.036
5141.590	    0.033
5142.514	    0.034
5143.438	    0.021
5144.362	    0.039
5145.286	    0.040
5146.211	    0.018
5147.135	    0.033
5148.060	    0.024
5148.985	    0.047
5149.910	    0.048
5150.835	    0.044
5151.761	    0.044
5152.686	    0.032
5153.612	    0.040
5154.538	    0.050
5155.464	    0.033
5156.390	    0.034
5157.317	    0.026
5158.243	    0.016
5159.170	    0.023
5160.097	    0.036
5161.024	    0.048
5161.951	    0.034
5162.879	    0.045
5163.806	    0.047
5164.734	    0.039
5165.662	    0.036
5166.590	    0.033
5167.518	    0.033
5168.447	    0.025
5169.375	    0.031
5170.304	    0.041
5171.233	    0.041
5172.162	    0.027
5173.091	    0.040
5174.021	    0.024
5174.950	    0.010
5175.880	    0.025
5176.810	    0.050
5177.740	    0.059
5178.670	    0.048
5179.601	    0.049
5180.531	    0.040
5181.462	    0.033
5182.393	    0.047
5183.324	    0.052
5184.255	    0.042
5185.187	    0.043
5186.118	    0.030
5187.050	    0.034
5187.982	    0.047
5188.914	    0.045
5189.846	    0.027
5190.779	    0.023
5191.712	    0.013
5192.644	    0.021
5193.577	    0.021
5194.510	    0.024
5195.444	    0.033
5196.377	    0.045
5197.311	    0.057
5198.244	    0.055
5199.178	    0.053
5200.112	    0.053
5201.047	    0.052
5201.981	    0.051
5202.916	    0.049
5203.851	    0.048
5204.786	    0.048
5205.721	    0.049
5206.656	    0.049
5207.591	    0.047
5208.527	    0.042
5209.463	    0.034
5210.399	    0.021
5211.335	    0.015
5212.271	    0.026
5213.208	    0.030
5214.144	    0.032
5215.081	    0.030
5216.018	    0.026
5216.955	    0.018
5217.892	    0.016
5218.830	    0.037
5219.768	    0.054
5220.705	    0.068
5221.643	    0.076
5222.582	    0.077
5223.520	    0.072
5224.458	    0.067
5225.397	    0.067
5226.336	    0.070
5227.275	    0.069
5228.214	    0.059
5229.153	    0.039
5230.093	    0.010
5231.032	    0.034
5231.972	    0.040
5232.912	    0.042
5233.852	    0.051
5234.793	    0.061
5235.733	    0.058
5236.674	    0.043
5237.615	    0.029
5238.556	    0.033
5239.497	    0.035
5240.438	    0.019
5241.380	    0.029
5242.322	    0.032
5243.263	    0.036
5244.205	    0.032
5245.148	    0.021
5246.090	    0.033
5247.033	    0.029
5247.975	    0.018
5248.918	    0.022
5249.861	    0.041
5250.804	    0.055
5251.748	    0.068
5252.691	    0.080
5253.635	    0.083
5254.579	    0.080
5255.523	    0.067
5256.467	    0.046
5257.412	    0.022
5258.356	    0.010
5259.301	    0.021
5260.246	    0.034
5261.191	    0.035
5262.136	    0.030
5263.082	    0.023
5264.027	    0.024
5264.973	    0.034
5265.919	    0.013
5266.865	    0.041
5267.811	    0.041
5268.758	    0.032
5269.704	    0.015
5270.651	    0.022
5271.598	    0.035
5272.545	    0.034
5273.493	    0.024
5274.440	    0.045
5275.388	    0.045
5276.335	    0.051
5277.283	    0.050
5278.232	    0.041
5279.180	    0.013
5280.128	    0.035
5281.077	    0.037
5282.026	    0.035
5282.975	    0.022
5283.924	    0.007
5284.873	    0.007
5285.823	    0.040
5286.773	    0.045
5287.722	    0.045
5288.672	    0.034
5289.623	    0.007
5290.573	    0.037
5291.523	    0.031
5292.474	    0.044
5293.425	    0.033
5294.376	    0.025
5295.327	    0.027
5296.279	    0.026
5297.230	    0.028
5298.182	    0.025
5299.134	    0.022
5300.086	    0.029
5301.038	    0.015
5301.991	    0.007
5302.943	    0.032
5303.896	    0.018
5304.849	    0.040
5305.802	    0.043
5306.755	    0.036
5307.709	    0.013
5308.662	    0.030
5309.616	    0.032
5310.570	    0.024
5311.524	    0.028
5312.478	    0.016
5313.433	    0.035
5314.388	    0.052
5315.342	    0.058
5316.297	    0.054
5317.252	    0.048
5318.208	    0.049
5319.163	    0.053
5320.119	    0.060
5321.075	    0.052
5322.031	    0.045
5322.987	    0.043
5323.943	    0.024
5324.900	    0.031
5325.857	    0.032
5326.813	    0.054
5327.770	    0.035
5328.728	    0.032
5329.685	    0.042
5330.643	    0.032
5331.600	    0.032
5332.558	    0.041
5333.516	    0.052
5334.475	    0.048
5335.433	    0.038
5336.392	    0.033
5337.350	    0.013
5338.309	    0.042
5339.268	    0.028
5340.228	    0.024
5341.187	    0.025
5342.147	    0.018
5343.107	    0.036
5344.067	    0.030
5345.027	    0.025
5345.987	    0.040
5346.947	    0.029
5347.908	    0.029
5348.869	    0.032
5349.830	    0.045
5350.791	    0.038
5351.752	    0.045
5352.714	    0.049
5353.676	    0.047
5354.638	    0.028
5355.600	    0.034
5356.562	    0.032
5357.524	    0.016
5358.487	    0.025
5359.449	    0.015
5360.412	    0.015
5361.375	    0.034
5362.339	    0.035
5363.302	    0.015
5364.266	    0.007
5365.230	    0.030
5366.193	    0.016
5367.158	    0.037
5368.122	    0.028
5369.086	    0.034
5370.051	    0.042
5371.016	    0.045
5371.981	    0.037
5372.946	    0.015
5373.911	    0.023
5374.877	    0.007
5375.842	    0.013
5376.808	    0.036
5377.774	    0.044
5378.741	    0.026
5379.707	    0.034
5380.673	    0.057
5381.640	    0.053
5382.607	    0.051
5383.574	    0.030
5394.223	    0.048
5395.192	    0.046
5396.162	    0.051
5397.131	    0.041
5398.101	    0.022
5399.071	    0.040
5400.041	    0.040
5401.011	    0.027
5401.981	    0.034
5402.952	    0.042
5403.923	    0.037
5404.894	    0.032
5405.865	    0.037
5406.836	    0.032
5407.807	    0.029
5408.779	    0.029
5409.751	    0.033
5410.723	    0.030
5411.695	    0.033
5412.667	    0.049
5413.639	    0.053
5414.612	    0.040
5415.585	    0.043
5416.558	    0.040
5417.531	    0.042
5418.504	    0.039
5419.478	    0.047
5420.452	    0.039
5421.426	    0.043
5422.400	    0.049
5423.374	    0.062
5424.348	    0.058
5425.323	    0.052
5426.297	    0.041
5427.272	    0.043
5428.247	    0.046
5429.223	    0.038
5430.198	    0.040
5431.174	    0.048
5432.150	    0.046
5433.126	    0.045
5434.102	    0.049
5435.078	    0.046
5436.055	    0.044
5437.031	    0.034
5438.008	    0.034
5438.985	    0.042
5439.962	    0.045
5440.940	    0.034
5441.917	    0.048
5442.895	    0.048
5443.873	    0.033
5444.851	    0.032
5445.829	    0.044
5446.808	    0.037
5447.786	    0.050
5448.765	    0.045
5449.744	    0.048
5450.723	    0.045
5451.702	    0.046
5452.682	    0.051
5458.562	    0.053
5459.543	    0.056
5460.524	    0.049
5461.505	    0.041
5462.486	    0.034
5463.468	    0.032
5464.449	    0.027
5465.431	    0.029
5466.413	    0.039
5467.395	    0.037
5468.377	    0.037
5469.360	    0.043
5470.343	    0.036
5471.325	    0.025
5472.308	    0.037
5473.292	    0.045
5474.275	    0.046
5475.258	    0.018
5476.242	    0.023
5477.226	    0.016
5478.210	    0.010
5479.194	    0.028
5480.179	    0.023
5481.163	    0.016
5482.148	    0.039
5483.133	    0.035
5484.118	    0.040
5485.104	    0.035
5486.089	    0.010
5487.075	    0.033
5488.060	    0.048
5489.047	    0.036
5490.033	    0.036
5491.019	    0.016
5492.006	    0.016
5492.992	    0.018
5493.979	    0.022
5494.966	    0.018
5495.954	    0.028
5496.941	    0.025
5497.929	    0.029
5498.916	    0.042
5499.904	    0.047
5500.892	    0.035
5501.881	    0.035
5502.869	    0.018
5503.858	    0.007
5504.847	    0.028
5505.836	    0.028
5506.825	    0.030
5507.814	    0.040
5508.804	    0.048
5509.794	    0.049
5510.784	    0.041
5511.774	    0.027
5512.764	    0.013
5513.754	    0.013
5514.745	    0.030
5515.736	    0.040
5516.727	    0.040
5517.718	    0.038
5518.709	    0.040
5519.701	    0.019
5520.693	    0.021
5521.684	    0.010
5522.677	    0.025
5523.669	    0.007
5524.661	    0.036
5525.654	    0.031
5526.647	    0.029
5527.639	    0.013
5528.633	    0.015
5529.626	    0.025
5530.619	    0.040
5531.613	    0.040
5532.607	    0.034
5533.601	    0.039
5534.595	    0.018
5535.589	    0.031
5536.584	    0.045
5537.579	    0.048
5538.574	    0.033
5539.569	    0.043
5540.564	    0.051
5541.559	    0.037
5542.555	    0.029
5543.551	    0.042
5544.547	    0.034
5545.543	    0.042
5546.539	    0.057
5547.536	    0.039
5548.533	    0.034
5549.529	    0.035
5550.527	    0.025
5551.524	    0.040
5552.521	    0.039
5553.519	    0.042
5554.517	    0.040
5555.514	    0.016
5556.513	    0.024
5557.511	    0.037
5558.509	    0.034
5559.508	    0.043
5560.507	    0.040
5561.506	    0.024
5562.505	    0.013
5563.505	    0.016
5564.504	    0.039
5565.504	    0.043
5566.504	    0.044
5567.504	    0.033
5568.504	    0.043
5569.505	    0.050
5570.505	    0.045
5571.506	    0.027
5572.507	    0.031
5573.508	    0.015
5574.510	    0.033
5575.511	    0.039
5576.513	    0.024
5577.515	    0.065
5578.517	    0.051
5579.519	    0.032
5580.522	    0.050
5581.524	    0.062
5582.527	    0.061
5583.530	    0.059
5584.533	    0.055
5585.537	    0.051
5586.540	    0.041
5587.544	    0.041
5588.548	    0.050
5589.552	    0.055
5590.556	    0.053
5591.560	    0.049
5592.565	    0.051
5593.570	    0.045
5594.575	    0.031
5595.580	    0.031
5596.585	    0.043
5597.591	    0.048
5598.596	    0.045
5599.602	    0.044
5600.608	    0.053
5601.615	    0.059
5602.621	    0.050
5603.628	    0.033
5604.634	    0.037
5605.641	    0.037
5606.649	    0.040
5607.656	    0.049
5608.663	    0.045
5609.671	    0.039
5610.679	    0.043
5611.687	    0.049
5612.695	    0.045
5613.704	    0.045
5614.712	    0.047
5615.721	    0.050
5616.730	    0.056
5617.739	    0.051
5618.748	    0.048
5619.758	    0.046
5620.767	    0.055
5621.777	    0.059
5622.787	    0.045
5623.798	    0.035
5624.808	    0.038
5625.819	    0.034
5626.829	    0.045
5627.840	    0.053
5628.851	    0.053
5629.863	    0.049
5630.874	    0.049
5631.886	    0.049
5632.898	    0.060
5633.910	    0.060
5634.922	    0.061
5635.934	    0.069
5636.947	    0.066
5637.960	    0.061
5638.973	    0.059
5639.986	    0.064
5640.999	    0.063
5642.013	    0.066
5643.026	    0.070
5644.040	    0.078
5645.054	    0.071
5646.068	    0.064
5647.083	    0.062
5648.097	    0.061
5649.112	    0.065
5650.127	    0.071
5651.142	    0.069
5652.157	    0.066
5653.173	    0.072
5654.189	    0.068
5655.205	    0.077
5656.221	    0.077
5657.237	    0.075
5658.253	    0.061
5659.270	    0.065
5660.287	    0.070
5661.304	    0.059
5662.321	    0.070
5663.338	    0.061
5664.355	    0.064
5665.373	    0.065
5666.391	    0.067
5667.409	    0.060
5668.427	    0.070
5669.446	    0.067
5670.464	    0.072
5671.483	    0.074
5672.502	    0.079
5673.521	    0.077
5674.541	    0.071
5675.560	    0.071
5676.580	    0.070
5677.600	    0.072
5678.620	    0.068
5679.640	    0.075
5680.660	    0.076
5681.681	    0.077
5682.702	    0.077
5683.723	    0.083
5684.744	    0.083
5685.765	    0.071
5686.787	    0.069
5687.809	    0.078
5688.830	    0.080
5689.853	    0.079
5690.875	    0.081
5691.897	    0.078
5692.920	    0.082
5693.943	    0.088
5694.966	    0.089
5695.989	    0.085
5697.012	    0.082
5698.036	    0.082
5699.060	    0.085
5700.084	    0.085
5701.108	    0.084
5702.132	    0.089
5703.156	    0.090
5704.181	    0.090
5705.206	    0.091
5706.231	    0.089
5707.256	    0.087
5708.282	    0.078
5709.307	    0.075
5710.333	    0.082
5711.359	    0.093
5712.385	    0.092
5713.411	    0.095
5714.438	    0.092
5715.464	    0.089
5716.491	    0.088
5717.518	    0.086
5718.546	    0.090
5719.573	    0.091
5720.601	    0.090
5721.628	    0.091
5722.656	    0.098
5723.685	    0.096
5724.713	    0.093
5725.741	    0.098
5726.770	    0.099
5727.799	    0.086
5728.828	    0.098
5729.857	    0.094
5730.887	    0.096
5731.916	    0.091
5732.946	    0.086
5733.976	    0.095
5735.007	    0.089
5736.037	    0.094
5737.067	    0.094
5738.098	    0.105
5739.129	    0.099
5740.160	    0.092
5741.192	    0.094
5742.223	    0.097
5743.255	    0.097
5744.287	    0.097
5745.319	    0.101
5746.351	    0.100
5747.383	    0.096
5748.416	    0.091
5749.449	    0.095
5750.482	    0.095
5751.515	    0.098
5752.548	    0.098
5753.582	    0.098
5754.615	    0.095
5755.649	    0.093
5756.683	    0.093
5757.718	    0.090
5758.752	    0.087
5759.787	    0.094
5760.822	    0.093
5761.857	    0.098
5762.892	    0.099
5763.927	    0.101
5764.963	    0.098
5765.999	    0.102
5767.035	    0.099
5768.071	    0.094
5769.107	    0.103
5770.143	    0.088
5771.180	    0.083
5772.217	    0.099
5773.254	    0.099
5774.291	    0.099
5775.329	    0.102
5776.366	    0.101
5777.404	    0.097
5778.442	    0.104
5779.480	    0.104
5780.519	    0.101
5781.557	    0.100
5782.596	    0.099
5783.635	    0.095
5784.674	    0.092
5785.713	    0.095
5786.753	    0.092
5787.793	    0.094
5788.832	    0.097
5789.873	    0.093
5790.913	    0.096
5791.953	    0.097
5792.994	    0.092
5794.035	    0.099
5795.076	    0.101
5796.117	    0.094
5797.158	    0.091
5798.200	    0.092
5799.241	    0.098
5800.283	    0.094
5801.325	    0.095
5802.368	    0.091
5803.410	    0.096
5804.453	    0.100
5805.496	    0.100
5806.539	    0.105
5807.582	    0.097
5808.625	    0.096
5809.669	    0.097
5810.713	    0.095
5811.757	    0.098
5812.801	    0.092
5813.845	    0.089
5814.890	    0.086
5815.935	    0.084
5816.980	    0.087
5818.025	    0.095
5819.070	    0.099
5820.115	    0.094
5821.161	    0.088
5822.207	    0.086
5823.253	    0.084
5824.299	    0.086
5825.346	    0.084
5826.392	    0.087
5827.439	    0.085
5828.486	    0.087
5829.533	    0.086
5830.581	    0.090
5831.628	    0.087
5832.676	    0.087
5833.724	    0.087
5834.772	    0.088
5835.820	    0.088
5836.869	    0.091
5837.917	    0.089
5838.966	    0.080
5840.015	    0.083
5841.065	    0.097
5842.114	    0.106
5843.164	    0.101
5844.213	    0.093
5845.263	    0.093
5846.314	    0.094
5847.364	    0.088
5848.415	    0.086
5849.465	    0.085
5850.516	    0.085
5851.567	    0.081
5852.619	    0.079
5853.670	    0.087
5854.722	    0.086
5855.774	    0.086
5856.826	    0.081
5857.878	    0.082
5858.931	    0.085
5859.983	    0.080
5861.036	    0.085
5862.089	    0.087
5863.142	    0.088
5864.196	    0.087
5865.249	    0.076
5866.303	    0.066
5867.357	    0.061
5868.411	    0.065
5869.466	    0.064
5870.520	    0.062
5871.575	    0.067
5872.630	    0.072
5873.685	    0.072
5874.740	    0.072
5875.796	    0.068
5876.851	    0.064
5877.907	    0.067
5878.963	    0.069
5880.019	    0.071
5881.076	    0.070
5882.133	    0.070
5883.189	    0.068
5884.246	    0.065
5885.304	    0.063
5886.361	    0.065
5887.419	    0.083
5888.476	    0.095
5889.534	    0.093
5890.592	    0.087
5891.651	    0.079
5892.709	    0.075
5893.768	    0.083
5894.827	    0.086
5895.886	    0.084
5896.945	    0.083
5898.005	    0.075
5899.064	    0.066
5900.124	    0.065
5901.184	    0.070
5902.245	    0.068
5903.305	    0.062
5904.366	    0.061
5905.426	    0.058
5906.487	    0.051
5907.549	    0.056
5908.610	    0.056
5909.671	    0.061
5910.733	    0.064
5911.795	    0.060
5912.857	    0.064
5913.920	    0.063
5914.982	    0.061
5916.045	    0.066
5917.108	    0.061
5918.171	    0.052
5919.234	    0.053
5920.298	    0.052
5921.361	    0.056
5922.425	    0.049
5923.489	    0.033
5924.554	    0.045
5925.618	    0.054
5926.683	    0.046
5927.747	    0.021
5928.812	    0.021
5929.878	    0.042
5930.943	    0.053
5962.994	    0.024
5964.065	    0.010
5965.137	    0.031
5966.209	    0.033
5967.280	    0.022
5968.353	    0.016
5969.425	    0.010
5970.497	    0.032
5971.570	    0.013
5972.643	    0.019
5973.716	    0.015
5974.789	    0.018
5975.863	    0.024
5976.936	    0.019
5978.010	    0.022
5979.084	    0.021
5980.158	    0.015
5981.233	    0.021
5982.308	    0.033
5983.382	    0.023
5984.457	    0.019
5985.533	    0.015
5986.608	    0.033
5987.684	    0.040
5988.759	    0.016
5989.835	    0.027
5990.911	    0.023
5991.988	    0.023
5993.064	    0.033
5994.141	    0.032
5995.218	    0.038
5996.295	    0.037
5997.372	    0.032
5998.450	    0.030
5999.528	    0.034
6000.606	    0.050
6001.684	    0.049
6002.762	    0.021
6003.840	    0.030
6004.919	    0.042
6005.998	    0.022
6007.077	    0.037
6008.156	    0.037
6009.236	    0.034
6010.315	    0.040
6011.395	    0.046
6012.475	    0.034
6013.556	    0.007
6014.636	    0.007
6015.717	    0.038
6016.797	    0.019
6017.878	    0.013
6018.960	    0.030
6020.041	    0.043
6021.123	    0.037
6022.204	    0.034
6023.286	    0.027
6024.369	    0.032
6025.451	    0.023
6026.534	    0.028
6027.616	    0.053
6028.699	    0.059
6029.782	    0.048
6030.866	    0.034
6031.949	    0.055
6033.033	    0.062
6034.117	    0.044
6035.201	    0.034
6036.285	    0.007
6037.370	    0.024
6038.455	    0.047
6039.539	    0.041
6040.625	    0.042
6041.710	    0.048
6042.795	    0.038
6043.881	    0.042
6044.967	    0.054
6046.053	    0.048
6047.139	    0.031
6048.226	    0.031
6049.312	    0.042
6050.399	    0.039
6051.486	    0.039
6052.573	    0.045
6053.661	    0.048
6054.749	    0.054
6055.836	    0.054
6056.924	    0.056
6058.013	    0.057
6059.101	    0.055
6060.190	    0.057
6061.278	    0.065
6062.367	    0.060
6063.457	    0.059
6064.546	    0.061
6065.636	    0.054
6066.725	    0.037
6067.815	    0.032
6068.906	    0.045
6069.996	    0.023
6071.086	    0.047
6072.177	    0.065
6073.268	    0.056
6074.359	    0.054
6075.451	    0.032
6076.542	    0.021
6077.634	    0.049
6078.726	    0.051
6079.818	    0.045
6080.910	    0.051
6082.003	    0.053
6083.096	    0.059
6084.189	    0.076
6085.282	    0.074
6086.375	    0.064
6087.468	    0.062
6088.562	    0.063
6089.656	    0.072
6090.750	    0.068
6091.844	    0.070
6092.939	    0.081
6094.034	    0.074
6095.129	    0.059
6096.224	    0.072
6097.319	    0.081
6098.414	    0.084
6099.510	    0.083
6100.606	    0.078
6101.702	    0.067
6102.798	    0.056
6103.895	    0.059
6104.991	    0.049
6106.088	    0.059
6107.185	    0.053
6108.282	    0.041
6109.380	    0.057
6110.478	    0.047
6111.575	    0.059
6112.673	    0.061
6113.772	    0.050
6114.870	    0.032
6115.969	    0.046
6117.068	    0.048
6118.167	    0.048
6119.266	    0.045
6120.365	    0.036
6121.465	    0.046
6122.565	    0.007
6123.665	    0.042
6124.765	    0.037
6125.865	    0.022
6126.966	    0.024
6128.067	    0.040
6129.168	    0.047
6130.269	    0.046
6131.370	    0.042
6132.472	    0.041
6133.574	    0.043
6134.676	    0.049
6135.778	    0.053
6136.880	    0.058
6137.983	    0.063
6139.086	    0.068
6140.189	    0.074
6141.292	    0.080
6142.395	    0.086
6143.499	    0.090
6144.602	    0.093
6145.706	    0.096
6146.811	    0.086
6147.915	    0.083
6149.020	    0.082
6150.124	    0.087
6151.229	    0.091
6152.334	    0.089
6153.440	    0.094
6154.545	    0.099
6155.651	    0.095
6156.757	    0.092
6157.863	    0.090
6158.970	    0.085
6160.076	    0.083
6164.504	    0.086
6165.612	    0.091
6166.720	    0.091
6167.828	    0.092
6168.936	    0.091
6170.044	    0.090
6171.153	    0.089
6172.261	    0.088
6173.370	    0.091
6174.479	    0.094
6175.589	    0.094
6176.698	    0.092
6177.808	    0.087
6178.918	    0.087
6180.028	    0.091
6181.138	    0.087
6182.249	    0.087
6183.360	    0.085
6184.471	    0.089
6185.582	    0.098
6186.693	    0.100
6187.805	    0.103
6188.916	    0.093
6190.028	    0.095
6191.140	    0.093
6192.253	    0.094
6193.365	    0.098
6194.478	    0.092
6195.591	    0.088
6196.704	    0.085
6197.817	    0.086
6198.931	    0.094
6200.045	    0.089
6201.159	    0.105
6202.273	    0.099
6203.387	    0.087
6204.502	    0.095
6205.616	    0.101
6206.731	    0.098
6207.846	    0.103
6208.962	    0.099
6210.077	    0.096
6211.193	    0.100
6212.309	    0.097
6213.425	    0.097
6214.541	    0.100
6215.658	    0.098
6216.775	    0.081
6217.892	    0.086
6219.009	    0.087
6220.126	    0.088
6221.244	    0.078
6222.361	    0.077
6223.479	    0.087
6224.597	    0.089
6225.716	    0.079
6226.834	    0.083
6227.953	    0.090
6229.072	    0.081
6230.191	    0.083
6231.310	    0.075
6232.430	    0.086
6233.550	    0.098
6234.670	    0.085
6235.790	    0.083
6236.910	    0.083
6238.031	    0.080
6239.152	    0.089
6240.272	    0.087
6241.394	    0.093
6242.515	    0.095
6243.637	    0.090
6244.758	    0.091
6245.880	    0.087
6247.002	    0.085
6248.125	    0.086
6249.247	    0.083
6250.370	    0.081
6251.493	    0.090
6252.616	    0.090
6253.740	    0.091
6254.863	    0.093
6255.987	    0.096
6257.111	    0.096
6258.235	    0.091
6259.360	    0.085
6260.484	    0.081
6261.609	    0.081
6262.734	    0.082
6263.859	    0.085
6264.985	    0.088
6266.110	    0.087
6267.236	    0.083
6268.362	    0.080
6269.488	    0.079
6270.615	    0.079
6271.741	    0.079
6272.868	    0.079
6273.995	    0.080
6275.122	    0.081
6276.250	    0.084
6277.377	    0.088
6278.505	    0.093
6279.633	    0.097
6280.761	    0.097
6281.890	    0.096
6283.018	    0.094
6284.147	    0.094
6285.276	    0.095
6286.406	    0.094
6287.535	    0.093
6288.665	    0.091
6289.795	    0.091
6290.925	    0.090
6292.055	    0.089
6293.185	    0.091
6294.316	    0.095
6295.447	    0.100
6296.578	    0.102
6297.709	    0.100
6298.841	    0.094
6299.972	    0.089
6301.104	    0.092
6302.236	    0.087
6303.369	    0.079
6304.501	    0.083
6305.634	    0.080
6306.767	    0.083
6307.900	    0.090
6309.033	    0.077
6310.167	    0.082
6311.300	    0.078
6312.434	    0.080
6313.568	    0.093
6314.703	    0.098
6315.837	    0.094
6316.972	    0.087
6318.107	    0.085
6319.242	    0.084
6320.377	    0.083
6321.513	    0.080
6322.649	    0.085
6323.785	    0.083
6324.921	    0.085
6326.057	    0.091
6327.194	    0.089
6328.331	    0.087
6329.468	    0.084
6330.605	    0.090
6331.742	    0.093
6332.880	    0.086
6334.017	    0.085
6335.155	    0.091
6336.294	    0.092
6337.432	    0.092
6338.571	    0.090
6339.710	    0.088
6340.849	    0.093
6341.988	    0.084
6343.127	    0.070
6344.267	    0.068
6345.407	    0.073
6346.547	    0.078
6347.687	    0.064
6348.827	    0.043
6349.968	    0.037
6351.109	    0.037
6352.250	    0.046
6353.391	    0.056
6354.533	    0.062
6355.674	    0.072
6356.816	    0.086
6357.958	    0.091
6359.101	    0.091
6360.243	    0.089
6361.386	    0.092
6362.529	    0.096
6363.672	    0.105
6364.815	    0.120
6365.959	    0.134
6367.103	    0.141
6368.247	    0.134
6369.391	    0.108
6370.535	    0.093
6371.680	    0.085
6372.824	    0.073
6373.969	    0.068
6375.115	    0.070
6376.260	    0.079
6377.406	    0.087
6378.551	    0.088
6379.697	    0.077
6380.844	    0.065
6381.990	    0.070
6383.137	    0.082
6384.283	    0.079
6385.430	    0.076
6386.578	    0.070
6387.725	    0.069
6388.873	    0.076
6390.021	    0.072
6391.169	    0.076
6392.317	    0.078
6393.465	    0.084
6394.614	    0.090
6395.763	    0.091
6396.912	    0.080
6398.061	    0.076
6399.211	    0.081
6400.361	    0.077
6401.511	    0.079
6402.661	    0.081
6403.811	    0.070
6404.962	    0.062
6406.112	    0.067
6407.263	    0.072
6408.414	    0.075
6409.566	    0.078
6410.717	    0.077
6411.869	    0.075
6413.021	    0.074
6414.173	    0.077
6415.326	    0.074
6416.478	    0.068
6417.631	    0.064
6418.784	    0.061
6419.937	    0.059
6421.091	    0.066
6422.245	    0.065
6423.398	    0.059
6424.552	    0.062
6425.707	    0.069
6426.861	    0.068
6428.016	    0.068
6429.171	    0.072
6430.326	    0.079
6431.481	    0.090
6432.637	    0.088
6433.792	    0.078
6434.948	    0.072
6436.104	    0.071
6437.261	    0.071
6438.417	    0.072
6439.574	    0.072
6440.731	    0.068
6441.888	    0.060
6443.046	    0.051
6444.203	    0.062
6445.361	    0.075
6446.519	    0.079
6447.677	    0.077
6448.836	    0.072
6449.994	    0.071
6451.153	    0.066
6452.312	    0.061
6453.471	    0.065
6454.631	    0.064
6455.791	    0.066
6456.950	    0.076
6458.111	    0.073
6459.271	    0.072
6460.431	    0.075
6461.592	    0.066
6462.753	    0.051
6463.914	    0.045
6465.075	    0.057
6466.237	    0.066
6467.399	    0.064
6468.561	    0.053
6469.723	    0.054
6470.885	    0.060
6472.048	    0.048
6473.211	    0.050
6474.374	    0.010
6475.537	    0.036
6476.700	    0.040
6477.864	    0.040
6479.028	    0.050
6480.192	    0.046
6481.356	    0.045
6482.521	    0.025
6483.685	    0.026
6484.850	    0.025
6486.015	    0.043
6487.181	    0.049
6488.346	    0.058
6489.512	    0.035
6490.678	    0.031
6491.844	    0.010
6493.010	    0.031
6494.177	    0.025
6495.344	    0.013
6496.511	    0.018
6497.678	    0.055
6498.845	    0.061
6500.013	    0.058
6501.181	    0.040
6502.349	    0.037
6503.517	    0.035
6504.685	    0.049
6505.854	    0.061
6507.023	    0.057
6508.192	    0.048
6509.361	    0.037
6510.531	    0.044
6511.700	    0.043
6512.870	    0.039
6514.041	    0.032
6515.211	    0.016
6516.381	    0.024
6517.552	    0.031
6518.723	    0.013
6519.894	    0.022
6521.066	    0.007
6522.237	    0.026
6523.409	    0.030
6524.581	    0.013
6525.753	    0.023
6526.926	    0.025
6528.099	    0.016
6529.271	    0.046
6530.445	    0.062
6531.618	    0.068
6532.791	    0.056
6533.965	    0.042
6535.139	    0.040
6536.313	    0.040
6537.487	    0.048
6538.662	    0.058
6539.837	    0.066
6541.012	    0.052
6542.187	    0.051
6543.362	    0.050
6544.538	    0.044
6545.714	    0.051
6546.890	    0.055
6548.066	    0.052
6549.243	    0.037
6550.419	    0.051
6551.596	    0.055
6552.773	    0.046
6553.950	    0.049
6555.128	    0.033
6556.306	    0.030
6557.484	    0.034
6558.662	    0.027
6559.840	    0.027
6561.019	    0.031
6562.198	    0.049
6563.377	    0.053
6564.556	    0.038
6565.735	    0.013
6566.915	    0.050
6568.095	    0.055
6569.275	    0.061
6570.455	    0.064
6571.635	    0.066
6572.816	    0.064
6573.997	    0.061
6575.178	    0.057
6576.359	    0.052
6577.541	    0.049
6578.723	    0.047
6579.905	    0.043
6581.087	    0.038
6582.269	    0.027
6583.452	    0.013
6584.635	    0.033
6585.818	    0.042
6587.001	    0.046
6588.184	    0.046
6589.368	    0.049
6590.552	    0.054
6591.736	    0.051
6592.920	    0.060
6594.105	    0.069
6595.290	    0.066
6596.475	    0.061
6597.660	    0.062
6598.845	    0.066
6600.031	    0.072
6601.216	    0.067
6602.402	    0.072
6603.589	    0.077
6604.775	    0.077
6605.962	    0.072
6607.149	    0.071
6608.336	    0.070
6609.523	    0.067
6610.710	    0.079
6611.898	    0.096
6613.086	    0.116
6614.274	    0.158
6615.463	    0.210
6616.651	    0.258
6617.840	    0.276
6619.029	    0.242
6620.218	    0.165
6621.408	    0.113
6622.597	    0.101
6623.787	    0.100
6624.977	    0.111
6626.167	    0.134
6627.358	    0.175
6628.549	    0.253
6629.740	    0.394
6630.931	    0.578
6632.122	    0.712
6633.314	    0.690
6634.505	    0.499
6635.697	    0.293
6636.890	    0.165
6638.082	    0.112
6639.275	    0.092
6640.467	    0.092
6641.660	    0.093
6642.854	    0.096
6644.047	    0.099
6645.241	    0.106
6646.435	    0.125
6647.629	    0.150
6648.823	    0.196
6650.018	    0.266
6651.213	    0.356
6652.408	    0.444
6653.603	    0.467
6654.798	    0.397
6655.994	    0.280
6657.190	    0.177
6658.386	    0.120
6659.582	    0.092
6660.779	    0.088
6661.975	    0.091
6663.172	    0.088
6664.369	    0.082
6665.567	    0.081
6666.764	    0.079
6667.962	    0.078
6669.160	    0.080
6670.358	    0.087
6671.557	    0.083
6672.755	    0.070
6673.954	    0.068
6675.153	    0.072
6676.353	    0.083
6677.552	    0.087
6678.752	    0.078
6679.952	    0.074
6681.152	    0.063
6682.352	    0.060
6683.553	    0.070
6684.754	    0.076
6685.955	    0.072
6687.156	    0.077
6688.357	    0.067
6689.559	    0.066
6690.761	    0.087
6691.963	    0.083
6693.165	    0.083
6694.368	    0.075
6695.571	    0.071
6696.774	    0.075
6697.977	    0.066
6699.180	    0.068
6700.384	    0.064
6701.588	    0.064
6702.792	    0.076
6703.996	    0.063
6705.200	    0.068
6706.405	    0.068
6707.610	    0.064
6708.815	    0.066
6710.020	    0.070
6711.226	    0.063
6712.432	    0.061
6713.638	    0.067
6714.844	    0.070
6716.050	    0.072
6717.257	    0.070
6718.464	    0.068
6719.671	    0.071
6720.878	    0.071
6722.086	    0.069
6723.293	    0.071
6724.501	    0.068
6725.710	    0.064
6726.918	    0.067
6728.127	    0.070
6729.335	    0.063
6730.544	    0.070
6731.754	    0.067
6732.963	    0.064
6734.173	    0.064
6735.383	    0.064
6736.593	    0.071
6737.803	    0.071
6739.014	    0.062
6740.224	    0.060
6741.435	    0.072
6742.647	    0.067
6743.858	    0.055
6745.070	    0.052
6751.131	    0.067
6752.344	    0.064
6753.557	    0.071
6754.771	    0.068
6755.984	    0.072
6757.198	    0.064
6758.412	    0.077
6759.626	    0.075
6760.841	    0.075
6762.055	    0.075
6763.270	    0.066
6764.485	    0.056
6765.701	    0.067
6766.916	    0.073
6768.132	    0.062
6769.348	    0.053
6770.564	    0.049
6771.781	    0.049
6772.997	    0.050
6774.214	    0.064
6775.431	    0.073
6776.649	    0.067
6777.866	    0.057
6779.084	    0.060
6780.302	    0.070
6781.520	    0.080
6782.738	    0.099
6783.957	    0.128
6785.176	    0.175
6786.395	    0.234
6787.614	    0.259
6788.834	    0.233
6790.053	    0.171
6791.273	    0.111
6792.494	    0.072
6793.714	    0.065
6794.935	    0.067
6796.155	    0.078
6797.376	    0.091
6798.598	    0.122
6799.819	    0.165
6801.041	    0.211
6802.263	    0.233
6803.485	    0.204
6804.707	    0.139
6805.930	    0.093
6807.153	    0.072
6808.376	    0.066
6809.599	    0.066
6810.822	    0.061
6812.046	    0.055
6813.270	    0.063
6814.494	    0.053
6815.718	    0.055
6816.943	    0.052
6818.168	    0.047
6819.392	    0.045
6820.618	    0.046
6821.843	    0.042
6823.069	    0.059
6824.295	    0.054
6825.521	    0.055
6826.747	    0.056
6827.974	    0.059
6829.200	    0.058
6830.427	    0.052
6831.654	    0.049
6832.882	    0.051
6834.109	    0.052
6835.337	    0.049
6836.565	    0.032
6837.794	    0.030
6839.022	    0.043
6840.251	    0.052
6841.480	    0.049
6842.709	    0.037
6843.938	    0.037
6845.168	    0.051
6846.398	    0.052
6847.628	    0.053
6848.858	    0.050
6850.089	    0.046
6851.319	    0.049
6852.550	    0.049
6853.782	    0.050
6855.013	    0.053
6856.245	    0.047
6857.476	    0.049
6858.708	    0.051
6859.941	    0.053
6861.173	    0.060
6862.406	    0.057
6863.639	    0.045
6864.872	    0.029
6866.105	    0.091
6867.339	    0.124
6868.573	    0.138
6869.807	    0.141
6871.041	    0.135
6872.276	    0.131
6873.510	    0.120
6874.745	    0.110
6875.980	    0.097
6877.216	    0.086
6878.451	    0.079
6879.687	    0.061
6880.923	    0.048
6882.159	    0.027
6883.396	    0.035
6884.633	    0.075
6885.870	    0.089
6887.107	    0.084
6888.344	    0.085
6889.582	    0.078
6890.820	    0.078
6892.058	    0.075
6893.296	    0.069
6894.534	    0.078
6895.773	    0.081
6897.012	    0.080
6898.251	    0.075
6899.490	    0.067
6900.730	    0.065
6901.970	    0.064
6903.210	    0.066
6904.450	    0.072
6905.691	    0.068
6906.931	    0.062
6908.172	    0.066
6909.413	    0.061
6910.655	    0.058
6911.896	    0.064
6913.138	    0.066
6914.380	    0.059
6915.623	    0.049
6916.865	    0.054
6918.108	    0.049
6919.351	    0.018
6920.594	    0.029
6921.837	    0.026
6923.081	    0.043
6924.325	    0.047
6925.569	    0.039
6926.813	    0.034
6928.058	    0.041
6929.302	    0.043
6930.547	    0.007
6931.792	    0.022
6933.038	    0.023
6934.284	    0.024
6935.529	    0.025
6936.775	    0.026
6938.022	    0.018
6939.268	    0.025
6940.515	    0.024
6941.762	    0.015
6943.009	    0.026
6944.257	    0.031
6945.504	    0.027
6946.752	    0.021
6948.000	    0.026
6949.248	    0.022
6950.497	    0.022
6951.746	    0.031
6952.995	    0.007
6954.244	    0.027
6955.493	    0.026
6956.743	    0.028
6957.993	    0.025
6959.243	    0.028
6960.493	    0.007
6961.744	    0.015
6962.995	    0.045
6964.246	    0.053
6965.497	    0.055
6966.748	    0.061
6968.000	    0.054
6969.252	    0.046
6970.504	    0.052
6971.756	    0.060
6973.009	    0.064
6974.262	    0.064
6975.515	    0.060
6976.768	    0.049
6978.022	    0.048
6979.275	    0.036
6980.529	    0.030
6981.783	    0.043
6983.038	    0.039
6984.292	    0.028
6985.547	    0.026
6986.802	    0.021
6988.058	    0.013
6989.313	    0.016
6990.569	    0.025
6991.825	    0.035
6993.081	    0.022
6994.337	    0.026
6995.594	    0.016
6996.851	    0.037
6998.108	    0.023
6999.365	    0.023
7000.623	    0.027
7001.881	    0.036
7003.139	    0.015
7004.397	    0.021
7005.655	    0.026
7006.914	    0.018
7008.173	    0.026
7009.432	    0.021
7010.691	    0.019
7011.951	    0.029
7013.211	    0.029
7014.471	    0.032
7015.731	    0.042
7016.991	    0.019
7018.252	    0.007
7019.513	    0.016
7020.774	    0.040
7022.036	    0.035
7023.297	    0.016
7024.559	    0.007
7025.821	    0.023
7027.083	    0.042
7028.346	    0.037
7029.609	    0.028
7030.872	    0.044
7032.135	    0.030
7033.398	    0.028
7034.662	    0.042
7035.926	    0.039
7037.190	    0.025
7038.454	    0.022
7039.719	    0.022
7040.984	    0.021
7042.249	    0.016
7043.514	    0.030
7044.779	    0.037
7046.045	    0.040
7047.311	    0.026
7048.577	    0.018
7049.844	    0.031
7051.110	    0.030
7052.377	    0.034
7053.644	    0.046
7054.911	    0.062
7056.179	    0.049
7057.447	    0.032
7058.715	    0.033
7059.983	    0.038
7061.251	    0.034
7062.520	    0.028
7063.789	    0.016
7065.058	    0.007
7066.327	    0.037
7067.597	    0.037
7068.867	    0.022
7070.137	    0.040
7071.407	    0.044
7072.677	    0.027
7073.948	    0.027
7075.219	    0.007
7076.490	    0.024
7077.762	    0.024
7079.033	    0.025
7080.305	    0.042
7081.577	    0.047
7082.850	    0.034
7084.122	    0.031
7085.395	    0.029
7086.668	    0.016
7087.941	    0.040
7089.214	    0.048
7090.488	    0.032
7091.762	    0.015
7093.036	    0.016
7094.311	    0.024
7095.585	    0.024
7096.860	    0.026
7098.135	    0.034
7099.410	    0.032
7100.686	    0.040
7101.962	    0.033
7103.238	    0.007
7104.514	    0.028
7105.790	    0.010
7107.067	    0.033
7108.344	    0.039
7109.621	    0.035
7110.898	    0.047
7112.176	    0.046
7113.454	    0.046
7114.732	    0.040
7116.010	    0.033
7117.288	    0.055
7118.567	    0.042
7119.846	    0.013
7121.125	    0.023
7122.405	    0.010
7123.684	    0.036
7124.964	    0.037
7126.244	    0.022
7127.525	    0.033
7128.805	    0.022
7130.086	    0.016
7131.367	    0.015
7132.648	    0.018
7133.930	    0.033
7135.212	    0.041
7136.494	    0.026
7137.776	    0.023
7139.058	    0.034
7140.341	    0.033
7141.624	    0.019
7142.907	    0.031
7144.190	    0.036
7145.474	    0.025
7146.757	    0.022
7148.041	    0.023
7149.326	    0.024
7150.610	    0.046
7151.895	    0.034
7153.180	    0.007
7154.465	    0.025
7155.750	    0.032
7160.894	    0.035
7162.181	    0.052
7163.468	    0.060
7164.755	    0.037
7166.042	    0.022
7167.329	    0.046
7168.617	    0.064
7169.905	    0.072
7171.193	    0.086
7172.482	    0.091
7173.770	    0.091
7175.059	    0.090
7176.348	    0.094
7177.638	    0.086
7178.927	    0.082
7180.217	    0.081
7181.507	    0.093
7182.797	    0.107
7184.088	    0.117
7185.379	    0.122
7186.670	    0.108
7187.961	    0.088
7189.252	    0.082
7190.544	    0.098
7191.836	    0.108
7193.128	    0.107
7194.420	    0.093
7195.713	    0.082
7197.006	    0.086
7198.299	    0.102
7199.592	    0.106
7200.885	    0.102
7202.179	    0.100
7203.473	    0.097
7204.767	    0.097
7206.062	    0.086
7207.356	    0.073
7208.651	    0.063
7209.947	    0.058
7211.242	    0.043
7212.538	    0.037
7213.833	    0.049
7215.129	    0.061
7216.426	    0.059
7217.722	    0.053
7219.019	    0.062
7220.316	    0.055
7221.613	    0.067
7222.911	    0.064
7224.208	    0.057
7225.506	    0.062
7226.805	    0.061
7228.103	    0.067
7229.402	    0.064
7230.700	    0.089
7232.000	    0.107
7233.299	    0.113
7234.599	    0.104
7235.898	    0.094
7237.198	    0.088
7238.499	    0.088
7239.799	    0.091
7241.100	    0.091
7242.401	    0.091
7243.702	    0.094
7245.003	    0.093
7246.305	    0.084
7247.607	    0.081
7248.909	    0.080
7250.212	    0.093
7251.514	    0.106
7252.817	    0.100
7254.120	    0.088
7255.423	    0.077
7256.727	    0.083
7258.031	    0.087
7259.335	    0.090
7260.639	    0.096
7261.943	    0.096
7263.248	    0.100
7264.553	    0.101
7265.858	    0.088
7267.164	    0.071
7268.469	    0.078
7269.775	    0.095
7271.081	    0.091
7272.388	    0.093
7273.694	    0.097
7275.001	    0.106
7276.308	    0.106
7277.616	    0.103
7278.923	    0.092
7280.231	    0.081
7281.539	    0.073
7282.847	    0.060
7284.156	    0.052
7285.464	    0.070
7286.773	    0.090
7288.082	    0.102
7289.392	    0.103
7290.701	    0.103
7292.011	    0.089
7293.321	    0.075
7294.632	    0.078
7295.942	    0.078
7297.253	    0.078
7298.564	    0.082
7299.876	    0.086
7301.187	    0.100
7302.499	    0.103
7303.811	    0.092
7305.123	    0.075
7306.436	    0.073
7307.748	    0.082
7309.061	    0.085
7310.374	    0.078
7311.688	    0.066
7313.002	    0.068
7314.315	    0.075
7315.630	    0.081
7316.944	    0.083
7318.259	    0.080
7319.573	    0.069
7320.888	    0.061
7322.204	    0.066
7323.519	    0.068
7324.835	    0.069
7326.151	    0.070
7327.467	    0.039
7328.784	    0.042
7330.101	    0.068
