wlen 	 newgal_spectrum 
  4176.646 	      0.089
  4177.397 	      0.081
  4178.147 	      0.073
  4178.898 	      0.064
  4179.649 	      0.055
  4180.400 	      0.047
  4181.151 	      0.041
  4181.902 	      0.035
  4182.653 	      0.031
  4183.405 	      0.030
  4184.157 	      0.034
  4184.908 	      0.041
  4185.660 	      0.052
  4186.412 	      0.062
  4187.164 	      0.064
  4187.917 	      0.055
  4188.669 	      0.025
  4189.422 	      0.013
  4190.174 	     -0.008
  4190.927 	     -0.043
  4191.680 	     -0.025
  4192.433 	     -0.024
  4193.186 	     -0.022
  4193.940 	     -0.016
  4194.693 	      0.035
  4195.447 	      0.018
  4196.201 	      0.004
  4196.955 	      0.018
  4197.709 	     -0.024
  4198.463 	     -0.001
  4199.217 	      0.021
  4199.972 	      0.014
  4200.726 	      0.010
  4201.481 	      0.016
  4202.236 	      0.020
  4202.991 	      0.011
  4203.746 	      0.029
  4204.501 	      0.030
  4205.257 	      0.031
  4206.012 	      0.037
  4206.768 	      0.039
  4207.524 	      0.014
  4208.280 	     -0.009
  4209.036 	     -0.011
  4209.792 	     -0.006
  4210.548 	      0.008
  4211.305 	      0.023
  4212.061 	      0.035
  4212.818 	      0.020
  4213.575 	      0.008
  4214.332 	     -0.001
  4215.089 	     -0.010
  4215.846 	      0.000
  4216.604 	      0.020
  4217.361 	      0.019
  4218.119 	     -0.023
  4218.877 	     -0.008
  4219.635 	      0.005
  4220.393 	      0.008
  4221.151 	     -0.012
  4221.910 	     -0.013
  4222.668 	     -0.003
  4223.427 	     -0.003
  4224.186 	     -0.025
  4224.945 	      0.007
  4225.704 	      0.009
  4226.463 	      0.005
  4227.222 	     -0.006
  4227.982 	      0.019
  4228.741 	      0.040
  4229.501 	      0.045
  4230.261 	      0.029
  4231.021 	     -0.019
  4231.781 	      0.020
  4232.542 	      0.038
  4233.302 	      0.028
  4234.063 	      0.008
  4234.823 	      0.033
  4235.584 	      0.037
  4236.345 	      0.021
  4237.106 	      0.035
  4237.868 	      0.017
  4238.629 	      0.011
  4239.390 	      0.015
  4240.152 	      0.027
  4240.914 	      0.024
  4241.676 	      0.019
  4242.438 	      0.009
  4243.200 	     -0.015
  4243.963 	      0.019
  4244.725 	      0.036
  4245.488 	      0.040
  4246.250 	      0.009
  4247.013 	      0.017
  4247.776 	      0.035
  4248.540 	      0.051
  4249.303 	      0.059
  4250.066 	      0.110
  4250.830 	      0.069
  4251.594 	      0.021
  4252.357 	      0.007
  4253.121 	      0.076
  4253.886 	      0.081
  4254.650 	      0.076
  4255.414 	      0.070
  4256.179 	      0.032
  4256.944 	      0.014
  4257.708 	      0.014
  4258.473 	      0.037
  4259.238 	      0.032
  4260.004 	      0.031
  4260.769 	      0.040
  4261.535 	      0.058
  4262.300 	      0.092
  4263.066 	     -0.001
  4263.832 	      0.000
  4264.598 	      0.053
  4265.364 	      0.061
  4266.130 	      0.063
  4266.897 	      0.052
  4267.664 	      0.040
  4268.430 	      0.045
  4269.197 	      0.005
  4269.964 	      0.021
  4270.731 	      0.024
  4271.499 	     -0.041
  4272.266 	      0.049
  4273.034 	      0.046
  4273.801 	      0.032
  4274.569 	      0.024
  4275.337 	      0.037
  4276.105 	      0.045
  4276.874 	      0.055
  4277.642 	      0.062
  4278.411 	      0.013
  4279.179 	      0.032
  4279.948 	      0.059
  4280.717 	      0.086
  4281.486 	      0.075
  4282.255 	      0.078
  4283.025 	      0.068
  4283.794 	      0.049
  4284.564 	      0.020
  4285.334 	      0.054
  4286.104 	      0.073
  4286.874 	      0.083
  4287.644 	      0.078
  4288.414 	      0.010
  4289.185 	      0.034
  4289.955 	      0.054
  4290.726 	      0.063
  4291.497 	      0.055
  4292.268 	      0.057
  4293.039 	      0.064
  4293.811 	      0.065
  4294.582 	      0.006
  4295.354 	      0.037
  4296.125 	      0.060
  4296.897 	      0.077
  4297.669 	      0.077
  4298.441 	      0.072
  4299.214 	      0.064
  4299.986 	      0.059
  4300.759 	      0.060
  4301.531 	      0.005
  4302.304 	      0.003
  4303.077 	      0.024
  4303.850 	      0.057
  4304.623 	      0.038
  4305.397 	      0.062
  4306.170 	      0.067
  4306.944 	      0.061
  4307.718 	      0.053
  4308.492 	      0.077
  4309.266 	      0.099
  4310.040 	      0.117
  4310.814 	      0.122
  4311.589 	      0.143
  4312.364 	      0.095
  4313.138 	      0.053
  4313.913 	      0.024
  4314.688 	      0.024
  4315.464 	      0.037
  4316.239 	      0.045
  4317.014 	      0.045
  4317.790 	      0.023
  4318.566 	      0.054
  4319.342 	      0.089
  4320.118 	      0.102
  4320.894 	      0.076
  4321.670 	      0.076
  4322.447 	      0.049
  4323.223 	      0.047
  4324.000 	      0.066
  4324.777 	      0.064
  4325.554 	      0.101
  4326.331 	      0.117
  4327.108 	      0.119
  4327.886 	      0.105
  4328.663 	      0.060
  4329.441 	      0.048
  4330.219 	      0.037
  4330.997 	      0.021
  4331.775 	      0.018
  4332.553 	      0.069
  4333.332 	      0.066
  4334.110 	      0.042
  4334.889 	      0.092
  4335.668 	      0.022
  4336.447 	      0.045
  4337.226 	      0.076
  4338.005 	      0.074
  4338.784 	      0.089
  4339.564 	      0.099
  4340.344 	      0.073
  4341.123 	      0.022
  4341.903 	      0.033
  4342.683 	      0.020
  4343.464 	      0.029
  4344.244 	      0.041
  4345.024 	      0.037
  4345.805 	      0.037
  4346.586 	      0.028
  4347.367 	      0.012
  4348.148 	     -0.008
  4348.929 	      0.011
  4349.710 	      0.035
  4350.492 	      0.026
  4351.274 	      0.010
  4352.055 	      0.012
  4352.837 	      0.021
  4353.619 	      0.009
  4354.402 	     -0.003
  4355.184 	     -0.007
  4355.966 	      0.053
  4356.749 	      0.105
  4357.532 	      0.102
  4358.315 	      0.080
  4359.098 	      0.094
  4359.881 	      0.088
  4360.664 	      0.088
  4361.448 	      0.092
  4362.231 	      0.102
  4363.015 	      0.095
  4363.799 	      0.138
  4364.583 	      0.137
  4365.367 	      0.109
  4366.151 	      0.065
  4366.936 	      0.071
  4367.720 	      0.070
  4368.505 	      0.086
  4369.290 	      0.114
  4370.075 	      0.055
  4370.860 	      0.113
  4371.645 	      0.082
  4372.431 	      0.037
  4373.216 	      0.086
  4374.002 	      0.046
  4374.788 	      0.059
  4375.574 	      0.099
  4376.360 	      0.146
  4377.146 	      0.099
  4377.933 	      0.090
  4378.719 	      0.091
  4390.535 	      0.097
  4391.324 	      0.079
  4392.113 	      0.064
  4392.902 	      0.063
  4393.691 	      0.064
  4394.480 	      0.063
  4395.270 	      0.084
  4396.059 	      0.086
  4396.849 	      0.087
  4397.639 	      0.087
  4398.429 	      0.084
  4399.220 	      0.036
  4400.010 	      0.044
  4400.801 	      0.061
  4401.591 	      0.083
  4402.382 	      0.110
  4403.173 	      0.056
  4403.964 	      0.077
  4404.755 	      0.095
  4405.547 	      0.089
  4406.338 	      0.154
  4407.130 	      0.081
  4407.922 	      0.089
  4408.714 	      0.131
  4409.506 	      0.170
  4410.298 	      0.124
  4411.090 	      0.075
  4411.883 	      0.073
  4412.675 	      0.098
  4413.468 	      0.075
  4414.261 	      0.087
  4415.054 	      0.086
  4415.848 	      0.078
  4416.641 	      0.062
  4417.434 	      0.013
  4418.228 	      0.040
  4419.022 	      0.067
  4419.816 	      0.087
  4420.610 	      0.091
  4421.404 	      0.100
  4422.199 	      0.087
  4422.993 	      0.075
  4423.788 	      0.067
  4424.583 	      0.054
  4425.377 	      0.035
  4426.173 	      0.020
  4426.968 	      0.023
  4427.763 	      0.036
  4428.559 	      0.033
  4429.354 	      0.011
  4430.150 	     -0.006
  4430.946 	     -0.017
  4431.742 	     -0.015
  4432.538 	      0.014
  4433.335 	      0.013
  4434.131 	      0.021
  4434.928 	      0.026
  4435.725 	      0.019
  4436.522 	      0.031
  4437.319 	      0.040
  4438.116 	      0.022
  4438.913 	     -0.001
  4439.711 	      0.004
  4440.509 	      0.006
  4441.306 	      0.034
  4442.104 	      0.041
  4442.902 	      0.031
  4443.701 	      0.010
  4444.499 	      0.030
  4445.298 	      0.052
  4446.096 	      0.053
  4446.895 	      0.032
  4447.694 	     -0.002
  4448.493 	     -0.007
  4449.292 	     -0.020
  4450.092 	     -0.008
  4450.891 	      0.029
  4451.691 	      0.015
  4452.491 	      0.036
  4453.291 	      0.024
  4454.091 	      0.023
  4454.891 	      0.052
  4455.691 	      0.039
  4456.492 	      0.037
  4457.293 	      0.022
  4458.093 	      0.015
  4458.894 	      0.032
  4459.695 	      0.040
  4460.497 	      0.030
  4461.298 	      0.029
  4462.100 	      0.025
  4462.901 	      0.005
  4463.703 	      0.008
  4464.505 	     -0.001
  4465.307 	     -0.002
  4466.109 	      0.003
  4466.912 	      0.013
  4467.714 	      0.024
  4468.517 	      0.018
  4469.320 	      0.011
  4470.123 	      0.003
  4470.926 	     -0.007
  4471.729 	     -0.021
  4472.533 	     -0.033
  4473.336 	     -0.038
  4474.140 	     -0.037
  4474.944 	     -0.035
  4475.748 	     -0.031
  4476.552 	     -0.026
  4477.356 	     -0.022
  4478.161 	     -0.018
  4478.965 	     -0.013
  4479.770 	     -0.005
  4480.575 	      0.005
  4481.380 	      0.013
  4482.185 	      0.016
  4482.990 	      0.012
  4483.796 	      0.005
  4484.601 	     -0.004
  4485.407 	     -0.009
  4486.213 	     -0.008
  4487.019 	     -0.001
  4487.825 	      0.011
  4488.631 	      0.024
  4489.438 	      0.033
  4490.244 	      0.033
  4491.051 	      0.029
  4491.858 	      0.023
  4492.665 	      0.019
  4493.472 	      0.018
  4494.280 	      0.020
  4495.087 	      0.024
  4495.895 	      0.060
  4496.702 	      0.049
  4497.510 	      0.037
  4498.318 	      0.020
  4499.127 	     -0.022
  4499.935 	     -0.004
  4500.743 	     -0.006
  4501.552 	     -0.009
  4502.361 	     -0.014
  4503.170 	     -0.021
  4503.979 	     -0.007
  4504.788 	      0.003
  4505.597 	     -0.004
  4506.407 	     -0.012
  4507.216 	     -0.002
  4508.026 	     -0.012
  4508.836 	      0.028
  4509.646 	      0.051
  4510.456 	      0.051
  4511.267 	      0.027
  4512.077 	     -0.024
  4512.888 	     -0.024
  4513.699 	     -0.000
  4514.510 	      0.026
  4515.321 	      0.040
  4516.132 	      0.023
  4516.943 	      0.030
  4517.755 	      0.046
  4518.567 	      0.061
  4519.379 	      0.073
  4520.191 	      0.087
  4521.003 	      0.065
  4521.815 	      0.047
  4522.627 	      0.036
  4523.440 	      0.027
  4524.253 	      0.004
  4525.065 	      0.018
  4525.878 	      0.047
  4526.692 	      0.063
  4527.505 	      0.056
  4528.318 	      0.039
  4529.132 	      0.013
  4529.946 	      0.003
  4530.759 	     -0.008
  4531.573 	     -0.007
  4532.388 	      0.019
  4533.202 	      0.063
  4534.016 	      0.049
  4534.831 	      0.047
  4535.646 	      0.045
  4536.461 	      0.037
  4537.276 	      0.041
  4538.091 	      0.027
  4538.906 	      0.015
  4539.722 	      0.015
  4540.537 	      0.029
  4541.353 	      0.023
  4542.169 	     -0.011
  4542.985 	     -0.003
  4543.801 	      0.011
  4544.618 	      0.021
  4545.434 	      0.020
  4546.251 	      0.054
  4547.068 	      0.040
  4547.885 	      0.025
  4548.702 	      0.013
  4549.519 	      0.004
  4550.336 	     -0.001
  4551.154 	      0.007
  4551.972 	      0.012
  4552.789 	      0.020
  4553.607 	      0.031
  4554.425 	      0.052
  4555.244 	      0.047
  4556.062 	      0.019
  4556.881 	      0.003
  4557.699 	      0.009
  4558.518 	      0.019
  4559.337 	      0.045
  4560.156 	      0.052
  4560.976 	      0.047
  4561.795 	      0.036
  4562.615 	      0.025
  4563.435 	      0.032
  4564.254 	      0.014
  4565.074 	      0.011
  4565.895 	      0.023
  4566.715 	      0.041
  4567.535 	      0.026
  4568.356 	      0.025
  4569.177 	      0.034
  4569.998 	      0.036
  4570.819 	      0.026
  4571.640 	      0.009
  4572.461 	      0.002
  4573.283 	     -0.005
  4574.105 	     -0.011
  4574.926 	     -0.007
  4575.748 	      0.009
  4576.570 	     -0.005
  4577.393 	     -0.017
  4578.215 	     -0.028
  4579.038 	     -0.023
  4579.860 	     -0.005
  4580.683 	     -0.005
  4581.506 	     -0.007
  4582.329 	     -0.016
  4583.153 	     -0.017
  4583.976 	     -0.008
  4584.800 	      0.010
  4585.623 	     -0.009
  4586.447 	     -0.001
  4587.271 	     -0.003
  4588.095 	     -0.004
  4588.920 	      0.006
  4589.744 	      0.039
  4590.569 	     -0.007
  4591.394 	     -0.011
  4592.219 	     -0.001
  4593.044 	     -0.003
  4593.869 	     -0.037
  4594.694 	      0.001
  4595.520 	     -0.010
  4596.345 	     -0.000
  4597.171 	      0.004
  4597.997 	     -0.003
  4598.823 	     -0.004
  4599.649 	     -0.001
  4600.476 	     -0.004
  4601.302 	     -0.015
  4602.129 	     -0.019
  4602.956 	     -0.004
  4603.783 	     -0.013
  4604.610 	     -0.018
  4605.437 	     -0.017
  4606.265 	     -0.012
  4607.092 	     -0.006
  4607.920 	     -0.008
  4608.748 	     -0.019
  4609.576 	      0.008
  4610.404 	      0.034
  4611.232 	      0.048
  4612.061 	      0.045
  4612.890 	      0.041
  4613.718 	      0.019
  4614.547 	     -0.004
  4615.376 	     -0.008
  4616.206 	      0.001
  4617.035 	      0.009
  4617.864 	      0.019
  4618.694 	      0.020
  4619.524 	      0.021
  4620.354 	      0.005
  4621.184 	     -0.026
  4622.014 	     -0.059
  4622.845 	     -0.024
  4623.675 	      0.001
  4624.506 	     -0.008
  4625.337 	     -0.026
  4626.168 	     -0.039
  4626.999 	     -0.043
  4627.830 	     -0.014
  4628.662 	     -0.014
  4629.493 	     -0.045
  4630.325 	     -0.070
  4631.157 	     -0.048
  4631.989 	     -0.023
  4632.821 	     -0.037
  4633.654 	     -0.001
  4634.486 	     -0.005
  4635.319 	     -0.038
  4636.152 	     -0.044
  4636.985 	     -0.045
  4637.818 	     -0.029
  4638.651 	     -0.012
  4639.484 	     -0.012
  4640.318 	     -0.027
  4641.152 	     -0.025
  4645.322 	     -0.021
  4646.157 	      0.002
  4646.992 	     -0.020
  4647.827 	     -0.047
  4648.662 	     -0.056
  4649.497 	     -0.037
  4650.332 	      0.007
  4651.168 	      0.026
  4652.003 	      0.008
  4652.839 	     -0.023
  4653.675 	     -0.022
  4654.511 	     -0.003
  4655.347 	      0.011
  4656.184 	      0.020
  4657.020 	      0.013
  4657.857 	      0.003
  4658.694 	     -0.007
  4659.531 	     -0.011
  4660.368 	     -0.005
  4661.205 	      0.009
  4662.043 	      0.008
  4662.881 	      0.007
  4663.718 	      0.009
  4664.556 	      0.004
  4665.394 	     -0.013
  4666.232 	     -0.005
  4667.071 	      0.012
  4667.909 	      0.010
  4668.748 	      0.012
  4669.587 	      0.017
  4670.426 	      0.022
  4671.265 	      0.033
  4672.104 	      0.036
  4672.944 	      0.037
  4673.783 	      0.032
  4674.623 	      0.020
  4675.463 	      0.006
  4676.303 	     -0.005
  4677.143 	      0.004
  4677.983 	      0.004
  4678.824 	      0.007
  4679.664 	      0.018
  4680.505 	      0.034
  4681.346 	      0.003
  4682.187 	      0.002
  4683.028 	      0.001
  4683.870 	     -0.009
  4684.711 	     -0.012
  4685.553 	      0.008
  4686.395 	     -0.006
  4687.237 	     -0.014
  4688.079 	     -0.015
  4688.921 	     -0.006
  4689.764 	     -0.009
  4690.606 	     -0.039
  4691.449 	     -0.082
  4692.292 	     -0.022
  4693.135 	      0.021
  4693.978 	      0.007
  4694.821 	     -0.017
  4695.665 	     -0.003
  4696.508 	      0.033
  4697.352 	     -0.001
  4698.196 	     -0.017
  4699.040 	     -0.006
  4699.885 	      0.003
  4700.729 	     -0.003
  4701.574 	     -0.008
  4702.418 	     -0.007
  4703.263 	      0.023
  4704.108 	      0.030
  4704.953 	      0.017
  4705.799 	      0.001
  4706.644 	      0.010
  4707.490 	      0.023
  4708.335 	      0.010
  4709.181 	      0.008
  4710.027 	      0.002
  4710.874 	     -0.009
  4711.720 	     -0.019
  4712.567 	     -0.016
  4713.413 	     -0.015
  4714.260 	     -0.038
  4715.107 	     -0.042
  4715.954 	     -0.027
  4716.802 	     -0.015
  4717.649 	     -0.040
  4718.497 	     -0.024
  4719.344 	     -0.014
  4720.192 	     -0.018
  4721.040 	     -0.017
  4721.888 	     -0.005
  4722.737 	      0.001
  4723.585 	      0.000
  4724.434 	     -0.003
  4725.283 	     -0.012
  4726.132 	     -0.013
  4726.981 	     -0.007
  4727.830 	     -0.002
  4728.680 	     -0.007
  4729.529 	      0.003
  4730.379 	     -0.004
  4731.229 	      0.000
  4732.079 	      0.011
  4732.929 	      0.012
  4733.779 	     -0.019
  4734.630 	     -0.014
  4735.480 	     -0.011
  4736.331 	     -0.023
  4737.182 	     -0.027
  4738.033 	     -0.014
  4738.885 	     -0.002
  4739.736 	     -0.051
  4740.588 	     -0.032
  4741.439 	     -0.039
  4742.291 	     -0.017
  4743.143 	      0.006
  4743.995 	     -0.011
  4744.848 	     -0.036
  4745.700 	     -0.027
  4746.553 	      0.007
  4747.406 	      0.007
  4748.259 	      0.007
  4749.112 	      0.007
  4749.965 	     -0.031
  4750.818 	     -0.040
  4751.672 	     -0.014
  4752.526 	      0.002
  4753.379 	     -0.004
  4754.233 	     -0.019
  4755.088 	     -0.024
  4755.942 	     -0.029
  4756.796 	      0.014
  4757.651 	     -0.022
  4758.506 	     -0.022
  4759.361 	     -0.020
  4760.216 	     -0.022
  4761.071 	     -0.008
  4761.926 	      0.001
  4762.782 	     -0.049
  4763.638 	     -0.031
  4764.494 	     -0.019
  4765.350 	     -0.024
  4766.206 	     -0.033
  4767.062 	     -0.018
  4767.919 	     -0.018
  4768.775 	     -0.011
  4769.632 	     -0.003
  4770.489 	      0.000
  4771.346 	      0.005
  4772.203 	      0.018
  4773.061 	      0.025
  4773.918 	      0.004
  4774.776 	     -0.002
  4775.634 	     -0.010
  4776.492 	     -0.017
  4777.350 	     -0.024
  4778.208 	     -0.034
  4779.067 	     -0.026
  4779.925 	     -0.062
  4780.784 	     -0.035
  4781.643 	      0.009
  4782.502 	      0.033
  4783.361 	      0.019
  4784.221 	     -0.026
  4785.080 	     -0.038
  4785.940 	     -0.019
  4786.800 	     -0.011
  4787.660 	     -0.007
  4788.520 	      0.003
  4789.381 	      0.020
  4790.241 	      0.010
  4791.102 	     -0.037
  4791.962 	     -0.028
  4792.823 	     -0.002
  4793.684 	      0.025
  4794.546 	      0.026
  4795.407 	      0.002
  4796.269 	      0.017
  4797.130 	     -0.002
  4797.992 	      0.013
  4798.854 	      0.016
  4799.717 	      0.019
  4800.579 	      0.006
  4801.441 	     -0.019
  4802.304 	      0.024
  4803.167 	      0.007
  4804.030 	      0.021
  4804.893 	      0.016
  4805.756 	     -0.004
  4806.620 	     -0.013
  4807.483 	     -0.000
  4808.347 	     -0.017
  4809.211 	     -0.006
  4810.075 	     -0.026
  4810.939 	     -0.027
  4811.803 	     -0.030
  4812.668 	     -0.035
  4813.533 	     -0.039
  4814.397 	     -0.067
  4815.262 	     -0.062
  4816.128 	     -0.033
  4816.993 	     -0.025
  4817.858 	     -0.015
  4818.724 	     -0.007
  4819.590 	     -0.013
  4820.456 	     -0.036
  4821.322 	     -0.016
  4822.188 	      0.002
  4823.054 	      0.019
  4823.921 	      0.006
  4824.787 	     -0.002
  4825.654 	      0.007
  4826.521 	     -0.007
  4827.388 	     -0.003
  4828.256 	      0.008
  4829.123 	      0.004
  4829.991 	      0.012
  4830.859 	      0.009
  4831.727 	     -0.010
  4832.595 	     -0.020
  4833.463 	     -0.027
  4834.331 	     -0.016
  4835.200 	     -0.016
  4836.069 	     -0.026
  4836.937 	     -0.019
  4837.806 	      0.002
  4838.676 	      0.010
  4839.545 	     -0.006
  4840.415 	     -0.040
  4841.284 	     -0.049
  4842.154 	     -0.042
  4843.024 	     -0.015
  4843.894 	      0.009
  4844.764 	      0.012
  4845.635 	      0.008
  4846.505 	      0.012
  4847.376 	     -0.034
  4848.247 	     -0.031
  4849.118 	     -0.010
  4849.989 	      0.003
  4850.861 	      0.003
  4851.732 	      0.010
  4852.604 	     -0.014
  4853.476 	     -0.030
  4854.348 	     -0.014
  4855.220 	      0.004
  4856.092 	     -0.004
  4856.965 	     -0.029
  4857.837 	     -0.043
  4858.710 	     -0.039
  4859.583 	      0.020
  4860.456 	     -0.017
  4861.329 	     -0.000
  4862.203 	     -0.002
  4863.076 	     -0.009
  4863.950 	     -0.014
  4864.824 	     -0.045
  4865.698 	     -0.026
  4866.572 	     -0.039
  4867.447 	      0.000
  4868.321 	      0.014
  4869.196 	      0.008
  4870.071 	     -0.022
  4870.946 	     -0.061
  4871.821 	     -0.031
  4872.696 	     -0.026
  4873.571 	     -0.039
  4874.447 	     -0.039
  4875.323 	     -0.043
  4876.199 	     -0.050
  4877.075 	     -0.045
  4877.951 	     -0.020
  4878.827 	     -0.018
  4879.704 	     -0.046
  4880.581 	     -0.028
  4881.458 	     -0.042
  4882.335 	     -0.020
  4883.212 	     -0.024
  4884.089 	     -0.063
  4884.967 	     -0.029
  4885.844 	     -0.046
  4886.722 	     -0.040
  4887.600 	     -0.008
  4888.478 	     -0.019
  4889.356 	     -0.032
  4890.235 	     -0.034
  4891.114 	     -0.035
  4891.992 	     -0.030
  4892.871 	      0.007
  4893.750 	     -0.032
  4894.630 	     -0.031
  4895.509 	     -0.050
  4896.388 	     -0.045
  4897.268 	     -0.034
  4898.148 	     -0.049
  4899.028 	     -0.044
  4899.908 	     -0.031
  4900.789 	     -0.047
  4901.669 	     -0.058
  4902.550 	     -0.054
  4903.431 	     -0.043
  4904.312 	     -0.038
  4905.193 	     -0.042
  4906.074 	     -0.030
  4906.955 	     -0.004
  4907.837 	      0.024
  4908.719 	      0.071
  4909.601 	      0.186
  4910.483 	      0.435
  4911.365 	      0.787
  4912.247 	      1.126
  4913.130 	      1.311
  4914.013 	      1.145
  4914.896 	      0.661
  4915.779 	      0.278
  4916.662 	      0.073
  4917.545 	     -0.009
  4918.429 	     -0.039
  4919.312 	     -0.055
  4920.196 	     -0.045
  4921.080 	     -0.031
  4921.964 	     -0.019
  4922.849 	     -0.039
  4923.733 	     -0.064
  4924.618 	     -0.072
  4925.502 	     -0.068
  4926.387 	     -0.060
  4927.273 	     -0.041
  4928.158 	     -0.051
  4929.043 	     -0.081
  4929.929 	     -0.061
  4930.815 	     -0.056
  4931.700 	     -0.063
  4932.586 	     -0.074
  4933.473 	     -0.076
  4934.359 	     -0.060
  4935.246 	     -0.051
  4936.132 	     -0.064
  4937.019 	     -0.074
  4937.906 	     -0.087
  4938.793 	     -0.071
  4939.681 	     -0.047
  4940.568 	     -0.046
  4941.456 	     -0.064
  4942.344 	     -0.054
  4943.232 	     -0.055
  4944.120 	     -0.056
  4945.008 	     -0.067
  4945.896 	     -0.058
  4946.785 	     -0.058
  4947.674 	     -0.054
  4948.563 	     -0.045
  4949.452 	     -0.067
  4950.341 	     -0.034
  4951.230 	     -0.056
  4952.120 	     -0.029
  4953.010 	     -0.029
  4953.900 	     -0.029
  4954.790 	     -0.053
  4955.680 	     -0.070
  4956.570 	     -0.052
  4957.461 	     -0.059
  4958.351 	     -0.071
  4959.242 	     -0.029
  4960.133 	     -0.071
  4961.024 	     -0.044
  4961.916 	     -0.054
  4962.807 	     -0.074
  4963.699 	     -0.070
  4964.591 	     -0.067
  4965.483 	     -0.066
  4966.375 	     -0.057
  4967.267 	     -0.057
  4968.159 	     -0.082
  4969.052 	     -0.057
  4969.945 	     -0.046
  4970.838 	     -0.042
  4971.731 	     -0.030
  4972.624 	     -0.042
  4973.518 	     -0.042
  4974.411 	     -0.025
  4975.305 	     -0.032
  4976.199 	     -0.037
  4977.093 	     -0.023
  4977.987 	     -0.027
  4978.881 	     -0.042
  4979.776 	     -0.043
  4980.671 	     -0.039
  4981.565 	     -0.081
  4982.460 	     -0.059
  4983.356 	     -0.046
  4984.251 	     -0.053
  4985.146 	     -0.052
  4986.042 	     -0.061
  4986.938 	     -0.079
  4987.834 	     -0.080
  4988.730 	     -0.064
  4989.626 	     -0.055
  4990.523 	     -0.047
  4991.419 	     -0.030
  4992.316 	     -0.014
  4993.213 	     -0.035
  4994.110 	     -0.058
  4995.007 	     -0.060
  4995.905 	     -0.049
  4996.802 	     -0.045
  4997.700 	     -0.039
  4998.598 	     -0.008
  4999.496 	     -0.005
  5000.394 	     -0.013
  5001.293 	     -0.025
  5002.191 	     -0.039
  5003.090 	     -0.055
  5003.989 	     -0.065
  5004.888 	     -0.066
  5005.787 	     -0.069
  5006.687 	     -0.075
  5007.586 	     -0.057
  5008.486 	     -0.038
  5009.386 	      0.000
  5010.286 	      0.043
  5011.186 	      0.053
  5012.086 	      0.042
  5012.987 	      0.037
  5013.887 	      0.011
  5014.788 	     -0.034
  5015.689 	     -0.046
  5016.590 	     -0.028
  5017.492 	     -0.041
  5018.393 	     -0.052
  5019.295 	     -0.056
  5020.197 	     -0.052
  5021.098 	     -0.039
  5022.001 	     -0.031
  5022.903 	     -0.069
  5023.805 	     -0.068
  5024.708 	     -0.043
  5025.611 	     -0.031
  5026.514 	     -0.058
  5027.417 	     -0.066
  5028.320 	     -0.062
  5029.223 	     -0.062
  5030.127 	     -0.068
  5031.031 	     -0.071
  5031.935 	     -0.070
  5032.839 	     -0.074
  5033.743 	     -0.057
  5034.647 	     -0.082
  5035.552 	     -0.071
  5036.456 	     -0.060
  5037.361 	     -0.045
  5038.266 	     -0.035
  5039.172 	     -0.056
  5040.077 	     -0.071
  5040.982 	     -0.036
  5041.888 	     -0.012
  5042.794 	      0.022
  5043.700 	      0.029
  5044.606 	     -0.022
  5045.513 	     -0.068
  5046.419 	     -0.057
  5047.326 	     -0.040
  5048.233 	     -0.072
  5049.140 	     -0.061
  5050.047 	     -0.064
  5050.954 	     -0.034
  5051.861 	     -0.071
  5052.769 	     -0.046
  5053.677 	     -0.035
  5054.585 	     -0.024
  5055.493 	      0.004
  5056.401 	      0.036
  5057.310 	      0.066
  5058.218 	      0.133
  5059.127 	      0.211
  5060.036 	      0.254
  5060.945 	      0.202
  5061.855 	      0.112
  5062.764 	      0.025
  5063.674 	     -0.022
  5064.583 	     -0.032
  5065.493 	     -0.025
  5066.403 	     -0.021
  5067.314 	     -0.025
  5068.224 	     -0.019
  5069.135 	     -0.042
  5070.045 	     -0.048
  5070.956 	     -0.060
  5071.867 	     -0.054
  5072.779 	     -0.059
  5073.690 	     -0.043
  5074.602 	     -0.037
  5075.513 	     -0.055
  5076.425 	     -0.056
  5077.337 	     -0.049
  5078.249 	     -0.052
  5079.162 	     -0.016
  5080.074 	     -0.030
  5080.987 	     -0.032
  5081.900 	     -0.044
  5082.813 	     -0.062
  5083.726 	     -0.067
  5084.640 	     -0.059
  5085.553 	     -0.049
  5086.467 	     -0.038
  5087.381 	     -0.007
  5088.295 	     -0.012
  5089.209 	     -0.040
  5090.123 	     -0.061
  5091.038 	     -0.069
  5091.952 	     -0.067
  5092.867 	     -0.031
  5093.782 	     -0.002
  5094.697 	     -0.014
  5095.613 	     -0.042
  5096.528 	     -0.048
  5097.444 	     -0.025
  5098.360 	     -0.001
  5099.276 	     -0.010
  5100.192 	      0.002
  5101.108 	      0.008
  5102.025 	     -0.001
  5102.941 	     -0.015
  5103.858 	     -0.035
  5104.775 	     -0.046
  5105.692 	     -0.029
  5106.610 	     -0.013
  5107.527 	     -0.025
  5108.445 	     -0.010
  5109.363 	      0.001
  5110.281 	     -0.009
  5111.199 	     -0.027
  5112.117 	     -0.028
  5113.036 	     -0.020
  5113.954 	     -0.024
  5114.873 	     -0.035
  5115.792 	     -0.031
  5116.711 	     -0.009
  5117.630 	     -0.007
  5118.550 	     -0.012
  5119.469 	      0.021
  5120.389 	     -0.011
  5121.309 	     -0.038
  5122.229 	     -0.041
  5123.150 	     -0.038
  5124.070 	     -0.038
  5124.991 	     -0.030
  5125.911 	     -0.010
  5126.832 	     -0.009
  5127.753 	     -0.052
  5128.675 	     -0.053
  5129.596 	     -0.020
  5130.518 	     -0.015
  5131.440 	     -0.026
  5132.362 	     -0.037
  5133.284 	     -0.010
  5134.206 	     -0.020
  5135.128 	     -0.029
  5136.051 	     -0.025
  5136.974 	     -0.032
  5137.897 	     -0.043
  5138.820 	     -0.035
  5139.743 	     -0.035
  5140.666 	     -0.024
  5141.590 	     -0.020
  5142.514 	     -0.021
  5143.438 	     -0.008
  5144.362 	     -0.028
  5145.286 	     -0.029
  5146.211 	      0.006
  5147.135 	      0.020
  5148.060 	     -0.011
  5148.985 	     -0.041
  5149.910 	     -0.042
  5150.835 	     -0.036
  5151.761 	     -0.036
  5152.686 	     -0.019
  5153.612 	     -0.029
  5154.538 	     -0.046
  5155.464 	     -0.020
  5156.390 	     -0.021
  5157.317 	     -0.013
  5158.243 	     -0.005
  5159.170 	     -0.010
  5160.097 	     -0.024
  5161.024 	     -0.042
  5161.951 	     -0.022
  5162.879 	     -0.038
  5163.806 	     -0.041
  5164.734 	     -0.028
  5165.662 	      0.024
  5166.590 	      0.020
  5167.518 	      0.000
  5168.447 	     -0.012
  5169.375 	     -0.018
  5170.304 	     -0.031
  5171.233 	     -0.031
  5172.162 	     -0.014
  5173.091 	     -0.029
  5174.021 	     -0.011
  5174.950 	     -0.002
  5175.880 	     -0.012
  5176.810 	     -0.046
  5177.740 	     -0.065
  5178.670 	     -0.042
  5179.601 	     -0.045
  5180.531 	     -0.029
  5181.462 	     -0.020
  5182.393 	     -0.041
  5183.324 	     -0.050
  5184.255 	     -0.033
  5185.187 	     -0.035
  5186.118 	     -0.017
  5187.050 	     -0.022
  5187.982 	     -0.041
  5188.914 	     -0.037
  5189.846 	      0.014
  5190.779 	      0.010
  5191.712 	      0.003
  5192.644 	      0.008
  5193.577 	      0.008
  5194.510 	      0.011
  5195.444 	      0.020
  5196.377 	      0.037
  5197.311 	      0.060
  5198.244 	      0.057
  5199.178 	      0.053
  5200.112 	      0.052
  5201.047 	      0.051
  5201.981 	      0.048
  5202.916 	      0.044
  5203.851 	      0.043
  5204.786 	      0.043
  5205.721 	      0.045
  5206.656 	      0.044
  5207.591 	      0.041
  5208.527 	      0.033
  5209.463 	      0.021
  5210.399 	      0.008
  5211.335 	     -0.004
  5212.271 	     -0.013
  5213.208 	     -0.017
  5214.144 	     -0.019
  5215.081 	     -0.017
  5216.018 	     -0.013
  5216.955 	     -0.006
  5217.892 	      0.005
  5218.830 	      0.025
  5219.768 	      0.054
  5220.705 	      0.087
  5221.643 	      0.108
  5222.582 	      0.110
  5223.520 	      0.096
  5224.458 	      0.084
  5225.397 	      0.084
  5226.336 	      0.091
  5227.275 	      0.088
  5228.214 	      0.064
  5229.153 	      0.028
  5230.093 	     -0.002
  5231.032 	     -0.021
  5231.972 	     -0.030
  5232.912 	     -0.033
  5233.852 	     -0.048
  5234.793 	     -0.068
  5235.733 	     -0.063
  5236.674 	     -0.034
  5237.615 	     -0.016
  5238.556 	     -0.020
  5239.497 	     -0.023
  5240.438 	     -0.007
  5241.380 	      0.016
  5242.322 	      0.019
  5243.263 	      0.024
  5244.205 	      0.019
  5245.148 	     -0.008
  5246.090 	     -0.020
  5247.033 	     -0.016
  5247.975 	     -0.006
  5248.918 	      0.009
  5249.861 	      0.031
  5250.804 	      0.056
  5251.748 	      0.086
  5252.691 	      0.119
  5253.635 	      0.128
  5254.579 	      0.120
  5255.523 	      0.083
  5256.467 	      0.039
  5257.412 	      0.009
  5258.356 	     -0.002
  5259.301 	     -0.008
  5260.246 	     -0.022
  5261.191 	     -0.023
  5262.136 	     -0.017
  5263.082 	     -0.010
  5264.027 	      0.011
  5264.973 	      0.022
  5265.919 	     -0.003
  5266.865 	     -0.031
  5267.811 	     -0.031
  5268.758 	     -0.019
  5269.704 	     -0.004
  5270.651 	      0.009
  5271.598 	     -0.023
  5272.545 	     -0.021
  5273.493 	     -0.011
  5274.440 	     -0.038
  5275.388 	     -0.038
  5276.335 	     -0.049
  5277.283 	     -0.047
  5278.232 	     -0.031
  5279.180 	      0.003
  5280.128 	      0.023
  5281.077 	      0.025
  5282.026 	      0.023
  5282.975 	      0.009
  5283.924 	     -0.001
  5284.873 	      0.000
  5285.823 	     -0.029
  5286.773 	     -0.037
  5287.722 	      0.000
  5288.672 	      0.021
  5289.623 	     -0.001
  5290.573 	     -0.025
  5291.523 	     -0.018
  5292.474 	     -0.036
  5293.425 	     -0.020
  5294.376 	     -0.012
  5295.327 	     -0.014
  5296.279 	     -0.013
  5297.230 	     -0.015
  5298.182 	     -0.012
  5299.134 	     -0.009
  5300.086 	     -0.016
  5301.038 	     -0.004
  5301.991 	     -0.001
  5302.943 	      0.019
  5303.896 	     -0.006
  5304.849 	     -0.029
  5305.802 	     -0.035
  5306.755 	     -0.024
  5307.709 	     -0.003
  5308.662 	     -0.017
  5309.616 	      0.019
  5310.570 	      0.011
  5311.524 	      0.015
  5312.478 	      0.005
  5313.433 	     -0.023
  5314.388 	     -0.051
  5315.342 	     -0.063
  5316.297 	     -0.054
  5317.252 	     -0.042
  5318.208 	     -0.045
  5319.163 	     -0.053
  5320.119 	     -0.066
  5321.075 	     -0.051
  5322.031 	     -0.037
  5322.987 	     -0.035
  5323.943 	     -0.011
  5324.900 	     -0.018
  5325.857 	     -0.019
  5326.813 	     -0.054
  5327.770 	     -0.023
  5328.728 	     -0.019
  5329.685 	     -0.032
  5330.643 	     -0.019
  5331.600 	     -0.019
  5332.558 	     -0.031
  5333.516 	     -0.050
  5334.475 	     -0.043
  5335.433 	     -0.027
  5336.392 	     -0.020
  5337.350 	      0.003
  5338.309 	     -0.032
  5339.268 	     -0.015
  5340.228 	     -0.011
  5341.187 	     -0.012
  5342.147 	     -0.006
  5343.107 	     -0.024
  5344.067 	     -0.017
  5345.027 	     -0.012
  5345.987 	      0.029
  5346.947 	     -0.016
  5347.908 	     -0.000
  5348.869 	     -0.019
  5349.830 	     -0.037
  5350.791 	     -0.027
  5351.752 	     -0.037
  5352.714 	     -0.045
  5353.676 	     -0.041
  5354.638 	     -0.015
  5355.600 	      0.021
  5356.562 	      0.019
  5357.524 	      0.005
  5358.487 	      0.012
  5359.449 	      0.004
  5360.412 	     -0.000
  5361.375 	      0.021
  5362.339 	      0.023
  5363.302 	      0.004
  5364.266 	      0.001
  5365.230 	     -0.017
  5366.193 	     -0.005
  5367.158 	      0.026
  5368.122 	     -0.015
  5369.086 	     -0.022
  5370.051 	     -0.033
  5371.016 	     -0.037
  5371.981 	     -0.025
  5372.946 	     -0.004
  5373.911 	     -0.010
  5374.877 	     -0.001
  5375.842 	      0.003
  5376.808 	     -0.024
  5377.774 	     -0.036
  5378.741 	     -0.013
  5379.707 	     -0.021
  5380.673 	     -0.060
  5381.640 	     -0.053
  5382.607 	     -0.048
  5383.574 	     -0.017
  5394.223 	     -0.043
  5395.192 	     -0.039
  5396.162 	     -0.049
  5397.131 	     -0.031
  5398.101 	     -0.009
  5399.071 	     -0.030
  5400.041 	     -0.029
  5401.011 	     -0.014
  5401.981 	     -0.022
  5402.952 	     -0.032
  5403.923 	     -0.025
  5404.894 	     -0.019
  5405.865 	     -0.026
  5406.836 	     -0.019
  5407.807 	     -0.016
  5408.779 	     -0.016
  5409.751 	     -0.020
  5410.723 	     -0.017
  5411.695 	     -0.020
  5412.667 	     -0.045
  5413.639 	     -0.052
  5414.612 	     -0.029
  5415.585 	     -0.035
  5416.558 	     -0.029
  5417.531 	     -0.033
  5418.504 	     -0.028
  5419.478 	     -0.041
  5420.452 	     -0.028
  5421.426 	     -0.035
  5422.400 	     -0.044
  5423.374 	     -0.072
  5424.348 	     -0.063
  5425.323 	     -0.051
  5426.297 	     -0.031
  5427.272 	     -0.034
  5428.247 	     -0.039
  5429.223 	     -0.027
  5430.198 	     -0.029
  5431.174 	     -0.042
  5432.150 	     -0.040
  5433.126 	     -0.038
  5434.102 	     -0.044
  5435.078 	     -0.040
  5436.055 	     -0.036
  5437.031 	     -0.021
  5438.008 	     -0.021
  5438.985 	     -0.033
  5439.962 	     -0.038
  5440.940 	     -0.022
  5441.917 	     -0.042
  5442.895 	     -0.042
  5443.873 	     -0.020
  5444.851 	     -0.019
  5445.829 	     -0.036
  5446.808 	     -0.026
  5447.786 	     -0.046
  5448.765 	     -0.038
  5449.744 	     -0.042
  5450.723 	     -0.038
  5451.702 	     -0.039
  5452.682 	     -0.048
  5458.562 	     -0.053
  5459.543 	     -0.058
  5460.524 	     -0.045
  5461.505 	     -0.031
  5462.486 	     -0.021
  5463.468 	     -0.019
  5464.449 	     -0.014
  5465.431 	     -0.016
  5466.413 	     -0.028
  5467.395 	     -0.025
  5468.377 	     -0.025
  5469.360 	     -0.035
  5470.343 	     -0.024
  5471.325 	     -0.012
  5472.308 	     -0.026
  5473.292 	     -0.037
  5474.275 	     -0.040
  5475.258 	     -0.006
  5476.242 	      0.010
  5477.226 	      0.005
  5478.210 	     -0.002
  5479.194 	     -0.015
  5480.179 	     -0.010
  5481.163 	     -0.005
  5482.148 	     -0.028
  5483.133 	     -0.023
  5484.118 	     -0.029
  5485.104 	     -0.023
  5486.089 	     -0.002
  5487.075 	     -0.020
  5488.060 	     -0.042
  5489.047 	     -0.024
  5490.033 	     -0.024
  5491.019 	     -0.005
  5492.006 	      0.005
  5492.992 	     -0.006
  5493.979 	     -0.009
  5494.966 	     -0.006
  5495.954 	     -0.015
  5496.941 	     -0.012
  5497.929 	     -0.016
  5498.916 	     -0.033
  5499.904 	     -0.041
  5500.892 	     -0.023
  5501.881 	     -0.000
  5502.869 	      0.006
  5503.858 	     -0.001
  5504.847 	     -0.015
  5505.836 	     -0.015
  5506.825 	     -0.017
  5507.814 	     -0.029
  5508.804 	     -0.043
  5509.794 	     -0.044
  5510.784 	     -0.031
  5511.774 	     -0.014
  5512.764 	      0.003
  5513.754 	      0.003
  5514.745 	     -0.017
  5515.736 	     -0.030
  5516.727 	     -0.029
  5517.718 	     -0.027
  5518.709 	     -0.029
  5519.701 	     -0.007
  5520.693 	      0.008
  5521.684 	     -0.002
  5522.677 	     -0.012
  5523.669 	     -0.001
  5524.661 	     -0.024
  5525.654 	     -0.018
  5526.647 	     -0.016
  5527.639 	      0.003
  5528.633 	     -0.004
  5529.626 	     -0.012
  5530.619 	     -0.029
  5531.613 	     -0.030
  5532.607 	     -0.021
  5533.601 	     -0.028
  5534.595 	     -0.006
  5535.589 	     -0.018
  5536.584 	     -0.038
  5537.579 	     -0.043
  5538.574 	     -0.020
  5539.569 	     -0.035
  5540.564 	     -0.048
  5541.559 	     -0.025
  5542.555 	     -0.016
  5543.551 	     -0.032
  5544.547 	     -0.022
  5545.543 	     -0.032
  5546.539 	     -0.061
  5547.536 	     -0.028
  5548.533 	     -0.022
  5549.529 	     -0.023
  5550.527 	     -0.012
  5551.524 	     -0.030
  5552.521 	     -0.028
  5553.519 	     -0.032
  5554.517 	     -0.030
  5555.514 	     -0.005
  5556.513 	     -0.011
  5557.511 	     -0.025
  5558.509 	     -0.021
  5559.508 	     -0.034
  5560.507 	     -0.030
  5561.506 	     -0.011
  5562.505 	      0.003
  5563.505 	     -0.005
  5564.504 	     -0.028
  5565.504 	     -0.034
  5566.504 	     -0.036
  5567.504 	     -0.020
  5568.504 	     -0.034
  5569.505 	     -0.047
  5570.505 	     -0.038
  5571.506 	     -0.014
  5572.507 	     -0.018
  5573.508 	     -0.004
  5574.510 	     -0.020
  5575.511 	     -0.028
  5576.513 	     -0.011
  5577.515 	     -0.078
  5578.517 	     -0.048
  5579.519 	     -0.019
  5580.522 	     -0.046
  5581.524 	     -0.072
  5582.527 	     -0.070
  5583.530 	     -0.064
  5584.533 	     -0.056
  5585.537 	     -0.048
  5586.540 	     -0.031
  5587.544 	     -0.031
  5588.548 	     -0.046
  5589.552 	     -0.056
  5590.556 	     -0.053
  5591.560 	     -0.044
  5592.565 	     -0.048
  5593.570 	     -0.037
  5594.575 	     -0.018
  5595.580 	     -0.018
  5596.585 	     -0.034
  5597.591 	     -0.043
  5598.596 	     -0.038
  5599.602 	     -0.036
  5600.608 	     -0.052
  5601.615 	     -0.065
  5602.621 	     -0.046
  5603.628 	     -0.020
  5604.634 	     -0.026
  5605.641 	     -0.025
  5606.649 	     -0.030
  5607.656 	     -0.045
  5608.663 	     -0.038
  5609.671 	     -0.028
  5610.679 	     -0.035
  5611.687 	     -0.045
  5612.695 	     -0.038
  5613.704 	     -0.037
  5614.712 	     -0.041
  5615.721 	     -0.047
  5616.730 	     -0.059
  5617.739 	     -0.048
  5618.748 	     -0.043
  5619.758 	     -0.040
  5620.767 	     -0.057
  5621.777 	     -0.064
  5622.787 	     -0.037
  5623.798 	     -0.023
  5624.808 	     -0.027
  5625.819 	     -0.021
  5626.829 	     -0.037
  5627.840 	     -0.053
  5628.851 	     -0.052
  5629.863 	     -0.044
  5630.874 	     -0.044
  5631.886 	     -0.045
  5632.898 	     -0.067
  5633.910 	     -0.067
  5634.922 	     -0.068
  5635.934 	     -0.088
  5636.947 	     -0.080
  5637.960 	     -0.070
  5638.973 	     -0.064
  5639.986 	     -0.076
  5640.999 	     -0.074
  5642.013 	     -0.081
  5643.026 	     -0.091
  5644.040 	     -0.112
  5645.054 	     -0.093
  5646.068 	     -0.076
  5647.083 	     -0.072
  5648.097 	     -0.069
  5649.112 	     -0.079
  5650.127 	     -0.093
  5651.142 	     -0.089
  5652.157 	     -0.081
  5653.173 	     -0.097
  5654.189 	     -0.085
  5655.205 	     -0.111
  5656.221 	     -0.110
  5657.237 	     -0.104
  5658.253 	     -0.068
  5659.270 	     -0.079
  5660.287 	     -0.090
  5661.304 	     -0.064
  5662.321 	     -0.091
  5663.338 	     -0.070
  5664.355 	     -0.075
  5665.373 	     -0.079
  5666.391 	     -0.083
  5667.409 	     -0.067
  5668.427 	     -0.090
  5669.446 	     -0.083
  5670.464 	     -0.096
  5671.483 	     -0.102
  5672.502 	     -0.115
  5673.521 	     -0.110
  5674.541 	     -0.093
  5675.560 	     -0.094
  5676.580 	     -0.091
  5677.600 	     -0.097
  5678.620 	     -0.086
  5679.640 	     -0.105
  5680.660 	     -0.108
  5681.681 	     -0.110
  5682.702 	     -0.109
  5683.723 	     -0.128
  5684.744 	     -0.128
  5685.765 	     -0.094
  5686.787 	     -0.088
  5687.809 	     -0.113
  5688.830 	     -0.120
  5689.853 	     -0.117
  5690.875 	     -0.121
  5691.897 	     -0.112
  5692.920 	     -0.126
  5693.943 	     -0.144
  5694.966 	     -0.146
  5695.989 	     -0.135
  5697.012 	     -0.125
  5698.036 	     -0.124
  5699.060 	     -0.134
  5700.084 	     -0.133
  5701.108 	     -0.131
  5702.132 	     -0.148
  5703.156 	     -0.151
  5704.181 	     -0.150
  5705.206 	     -0.153
  5706.231 	     -0.146
  5707.256 	     -0.142
  5708.282 	     -0.114
  5709.307 	     -0.105
  5710.333 	     -0.125
  5711.359 	     -0.159
  5712.385 	     -0.158
  5713.411 	     -0.167
  5714.438 	     -0.158
  5715.464 	     -0.147
  5716.491 	     -0.143
  5717.518 	     -0.137
  5718.546 	     -0.150
  5719.573 	     -0.152
  5720.601 	     -0.151
  5721.628 	     -0.155
  5722.656 	     -0.178
  5723.685 	     -0.172
  5724.713 	     -0.162
  5725.741 	     -0.177
  5726.770 	     -0.183
  5727.799 	     -0.138
  5728.828 	     -0.177
  5729.857 	     -0.164
  5730.887 	     -0.171
  5731.916 	     -0.152
  5732.946 	     -0.136
  5733.976 	     -0.169
  5735.007 	     -0.148
  5736.037 	     -0.164
  5737.067 	     -0.163
  5738.098 	     -0.205
  5739.129 	     -0.180
  5740.160 	     -0.158
  5741.192 	     -0.164
  5742.223 	     -0.175
  5743.255 	     -0.174
  5744.287 	     -0.174
  5745.319 	     -0.188
  5746.351 	     -0.187
  5747.383 	     -0.170
  5748.416 	     -0.152
  5749.449 	     -0.166
  5750.482 	     -0.169
  5751.515 	     -0.177
  5752.548 	     -0.178
  5753.582 	     -0.178
  5754.615 	     -0.167
  5755.649 	     -0.162
  5756.683 	     -0.160
  5757.718 	     -0.150
  5758.752 	     -0.141
  5759.787 	     -0.164
  5760.822 	     -0.159
  5761.857 	     -0.179
  5762.892 	     -0.181
  5763.927 	     -0.189
  5764.963 	     -0.179
  5765.999 	     -0.193
  5767.035 	     -0.182
  5768.071 	     -0.163
  5769.107 	     -0.195
  5770.143 	     -0.145
  5771.180 	     -0.128
  5772.217 	     -0.180
  5773.254 	     -0.180
  5774.291 	     -0.183
  5775.329 	     -0.193
  5776.366 	     -0.188
  5777.404 	     -0.176
  5778.442 	     -0.200
  5779.480 	     -0.200
  5780.519 	     -0.190
  5781.557 	     -0.185
  5782.596 	     -0.183
  5783.635 	     -0.168
  5784.674 	     -0.158
  5785.713 	     -0.168
  5786.753 	     -0.158
  5787.793 	     -0.165
  5788.832 	     -0.174
  5789.873 	     -0.162
  5790.913 	     -0.170
  5791.953 	     -0.174
  5792.994 	     -0.158
  5794.035 	     -0.183
  5795.076 	     -0.189
  5796.117 	     -0.164
  5797.158 	     -0.152
  5798.200 	     -0.158
  5799.241 	     -0.177
  5800.283 	     -0.164
  5801.325 	     -0.168
  5802.368 	     -0.155
  5803.410 	     -0.171
  5804.453 	     -0.184
  5805.496 	     -0.187
  5806.539 	     -0.203
  5807.582 	     -0.175
  5808.625 	     -0.171
  5809.669 	     -0.176
  5810.713 	     -0.169
  5811.757 	     -0.179
  5812.801 	     -0.157
  5813.845 	     -0.148
  5814.890 	     -0.136
  5815.935 	     -0.132
  5816.980 	     -0.140
  5818.025 	     -0.168
  5819.070 	     -0.180
  5820.115 	     -0.165
  5821.161 	     -0.143
  5822.207 	     -0.137
  5823.253 	     -0.131
  5824.299 	     -0.138
  5825.346 	     -0.132
  5826.392 	     -0.139
  5827.439 	     -0.135
  5828.486 	     -0.141
  5829.533 	     -0.138
  5830.581 	     -0.149
  5831.628 	     -0.140
  5832.676 	     -0.142
  5833.724 	     -0.141
  5834.772 	     -0.145
  5835.820 	     -0.144
  5836.869 	     -0.152
  5837.917 	     -0.147
  5838.966 	     -0.119
  5840.015 	     -0.129
  5841.065 	     -0.176
  5842.114 	     -0.208
  5843.164 	     -0.189
  5844.213 	     -0.162
  5845.263 	     -0.161
  5846.314 	     -0.163
  5847.364 	     -0.145
  5848.415 	     -0.136
  5849.465 	     -0.135
  5850.516 	     -0.133
  5851.567 	     -0.122
  5852.619 	     -0.117
  5853.670 	     -0.142
  5854.722 	     -0.138
  5855.774 	     -0.137
  5856.826 	     -0.123
  5857.878 	     -0.126
  5858.931 	     -0.133
  5859.983 	     -0.119
  5861.036 	     -0.133
  5862.089 	     -0.140
  5863.142 	     -0.144
  5864.196 	     -0.139
  5865.249 	     -0.106
  5866.303 	     -0.082
  5867.357 	     -0.070
  5868.411 	     -0.078
  5869.466 	     -0.077
  5870.520 	     -0.072
  5871.575 	     -0.084
  5872.630 	     -0.097
  5873.685 	     -0.097
  5874.740 	     -0.096
  5875.796 	     -0.087
  5876.851 	     -0.077
  5877.907 	     -0.083
  5878.963 	     -0.089
  5880.019 	     -0.094
  5881.076 	     -0.090
  5882.133 	     -0.090
  5883.189 	     -0.086
  5884.246 	     -0.079
  5885.304 	     -0.074
  5886.361 	     -0.078
  5887.419 	     -0.128
  5888.476 	     -0.167
  5889.534 	     -0.161
  5890.592 	     -0.142
  5891.651 	     -0.115
  5892.709 	     -0.103
  5893.768 	     -0.127
  5894.827 	     -0.138
  5895.886 	     -0.130
  5896.945 	     -0.127
  5898.005 	     -0.104
  5899.064 	     -0.081
  5900.124 	     -0.078
  5901.184 	     -0.091
  5902.245 	     -0.085
  5903.305 	     -0.071
  5904.366 	     -0.068
  5905.426 	     -0.062
  5906.487 	     -0.048
  5907.549 	     -0.059
  5908.610 	     -0.059
  5909.671 	     -0.068
  5910.733 	     -0.076
  5911.795 	     -0.067
  5912.857 	     -0.077
  5913.920 	     -0.074
  5914.982 	     -0.068
  5916.045 	     -0.082
  5917.108 	     -0.070
  5918.171 	     -0.050
  5919.234 	     -0.053
  5920.298 	     -0.050
  5921.361 	     -0.058
  5922.425 	     -0.044
  5923.489 	     -0.020
  5924.554 	     -0.038
  5925.618 	     -0.055
  5926.683 	     -0.039
  5927.747 	     -0.008
  5928.812 	      0.008
  5929.878 	     -0.032
  5930.943 	     -0.052
  5962.994 	      0.011
  5964.065 	     -0.002
  5965.137 	     -0.018
  5966.209 	     -0.020
  5967.280 	      0.009
  5968.353 	     -0.005
  5969.425 	      0.002
  5970.497 	      0.019
  5971.570 	      0.003
  5972.643 	      0.007
  5973.716 	     -0.004
  5974.789 	     -0.006
  5975.863 	      0.011
  5976.936 	      0.007
  5978.010 	     -0.009
  5979.084 	     -0.008
  5980.158 	     -0.004
  5981.233 	      0.008
  5982.308 	      0.020
  5983.382 	      0.010
  5984.457 	      0.007
  5985.533 	      0.004
  5986.608 	     -0.020
  5987.684 	     -0.030
  5988.759 	     -0.005
  5989.835 	     -0.014
  5990.911 	     -0.010
  5991.988 	     -0.010
  5993.064 	     -0.020
  5994.141 	     -0.019
  5995.218 	      0.027
  5996.295 	      0.025
  5997.372 	      0.019
  5998.450 	      0.017
  5999.528 	      0.021
  6000.606 	      0.046
  6001.684 	      0.044
  6002.762 	      0.008
  6003.840 	      0.017
  6004.919 	      0.032
  6005.998 	      0.009
  6007.077 	      0.025
  6008.156 	      0.025
  6009.236 	      0.022
  6010.315 	      0.030
  6011.395 	      0.039
  6012.475 	      0.021
  6013.556 	      0.001
  6014.636 	      0.001
  6015.717 	      0.027
  6016.797 	      0.007
  6017.878 	     -0.003
  6018.960 	      0.017
  6020.041 	      0.035
  6021.123 	      0.026
  6022.204 	      0.022
  6023.286 	      0.014
  6024.369 	      0.019
  6025.451 	      0.010
  6026.534 	      0.015
  6027.616 	      0.052
  6028.699 	      0.064
  6029.782 	      0.042
  6030.866 	      0.021
  6031.949 	      0.057
  6033.033 	      0.072
  6034.117 	      0.036
  6035.201 	      0.021
  6036.285 	     -0.001
  6037.370 	      0.011
  6038.455 	      0.041
  6039.539 	      0.031
  6040.625 	      0.033
  6041.710 	      0.042
  6042.795 	      0.027
  6043.881 	      0.033
  6044.967 	      0.054
  6046.053 	      0.042
  6047.139 	      0.018
  6048.226 	      0.018
  6049.312 	      0.032
  6050.399 	      0.028
  6051.486 	      0.028
  6052.573 	      0.038
  6053.661 	      0.043
  6054.749 	      0.054
  6055.836 	      0.055
  6056.924 	      0.058
  6058.013 	      0.060
  6059.101 	      0.056
  6060.190 	      0.060
  6061.278 	      0.079
  6062.367 	      0.067
  6063.457 	      0.064
  6064.546 	      0.069
  6065.636 	      0.055
  6066.725 	      0.026
  6067.815 	      0.019
  6068.906 	      0.038
  6069.996 	      0.010
  6071.086 	      0.041
  6072.177 	      0.079
  6073.268 	      0.059
  6074.359 	      0.054
  6075.451 	      0.019
  6076.542 	      0.008
  6077.634 	      0.045
  6078.726 	      0.048
  6079.818 	      0.038
  6080.910 	      0.049
  6082.003 	      0.053
  6083.096 	      0.065
  6084.189 	      0.108
  6085.282 	      0.102
  6086.375 	      0.076
  6087.468 	      0.072
  6088.562 	      0.073
  6089.656 	      0.095
  6090.750 	      0.087
  6091.844 	      0.090
  6092.939 	      0.121
  6094.034 	      0.102
  6095.129 	      0.065
  6096.224 	      0.095
  6097.319 	      0.122
  6098.414 	      0.130
  6099.510 	      0.127
  6100.606 	      0.114
  6101.702 	      0.084
  6102.798 	      0.058
  6103.895 	      0.064
  6104.991 	      0.044
  6106.088 	      0.065
  6107.185 	      0.053
  6108.282 	      0.031
  6109.380 	      0.060
  6110.478 	      0.041
  6111.575 	      0.064
  6112.673 	      0.069
  6113.772 	      0.047
  6114.870 	      0.019
  6115.969 	      0.040
  6117.068 	      0.043
  6118.167 	      0.043
  6119.266 	      0.037
  6120.365 	      0.024
  6121.465 	      0.039
  6122.565 	      0.001
  6123.665 	     -0.033
  6124.765 	     -0.025
  6125.865 	     -0.009
  6126.966 	      0.011
  6128.067 	      0.030
  6129.168 	      0.041
  6130.269 	      0.040
  6131.370 	      0.033
  6132.472 	      0.031
  6133.574 	      0.035
  6134.676 	      0.044
  6135.778 	      0.053
  6136.880 	      0.063
  6137.983 	      0.073
  6139.086 	      0.085
  6140.189 	      0.101
  6141.292 	      0.119
  6142.395 	      0.136
  6143.499 	      0.149
  6144.602 	      0.160
  6145.706 	      0.172
  6146.811 	      0.138
  6147.915 	      0.128
  6149.020 	      0.126
  6150.124 	      0.141
  6151.229 	      0.153
  6152.334 	      0.147
  6153.440 	      0.163
  6154.545 	      0.182
  6155.651 	      0.167
  6156.757 	      0.157
  6157.863 	      0.149
  6158.970 	      0.135
  6160.076 	      0.127
  6164.504 	      0.137
  6165.612 	      0.152
  6166.720 	      0.153
  6167.828 	      0.157
  6168.936 	      0.154
  6170.044 	      0.150
  6171.153 	      0.146
  6172.261 	      0.144
  6173.370 	      0.153
  6174.479 	      0.164
  6175.589 	      0.165
  6176.698 	      0.156
  6177.808 	      0.142
  6178.918 	      0.141
  6180.028 	      0.154
  6181.138 	      0.142
  6182.249 	      0.142
  6183.360 	      0.134
  6184.471 	      0.147
  6185.582 	      0.177
  6186.693 	      0.185
  6187.805 	      0.198
  6188.916 	      0.159
  6190.028 	      0.169
  6191.140 	      0.159
  6192.253 	      0.165
  6193.365 	      0.179
  6194.478 	      0.157
  6195.591 	      0.145
  6196.704 	      0.135
  6197.817 	      0.136
  6198.931 	      0.163
  6200.045 	      0.148
  6201.159 	      0.203
  6202.273 	      0.181
  6203.387 	      0.142
  6204.502 	      0.168
  6205.616 	      0.190
  6206.731 	      0.178
  6207.846 	      0.196
  6208.962 	      0.182
  6210.077 	      0.171
  6211.193 	      0.185
  6212.309 	      0.174
  6213.425 	      0.176
  6214.541 	      0.186
  6215.658 	      0.177
  6216.775 	      0.121
  6217.892 	      0.137
  6219.009 	      0.141
  6220.126 	      0.144
  6221.244 	      0.114
  6222.361 	      0.110
  6223.479 	      0.140
  6224.597 	      0.146
  6225.716 	      0.116
  6226.834 	      0.128
  6227.953 	      0.150
  6229.072 	      0.121
  6230.191 	      0.127
  6231.310 	      0.104
  6232.430 	      0.137
  6233.550 	      0.178
  6234.670 	      0.135
  6235.790 	      0.128
  6236.910 	      0.129
  6238.031 	      0.120
  6239.152 	      0.148
  6240.272 	      0.141
  6241.394 	      0.160
  6242.515 	      0.168
  6243.637 	      0.151
  6244.758 	      0.153
  6245.880 	      0.142
  6247.002 	      0.135
  6248.125 	      0.136
  6249.247 	      0.128
  6250.370 	      0.122
  6251.493 	      0.150
  6252.616 	      0.151
  6253.740 	      0.153
  6254.863 	      0.162
  6255.987 	      0.171
  6257.111 	      0.170
  6258.235 	      0.155
  6259.360 	      0.135
  6260.484 	      0.123
  6261.609 	      0.121
  6262.734 	      0.124
  6263.859 	      0.135
  6264.985 	      0.143
  6266.110 	      0.139
  6267.236 	      0.129
  6268.362 	      0.120
  6269.488 	      0.117
  6270.615 	      0.117
  6271.741 	      0.116
  6272.868 	      0.117
  6273.995 	      0.118
  6275.122 	      0.123
  6276.250 	      0.131
  6277.377 	      0.145
  6278.505 	      0.162
  6279.633 	      0.175
  6280.761 	      0.176
  6281.890 	      0.170
  6283.018 	      0.163
  6284.147 	      0.164
  6285.276 	      0.167
  6286.406 	      0.165
  6287.535 	      0.159
  6288.665 	      0.154
  6289.795 	      0.152
  6290.925 	      0.149
  6292.055 	      0.148
  6293.185 	      0.154
  6294.316 	      0.167
  6295.447 	      0.184
  6296.578 	      0.193
  6297.709 	      0.185
  6298.841 	      0.165
  6299.972 	      0.147
  6301.104 	      0.157
  6302.236 	      0.142
  6303.369 	      0.117
  6304.501 	      0.127
  6305.634 	      0.118
  6306.767 	      0.128
  6307.900 	      0.150
  6309.033 	      0.110
  6310.167 	      0.125
  6311.300 	      0.113
  6312.434 	      0.120
  6313.568 	      0.161
  6314.703 	      0.178
  6315.837 	      0.165
  6316.972 	      0.141
  6318.107 	      0.134
  6319.242 	      0.132
  6320.377 	      0.128
  6321.513 	      0.118
  6322.649 	      0.133
  6323.785 	      0.128
  6324.921 	      0.133
  6326.057 	      0.154
  6327.194 	      0.147
  6328.331 	      0.142
  6329.468 	      0.130
  6330.605 	      0.151
  6331.742 	      0.159
  6332.880 	      0.137
  6334.017 	      0.135
  6335.155 	      0.154
  6336.294 	      0.158
  6337.432 	      0.156
  6338.571 	      0.150
  6339.710 	      0.144
  6340.849 	      0.162
  6341.988 	      0.130
  6343.127 	      0.091
  6344.267 	      0.086
  6345.407 	      0.098
  6346.547 	      0.113
  6347.687 	      0.075
  6348.827 	      0.034
  6349.968 	      0.025
  6351.109 	      0.025
  6352.250 	      0.039
  6353.391 	      0.059
  6354.533 	      0.071
  6355.674 	      0.095
  6356.816 	      0.137
  6357.958 	      0.155
  6359.101 	      0.155
  6360.243 	      0.147
  6361.386 	      0.158
  6362.529 	      0.170
  6363.672 	      0.203
  6364.815 	      0.268
  6365.959 	      0.333
  6367.103 	      0.367
  6368.247 	      0.331
  6369.391 	      0.217
  6370.535 	      0.161
  6371.680 	      0.134
  6372.824 	      0.100
  6373.969 	      0.086
  6375.115 	      0.092
  6376.260 	      0.117
  6377.406 	      0.140
  6378.551 	      0.143
  6379.697 	      0.109
  6380.844 	      0.079
  6381.990 	      0.092
  6383.137 	      0.124
  6384.283 	      0.116
  6385.430 	      0.108
  6386.578 	      0.090
  6387.725 	      0.088
  6388.873 	      0.107
  6390.021 	      0.095
  6391.169 	      0.108
  6392.317 	      0.112
  6393.465 	      0.131
  6394.614 	      0.151
  6395.763 	      0.154
  6396.912 	      0.118
  6398.061 	      0.107
  6399.211 	      0.123
  6400.361 	      0.109
  6401.511 	      0.117
  6402.661 	      0.122
  6403.811 	      0.090
  6404.962 	      0.072
  6406.112 	      0.084
  6407.263 	      0.096
  6408.414 	      0.105
  6409.566 	      0.112
  6410.717 	      0.109
  6411.869 	      0.105
  6413.021 	      0.101
  6414.173 	      0.110
  6415.326 	      0.101
  6416.478 	      0.087
  6417.631 	      0.076
  6418.784 	      0.069
  6419.937 	      0.064
  6421.091 	      0.082
  6422.245 	      0.079
  6423.398 	      0.065
  6424.552 	      0.071
  6425.707 	      0.088
  6426.861 	      0.085
  6428.016 	      0.087
  6429.171 	      0.096
  6430.326 	      0.117
  6431.481 	      0.151
  6432.637 	      0.143
  6433.792 	      0.112
  6434.948 	      0.096
  6436.104 	      0.094
  6437.261 	      0.094
  6438.417 	      0.095
  6439.574 	      0.095
  6440.731 	      0.086
  6441.888 	      0.066
  6443.046 	      0.048
  6444.203 	      0.071
  6445.361 	      0.103
  6446.519 	      0.117
  6447.677 	      0.109
  6448.836 	      0.097
  6449.994 	      0.094
  6451.153 	      0.081
  6452.312 	      0.068
  6453.471 	      0.079
  6454.631 	      0.075
  6455.791 	      0.081
  6456.950 	      0.106
  6458.111 	      0.099
  6459.271 	      0.095
  6460.431 	      0.103
  6461.592 	      0.080
  6462.753 	      0.048
  6463.914 	      0.037
  6465.075 	      0.060
  6466.237 	      0.081
  6467.399 	      0.076
  6468.561 	      0.052
  6469.723 	      0.055
  6470.885 	      0.067
  6472.048 	      0.043
  6473.211 	      0.046
  6474.374 	      0.002
  6475.537 	      0.024
  6476.700 	      0.029
  6477.864 	      0.030
  6479.028 	      0.046
  6480.192 	      0.039
  6481.356 	      0.038
  6482.521 	     -0.012
  6483.685 	     -0.013
  6484.850 	      0.012
  6486.015 	      0.034
  6487.181 	      0.044
  6488.346 	      0.063
  6489.512 	      0.023
  6490.678 	      0.018
  6491.844 	      0.002
  6493.010 	     -0.018
  6494.177 	     -0.012
  6495.344 	     -0.003
  6496.511 	      0.006
  6497.678 	      0.056
  6498.845 	      0.070
  6500.013 	      0.062
  6501.181 	      0.029
  6502.349 	      0.026
  6503.517 	      0.023
  6504.685 	      0.044
  6505.854 	      0.070
  6507.023 	      0.061
  6508.192 	      0.042
  6509.361 	      0.026
  6510.531 	      0.036
  6511.700 	      0.035
  6512.870 	      0.028
  6514.041 	      0.019
  6515.211 	      0.005
  6516.381 	     -0.011
  6517.552 	     -0.018
  6518.723 	     -0.003
  6519.894 	      0.009
  6521.066 	     -0.001
  6522.237 	     -0.013
  6523.409 	     -0.017
  6524.581 	     -0.003
  6525.753 	      0.010
  6526.926 	     -0.012
  6528.099 	      0.005
  6529.271 	      0.039
  6530.445 	      0.071
  6531.618 	      0.085
  6532.791 	      0.059
  6533.965 	      0.032
  6535.139 	      0.030
  6536.313 	      0.029
  6537.487 	      0.042
  6538.662 	      0.062
  6539.837 	      0.081
  6541.012 	      0.050
  6542.187 	      0.048
  6543.362 	      0.046
  6544.538 	      0.036
  6545.714 	      0.049
  6546.890 	      0.057
  6548.066 	      0.050
  6549.243 	      0.025
  6550.419 	      0.048
  6551.596 	      0.056
  6552.773 	      0.039
  6553.950 	      0.045
  6555.128 	      0.020
  6556.306 	      0.017
  6557.484 	      0.021
  6558.662 	      0.014
  6559.840 	     -0.000
  6561.019 	      0.018
  6562.198 	      0.045
  6563.377 	      0.053
  6564.556 	      0.027
  6565.735 	     -0.003
  6566.915 	     -0.047
  6568.095 	     -0.057
  6569.275 	     -0.068
  6570.455 	     -0.077
  6571.635 	     -0.080
  6572.816 	     -0.076
  6573.997 	     -0.070
  6575.178 	     -0.061
  6576.359 	     -0.051
  6577.541 	     -0.044
  6578.723 	     -0.041
  6579.905 	     -0.035
  6581.087 	     -0.027
  6582.269 	     -0.014
  6583.452 	      0.003
  6584.635 	      0.020
  6585.818 	      0.033
  6587.001 	      0.040
  6588.184 	      0.039
  6589.368 	      0.045
  6590.552 	      0.055
  6591.736 	      0.048
  6592.920 	      0.067
  6594.105 	      0.088
  6595.290 	      0.080
  6596.475 	      0.069
  6597.660 	      0.071
  6598.845 	      0.082
  6600.031 	      0.096
  6601.216 	      0.084
  6602.402 	      0.096
  6603.589 	      0.110
  6604.775 	      0.110
  6605.962 	      0.096
  6607.149 	      0.094
  6608.336 	      0.090
  6609.523 	      0.083
  6610.710 	      0.117
  6611.898 	      0.171
  6613.086 	      0.248
  6614.274 	      0.465
  6615.463 	      0.816
  6616.651 	      1.239
  6617.840 	      1.415
  6619.029 	      1.085
  6620.218 	      0.502
  6621.408 	      0.235
  6622.597 	      0.188
  6623.787 	      0.186
  6624.977 	      0.229
  6626.167 	      0.333
  6627.358 	      0.567
  6628.549 	      1.185
  6629.740 	      2.885
  6630.931 	      6.187
  6632.122 	      9.411
  6633.314 	      8.836
  6634.505 	      4.613
  6635.697 	      1.594
  6636.890 	      0.502
  6638.082 	      0.233
  6639.275 	      0.156
  6640.467 	      0.158
  6641.660 	      0.162
  6642.854 	      0.171
  6644.047 	      0.180
  6645.241 	      0.208
  6646.435 	      0.291
  6647.629 	      0.420
  6648.823 	      0.710
  6650.018 	      1.317
  6651.213 	      2.346
  6652.408 	      3.659
  6653.603 	      4.040
  6654.798 	      2.931
  6655.994 	      1.452
  6657.190 	      0.583
  6658.386 	      0.266
  6659.582 	      0.158
  6660.779 	      0.143
  6661.975 	      0.155
  6663.172 	      0.144
  6664.369 	      0.125
  6665.567 	      0.122
  6666.764 	      0.116
  6667.962 	      0.114
  6669.160 	      0.120
  6670.358 	      0.142
  6671.557 	      0.129
  6672.755 	      0.092
  6673.954 	      0.087
  6675.153 	      0.097
  6676.353 	      0.128
  6677.552 	      0.142
  6678.752 	      0.114
  6679.952 	      0.102
  6681.152 	      0.073
  6682.352 	      0.066
  6683.553 	      0.092
  6684.754 	      0.106
  6685.955 	      0.095
  6687.156 	      0.111
  6688.357 	      0.083
  6689.559 	      0.080
  6690.761 	      0.141
  6691.963 	      0.129
  6693.165 	      0.127
  6694.368 	      0.103
  6695.571 	      0.094
  6696.774 	      0.105
  6697.977 	      0.080
  6699.180 	      0.086
  6700.384 	      0.077
  6701.588 	      0.077
  6702.792 	      0.108
  6703.996 	      0.074
  6705.200 	      0.087
  6706.405 	      0.085
  6707.610 	      0.076
  6708.815 	      0.082
  6710.020 	      0.090
  6711.226 	      0.074
  6712.432 	      0.068
  6713.638 	      0.084
  6714.844 	      0.090
  6716.050 	      0.095
  6717.257 	      0.090
  6718.464 	      0.087
  6719.671 	      0.094
  6720.878 	      0.094
  6722.086 	      0.088
  6723.293 	      0.093
  6724.501 	      0.087
  6725.710 	      0.076
  6726.918 	      0.083
  6728.127 	      0.090
  6729.335 	      0.074
  6730.544 	      0.090
  6731.754 	      0.084
  6732.963 	      0.076
  6734.173 	      0.076
  6735.383 	      0.076
  6736.593 	      0.094
  6737.803 	      0.094
  6739.014 	      0.072
  6740.224 	      0.067
  6741.435 	      0.097
  6742.647 	      0.084
  6743.858 	      0.056
  6745.070 	      0.051
  6751.131 	      0.084
  6752.344 	      0.075
  6753.557 	      0.093
  6754.771 	      0.086
  6755.984 	      0.097
  6757.198 	      0.076
  6758.412 	      0.111
  6759.626 	      0.104
  6760.841 	      0.103
  6762.055 	      0.104
  6763.270 	      0.080
  6764.485 	      0.058
  6765.701 	      0.084
  6766.916 	      0.100
  6768.132 	      0.072
  6769.348 	      0.053
  6770.564 	      0.044
  6771.781 	      0.044
  6772.997 	      0.047
  6774.214 	      0.076
  6775.431 	      0.098
  6776.649 	      0.083
  6777.866 	      0.060
  6779.084 	      0.067
  6780.302 	      0.092
  6781.520 	      0.118
  6782.738 	      0.183
  6783.957 	      0.306
  6785.176 	      0.571
  6786.395 	      1.013
  6787.614 	      1.246
  6788.834 	      1.003
  6790.053 	      0.541
  6791.273 	      0.227
  6792.494 	      0.097
  6793.714 	      0.078
  6794.935 	      0.083
  6796.155 	      0.112
  6797.376 	      0.152
  6798.598 	      0.276
  6799.819 	      0.506
  6801.041 	      0.823
  6802.263 	      1.003
  6803.485 	      0.769
  6804.707 	      0.356
  6805.930 	      0.161
  6807.153 	      0.096
  6808.376 	      0.082
  6809.599 	      0.080
  6810.822 	      0.068
  6812.046 	      0.056
  6813.270 	      0.073
  6814.494 	      0.053
  6815.718 	      0.056
  6816.943 	      0.051
  6818.168 	      0.041
  6819.392 	      0.038
  6820.618 	      0.040
  6821.843 	      0.032
  6823.069 	      0.065
  6824.295 	      0.055
  6825.521 	      0.056
  6826.747 	      0.059
  6827.974 	      0.064
  6829.200 	      0.062
  6830.427 	      0.050
  6831.654 	      0.044
  6832.882 	      0.048
  6834.109 	      0.051
  6835.337 	      0.044
  6836.565 	      0.019
  6837.794 	      0.017
  6839.022 	      0.034
  6840.251 	      0.050
  6841.480 	      0.044
  6842.709 	      0.026
  6843.938 	      0.026
  6845.168 	      0.048
  6846.398 	      0.050
  6847.628 	      0.053
  6848.858 	      0.046
  6850.089 	      0.040
  6851.319 	      0.045
  6852.550 	      0.045
  6853.782 	      0.047
  6855.013 	      0.052
  6856.245 	      0.041
  6857.476 	      0.045
  6858.708 	      0.049
  6859.941 	      0.052
  6861.173 	      0.067
  6862.406 	      0.061
  6863.639 	      0.037
  6864.872 	     -0.016
  6866.105 	     -0.154
  6867.339 	     -0.285
  6868.573 	     -0.354
  6869.807 	     -0.369
  6871.041 	     -0.337
  6872.276 	     -0.316
  6873.510 	     -0.269
  6874.745 	     -0.226
  6875.980 	     -0.174
  6877.216 	     -0.136
  6878.451 	     -0.115
  6879.687 	     -0.068
  6880.923 	     -0.042
  6882.159 	     -0.014
  6883.396 	     -0.023
  6884.633 	     -0.105
  6885.870 	     -0.146
  6887.107 	     -0.132
  6888.344 	     -0.134
  6889.582 	     -0.113
  6890.820 	     -0.114
  6892.058 	     -0.104
  6893.296 	     -0.088
  6894.534 	     -0.113
  6895.773 	     -0.122
  6897.012 	     -0.118
  6898.251 	     -0.103
  6899.490 	     -0.083
  6900.730 	     -0.078
  6901.970 	     -0.076
  6903.210 	     -0.081
  6904.450 	     -0.095
  6905.691 	     -0.085
  6906.931 	     -0.072
  6908.172 	     -0.080
  6909.413 	     -0.068
  6910.655 	     -0.062
  6911.896 	     -0.075
  6913.138 	     -0.080
  6914.380 	     -0.065
  6915.623 	     -0.044
  6916.865 	     -0.054
  6918.108 	     -0.045
  6919.351 	      0.006
  6920.594 	      0.016
  6921.837 	     -0.013
  6923.081 	     -0.035
  6924.325 	     -0.041
  6925.569 	     -0.028
  6926.813 	     -0.021
  6928.058 	     -0.031
  6929.302 	     -0.034
  6930.547 	      0.001
  6931.792 	     -0.009
  6933.038 	     -0.010
  6934.284 	     -0.011
  6935.529 	     -0.012
  6936.775 	     -0.013
  6938.022 	     -0.006
  6939.268 	      0.012
  6940.515 	      0.011
  6941.762 	     -0.004
  6943.009 	     -0.013
  6944.257 	     -0.018
  6945.504 	      0.014
  6946.752 	      0.008
  6948.000 	      0.013
  6949.248 	      0.009
  6950.497 	     -0.000
  6951.746 	     -0.018
  6952.995 	      0.001
  6954.244 	      0.014
  6955.493 	      0.013
  6956.743 	      0.015
  6957.993 	      0.012
  6959.243 	      0.015
  6960.493 	     -0.001
  6961.744 	     -0.004
  6962.995 	      0.038
  6964.246 	      0.053
  6965.497 	      0.056
  6966.748 	      0.069
  6968.000 	      0.054
  6969.252 	      0.039
  6970.504 	      0.051
  6971.756 	      0.066
  6973.009 	      0.076
  6974.262 	      0.076
  6975.515 	      0.066
  6976.768 	      0.044
  6978.022 	      0.042
  6979.275 	      0.024
  6980.529 	      0.017
  6981.783 	      0.034
  6983.038 	      0.028
  6984.292 	      0.015
  6985.547 	      0.013
  6986.802 	      0.008
  6988.058 	     -0.003
  6989.313 	     -0.005
  6990.569 	      0.012
  6991.825 	      0.023
  6993.081 	      0.009
  6994.337 	      0.013
  6995.594 	      0.005
  6996.851 	      0.025
  6998.108 	     -0.010
  6999.365 	     -0.000
  7000.623 	      0.014
  7001.881 	      0.024
  7003.139 	     -0.004
  7004.397 	     -0.008
  7005.655 	     -0.013
  7006.914 	      0.006
  7008.173 	      0.013
  7009.432 	     -0.008
  7010.691 	     -0.007
  7011.951 	      0.016
  7013.211 	     -0.000
  7014.471 	     -0.019
  7015.731 	     -0.032
  7016.991 	     -0.007
  7018.252 	      0.001
  7019.513 	     -0.005
  7020.774 	     -0.029
  7022.036 	     -0.023
  7023.297 	     -0.005
  7024.559 	      0.001
  7025.821 	     -0.010
  7027.083 	     -0.032
  7028.346 	     -0.025
  7029.609 	      0.015
  7030.872 	      0.036
  7032.135 	      0.017
  7033.398 	      0.015
  7034.662 	      0.033
  7035.926 	      0.028
  7037.190 	      0.012
  7038.454 	     -0.009
  7039.719 	     -0.009
  7040.984 	     -0.008
  7042.249 	     -0.005
  7043.514 	      0.017
  7044.779 	      0.025
  7046.045 	      0.029
  7047.311 	      0.013
  7048.577 	     -0.006
  7049.844 	      0.018
  7051.110 	      0.017
  7052.377 	      0.022
  7053.644 	      0.040
  7054.911 	      0.071
  7056.179 	      0.045
  7057.447 	      0.019
  7058.715 	      0.020
  7059.983 	      0.027
  7061.251 	      0.021
  7062.520 	      0.015
  7063.789 	     -0.005
  7065.058 	      0.001
  7066.327 	      0.026
  7067.597 	      0.025
  7068.867 	      0.009
  7070.137 	      0.030
  7071.407 	      0.036
  7072.677 	      0.014
  7073.948 	      0.000
  7075.219 	     -0.001
  7076.490 	      0.011
  7077.762 	     -0.000
  7079.033 	      0.012
  7080.305 	      0.033
  7081.577 	      0.041
  7082.850 	      0.021
  7084.122 	      0.018
  7085.395 	      0.016
  7086.668 	      0.005
  7087.941 	      0.030
  7089.214 	      0.042
  7090.488 	      0.019
  7091.762 	      0.004
  7093.036 	     -0.005
  7094.311 	     -0.011
  7095.585 	      0.000
  7096.860 	      0.013
  7098.135 	      0.022
  7099.410 	      0.019
  7100.686 	      0.029
  7101.962 	      0.020
  7103.238 	     -0.001
  7104.514 	     -0.015
  7105.790 	      0.002
  7107.067 	      0.020
  7108.344 	      0.028
  7109.621 	      0.023
  7110.898 	      0.041
  7112.176 	      0.040
  7113.454 	      0.039
  7114.732 	      0.029
  7116.010 	      0.020
  7117.288 	      0.057
  7118.567 	      0.032
  7119.846 	      0.003
  7121.125 	      0.010
  7122.405 	      0.002
  7123.684 	      0.024
  7124.964 	      0.026
  7126.244 	      0.009
  7127.525 	      0.020
  7128.805 	      0.009
  7130.086 	      0.005
  7131.367 	      0.004
  7132.648 	     -0.006
  7133.930 	     -0.020
  7135.212 	     -0.031
  7136.494 	     -0.013
  7137.776 	      0.010
  7139.058 	      0.022
  7140.341 	      0.020
  7141.624 	      0.007
  7142.907 	      0.018
  7144.190 	      0.024
  7145.474 	      0.012
  7146.757 	      0.009
  7148.041 	      0.010
  7149.326 	      0.011
  7150.610 	      0.039
  7151.895 	      0.021
  7153.180 	     -0.001
  7154.465 	     -0.012
  7155.750 	      0.019
  7160.894 	      0.023
  7162.181 	      0.051
  7163.468 	      0.066
  7164.755 	      0.025
  7166.042 	      0.009
  7167.329 	     -0.039
  7168.617 	     -0.075
  7169.905 	     -0.096
  7171.193 	     -0.138
  7172.482 	     -0.152
  7173.770 	     -0.154
  7175.059 	     -0.150
  7176.348 	     -0.163
  7177.638 	     -0.136
  7178.927 	     -0.125
  7180.217 	     -0.123
  7181.507 	     -0.160
  7182.797 	     -0.211
  7184.088 	     -0.254
  7185.379 	     -0.275
  7186.670 	     -0.215
  7187.961 	     -0.145
  7189.252 	     -0.124
  7190.544 	     -0.178
  7191.836 	     -0.215
  7193.128 	     -0.214
  7194.420 	     -0.162
  7195.713 	     -0.126
  7197.006 	     -0.138
  7198.299 	     -0.192
  7199.592 	     -0.207
  7200.885 	     -0.192
  7202.179 	     -0.184
  7203.473 	     -0.173
  7204.767 	     -0.175
  7206.062 	     -0.137
  7207.356 	     -0.100
  7208.651 	     -0.074
  7209.947 	     -0.063
  7211.242 	     -0.035
  7212.538 	     -0.025
  7213.833 	     -0.044
  7215.129 	     -0.068
  7216.426 	     -0.065
  7217.722 	     -0.053
  7219.019 	     -0.071
  7220.316 	     -0.057
  7221.613 	     -0.084
  7222.911 	     -0.076
  7224.208 	     -0.061
  7225.506 	     -0.071
  7226.805 	     -0.069
  7228.103 	     -0.084
  7229.402 	     -0.077
  7230.700 	     -0.147
  7232.000 	     -0.212
  7233.299 	     -0.238
  7234.599 	     -0.201
  7235.898 	     -0.164
  7237.198 	     -0.144
  7238.499 	     -0.143
  7239.799 	     -0.155
  7241.100 	     -0.152
  7242.401 	     -0.155
  7243.702 	     -0.165
  7245.003 	     -0.159
  7246.305 	     -0.132
  7247.607 	     -0.122
  7248.909 	     -0.119
  7250.212 	     -0.162
  7251.514 	     -0.210
  7252.817 	     -0.187
  7254.120 	     -0.145
  7255.423 	     -0.111
  7256.727 	     -0.128
  7258.031 	     -0.139
  7259.335 	     -0.150
  7260.639 	     -0.170
  7261.943 	     -0.171
  7263.248 	     -0.186
  7264.553 	     -0.190
  7265.858 	     -0.143
  7267.164 	     -0.093
  7268.469 	     -0.113
  7269.775 	     -0.167
  7271.081 	     -0.155
  7272.388 	     -0.162
  7273.694 	     -0.174
  7275.001 	     -0.209
  7276.308 	     -0.207
  7277.616 	     -0.196
  7278.923 	     -0.156
  7280.231 	     -0.121
  7281.539 	     -0.100
  7282.847 	     -0.066
  7284.156 	     -0.050
  7285.464 	     -0.092
  7286.773 	     -0.149
  7288.082 	     -0.193
  7289.392 	     -0.195
  7290.701 	     -0.195
  7292.011 	     -0.147
  7293.321 	     -0.103
  7294.632 	     -0.114
  7295.942 	     -0.114
  7297.253 	     -0.114
  7298.564 	     -0.124
  7299.876 	     -0.136
  7301.187 	     -0.187
  7302.499 	     -0.198
  7303.811 	     -0.158
  7305.123 	     -0.105
  7306.436 	     -0.098
  7307.748 	     -0.126
  7309.061 	     -0.134
  7310.374 	     -0.112
  7311.688 	     -0.082
  7313.002 	     -0.087
  7314.315 	     -0.103
  7315.630 	     -0.123
  7316.944 	     -0.128
  7318.259 	     -0.119
  7319.573 	     -0.088
  7320.888 	     -0.069
  7322.204 	     -0.081
  7323.519 	     -0.085
  7324.835 	     -0.088
  7326.151 	     -0.092
  7327.467 	     -0.028
  7328.784 	     -0.032
  7330.101 	     -0.086
