WV      	 Sigma   
4184.326	    0.046
4185.077	    0.029
4185.828	    0.060
4186.580	    0.077
4187.331	    0.017
4188.083	    0.017
4188.835	    0.042
4189.586	    0.080
4190.339	    0.052
4191.091	    0.069
4191.843	    0.082
4192.595	    0.090
4193.348	    0.034
4194.101	    0.056
4194.853	    0.074
4195.606	    0.086
4196.359	    0.051
4197.113	    0.054
4197.866	    0.065
4198.620	    0.097
4199.373	    0.012
4200.127	    0.081
4200.881	    0.104
4201.635	    0.074
4202.389	    0.029
4203.143	    0.045
4203.898	    0.051
4204.652	    0.029
4205.407	    0.082
4206.162	    0.126
4206.917	    0.132
4207.672	    0.034
4208.427	    0.118
4209.183	    0.109
4209.938	    0.083
4210.694	    0.034
4211.450	    0.040
4212.206	    0.036
4212.962	    0.072
4213.718	    0.099
4214.474	    0.090
4215.231	    0.094
4215.987	    0.083
4216.744	    0.043
4217.501	    0.078
4218.258	    0.024
4219.015	    0.070
4219.773	    0.017
4220.530	    0.059
4221.288	    0.093
4222.045	    0.102
4222.803	    0.061
4223.561	    0.060
4224.319	    0.060
4225.077	    0.066
4225.836	    0.088
4226.594	    0.066
4227.353	    0.040
4228.112	    0.034
4228.871	    0.070
4229.630	    0.081
4230.389	    0.048
4231.148	    0.068
4231.908	    0.069
4232.667	    0.084
4233.427	    0.119
4234.187	    0.131
4234.947	    0.120
4235.707	    0.118
4236.468	    0.138
4237.228	    0.126
4237.989	    0.060
4238.749	    0.060
4239.510	    0.095
4240.271	    0.100
4241.032	    0.061
4241.793	    0.109
4242.555	    0.046
4243.316	    0.048
4244.078	    0.049
4244.840	    0.074
4245.602	    0.115
4246.364	    0.129
4247.126	    0.130
4247.888	    0.094
4248.651	    0.084
4249.413	    0.106
4250.176	    0.129
4250.939	    0.116
4251.702	    0.107
4252.465	    0.110
4253.229	    0.116
4253.992	    0.114
4254.756	    0.084
4255.519	    0.072
4256.283	    0.070
4257.047	    0.080
4257.811	    0.110
4258.575	    0.104
4259.340	    0.083
4260.104	    0.036
4260.869	    0.029
4261.634	    0.045
4262.399	    0.045
4263.164	    0.081
4263.929	    0.038
4264.695	    0.042
4265.460	    0.027
4266.226	    0.034
4266.991	    0.027
4267.757	    0.038
4268.523	    0.038
4269.290	    0.080
4270.056	    0.055
4270.822	    0.086
4271.589	    0.093
4272.356	    0.071
4273.123	    0.049
4273.890	    0.089
4274.657	    0.056
4275.424	    0.119
4276.191	    0.074
4276.959	    0.049
4277.727	    0.086
4278.494	    0.099
4279.262	    0.089
4280.031	    0.105
4280.799	    0.117
4281.567	    0.127
4282.336	    0.132
4283.104	    0.057
4283.873	    0.089
4284.642	    0.116
4285.411	    0.136
4286.180	    0.100
4286.950	    0.086
4287.719	    0.065
4288.489	    0.048
4289.259	    0.090
4290.029	    0.087
4290.799	    0.062
4291.569	    0.048
4292.339	    0.086
4293.110	    0.034
4293.880	    0.045
4294.651	    0.029
4295.422	    0.062
4296.193	    0.029
4296.964	    0.095
4297.735	    0.113
4298.507	    0.109
4299.278	    0.132
4300.050	    0.114
4300.822	    0.096
4301.594	    0.078
4302.366	    0.057
4303.138	    0.115
4303.910	    0.146
4304.683	    0.149
4305.456	    0.088
4306.229	    0.133
4307.001	    0.120
4307.775	    0.110
4308.548	    0.114
4309.321	    0.160
4310.095	    0.120
4310.868	    0.088
4311.642	    0.067
4312.416	    0.074
4313.190	    0.091
4313.964	    0.094
4314.739	    0.095
4315.513	    0.098
4316.288	    0.091
4317.062	    0.109
4317.837	    0.124
4318.612	    0.133
4319.388	    0.158
4320.163	    0.149
4320.938	    0.132
4321.714	    0.103
4322.490	    0.029
4323.266	    0.048
4324.042	    0.042
4324.818	    0.094
4325.594	    0.133
4326.370	    0.114
4327.147	    0.090
4327.924	    0.036
4328.700	    0.088
4329.477	    0.090
4330.255	    0.065
4331.032	    0.094
4331.809	    0.100
4332.587	    0.135
4333.364	    0.142
4334.142	    0.116
4334.920	    0.091
4335.698	    0.110
4336.477	    0.117
4337.255	    0.130
4338.034	    0.118
4338.812	    0.079
4339.591	    0.090
4340.370	    0.027
4341.149	    0.097
4341.928	    0.122
4342.708	    0.029
4343.487	    0.086
4344.267	    0.042
4345.046	    0.038
4345.826	    0.036
4346.606	    0.102
4347.387	    0.123
4348.167	    0.112
4348.947	    0.082
4349.728	    0.069
4350.509	    0.076
4351.290	    0.089
4352.071	    0.085
4352.852	    0.029
4353.633	    0.113
4354.415	    0.119
4355.196	    0.112
4355.978	    0.102
4356.760	    0.122
4357.542	    0.124
4358.324	    0.131
4359.106	    0.132
4359.889	    0.114
4360.671	    0.119
4361.454	    0.141
4362.237	    0.133
4363.020	    0.098
4363.803	    0.102
4364.587	    0.090
4365.370	    0.104
4366.153	    0.113
4366.937	    0.092
4367.721	    0.094
4368.505	    0.080
4369.289	    0.082
4370.073	    0.102
4370.858	    0.156
4371.642	    0.153
4372.427	    0.141
4373.212	    0.142
4373.997	    0.177
4374.782	    0.126
4375.567	    0.114
4376.353	    0.110
4377.138	    0.116
4377.924	    0.145
4378.710	    0.169
4385.001	    0.176
4385.788	    0.119
4386.576	    0.125
4387.363	    0.146
4388.151	    0.167
4388.938	    0.149
4389.726	    0.144
4390.514	    0.141
4391.302	    0.136
4392.090	    0.123
4392.879	    0.134
4393.667	    0.152
4394.456	    0.159
4395.245	    0.155
4396.033	    0.172
4396.823	    0.160
4397.612	    0.148
4398.401	    0.137
4399.191	    0.126
4399.980	    0.152
4400.770	    0.161
4401.560	    0.150
4402.350	    0.128
4403.140	    0.148
4403.931	    0.143
4404.721	    0.141
4405.512	    0.144
4406.302	    0.153
4407.093	    0.160
4407.884	    0.154
4408.676	    0.142
4409.467	    0.129
4410.258	    0.121
4411.050	    0.133
4411.842	    0.111
4412.634	    0.080
4413.426	    0.062
4414.218	    0.148
4415.010	    0.162
4415.803	    0.141
4416.595	    0.102
4417.388	    0.040
4418.181	    0.114
4418.974	    0.107
4419.767	    0.117
4420.561	    0.125
4421.354	    0.105
4422.148	    0.110
4422.941	    0.122
4423.735	    0.117
4424.529	    0.097
4425.324	    0.075
4426.118	    0.065
4426.912	    0.040
4427.707	    0.040
4428.502	    0.066
4429.297	    0.043
4430.092	    0.024
4430.887	    0.045
4431.682	    0.087
4432.478	    0.123
4433.273	    0.123
4434.069	    0.125
4434.865	    0.122
4435.661	    0.110
4436.457	    0.075
4437.253	    0.082
4438.050	    0.097
4438.847	    0.097
4439.643	    0.085
4440.440	    0.061
4441.237	    0.051
4442.034	    0.043
4442.832	    0.043
4443.629	    0.052
4444.427	    0.074
4445.225	    0.104
4446.023	    0.082
4446.821	    0.040
4447.619	    0.024
4448.417	    0.123
4449.216	    0.173
4450.014	    0.149
4450.813	    0.075
4451.612	    0.095
4452.411	    0.061
4453.210	    0.071
4454.009	    0.100
4454.809	    0.105
4455.609	    0.091
4456.408	    0.059
4457.208	    0.024
4458.008	    0.032
4458.808	    0.032
4459.609	    0.043
4460.409	    0.082
4461.210	    0.102
4462.011	    0.110
4462.812	    0.107
4463.613	    0.084
4464.414	    0.027
4465.215	    0.057
4466.017	    0.048
4466.818	    0.042
4467.620	    0.082
4468.422	    0.087
4469.224	    0.079
4470.026	    0.067
4470.829	    0.049
4471.631	    0.027
4472.434	    0.034
4473.237	    0.046
4474.039	    0.060
4474.843	    0.072
4475.646	    0.077
4476.449	    0.076
4477.253	    0.051
4478.056	    0.051
4478.860	    0.094
4479.664	    0.103
4480.468	    0.097
4481.272	    0.092
4482.077	    0.086
4482.881	    0.079
4483.686	    0.069
4484.491	    0.060
4485.296	    0.051
4486.101	    0.038
4486.906	    0.021
4487.711	    0.032
4488.517	    0.046
4489.322	    0.057
4490.128	    0.066
4490.934	    0.074
4491.740	    0.083
4492.547	    0.104
4493.353	    0.117
4494.160	    0.119
4494.966	    0.103
4495.773	    0.122
4496.580	    0.077
4497.387	    0.072
4498.194	    0.046
4499.002	    0.063
4499.809	    0.055
4500.617	    0.073
4501.425	    0.063
4502.233	    0.034
4503.041	    0.042
4503.849	    0.078
4504.658	    0.080
4505.466	    0.065
4506.275	    0.034
4507.084	    0.040
4507.893	    0.040
4508.702	    0.049
4509.511	    0.065
4510.321	    0.068
4511.130	    0.052
4511.940	    0.040
4512.750	    0.029
4513.560	    0.046
4514.370	    0.074
4515.180	    0.089
4515.991	    0.089
4516.802	    0.076
4517.612	    0.066
4518.423	    0.065
4519.234	    0.072
4520.045	    0.090
4520.857	    0.095
4521.668	    0.085
4522.480	    0.060
4523.292	    0.029
4524.103	    0.068
4524.916	    0.045
4525.728	    0.060
4526.540	    0.091
4527.353	    0.106
4528.165	    0.107
4528.978	    0.092
4529.791	    0.078
4530.604	    0.067
4531.417	    0.055
4532.231	    0.027
4533.044	    0.059
4533.858	    0.056
4534.672	    0.012
4535.486	    0.059
4536.300	    0.065
4537.114	    0.021
4537.928	    0.057
4538.743	    0.043
4539.558	    0.024
4540.372	    0.048
4541.187	    0.056
4542.002	    0.083
4542.818	    0.102
4543.633	    0.099
4544.449	    0.066
4545.264	    0.072
4546.080	    0.089
4546.896	    0.057
4547.712	    0.048
4548.529	    0.086
4549.345	    0.105
4550.162	    0.109
4550.979	    0.109
4551.795	    0.101
4552.612	    0.085
4553.430	    0.055
4554.247	    0.021
4555.064	    0.021
4555.882	    0.029
4556.700	    0.051
4557.518	    0.070
4558.336	    0.087
4559.154	    0.080
4559.972	    0.059
4560.791	    0.027
4561.609	    0.021
4562.428	    0.042
4563.247	    0.076
4564.066	    0.080
4564.885	    0.072
4565.705	    0.052
4566.524	    0.021
4567.344	    0.027
4568.164	    0.065
4568.984	    0.079
4569.804	    0.075
4570.624	    0.046
4571.445	    0.051
4572.265	    0.075
4573.086	    0.088
4573.907	    0.098
4574.728	    0.100
4575.549	    0.086
4576.370	    0.021
4577.192	    0.024
4578.013	    0.040
4578.835	    0.062
4579.657	    0.056
4580.479	    0.056
4581.301	    0.074
4582.123	    0.048
4582.946	    0.038
4583.768	    0.057
4584.591	    0.049
4585.414	    0.040
4586.237	    0.059
4587.060	    0.060
4587.884	    0.048
4588.707	    0.048
4589.531	    0.034
4590.355	    0.038
4591.179	    0.059
4592.003	    0.081
4592.827	    0.101
4593.651	    0.119
4594.476	    0.117
4595.301	    0.100
4596.125	    0.074
4596.950	    0.040
4597.776	    0.012
4598.601	    0.021
4599.426	    0.029
4600.252	    0.038
4601.078	    0.040
4601.903	    0.027
4602.730	    0.049
4603.556	    0.090
4604.382	    0.098
4605.208	    0.075
4606.035	    0.029
4606.862	    0.074
4607.689	    0.017
4608.516	    0.081
4609.343	    0.087
4610.170	    0.074
4610.998	    0.043
4611.826	    0.027
4612.653	    0.049
4613.481	    0.091
4614.309	    0.109
4615.138	    0.109
4615.966	    0.090
4616.795	    0.051
4617.623	    0.036
4618.452	    0.063
4619.281	    0.077
4620.110	    0.079
4620.940	    0.066
4621.769	    0.029
4622.599	    0.052
4623.428	    0.079
4624.258	    0.087
4625.088	    0.072
4625.918	    0.032
4626.749	    0.049
4627.579	    0.021
4628.410	    0.032
4629.241	    0.032
4630.072	    0.065
4630.903	    0.057
4631.734	    0.055
4632.565	    0.060
4633.397	    0.042
4634.229	    0.042
4635.060	    0.024
4635.892	    0.054
4636.724	    0.068
4637.557	    0.067
4638.389	    0.059
4639.222	    0.045
4640.054	    0.024
4640.887	    0.032
4641.720	    0.043
4642.553	    0.051
4643.387	    0.056
4644.220	    0.057
4645.054	    0.055
4645.888	    0.040
4646.722	    0.021
4647.556	    0.042
4648.390	    0.049
4649.224	    0.045
4650.059	    0.012
4650.893	    0.072
4651.728	    0.072
4652.563	    0.032
4653.398	    0.070
4654.234	    0.097
4655.069	    0.091
4655.905	    0.078
4656.740	    0.077
4657.576	    0.079
4658.412	    0.074
4659.248	    0.057
4660.085	    0.036
4660.921	    0.032
4661.758	    0.032
4662.594	    0.034
4663.431	    0.038
4664.268	    0.040
4665.106	    0.038
4665.943	    0.024
4666.781	    0.027
4667.618	    0.051
4668.456	    0.063
4669.294	    0.066
4670.132	    0.046
4670.970	    0.012
4671.809	    0.034
4672.647	    0.040
4673.486	    0.054
4674.325	    0.086
4675.164	    0.110
4676.003	    0.090
4676.843	    0.048
4677.682	    0.017
4678.522	    0.057
4679.361	    0.086
4680.201	    0.012
4681.041	    0.086
4681.882	    0.086
4682.722	    0.062
4683.563	    0.032
4684.403	    0.061
4685.244	    0.097
4686.085	    0.076
4686.926	    0.085
4687.767	    0.111
4688.609	    0.087
4689.450	    0.060
4690.292	    0.070
4691.134	    0.070
4691.976	    0.077
4692.818	    0.066
4693.661	    0.059
4694.503	    0.066
4695.346	    0.068
4696.189	    0.042
4697.032	    0.017
4697.875	    0.056
4698.718	    0.071
4699.561	    0.059
4700.405	    0.060
4701.249	    0.063
4702.092	    0.017
4702.936	    0.061
4703.781	    0.073
4704.625	    0.063
4705.469	    0.085
4706.314	    0.097
4707.159	    0.083
4708.004	    0.060
4708.849	    0.038
4709.694	    0.027
4710.539	    0.078
4711.385	    0.107
4712.231	    0.071
4713.076	    0.029
4713.922	    0.027
4714.768	    0.049
4715.615	    0.012
4716.461	    0.051
4717.308	    0.088
4718.154	    0.075
4719.001	    0.012
4719.848	    0.065
4720.696	    0.070
4721.543	    0.029
4722.390	    0.034
4723.238	    0.062
4724.086	    0.066
4724.934	    0.024
4725.782	    0.081
4726.630	    0.099
4727.479	    0.046
4728.327	    0.067
4729.176	    0.075
4730.025	    0.093
4730.874	    0.117
4731.723	    0.057
4732.572	    0.043
4733.422	    0.049
4734.271	    0.046
4735.121	    0.052
4735.971	    0.076
4736.821	    0.110
4737.671	    0.027
4738.522	    0.098
4739.372	    0.098
4740.223	    0.066
4741.074	    0.034
4741.925	    0.038
4742.776	    0.088
4743.627	    0.057
4744.479	    0.063
4745.330	    0.024
4746.182	    0.036
4747.034	    0.032
4747.886	    0.045
4748.738	    0.029
4749.591	    0.061
4750.443	    0.046
4751.296	    0.027
4752.149	    0.075
4753.002	    0.059
4753.855	    0.055
4754.708	    0.034
4755.562	    0.060
4756.415	    0.088
4757.269	    0.077
4758.123	    0.042
4758.977	    0.038
4759.831	    0.048
4760.686	    0.067
4761.540	    0.060
4762.395	    0.046
4763.250	    0.046
4764.105	    0.049
4764.960	    0.048
4765.815	    0.046
4766.671	    0.036
4767.526	    0.024
4768.382	    0.036
4769.238	    0.032
4770.094	    0.052
4770.950	    0.063
4771.807	    0.066
4772.663	    0.086
4773.520	    0.105
4774.377	    0.117
4775.234	    0.117
4776.091	    0.103
4776.948	    0.083
4777.805	    0.057
4778.663	    0.042
4779.521	    0.045
4780.379	    0.051
4781.237	    0.054
4782.095	    0.086
4782.953	    0.032
4783.812	    0.046
4784.670	    0.017
4785.529	    0.017
4786.388	    0.046
4787.247	    0.027
4788.107	    0.048
4788.966	    0.042
4789.826	    0.075
4790.686	    0.079
4791.545	    0.069
4792.405	    0.074
4793.266	    0.072
4794.126	    0.032
4794.987	    0.038
4795.847	    0.027
4796.708	    0.027
4797.569	    0.061
4798.430	    0.081
4799.292	    0.054
4800.153	    0.040
4801.015	    0.073
4801.876	    0.074
4802.738	    0.069
4803.600	    0.052
4804.463	    0.072
4805.325	    0.078
4806.188	    0.059
4807.050	    0.070
4807.913	    0.024
4808.776	    0.017
4809.639	    0.061
4810.503	    0.084
4811.366	    0.083
4812.230	    0.032
4813.093	    0.040
4813.957	    0.054
4814.821	    0.029
4815.686	    0.034
4816.550	    0.060
4817.415	    0.036
4818.279	    0.054
4819.144	    0.038
4820.009	    0.060
4820.874	    0.024
4821.740	    0.042
4822.605	    0.032
4823.471	    0.034
4824.337	    0.040
4825.203	    0.017
4826.069	    0.040
4826.935	    0.046
4827.801	    0.017
4828.668	    0.063
4829.535	    0.082
4830.401	    0.034
4831.269	    0.038
4832.136	    0.054
4833.003	    0.054
4833.871	    0.042
4834.738	    0.034
4835.606	    0.069
4836.474	    0.056
4837.342	    0.021
4838.210	    0.038
4839.079	    0.029
4839.947	    0.027
4840.816	    0.060
4841.685	    0.072
4842.554	    0.027
4843.423	    0.036
4844.293	    0.078
4845.162	    0.072
4846.032	    0.038
4846.902	    0.017
4847.772	    0.060
4848.642	    0.027
4849.512	    0.034
4850.383	    0.017
4851.253	    0.045
4852.124	    0.080
4852.995	    0.085
4853.866	    0.029
4854.737	    0.076
4855.609	    0.024
4856.480	    0.068
4857.352	    0.046
4858.224	    0.045
4859.096	    0.072
4859.968	    0.075
4860.841	    0.057
4861.713	    0.093
4862.586	    0.100
4863.459	    0.078
4864.332	    0.090
4865.205	    0.061
4866.078	    0.057
4866.951	    0.059
4867.825	    0.036
4868.699	    0.103
4869.573	    0.087
4870.447	    0.087
4871.321	    0.056
4872.195	    0.062
4873.070	    0.084
4873.945	    0.036
4874.819	    0.054
4875.694	    0.055
4876.570	    0.100
4877.445	    0.084
4878.320	    0.055
4879.196	    0.017
4880.072	    0.043
4880.948	    0.067
4881.824	    0.040
4882.700	    0.054
4883.577	    0.052
4884.453	    0.104
4885.330	    0.100
4886.207	    0.045
4887.084	    0.034
4887.961	    0.063
4888.838	    0.066
4889.716	    0.062
4890.594	    0.062
4891.472	    0.054
4892.350	    0.040
4893.228	    0.040
4894.106	    0.061
4894.984	    0.055
4895.863	    0.074
4896.742	    0.063
4897.621	    0.049
4898.500	    0.021
4899.379	    0.036
4900.259	    0.082
4901.138	    0.110
4902.018	    0.085
4902.898	    0.038
4903.778	    0.108
4904.658	    0.235
4905.538	    0.399
4906.419	    0.552
4907.300	    0.660
4908.180	    0.693
4909.061	    0.639
4909.943	    0.494
4910.824	    0.332
4911.705	    0.188
4912.587	    0.080
4913.469	    0.042
4914.351	    0.084
4915.233	    0.108
4916.115	    0.116
4916.998	    0.112
4917.880	    0.088
4918.763	    0.090
4919.646	    0.046
4920.529	    0.061
4921.412	    0.049
4922.295	    0.034
4923.179	    0.024
4924.063	    0.024
4924.947	    0.040
4925.831	    0.032
4926.715	    0.063
4927.599	    0.049
4928.484	    0.034
4929.368	    0.040
4930.253	    0.027
4931.138	    0.116
4932.023	    0.051
4932.908	    0.012
4933.794	    0.024
4934.679	    0.063
4935.565	    0.097
4936.451	    0.072
4937.337	    0.073
4938.223	    0.071
4939.110	    0.055
4939.996	    0.077
4940.883	    0.046
4941.770	    0.081
4942.657	    0.113
4943.544	    0.106
4944.431	    0.071
4945.319	    0.082
4946.207	    0.046
4947.094	    0.079
4947.982	    0.083
4948.871	    0.084
4949.759	    0.048
4950.647	    0.048
4951.536	    0.086
4952.425	    0.049
4953.314	    0.108
4954.203	    0.038
4955.092	    0.042
4955.981	    0.065
4956.871	    0.079
4957.761	    0.079
4958.651	    0.060
4959.541	    0.075
4960.431	    0.102
4961.321	    0.074
4962.212	    0.045
4963.103	    0.036
4963.993	    0.027
4964.884	    0.043
4965.776	    0.094
4966.667	    0.146
4967.558	    0.131
4968.450	    0.132
4969.342	    0.108
4970.234	    0.078
4971.126	    0.086
4972.018	    0.098
4972.911	    0.092
4973.803	    0.077
4974.696	    0.070
4975.589	    0.042
4976.482	    0.042
4977.375	    0.024
4978.269	    0.051
4979.162	    0.083
4980.056	    0.086
4980.950	    0.079
4981.844	    0.091
4982.738	    0.074
4983.633	    0.017
4984.527	    0.108
4985.422	    0.130
4986.317	    0.105
4987.212	    0.086
4988.107	    0.069
4989.002	    0.052
4989.898	    0.070
4990.794	    0.081
4991.689	    0.054
4992.585	    0.024
4993.482	    0.059
4994.378	    0.078
4995.274	    0.081
4996.171	    0.072
4997.068	    0.045
4997.965	    0.038
4998.862	    0.032
4999.759	    0.077
5000.657	    0.079
5001.554	    0.101
5002.452	    0.116
5003.350	    0.102
5004.248	    0.092
5005.146	    0.072
5006.045	    0.072
5006.943	    0.088
5007.842	    0.056
5008.741	    0.090
5009.640	    0.075
5010.539	    0.032
5011.438	    0.069
5012.338	    0.073
5013.238	    0.066
5014.137	    0.074
5015.037	    0.109
5015.938	    0.102
5016.838	    0.081
5017.738	    0.087
5018.639	    0.114
5019.540	    0.094
5020.441	    0.094
5021.342	    0.102
5022.243	    0.097
5023.145	    0.104
5024.046	    0.078
5024.948	    0.094
5025.850	    0.104
5026.752	    0.099
5027.655	    0.112
5028.557	    0.129
5029.460	    0.132
5030.362	    0.134
5031.265	    0.145
5032.168	    0.147
5033.072	    0.132
5033.975	    0.138
5034.879	    0.083
5035.782	    0.085
5036.686	    0.098
5037.590	    0.089
5038.495	    0.097
5039.399	    0.116
5040.304	    0.107
5041.208	    0.120
5042.113	    0.038
5043.018	    0.032
5043.923	    0.089
5044.829	    0.095
5045.734	    0.087
5046.640	    0.074
5047.546	    0.071
5048.452	    0.088
5049.358	    0.103
5050.264	    0.087
5051.171	    0.070
5052.078	    0.065
5052.984	    0.143
5053.891	    0.204
5054.799	    0.220
5055.706	    0.204
5056.613	    0.169
5057.521	    0.120
5058.429	    0.034
5059.337	    0.104
5060.245	    0.102
5061.153	    0.090
5062.062	    0.122
5062.970	    0.137
5063.879	    0.104
5064.788	    0.062
5065.697	    0.065
5066.606	    0.087
5067.516	    0.095
5068.425	    0.110
5069.335	    0.103
5070.245	    0.067
5071.155	    0.093
5072.065	    0.109
5072.976	    0.097
5073.886	    0.081
5074.797	    0.073
5075.708	    0.073
5076.619	    0.076
5077.530	    0.065
5078.442	    0.049
5079.353	    0.042
5080.265	    0.052
5081.177	    0.046
5082.089	    0.057
5083.001	    0.012
5083.914	    0.017
5084.826	    0.073
5085.739	    0.103
5086.652	    0.104
5087.565	    0.107
5088.478	    0.136
5089.391	    0.102
5090.305	    0.080
5091.219	    0.046
5092.132	    0.032
5093.046	    0.038
5093.961	    0.042
5094.875	    0.032
5095.789	    0.045
5096.704	    0.087
5097.619	    0.066
5098.534	    0.072
5099.449	    0.017
5100.364	    0.040
5101.280	    0.073
5102.196	    0.073
5103.111	    0.036
5104.027	    0.055
5104.944	    0.024
5105.860	    0.055
5106.776	    0.061
5107.693	    0.076
5108.610	    0.052
5109.527	    0.062
5110.444	    0.077
5111.361	    0.046
5112.279	    0.068
5113.196	    0.048
5114.114	    0.027
5115.032	    0.042
5115.950	    0.056
5116.868	    0.104
5117.787	    0.103
5118.706	    0.067
5119.624	    0.034
5120.543	    0.079
5121.462	    0.043
5122.382	    0.051
5123.301	    0.060
5124.221	    0.069
5125.141	    0.021
5126.060	    0.040
5126.981	    0.081
5127.901	    0.117
5128.821	    0.079
5129.742	    0.090
5130.663	    0.067
5131.584	    0.012
5132.505	    0.067
5133.426	    0.101
5134.347	    0.090
5135.269	    0.086
5136.191	    0.062
5137.113	    0.063
5138.035	    0.063
5138.957	    0.012
5139.879	    0.042
5140.802	    0.061
5141.725	    0.090
5142.648	    0.024
5143.571	    0.038
5144.494	    0.043
5145.417	    0.073
5146.341	    0.081
5147.265	    0.071
5148.189	    0.086
5149.113	    0.090
5150.037	    0.114
5150.961	    0.062
5151.886	    0.077
5152.811	    0.027
5153.736	    0.032
5154.661	    0.048
5155.586	    0.076
5156.511	    0.091
5157.437	    0.079
5158.363	    0.061
5159.289	    0.078
5160.215	    0.072
5161.141	    0.065
5162.067	    0.032
5162.994	    0.032
5163.921	    0.029
5164.848	    0.027
5165.775	    0.049
5166.702	    0.055
5167.629	    0.029
5168.557	    0.024
5169.485	    0.045
5170.412	    0.043
5171.341	    0.034
5172.269	    0.066
5173.197	    0.117
5174.126	    0.099
5175.054	    0.138
5175.983	    0.219
5176.912	    0.238
5177.842	    0.192
5178.771	    0.111
5179.701	    0.021
5180.630	    0.069
5181.560	    0.075
5182.490	    0.062
5183.421	    0.061
5184.351	    0.062
5185.282	    0.024
5186.212	    0.049
5187.143	    0.081
5188.074	    0.081
5189.006	    0.072
5189.937	    0.070
5190.868	    0.063
5191.800	    0.048
5192.732	    0.061
5193.664	    0.077
5194.596	    0.070
5195.529	    0.059
5196.461	    0.059
5197.394	    0.057
5198.327	    0.057
5199.260	    0.057
5200.193	    0.056
5201.127	    0.056
5202.060	    0.056
5202.994	    0.055
5203.928	    0.055
5204.862	    0.054
5205.796	    0.054
5206.731	    0.052
5207.665	    0.052
5208.600	    0.051
5209.535	    0.049
5210.470	    0.049
5211.405	    0.048
5212.341	    0.046
5213.276	    0.046
5214.212	    0.045
5215.148	    0.043
5216.084	    0.042
5217.021	    0.042
5217.957	    0.040
5218.894	    0.038
5219.830	    0.036
5220.767	    0.036
5221.704	    0.034
5222.642	    0.032
5223.579	    0.032
5224.517	    0.029
5225.454	    0.029
5226.392	    0.027
5227.331	    0.027
5228.269	    0.027
5229.207	    0.027
5230.146	    0.051
5231.085	    0.095
5232.024	    0.116
5232.963	    0.117
5233.902	    0.114
5234.842	    0.090
5235.781	    0.048
5236.721	    0.043
5237.661	    0.096
5238.601	    0.017
5239.541	    0.043
5240.482	    0.059
5241.423	    0.070
5242.363	    0.079
5243.304	    0.059
5244.245	    0.054
5245.187	    0.054
5246.128	    0.078
5247.070	    0.116
5248.012	    0.149
5248.954	    0.170
5249.896	    0.171
5250.838	    0.129
5251.781	    0.098
5252.723	    0.066
5253.666	    0.075
5254.609	    0.065
5255.552	    0.070
5256.496	    0.065
5257.439	    0.077
5258.383	    0.090
5259.327	    0.119
5260.271	    0.090
5261.215	    0.038
5262.159	    0.078
5263.104	    0.042
5264.049	    0.089
5264.994	    0.029
5265.939	    0.081
5266.884	    0.059
5267.829	    0.063
5268.775	    0.045
5269.721	    0.079
5270.666	    0.091
5271.612	    0.012
5272.559	    0.043
5273.505	    0.063
5274.452	    0.060
5275.398	    0.070
5276.345	    0.073
5277.292	    0.061
5278.240	    0.062
5279.187	    0.017
5280.135	    0.048
5281.082	    0.060
5282.030	    0.068
5282.979	    0.012
5283.927	    0.108
5284.875	    0.042
5285.824	    0.071
5286.773	    0.065
5287.722	    0.048
5288.671	    0.052
5289.620	    0.055
5290.569	    0.043
5291.519	    0.012
5292.469	    0.024
5293.419	    0.060
5294.369	    0.102
5295.319	    0.093
5296.270	    0.057
5297.220	    0.059
5298.171	    0.069
5299.122	    0.034
5300.073	    0.068
5301.025	    0.093
5301.976	    0.032
5302.928	    0.048
5303.880	    0.012
5304.832	    0.036
5305.784	    0.045
5306.736	    0.057
5307.689	    0.065
5308.642	    0.076
5309.595	    0.081
5310.548	    0.061
5311.501	    0.045
5312.454	    0.067
5313.408	    0.109
5314.362	    0.142
5315.315	    0.128
5316.270	    0.094
5317.224	    0.117
5318.178	    0.112
5319.133	    0.120
5320.088	    0.102
5321.043	    0.068
5321.998	    0.093
5322.953	    0.091
5323.908	    0.079
5324.864	    0.065
5325.820	    0.036
5326.776	    0.056
5327.732	    0.067
5328.688	    0.017
5329.645	    0.029
5330.601	    0.034
5331.558	    0.061
5332.515	    0.099
5333.472	    0.100
5334.430	    0.073
5335.387	    0.040
5336.345	    0.076
5337.303	    0.078
5338.261	    0.071
5339.219	    0.021
5340.177	    0.059
5341.136	    0.086
5342.094	    0.090
5343.053	    0.062
5344.012	    0.034
5344.972	    0.059
5345.931	    0.069
5346.891	    0.057
5347.850	    0.027
5348.810	    0.017
5349.770	    0.083
5350.731	    0.090
5351.691	    0.078
5352.652	    0.081
5353.612	    0.095
5354.573	    0.074
5355.535	    0.061
5356.496	    0.070
5357.457	    0.059
5358.419	    0.084
5359.381	    0.073
5360.343	    0.032
5361.305	    0.042
5362.267	    0.043
5363.230	    0.032
5364.192	    0.042
5365.155	    0.056
5366.118	    0.078
5367.081	    0.074
5368.045	    0.068
5369.008	    0.054
5369.972	    0.048
5370.936	    0.059
5371.900	    0.060
5372.864	    0.054
5373.829	    0.095
5374.793	    0.114
5375.758	    0.109
5376.723	    0.102
5377.688	    0.100
5378.653	    0.120
5379.619	    0.107
5380.584	    0.086
5381.550	    0.070
5382.516	    0.062
5383.482	    0.034
5384.449	    0.040
5385.415	    0.051
5386.382	    0.055
5387.349	    0.110
5388.316	    0.117
5389.283	    0.110
5390.250	    0.132
5391.218	    0.133
5392.185	    0.110
5393.153	    0.103
5394.121	    0.094
5395.090	    0.076
5396.058	    0.068
5397.027	    0.078
5397.995	    0.077
5398.964	    0.062
5399.933	    0.017
5400.903	    0.012
5401.872	    0.052
5402.842	    0.042
5403.811	    0.062
5404.781	    0.096
5405.751	    0.065
5406.722	    0.060
5407.692	    0.086
5408.663	    0.066
5409.634	    0.036
5410.605	    0.057
5411.576	    0.029
5412.547	    0.012
5413.519	    0.024
5414.491	    0.067
5415.462	    0.076
5416.434	    0.075
5417.407	    0.087
5418.379	    0.091
5419.352	    0.085
5420.324	    0.092
5421.297	    0.119
5422.270	    0.136
5423.244	    0.123
5424.217	    0.107
5425.191	    0.090
5426.165	    0.043
5427.139	    0.059
5428.113	    0.082
5429.087	    0.060
5430.062	    0.075
5431.036	    0.090
5432.011	    0.098
5432.986	    0.075
5433.961	    0.057
5434.937	    0.059
5435.912	    0.045
5436.888	    0.055
5437.864	    0.078
5438.840	    0.094
5439.816	    0.079
5440.793	    0.075
5441.769	    0.094
5442.746	    0.104
5443.723	    0.109
5444.700	    0.080
5445.677	    0.027
5446.655	    0.065
5447.632	    0.090
5448.610	    0.084
5449.588	    0.081
5450.566	    0.091
5451.545	    0.090
5452.523	    0.089
5453.502	    0.061
5454.481	    0.097
5455.460	    0.107
5456.439	    0.125
5457.419	    0.135
5458.398	    0.123
5459.378	    0.129
5460.358	    0.111
5461.338	    0.110
5462.318	    0.091
5463.299	    0.107
5464.279	    0.084
5465.260	    0.034
5466.241	    0.024
5467.222	    0.065
5468.204	    0.057
5469.185	    0.012
5470.167	    0.059
5471.149	    0.055
5472.131	    0.036
5473.113	    0.092
5474.096	    0.081
5475.078	    0.063
5476.061	    0.054
5477.044	    0.036
5478.027	    0.054
5479.010	    0.046
5479.994	    0.052
5480.977	    0.029
5481.961	    0.046
5482.945	    0.055
5483.929	    0.075
5484.914	    0.048
5485.898	    0.045
5486.883	    0.071
5487.868	    0.070
5488.853	    0.027
5489.838	    0.036
5490.823	    0.066
5491.809	    0.065
5492.795	    0.046
5493.781	    0.077
5494.767	    0.043
5495.753	    0.040
5496.740	    0.086
5497.726	    0.093
5498.713	    0.102
5499.700	    0.089
5500.687	    0.021
5501.675	    0.042
5502.662	    0.065
5503.650	    0.079
5504.638	    0.066
5505.626	    0.070
5506.614	    0.074
5507.602	    0.048
5508.591	    0.094
5509.580	    0.100
5510.569	    0.103
5511.558	    0.069
5512.547	    0.027
5513.537	    0.032
5514.526	    0.063
5515.516	    0.073
5516.506	    0.052
5517.496	    0.034
5518.487	    0.045
5519.477	    0.055
5520.468	    0.070
5521.459	    0.077
5522.450	    0.032
5523.441	    0.045
5524.433	    0.012
5525.424	    0.052
5526.416	    0.110
5527.408	    0.110
5528.400	    0.084
5529.392	    0.021
5530.385	    0.034
5531.378	    0.076
5532.370	    0.094
5533.363	    0.090
5534.357	    0.097
5535.350	    0.093
5536.344	    0.061
5537.337	    0.012
5538.331	    0.040
5539.325	    0.038
5540.320	    0.046
5541.314	    0.069
5542.309	    0.036
5543.304	    0.090
5544.299	    0.071
5545.294	    0.065
5546.289	    0.036
5547.285	    0.032
5548.280	    0.052
5549.276	    0.087
5550.272	    0.029
5551.269	    0.024
5552.265	    0.086
5553.262	    0.108
5554.259	    0.057
5555.255	    0.055
5556.253	    0.055
5557.250	    0.072
5558.247	    0.080
5559.245	    0.073
5560.243	    0.079
5561.241	    0.091
5562.239	    0.098
5563.238	    0.103
5564.236	    0.084
5565.235	    0.095
5566.234	    0.093
5567.233	    0.046
5568.232	    0.069
5569.232	    0.072
5570.231	    0.073
5571.231	    0.073
5572.231	    0.074
5573.232	    0.075
5574.232	    0.076
5575.232	    0.077
5576.233	    0.078
5577.234	    0.078
5578.235	    0.079
5579.236	    0.079
5580.238	    0.080
5581.240	    0.081
5582.241	    0.082
5583.243	    0.082
5584.246	    0.083
5585.248	    0.084
5586.250	    0.043
5587.253	    0.098
5588.256	    0.094
5589.259	    0.081
5590.262	    0.107
5591.266	    0.055
5592.269	    0.060
5593.273	    0.056
5594.277	    0.082
5595.281	    0.091
5596.286	    0.102
5597.290	    0.112
5598.295	    0.090
5599.300	    0.066
5600.305	    0.055
5601.310	    0.070
5602.315	    0.111
5603.321	    0.067
5604.327	    0.090
5605.333	    0.076
5606.339	    0.086
5607.345	    0.094
5608.352	    0.079
5609.358	    0.102
5610.365	    0.096
5611.372	    0.021
5612.379	    0.103
5613.387	    0.101
5614.394	    0.104
5615.402	    0.123
5616.410	    0.121
5617.418	    0.136
5618.427	    0.109
5619.435	    0.100
5620.444	    0.038
5621.453	    0.076
5622.462	    0.092
5623.471	    0.071
5624.480	    0.060
5625.490	    0.085
5626.499	    0.110
5627.509	    0.034
5628.520	    0.062
5629.530	    0.078
5630.540	    0.079
5631.551	    0.091
5632.562	    0.093
5633.573	    0.104
5634.584	    0.057
5635.595	    0.110
5636.607	    0.132
5637.619	    0.140
5638.631	    0.126
5639.643	    0.130
5640.655	    0.130
5641.668	    0.111
5642.680	    0.129
5643.693	    0.145
5644.706	    0.121
5645.719	    0.146
5646.733	    0.134
5647.746	    0.094
5648.760	    0.124
5649.774	    0.120
5650.788	    0.131
5651.802	    0.133
5652.817	    0.117
5653.831	    0.093
5654.846	    0.131
5655.861	    0.145
5656.876	    0.114
5657.892	    0.110
5658.907	    0.123
5659.923	    0.098
5660.939	    0.032
5661.955	    0.123
5662.972	    0.106
5663.988	    0.084
5665.005	    0.094
5666.022	    0.122
5667.039	    0.112
5668.056	    0.120
5669.073	    0.135
5670.091	    0.131
5671.109	    0.128
5672.126	    0.128
5673.145	    0.137
5674.163	    0.133
5675.181	    0.140
5676.200	    0.127
5677.219	    0.143
5678.238	    0.147
5679.257	    0.150
5680.277	    0.152
5681.296	    0.142
5682.316	    0.137
5683.336	    0.124
5684.356	    0.123
5685.376	    0.109
5686.397	    0.131
5687.418	    0.143
5688.438	    0.153
5689.459	    0.133
5690.481	    0.143
5691.502	    0.151
5692.524	    0.155
5693.545	    0.163
5694.567	    0.161
5695.590	    0.162
5696.612	    0.157
5697.634	    0.149
5698.657	    0.145
5699.680	    0.148
5700.703	    0.152
5701.726	    0.160
5702.750	    0.156
5703.773	    0.151
5704.797	    0.151
5705.821	    0.150
5706.845	    0.142
5707.870	    0.144
5708.894	    0.136
5709.919	    0.139
5710.944	    0.148
5711.969	    0.146
5712.994	    0.146
5714.020	    0.163
5715.045	    0.176
5716.071	    0.171
5717.097	    0.155
5718.123	    0.156
5719.150	    0.148
5720.176	    0.157
5721.203	    0.167
5722.230	    0.162
5723.257	    0.171
5724.284	    0.160
5725.312	    0.138
5726.340	    0.155
5727.367	    0.148
5728.396	    0.143
5729.424	    0.157
5730.452	    0.148
5731.481	    0.151
5732.510	    0.168
5733.538	    0.152
5734.568	    0.159
5735.597	    0.151
5736.626	    0.146
5737.656	    0.145
5738.686	    0.147
5739.716	    0.160
5740.746	    0.168
5741.777	    0.168
5742.807	    0.168
5743.838	    0.161
5744.869	    0.143
5745.900	    0.145
5746.932	    0.151
5747.963	    0.159
5748.995	    0.155
5750.027	    0.162
5751.059	    0.159
5752.091	    0.145
5753.124	    0.142
5754.157	    0.143
5755.189	    0.152
5756.222	    0.165
5757.256	    0.165
5758.289	    0.147
5759.323	    0.144
5760.356	    0.164
5761.390	    0.169
5762.425	    0.162
5763.459	    0.183
5764.493	    0.192
5765.528	    0.181
5766.563	    0.178
5767.598	    0.177
5768.633	    0.180
5769.669	    0.176
5770.704	    0.159
5771.740	    0.165
5772.776	    0.143
5773.812	    0.132
5774.849	    0.154
5775.885	    0.166
5776.922	    0.161
5777.959	    0.142
5778.996	    0.156
5780.033	    0.160
5781.071	    0.165
5782.109	    0.168
5783.146	    0.156
5784.185	    0.144
5785.223	    0.151
5786.261	    0.163
5787.300	    0.169
5788.339	    0.172
5789.378	    0.162
5790.417	    0.158
5791.456	    0.166
5792.496	    0.162
5793.535	    0.157
5794.575	    0.160
5795.615	    0.155
5796.656	    0.145
5797.696	    0.155
5798.737	    0.162
5799.778	    0.159
5800.819	    0.163
5801.860	    0.156
5802.901	    0.164
5803.943	    0.156
5804.985	    0.151
5806.027	    0.159
5807.069	    0.145
5808.111	    0.142
5809.154	    0.158
5810.196	    0.147
5811.239	    0.128
5812.282	    0.131
5813.326	    0.147
5814.369	    0.163
5815.413	    0.165
5816.457	    0.165
5817.501	    0.156
5818.545	    0.150
5819.589	    0.149
5820.634	    0.151
5821.679	    0.147
5822.724	    0.134
5823.769	    0.139
5824.814	    0.145
5825.860	    0.140
5826.905	    0.133
5827.951	    0.140
5828.997	    0.159
5830.044	    0.160
5831.090	    0.151
5832.137	    0.150
5833.184	    0.161
5834.231	    0.172
5835.278	    0.168
5836.325	    0.169
5837.373	    0.167
5838.421	    0.159
5839.469	    0.159
5840.517	    0.162
5841.565	    0.163
5842.614	    0.158
5843.663	    0.158
5844.711	    0.162
5845.761	    0.161
5846.810	    0.159
5847.859	    0.159
5848.909	    0.150
5849.959	    0.142
5851.009	    0.147
5852.059	    0.140
5853.110	    0.134
5854.160	    0.135
5855.211	    0.131
5856.262	    0.139
5857.313	    0.144
5858.364	    0.109
5859.416	    0.108
5860.468	    0.102
5861.520	    0.135
5862.572	    0.144
5863.624	    0.126
5864.677	    0.131
5865.729	    0.147
5866.782	    0.137
5867.835	    0.123
5868.888	    0.113
5869.942	    0.117
5870.996	    0.119
5872.049	    0.141
5873.103	    0.138
5874.158	    0.104
5875.212	    0.093
5876.267	    0.107
5877.321	    0.119
5878.376	    0.116
5879.431	    0.099
5880.487	    0.115
5881.542	    0.086
5882.598	    0.096
5883.654	    0.065
5884.710	    0.043
5885.766	    0.081
5886.823	    0.103
5887.879	    0.106
5888.936	    0.141
5889.993	    0.134
5891.051	    0.126
5892.108	    0.131
5893.166	    0.138
5894.223	    0.139
5895.281	    0.136
5896.340	    0.116
5897.398	    0.093
5898.456	    0.101
5899.515	    0.125
5900.574	    0.112
5901.633	    0.096
5902.693	    0.024
5903.752	    0.090
5904.812	    0.093
5905.872	    0.103
5906.932	    0.067
5907.992	    0.094
5909.052	    0.065
5910.113	    0.012
5911.174	    0.074
5912.235	    0.046
5913.296	    0.120
5914.358	    0.125
5915.419	    0.120
5916.481	    0.097
5917.543	    0.104
5918.605	    0.100
5919.668	    0.117
5920.730	    0.087
5921.793	    0.061
5922.856	    0.086
5923.919	    0.057
5924.982	    0.079
5926.046	    0.072
5927.109	    0.021
5928.173	    0.079
5929.237	    0.051
5956.971	    0.086
5958.040	    0.093
5959.109	    0.075
5960.179	    0.083
5961.249	    0.048
5962.319	    0.051
5963.389	    0.072
5964.460	    0.051
5965.530	    0.054
5966.601	    0.052
5967.672	    0.034
5968.743	    0.027
5969.814	    0.045
5970.886	    0.021
5971.958	    0.052
5973.030	    0.065
5974.102	    0.055
5975.174	    0.055
5976.247	    0.029
5977.319	    0.024
5978.392	    0.081
5979.465	    0.078
5980.539	    0.038
5981.612	    0.068
5982.686	    0.029
5983.760	    0.024
5984.834	    0.038
5985.908	    0.048
5986.982	    0.048
5988.057	    0.017
5989.132	    0.079
5990.207	    0.048
5991.282	    0.051
5992.358	    0.036
5993.433	    0.048
5994.509	    0.042
5995.585	    0.027
5996.661	    0.024
5997.738	    0.021
5998.814	    0.040
5999.891	    0.034
6000.968	    0.048
6002.045	    0.032
6003.122	    0.034
6004.200	    0.061
6005.278	    0.051
6006.356	    0.042
6007.434	    0.057
6008.512	    0.024
6009.590	    0.071
6010.669	    0.029
6011.748	    0.084
6012.827	    0.071
6013.906	    0.048
6014.986	    0.066
6016.066	    0.043
6017.145	    0.012
6018.225	    0.012
6019.306	    0.038
6020.386	    0.061
6021.467	    0.071
6022.548	    0.061
6023.629	    0.040
6024.710	    0.045
6025.791	    0.072
6026.873	    0.082
6027.955	    0.071
6029.037	    0.060
6030.119	    0.062
6031.201	    0.066
6032.284	    0.075
6033.367	    0.088
6034.450	    0.094
6035.533	    0.081
6036.616	    0.063
6037.700	    0.046
6038.783	    0.052
6039.867	    0.070
6040.951	    0.063
6042.036	    0.017
6043.120	    0.065
6044.205	    0.066
6045.290	    0.046
6046.375	    0.091
6047.460	    0.094
6048.546	    0.085
6049.631	    0.089
6050.717	    0.099
6051.803	    0.097
6052.890	    0.079
6053.976	    0.052
6055.063	    0.036
6056.150	    0.052
6057.237	    0.082
6058.324	    0.098
6059.411	    0.079
6060.499	    0.034
6061.587	    0.032
6062.675	    0.081
6063.763	    0.102
6064.852	    0.104
6065.940	    0.096
6067.029	    0.085
6068.118	    0.063
6069.207	    0.083
6070.297	    0.110
6071.386	    0.115
6072.476	    0.097
6073.566	    0.065
6074.656	    0.054
6075.747	    0.096
6076.837	    0.127
6077.928	    0.127
6079.019	    0.106
6080.110	    0.078
6081.201	    0.075
6082.293	    0.081
6083.385	    0.086
6084.477	    0.087
6085.569	    0.099
6086.661	    0.110
6087.754	    0.117
6088.846	    0.116
6089.939	    0.114
6091.032	    0.120
6092.126	    0.133
6093.219	    0.143
6094.313	    0.146
6095.407	    0.128
6096.501	    0.102
6097.595	    0.102
6098.690	    0.119
6099.784	    0.114
6100.879	    0.092
6101.974	    0.091
6103.070	    0.116
6104.165	    0.144
6105.261	    0.155
6106.357	    0.131
6107.453	    0.132
6108.549	    0.158
6109.646	    0.172
6110.742	    0.159
6111.839	    0.131
6112.936	    0.101
6114.033	    0.127
6115.131	    0.128
6116.228	    0.111
6117.326	    0.116
6118.424	    0.154
6119.523	    0.126
6120.621	    0.038
6121.720	    0.146
6122.818	    0.187
6123.917	    0.186
6125.017	    0.194
6126.116	    0.217
6127.216	    0.201
6128.315	    0.126
6129.415	    0.118
6130.516	    0.125
6131.616	    0.130
6132.717	    0.135
6133.817	    0.140
6134.918	    0.145
6136.020	    0.150
6137.121	    0.154
6138.223	    0.158
6139.324	    0.163
6140.426	    0.167
6141.529	    0.171
6142.631	    0.171
6143.734	    0.117
6144.836	    0.152
6145.939	    0.183
6147.042	    0.139
6148.146	    0.107
6149.249	    0.240
6150.353	    0.284
6151.457	    0.107
6152.561	    0.071
6153.666	    0.181
6154.770	    0.181
6155.875	    0.104
6156.980	    0.130
6158.085	    0.159
6159.190	    0.133
6160.296	    0.100
6161.402	    0.102
6162.508	    0.115
6163.614	    0.126
6164.720	    0.135
6165.827	    0.147
6166.933	    0.154
6168.040	    0.152
6169.148	    0.140
6170.255	    0.143
6171.362	    0.162
6172.470	    0.166
6173.578	    0.151
6174.686	    0.140
6175.795	    0.142
6176.903	    0.141
6178.012	    0.139
6179.121	    0.140
6180.230	    0.142
6181.339	    0.142
6182.449	    0.144
6183.558	    0.149
6184.668	    0.152
6185.778	    0.153
6186.889	    0.155
6187.999	    0.159
6189.110	    0.164
6190.221	    0.157
6191.332	    0.145
6192.443	    0.135
6193.555	    0.132
6194.667	    0.128
6195.779	    0.112
6196.891	    0.110
6198.003	    0.132
6199.116	    0.149
6200.228	    0.159
6201.341	    0.146
6202.454	    0.135
6203.568	    0.158
6204.681	    0.167
6205.795	    0.153
6206.909	    0.150
6208.023	    0.162
6209.137	    0.156
6210.252	    0.151
6211.366	    0.149
6212.481	    0.144
6213.596	    0.131
6214.712	    0.127
6215.827	    0.139
6216.943	    0.153
6218.059	    0.147
6219.175	    0.114
6220.291	    0.060
6221.408	    0.054
6222.525	    0.088
6223.641	    0.114
6224.759	    0.124
6225.876	    0.117
6226.993	    0.109
6228.111	    0.116
6229.229	    0.142
6230.347	    0.165
6231.466	    0.157
6232.584	    0.159
6233.703	    0.169
6234.822	    0.135
6235.941	    0.142
6237.060	    0.156
6238.180	    0.155
6239.299	    0.144
6240.419	    0.141
6241.539	    0.137
6242.660	    0.131
6243.780	    0.126
6244.901	    0.118
6246.022	    0.113
6247.143	    0.116
6248.264	    0.122
6249.386	    0.125
6250.508	    0.132
6251.630	    0.144
6252.752	    0.159
6253.874	    0.170
6254.997	    0.170
6256.119	    0.159
6257.242	    0.147
6258.366	    0.140
6259.489	    0.135
6260.612	    0.133
6261.736	    0.133
6262.860	    0.132
6263.984	    0.131
6265.109	    0.130
6266.233	    0.129
6267.358	    0.129
6268.483	    0.127
6269.608	    0.126
6270.734	    0.126
6271.859	    0.125
6272.985	    0.124
6274.111	    0.123
6275.237	    0.122
6276.363	    0.121
6277.490	    0.120
6278.617	    0.119
6279.744	    0.118
6280.871	    0.117
6281.998	    0.116
6283.126	    0.115
6284.254	    0.114
6285.382	    0.113
6286.510	    0.112
6287.638	    0.111
6288.767	    0.110
6289.896	    0.109
6291.025	    0.108
6292.154	    0.107
6293.283	    0.105
6294.413	    0.104
6295.543	    0.103
6296.673	    0.102
6297.803	    0.100
6298.933	    0.079
6300.064	    0.085
6301.195	    0.043
6302.326	    0.024
6303.457	    0.079
6304.589	    0.104
6305.720	    0.060
6306.852	    0.048
6307.984	    0.100
6309.117	    0.114
6310.249	    0.126
6311.382	    0.110
6312.514	    0.086
6313.648	    0.097
6314.781	    0.120
6315.914	    0.119
6317.048	    0.117
6318.182	    0.119
6319.316	    0.096
6320.450	    0.099
6321.585	    0.114
6322.719	    0.138
6323.854	    0.176
6324.989	    0.184
6326.125	    0.154
6327.260	    0.155
6328.396	    0.130
6329.532	    0.088
6330.668	    0.091
6331.804	    0.112
6332.941	    0.122
6334.078	    0.113
6335.215	    0.123
6336.352	    0.119
6337.489	    0.130
6338.627	    0.141
6339.764	    0.117
6340.902	    0.102
6342.041	    0.103
6343.179	    0.106
6344.317	    0.107
6345.456	    0.114
6346.595	    0.114
6347.734	    0.110
6348.874	    0.125
6350.013	    0.140
6351.153	    0.132
6352.293	    0.156
6353.433	    0.167
6354.574	    0.150
6355.714	    0.143
6356.855	    0.163
6357.996	    0.203
6359.138	    0.226
6360.279	    0.243
6361.421	    0.235
6362.563	    0.201
6363.705	    0.159
6364.847	    0.132
6365.989	    0.136
6367.132	    0.138
6368.275	    0.122
6369.418	    0.097
6370.561	    0.091
6371.705	    0.094
6372.848	    0.098
6373.992	    0.107
6375.136	    0.129
6376.281	    0.127
6377.425	    0.100
6378.570	    0.083
6379.715	    0.091
6380.860	    0.097
6382.005	    0.122
6383.151	    0.114
6384.297	    0.098
6385.443	    0.100
6386.589	    0.146
6387.735	    0.139
6388.882	    0.123
6390.028	    0.142
6391.175	    0.143
6392.323	    0.144
6393.470	    0.141
6394.618	    0.124
6395.765	    0.127
6396.913	    0.138
6398.062	    0.108
6399.210	    0.097
6400.359	    0.110
6401.508	    0.131
6402.657	    0.112
6403.806	    0.122
6404.955	    0.130
6406.105	    0.132
6407.255	    0.112
6408.405	    0.112
6409.555	    0.121
6410.706	    0.130
6411.856	    0.131
6413.007	    0.149
6414.158	    0.139
6415.310	    0.114
6416.461	    0.102
6417.613	    0.101
6418.765	    0.090
6419.917	    0.106
6421.069	    0.099
6422.222	    0.072
6423.375	    0.086
6424.528	    0.120
6425.681	    0.139
6426.834	    0.146
6427.988	    0.145
6429.142	    0.110
6430.296	    0.100
6431.450	    0.117
6432.604	    0.112
6433.759	    0.109
6434.914	    0.119
6436.069	    0.112
6437.224	    0.098
6438.380	    0.065
6439.535	    0.079
6440.691	    0.112
6441.847	    0.121
6443.003	    0.107
6444.160	    0.091
6445.317	    0.103
6446.474	    0.119
6447.631	    0.119
6448.788	    0.116
6449.945	    0.109
6451.103	    0.092
6452.261	    0.085
6453.419	    0.087
6454.578	    0.084
6455.736	    0.036
6456.895	    0.036
6458.054	    0.027
6459.213	    0.067
6460.373	    0.101
6461.532	    0.104
6462.692	    0.087
6463.852	    0.057
6465.012	    0.096
6466.173	    0.117
6467.333	    0.102
6468.494	    0.092
6469.655	    0.056
6470.817	    0.052
6471.978	    0.012
6473.140	    0.061
6474.302	    0.065
6475.464	    0.071
6476.626	    0.072
6477.789	    0.072
6478.951	    0.107
6480.114	    0.102
6481.277	    0.051
6482.441	    0.065
6483.604	    0.055
6484.768	    0.067
6485.932	    0.067
6487.096	    0.068
6488.261	    0.062
6489.425	    0.063
6490.590	    0.079
6491.755	    0.021
6492.921	    0.054
6494.086	    0.066
6495.252	    0.072
6496.418	    0.024
6497.584	    0.038
6498.750	    0.032
6499.916	    0.048
6501.083	    0.040
6502.250	    0.017
6503.417	    0.036
6504.584	    0.017
6505.752	    0.017
6506.920	    0.017
6508.088	    0.012
6509.256	    0.052
6510.424	    0.051
6511.593	    0.036
6512.762	    0.083
6513.931	    0.060
6515.100	    0.066
6516.269	    0.042
6517.439	    0.027
6518.609	    0.048
6519.779	    0.061
6520.949	    0.024
6522.120	    0.061
6523.290	    0.065
6524.461	    0.017
6525.632	    0.063
6526.804	    0.105
6527.975	    0.122
6529.147	    0.113
6530.319	    0.094
6531.491	    0.079
6532.664	    0.063
6533.836	    0.060
6535.009	    0.074
6536.182	    0.070
6537.355	    0.057
6538.529	    0.071
6539.702	    0.095
6540.876	    0.116
6542.050	    0.102
6543.224	    0.073
6544.399	    0.021
6545.574	    0.057
6546.748	    0.122
6547.924	    0.120
6549.099	    0.107
6550.274	    0.093
6551.450	    0.071
6552.626	    0.034
6553.802	    0.068
6554.979	    0.092
6556.155	    0.104
6557.332	    0.086
6558.509	    0.071
6559.686	    0.072
6560.864	    0.054
6562.041	    0.054
6563.219	    0.074
6564.397	    0.068
6565.576	    0.034
6566.754	    0.049
6567.933	    0.021
6569.112	    0.040
6570.291	    0.076
6571.470	    0.108
6572.650	    0.112
6573.830	    0.085
6575.010	    0.096
6576.190	    0.098
6577.370	    0.100
6578.551	    0.102
6579.732	    0.104
6580.913	    0.106
6582.094	    0.108
6583.275	    0.110
6584.457	    0.112
6585.639	    0.113
6586.821	    0.115
6588.003	    0.091
6589.186	    0.063
6590.368	    0.086
6591.551	    0.108
6592.735	    0.087
6593.918	    0.084
6595.102	    0.087
6596.285	    0.077
6597.469	    0.079
6598.654	    0.109
6599.838	    0.115
6601.023	    0.124
6602.207	    0.133
6603.393	    0.126
6604.578	    0.147
6605.763	    0.165
6606.949	    0.187
6608.135	    0.277
6609.321	    0.459
6610.507	    0.628
6611.694	    0.700
6612.881	    0.643
6614.068	    0.489
6615.255	    0.306
6616.442	    0.207
6617.630	    0.183
6618.818	    0.188
6620.006	    0.228
6621.194	    0.328
6622.383	    0.564
6623.571	    0.970
6624.760	    1.498
6625.949	    1.882
6627.139	    1.907
6628.328	    1.546
6629.518	    0.949
6630.708	    0.518
6631.898	    0.300
6633.089	    0.223
6634.279	    0.200
6635.470	    0.177
6636.661	    0.169
6637.852	    0.169
6639.044	    0.172
6640.235	    0.216
6641.427	    0.250
6642.619	    0.315
6643.812	    0.486
6645.004	    0.781
6646.197	    1.107
6647.390	    1.258
6648.583	    1.125
6649.777	    0.817
6650.970	    0.504
6652.164	    0.302
6653.358	    0.234
6654.552	    0.196
6655.747	    0.147
6656.941	    0.114
6658.136	    0.109
6659.331	    0.131
6660.527	    0.142
6661.722	    0.138
6662.918	    0.141
6668.900	    0.129
6670.097	    0.120
6671.294	    0.110
6672.492	    0.112
6673.689	    0.126
6674.887	    0.120
6676.086	    0.109
6677.284	    0.096
6678.482	    0.113
6679.681	    0.129
6680.880	    0.136
6682.079	    0.136
6683.279	    0.138
6684.478	    0.130
6685.678	    0.112
6686.878	    0.136
6688.079	    0.139
6689.279	    0.120
6690.480	    0.122
6691.681	    0.122
6692.882	    0.138
6694.083	    0.152
6695.285	    0.142
6696.486	    0.113
6697.688	    0.069
6698.891	    0.054
6700.093	    0.102
6701.296	    0.116
6702.499	    0.101
6703.702	    0.075
6704.905	    0.109
6706.108	    0.093
6707.312	    0.090
6708.516	    0.090
6709.720	    0.094
6710.925	    0.100
6712.129	    0.091
6713.334	    0.104
6714.539	    0.081
6715.744	    0.061
6716.950	    0.083
6718.155	    0.090
6719.361	    0.074
6720.567	    0.090
6721.774	    0.105
6722.980	    0.108
6724.187	    0.116
6725.394	    0.117
6726.601	    0.109
6727.808	    0.087
6729.016	    0.012
6730.224	    0.060
6731.432	    0.085
6732.640	    0.109
6733.849	    0.117
6735.057	    0.127
6736.266	    0.132
6737.475	    0.103
6738.685	    0.105
6739.894	    0.125
6741.104	    0.155
6742.314	    0.154
6743.524	    0.141
6744.735	    0.131
6745.945	    0.120
6747.156	    0.115
6748.367	    0.103
6749.579	    0.085
6750.790	    0.082
6752.002	    0.092
6753.214	    0.123
6754.426	    0.130
6755.638	    0.116
6756.851	    0.115
6758.064	    0.107
6759.277	    0.072
6760.490	    0.063
6761.704	    0.077
6762.917	    0.052
6764.131	    0.074
6765.345	    0.090
6766.560	    0.107
6767.774	    0.105
6768.989	    0.090
6770.204	    0.077
6771.419	    0.113
6772.635	    0.068
6773.851	    0.097
6775.066	    0.120
6776.282	    0.112
6777.499	    0.184
6778.715	    0.318
6779.932	    0.490
6781.149	    0.610
6782.366	    0.621
6783.584	    0.479
6784.801	    0.300
6786.019	    0.176
6787.237	    0.110
6788.455	    0.057
6789.674	    0.103
6790.893	    0.114
6792.112	    0.184
6793.331	    0.304
6794.550	    0.461
6795.770	    0.572
6796.990	    0.547
6798.210	    0.434
6799.430	    0.291
6800.650	    0.173
6801.871	    0.108
6803.092	    0.097
6804.313	    0.076
6805.534	    0.075
6806.756	    0.063
6807.978	    0.036
6809.200	    0.036
6810.422	    0.012
6811.644	    0.057
6812.867	    0.059
6814.090	    0.052
6815.313	    0.046
6816.536	    0.046
6817.760	    0.045
6818.984	    0.062
6820.208	    0.083
6821.432	    0.107
6822.656	    0.131
6823.881	    0.136
6825.106	    0.101
6826.331	    0.082
6827.556	    0.069
6828.782	    0.104
6830.007	    0.114
6831.233	    0.101
6832.460	    0.038
6833.686	    0.029
6834.913	    0.060
6836.139	    0.071
6837.366	    0.027
6838.594	    0.024
6839.821	    0.065
6841.049	    0.069
6842.277	    0.036
6843.505	    0.046
6844.733	    0.063
6845.962	    0.069
6847.191	    0.069
6848.420	    0.051
6849.649	    0.057
6850.879	    0.060
6852.108	    0.054
6853.338	    0.062
6854.568	    0.038
6855.799	    0.038
6857.029	    0.087
6858.260	    0.150
6859.491	    0.146
6860.722	    0.107
6861.954	    0.130
6863.186	    0.217
6864.418	    0.253
6865.650	    0.256
6866.882	    0.240
6868.115	    0.224
6869.347	    0.217
6870.580	    0.205
6871.814	    0.181
6873.047	    0.153
6874.281	    0.123
6875.515	    0.116
6876.749	    0.104
6877.983	    0.084
6879.218	    0.073
6880.453	    0.116
6881.688	    0.138
6882.923	    0.119
6884.158	    0.112
6885.394	    0.117
6886.630	    0.142
6887.866	    0.146
6889.102	    0.119
6890.339	    0.120
6891.576	    0.157
6892.813	    0.140
6894.050	    0.126
6895.287	    0.137
6896.525	    0.102
6897.763	    0.117
6899.001	    0.120
6900.239	    0.130
6901.478	    0.133
6902.717	    0.116
6903.956	    0.125
6905.195	    0.114
6906.434	    0.084
6907.674	    0.101
6908.914	    0.111
6910.154	    0.105
6911.395	    0.097
6912.635	    0.099
6913.876	    0.111
6915.117	    0.112
6916.358	    0.076
6917.600	    0.063
6918.841	    0.078
6920.083	    0.070
6921.325	    0.078
6922.568	    0.119
6923.810	    0.123
6925.053	    0.118
6926.296	    0.108
6927.539	    0.084
6928.783	    0.066
6930.026	    0.036
6931.270	    0.070
6932.514	    0.081
6933.759	    0.095
6935.003	    0.106
6936.248	    0.077
6937.493	    0.038
6938.739	    0.061
6939.984	    0.072
6941.230	    0.080
6942.476	    0.029
6943.722	    0.091
6944.968	    0.104
6946.215	    0.071
6947.462	    0.065
6948.709	    0.071
6949.956	    0.100
6951.203	    0.106
6952.451	    0.082
6953.699	    0.065
6954.947	    0.048
6956.196	    0.045
6957.444	    0.012
6958.693	    0.021
6959.942	    0.012
6961.191	    0.017
6962.441	    0.017
6963.691	    0.056
6964.941	    0.065
6966.191	    0.079
6967.441	    0.029
6968.692	    0.043
6969.943	    0.056
6971.194	    0.081
6972.445	    0.082
6973.696	    0.086
6974.948	    0.085
6976.200	    0.040
6977.452	    0.032
6978.705	    0.061
6979.957	    0.051
6981.210	    0.079
6982.463	    0.109
6983.717	    0.106
6984.970	    0.105
6986.224	    0.078
6987.478	    0.045
6988.732	    0.057
6989.987	    0.057
6991.241	    0.082
6992.496	    0.079
6993.751	    0.069
6995.007	    0.055
6996.262	    0.032
6997.518	    0.029
6998.774	    0.061
7000.030	    0.059
7001.287	    0.072
7002.544	    0.043
7003.801	    0.036
7005.058	    0.060
7006.315	    0.051
7007.573	    0.043
7008.831	    0.043
7010.089	    0.075
7011.347	    0.068
7012.605	    0.074
7013.864	    0.076
7015.123	    0.097
7016.382	    0.092
7017.642	    0.099
7018.901	    0.094
7020.161	    0.046
7021.421	    0.074
7022.682	    0.067
7023.942	    0.056
7025.203	    0.034
7026.464	    0.038
7027.725	    0.051
7028.987	    0.048
7030.248	    0.038
7031.510	    0.032
7032.772	    0.061
7034.035	    0.062
7035.297	    0.060
7036.560	    0.060
7037.823	    0.062
7039.086	    0.061
7040.350	    0.068
7041.614	    0.049
7042.877	    0.021
7044.142	    0.027
7045.406	    0.048
7046.671	    0.086
7047.936	    0.066
7049.201	    0.042
7050.466	    0.061
7051.731	    0.076
7052.997	    0.082
7054.263	    0.055
7055.529	    0.024
7056.796	    0.055
7058.062	    0.056
7059.329	    0.048
7060.596	    0.021
7061.864	    0.049
7063.131	    0.036
7064.399	    0.059
7065.667	    0.057
7066.936	    0.027
7068.204	    0.052
7069.473	    0.051
7070.742	    0.069
7072.011	    0.059
7073.280	    0.029
7074.550	    0.051
7075.820	    0.034
7077.090	    0.049
7078.360	    0.034
7079.631	    0.049
7080.901	    0.056
7082.172	    0.059
7083.444	    0.012
7084.715	    0.070
7085.987	    0.017
7087.259	    0.062
7088.531	    0.057
7089.803	    0.070
7091.076	    0.056
7092.349	    0.080
7093.622	    0.066
7094.895	    0.085
7096.168	    0.074
7097.442	    0.052
7098.716	    0.049
7099.990	    0.038
7101.265	    0.038
7102.539	    0.029
7103.814	    0.083
7105.089	    0.055
7106.365	    0.079
7107.640	    0.012
7108.916	    0.045
7110.192	    0.086
7111.468	    0.102
7112.745	    0.107
7114.021	    0.104
7115.298	    0.074
7116.576	    0.056
7117.853	    0.073
7119.131	    0.036
7120.408	    0.074
7121.687	    0.045
7122.965	    0.046
7124.243	    0.057
7125.522	    0.032
7126.801	    0.024
7128.080	    0.090
7129.360	    0.093
7130.640	    0.038
7131.919	    0.062
7133.200	    0.024
7134.480	    0.061
7135.761	    0.048
7137.041	    0.040
7138.323	    0.055
7139.604	    0.063
7140.885	    0.032
7142.167	    0.012
7143.449	    0.060
7144.731	    0.049
7146.014	    0.056
7147.296	    0.090
7148.579	    0.090
7149.863	    0.042
7151.146	    0.024
7152.430	    0.069
7153.713	    0.071
7154.997	    0.061
7156.282	    0.056
7157.566	    0.093
7158.851	    0.087
7160.136	    0.087
7161.421	    0.097
7162.707	    0.097
7163.992	    0.102
7165.278	    0.102
7166.564	    0.099
7167.851	    0.119
7169.137	    0.102
7170.424	    0.103
7171.711	    0.118
7172.998	    0.093
7174.286	    0.046
7175.574	    0.040
7176.862	    0.094
7178.150	    0.131
7179.438	    0.145
7180.727	    0.146
7182.016	    0.153
7183.305	    0.151
7184.595	    0.136
7185.884	    0.107
7187.174	    0.127
7188.464	    0.151
7189.754	    0.131
7191.045	    0.086
7192.336	    0.076
7193.627	    0.120
7194.918	    0.128
7196.209	    0.134
7197.501	    0.136
7198.793	    0.137
7200.085	    0.143
7201.377	    0.120
7202.670	    0.091
7203.963	    0.024
7205.256	    0.072
7206.549	    0.034
7207.843	    0.071
7209.137	    0.075
7210.431	    0.076
7211.725	    0.070
7213.019	    0.107
7214.314	    0.107
7215.609	    0.090
7216.904	    0.106
7218.200	    0.112
7219.495	    0.106
7220.791	    0.104
7222.087	    0.090
7223.384	    0.072
7224.680	    0.065
7225.977	    0.059
7227.274	    0.092
7228.571	    0.120
7229.869	    0.135
7231.166	    0.126
7232.464	    0.065
7233.763	    0.102
7235.061	    0.109
7236.360	    0.054
7237.659	    0.081
7238.958	    0.040
7240.257	    0.049
7241.557	    0.097
7242.857	    0.142
7244.157	    0.174
7245.457	    0.189
7246.757	    0.196
7248.058	    0.148
7249.359	    0.125
7250.660	    0.126
7251.962	    0.143
7253.264	    0.139
7254.566	    0.142
7255.868	    0.155
7257.170	    0.134
7258.473	    0.136
7259.776	    0.151
7261.079	    0.137
7262.382	    0.096
7263.686	    0.103
7264.989	    0.112
7266.293	    0.116
7267.598	    0.112
7268.902	    0.112
7270.207	    0.144
7271.512	    0.163
7272.817	    0.062
7274.123	    0.161
7275.428	    0.188
7276.734	    0.174
7278.040	    0.125
7279.347	    0.096
7280.653	    0.119
7281.960	    0.149
7283.267	    0.176
7284.575	    0.167
7285.882	    0.138
7287.190	    0.125
7288.498	    0.102
7289.806	    0.106
7291.115	    0.109
7292.423	    0.143
7293.732	    0.149
7295.042	    0.137
7296.351	    0.120
7297.661	    0.080
7298.971	    0.057
7300.281	    0.086
7301.591	    0.084
7302.902	    0.110
7304.212	    0.100
7305.524	    0.100
7306.835	    0.108
7308.146	    0.073
7309.458	    0.120
7310.770	    0.161
7312.082	    0.139
7313.395	    0.065
7314.708	    0.148
7316.021	    0.159
7317.334	    0.139
7318.647	    0.126
7319.961	    0.131
7321.275	    0.111
7322.589	    0.090
7323.903	    0.065
7325.218	    0.021
7326.533	    0.091
7327.848	    0.123
7329.163	    0.114
7330.479	    0.113
7331.795	    0.104
7333.111	    0.017
7334.427	    0.149
7335.743	    0.174
7337.060	    0.123
7338.377	    0.109
7339.694	    0.143
