1 1 1030.28 1034.97
6.2999 
0.6213 
name    flux    f_err    vel    sig
Hgamma      	   5.68034	      0.12	 3169.3771	      0.54
Hbeta       	   9.57996	      0.12	 3169.3771	      0.54
Halpha      	  55.25054	      0.10	 3169.3771	      0.54
[SII]6716   	   7.21349	      0.10	 3168.8474	     29.81
[SII]6731   	   5.54687	      0.10	 3168.8474	     29.81
[OIII]5007_d	   1.40906	      0.15	 3168.8474	     29.81
[OI]6300_d  	   2.42653	      0.14	 3168.8474	     29.81
[NII]6583_d 	  31.38362	      0.13	 3168.8474	     29.81
