wlen 	 newgal_spectrum 
  4176.646 	      0.070
  4177.397 	      0.062
  4178.147 	      0.055
  4178.898 	      0.048
  4179.649 	      0.038
  4180.400 	      0.030
  4181.151 	      0.022
  4181.902 	      0.014
  4182.653 	      0.007
  4183.405 	      0.004
  4184.157 	      0.004
  4184.908 	      0.006
  4185.660 	      0.010
  4186.412 	      0.016
  4187.164 	      0.015
  4187.917 	      0.003
  4188.669 	      0.005
  4189.422 	      0.003
  4190.174 	      0.001
  4190.927 	      0.011
  4191.680 	      0.027
  4192.433 	      0.054
  4193.186 	      0.066
  4193.940 	      0.036
  4194.693 	      0.054
  4195.447 	      0.060
  4196.201 	      0.060
  4196.955 	      0.049
  4197.709 	     -0.010
  4198.463 	     -0.012
  4199.217 	      0.007
  4199.972 	      0.064
  4200.726 	     -0.012
  4201.481 	      0.003
  4202.236 	      0.023
  4202.991 	      0.011
  4203.746 	      0.022
  4204.501 	      0.010
  4205.257 	      0.007
  4206.012 	      0.043
  4206.768 	      0.028
  4207.524 	      0.019
  4208.280 	      0.016
  4209.036 	      0.025
  4209.792 	      0.019
  4210.548 	      0.044
  4211.305 	      0.058
  4212.061 	      0.031
  4212.818 	      0.012
  4213.575 	      0.031
  4214.332 	      0.051
  4215.089 	      0.056
  4215.846 	      0.028
  4216.604 	      0.045
  4217.361 	      0.048
  4218.119 	      0.009
  4218.877 	     -0.018
  4219.635 	      0.010
  4220.393 	      0.035
  4221.151 	      0.037
  4221.910 	      0.047
  4222.668 	      0.044
  4223.427 	      0.044
  4224.186 	      0.053
  4224.945 	      0.030
  4225.704 	      0.068
  4226.463 	      0.104
  4227.222 	      0.126
  4227.982 	      0.064
  4228.741 	      0.065
  4229.501 	      0.053
  4230.261 	      0.020
  4231.021 	      0.075
  4231.781 	      0.081
  4232.542 	      0.075
  4233.302 	      0.057
  4234.063 	      0.034
  4234.823 	      0.001
  4235.584 	     -0.006
  4236.345 	      0.012
  4237.106 	      0.081
  4237.868 	      0.100
  4238.629 	      0.090
  4239.390 	      0.059
  4240.152 	      0.011
  4240.914 	      0.006
  4241.676 	      0.017
  4242.438 	      0.034
  4243.200 	      0.035
  4243.963 	     -0.002
  4244.725 	     -0.019
  4245.488 	     -0.013
  4246.250 	      0.078
  4247.013 	      0.083
  4247.776 	      0.080
  4248.540 	      0.080
  4249.303 	      0.102
  4250.066 	      0.115
  4250.830 	      0.073
  4251.594 	      0.040
  4252.357 	      0.055
  4253.121 	      0.119
  4253.886 	      0.125
  4254.650 	      0.128
  4255.414 	      0.140
  4256.179 	      0.083
  4256.944 	      0.083
  4257.708 	      0.074
  4258.473 	      0.051
  4259.238 	      0.016
  4260.004 	     -0.004
  4260.769 	      0.002
  4261.535 	      0.030
  4262.300 	      0.070
  4263.066 	      0.056
  4263.832 	      0.047
  4264.598 	      0.045
  4265.364 	      0.067
  4266.130 	      0.084
  4266.897 	      0.081
  4267.664 	      0.061
  4268.430 	     -0.003
  4269.197 	      0.046
  4269.964 	      0.051
  4270.731 	      0.053
  4271.499 	      0.071
  4272.266 	      0.096
  4273.034 	      0.072
  4273.801 	      0.055
  4274.569 	      0.065
  4275.337 	      0.039
  4276.105 	      0.050
  4276.874 	      0.056
  4277.642 	      0.052
  4278.411 	      0.028
  4279.179 	      0.017
  4279.948 	      0.027
  4280.717 	      0.046
  4281.486 	      0.043
  4282.255 	      0.057
  4283.025 	      0.052
  4283.794 	      0.044
  4284.564 	      0.047
  4285.334 	      0.066
  4286.104 	      0.038
  4286.874 	      0.026
  4287.644 	      0.059
  4288.414 	      0.110
  4289.185 	      0.098
  4289.955 	      0.091
  4290.726 	      0.089
  4291.497 	      0.004
  4292.268 	      0.063
  4293.039 	      0.047
  4293.811 	     -0.000
  4294.582 	      0.063
  4295.354 	      0.076
  4296.125 	      0.091
  4296.897 	      0.087
  4297.669 	      0.024
  4298.441 	      0.064
  4299.214 	      0.084
  4299.986 	      0.082
  4300.759 	      0.051
  4301.531 	      0.054
  4302.304 	      0.062
  4303.077 	      0.059
  4303.850 	      0.045
  4304.623 	      0.004
  4305.397 	      0.059
  4306.170 	      0.083
  4306.944 	      0.080
  4307.718 	      0.027
  4308.492 	      0.043
  4309.266 	      0.035
  4310.040 	      0.045
  4310.814 	      0.094
  4311.589 	      0.121
  4312.364 	      0.115
  4313.138 	      0.099
  4313.913 	      0.074
  4314.688 	      0.020
  4315.464 	      0.040
  4316.239 	      0.063
  4317.014 	      0.077
  4317.790 	      0.054
  4318.566 	      0.059
  4319.342 	      0.074
  4320.118 	      0.084
  4320.894 	      0.080
  4321.670 	      0.108
  4322.447 	      0.101
  4323.223 	      0.107
  4324.000 	      0.125
  4324.777 	      0.134
  4325.554 	      0.075
  4326.331 	      0.070
  4327.108 	      0.088
  4327.886 	      0.118
  4328.663 	      0.082
  4329.441 	      0.034
  4330.219 	      0.027
  4330.997 	      0.076
  4331.775 	      0.072
  4332.553 	      0.092
  4333.332 	      0.085
  4334.110 	      0.070
  4334.889 	      0.097
  4335.668 	      0.057
  4336.447 	      0.058
  4337.226 	      0.081
  4338.005 	      0.124
  4338.784 	      0.073
  4339.564 	      0.094
  4340.344 	      0.087
  4341.123 	      0.059
  4341.903 	      0.110
  4342.683 	      0.085
  4343.464 	      0.066
  4344.244 	      0.054
  4345.024 	      0.062
  4345.805 	      0.087
  4346.586 	      0.094
  4347.367 	      0.093
  4348.148 	      0.086
  4348.929 	      0.044
  4349.710 	      0.038
  4350.492 	      0.052
  4351.274 	      0.066
  4352.055 	      0.043
  4352.837 	     -0.017
  4353.619 	     -0.022
  4354.402 	      0.004
  4355.184 	      0.053
  4355.966 	      0.075
  4356.749 	      0.085
  4357.532 	      0.076
  4358.315 	      0.074
  4359.098 	      0.133
  4359.881 	      0.095
  4360.664 	      0.100
  4361.448 	      0.090
  4362.231 	      0.059
  4363.015 	      0.119
  4363.799 	      0.122
  4364.583 	      0.122
  4365.367 	      0.120
  4366.151 	      0.112
  4366.936 	      0.090
  4367.720 	      0.105
  4368.505 	      0.119
  4369.290 	      0.122
  4370.075 	      0.041
  4370.860 	      0.084
  4371.645 	      0.097
  4372.431 	      0.098
  4373.216 	      0.110
  4374.002 	      0.104
  4374.788 	      0.088
  4375.574 	      0.108
  4376.360 	      0.152
  4377.146 	      0.069
  4390.535 	      0.128
  4391.324 	      0.089
  4392.113 	      0.079
  4392.902 	      0.088
  4393.691 	      0.095
  4394.480 	      0.091
  4395.270 	      0.052
  4396.059 	      0.059
  4396.849 	      0.082
  4397.639 	      0.099
  4398.429 	      0.086
  4399.220 	      0.033
  4400.010 	      0.070
  4400.801 	      0.075
  4401.591 	      0.056
  4402.382 	      0.050
  4403.173 	      0.071
  4403.964 	      0.101
  4404.755 	      0.124
  4405.547 	      0.133
  4406.338 	      0.108
  4407.130 	      0.137
  4407.922 	      0.122
  4408.714 	      0.102
  4409.506 	      0.118
  4410.298 	      0.129
  4411.090 	      0.098
  4411.883 	      0.100
  4412.675 	      0.117
  4413.468 	      0.078
  4414.261 	      0.129
  4415.054 	      0.108
  4415.848 	      0.101
  4416.641 	      0.120
  4417.434 	      0.063
  4418.228 	      0.073
  4419.022 	      0.089
  4419.816 	      0.099
  4420.610 	      0.091
  4421.404 	      0.046
  4422.199 	      0.071
  4422.993 	      0.084
  4423.788 	      0.084
  4424.583 	      0.060
  4425.377 	      0.058
  4426.173 	      0.018
  4426.968 	      0.001
  4427.763 	      0.011
  4428.559 	      0.054
  4429.354 	      0.051
  4430.150 	      0.026
  4430.946 	      0.005
  4431.742 	      0.003
  4432.538 	      0.055
  4433.335 	      0.041
  4434.131 	      0.037
  4434.928 	      0.034
  4435.725 	      0.024
  4436.522 	      0.050
  4437.319 	     -0.000
  4438.116 	      0.011
  4438.913 	      0.044
  4439.711 	      0.044
  4440.509 	      0.049
  4441.306 	      0.048
  4442.104 	      0.036
  4442.902 	      0.025
  4443.701 	      0.044
  4444.499 	      0.017
  4445.298 	      0.020
  4446.096 	      0.016
  4446.895 	      0.005
  4447.694 	      0.043
  4448.493 	      0.023
  4449.292 	     -0.006
  4450.092 	      0.002
  4450.891 	      0.048
  4451.691 	      0.046
  4452.491 	      0.050
  4453.291 	      0.040
  4454.091 	      0.036
  4454.891 	      0.046
  4455.691 	      0.011
  4456.492 	      0.021
  4457.293 	      0.018
  4458.093 	      0.013
  4458.894 	      0.016
  4459.695 	      0.004
  4460.497 	      0.024
  4461.298 	      0.034
  4462.100 	      0.035
  4462.901 	      0.028
  4463.703 	      0.012
  4464.505 	     -0.012
  4465.307 	     -0.020
  4466.109 	     -0.009
  4466.912 	      0.029
  4467.714 	      0.051
  4468.517 	      0.023
  4469.320 	      0.000
  4470.123 	     -0.011
  4470.926 	     -0.007
  4471.729 	     -0.041
  4472.533 	     -0.045
  4473.336 	     -0.056
  4474.140 	     -0.068
  4474.944 	     -0.057
  4475.748 	     -0.052
  4476.552 	     -0.047
  4477.356 	     -0.043
  4478.161 	     -0.039
  4478.965 	     -0.033
  4479.770 	     -0.025
  4480.575 	     -0.016
  4481.380 	     -0.007
  4482.185 	     -0.003
  4482.990 	     -0.004
  4483.796 	     -0.007
  4484.601 	     -0.012
  4485.407 	     -0.014
  4486.213 	     -0.012
  4487.019 	     -0.005
  4487.825 	      0.007
  4488.631 	      0.020
  4489.438 	      0.031
  4490.244 	      0.036
  4491.051 	      0.035
  4491.858 	      0.033
  4492.665 	      0.031
  4493.472 	      0.031
  4494.280 	      0.033
  4495.087 	      0.037
  4495.895 	      0.042
  4496.702 	      0.048
  4497.510 	      0.053
  4498.318 	      0.057
  4499.127 	      0.064
  4499.935 	      0.043
  4500.743 	      0.065
  4501.552 	      0.044
  4502.361 	      0.000
  4503.170 	     -0.022
  4503.979 	     -0.035
  4504.788 	     -0.019
  4505.597 	     -0.003
  4506.407 	      0.012
  4507.216 	      0.027
  4508.026 	      0.003
  4508.836 	     -0.009
  4509.646 	     -0.014
  4510.456 	     -0.003
  4511.267 	      0.035
  4512.077 	      0.035
  4512.888 	      0.006
  4513.699 	      0.005
  4514.510 	      0.020
  4515.321 	      0.043
  4516.132 	      0.042
  4516.943 	      0.051
  4517.755 	      0.071
  4518.567 	      0.086
  4519.379 	      0.089
  4520.191 	      0.096
  4521.003 	      0.059
  4521.815 	      0.044
  4522.627 	      0.038
  4523.440 	      0.040
  4524.253 	      0.053
  4525.065 	      0.046
  4525.878 	      0.036
  4526.692 	      0.037
  4527.505 	      0.032
  4528.318 	     -0.020
  4529.132 	     -0.030
  4529.946 	     -0.006
  4530.759 	      0.002
  4531.573 	      0.010
  4532.388 	      0.052
  4533.202 	      0.038
  4534.016 	      0.041
  4534.831 	      0.066
  4535.646 	      0.077
  4536.461 	      0.043
  4537.276 	      0.036
  4538.091 	      0.017
  4538.906 	     -0.020
  4539.722 	     -0.032
  4540.537 	     -0.004
  4541.353 	      0.009
  4542.169 	      0.012
  4542.985 	      0.009
  4543.801 	     -0.001
  4544.618 	     -0.015
  4545.434 	     -0.031
  4546.251 	      0.005
  4547.068 	      0.016
  4547.885 	      0.023
  4548.702 	      0.023
  4549.519 	      0.014
  4550.336 	     -0.019
  4551.154 	      0.017
  4551.972 	      0.018
  4552.789 	      0.008
  4553.607 	      0.006
  4554.425 	      0.024
  4555.244 	      0.027
  4556.062 	      0.028
  4556.881 	      0.032
  4557.699 	      0.036
  4558.518 	      0.026
  4559.337 	      0.022
  4560.156 	      0.014
  4560.976 	      0.003
  4561.795 	     -0.009
  4562.615 	     -0.013
  4563.435 	      0.000
  4564.254 	      0.023
  4565.074 	      0.030
  4565.895 	      0.028
  4566.715 	      0.018
  4567.535 	      0.018
  4568.356 	      0.030
  4569.177 	      0.032
  4569.998 	      0.025
  4570.819 	      0.015
  4571.640 	      0.017
  4572.461 	     -0.018
  4573.283 	     -0.032
  4574.105 	     -0.034
  4574.926 	     -0.025
  4575.748 	     -0.009
  4576.570 	     -0.024
  4577.393 	     -0.051
  4578.215 	     -0.053
  4579.038 	     -0.040
  4579.860 	     -0.028
  4580.683 	     -0.052
  4581.506 	     -0.054
  4582.329 	     -0.012
  4583.153 	      0.014
  4583.976 	      0.030
  4584.800 	      0.057
  4585.623 	      0.024
  4586.447 	      0.016
  4587.271 	     -0.020
  4588.095 	     -0.043
  4588.920 	     -0.030
  4589.744 	      0.049
  4590.569 	      0.037
  4591.394 	     -0.000
  4592.219 	     -0.014
  4593.044 	     -0.006
  4593.869 	      0.012
  4594.694 	      0.028
  4595.520 	     -0.008
  4596.345 	     -0.025
  4597.171 	     -0.023
  4597.997 	     -0.014
  4598.823 	     -0.029
  4599.649 	     -0.009
  4600.476 	      0.016
  4601.302 	      0.037
  4602.129 	      0.050
  4602.956 	      0.048
  4603.783 	      0.017
  4604.610 	      0.014
  4605.437 	      0.021
  4606.265 	      0.005
  4607.092 	     -0.026
  4607.920 	     -0.044
  4608.748 	     -0.004
  4609.576 	      0.021
  4610.404 	      0.044
  4611.232 	      0.053
  4612.061 	      0.043
  4612.890 	      0.027
  4613.718 	      0.033
  4614.547 	     -0.003
  4615.376 	     -0.013
  4616.206 	     -0.002
  4617.035 	      0.005
  4617.864 	     -0.010
  4618.694 	     -0.028
  4619.524 	     -0.034
  4620.354 	     -0.037
  4621.184 	     -0.037
  4622.014 	     -0.024
  4622.845 	     -0.011
  4623.675 	     -0.016
  4624.506 	     -0.002
  4625.337 	      0.007
  4626.168 	     -0.001
  4626.999 	      0.017
  4627.830 	      0.018
  4628.662 	      0.023
  4645.322 	     -0.037
  4646.157 	     -0.056
  4646.992 	     -0.025
  4647.827 	     -0.023
  4648.662 	     -0.036
  4649.497 	     -0.036
  4650.332 	     -0.012
  4651.168 	     -0.014
  4652.003 	     -0.025
  4652.839 	     -0.029
  4653.675 	     -0.023
  4654.511 	     -0.013
  4655.347 	     -0.009
  4656.184 	     -0.047
  4657.020 	     -0.067
  4657.857 	     -0.060
  4658.694 	     -0.038
  4659.531 	     -0.012
  4660.368 	      0.004
  4661.205 	      0.000
  4662.043 	     -0.001
  4662.881 	     -0.002
  4663.718 	     -0.011
  4664.556 	     -0.022
  4665.394 	     -0.020
  4666.232 	     -0.028
  4667.071 	     -0.032
  4667.909 	     -0.029
  4668.748 	     -0.022
  4669.587 	     -0.013
  4670.426 	      0.002
  4671.265 	      0.017
  4672.104 	     -0.009
  4672.944 	     -0.011
  4673.783 	     -0.022
  4674.623 	     -0.037
  4675.463 	     -0.037
  4676.303 	     -0.048
  4677.143 	     -0.037
  4677.983 	     -0.021
  4678.824 	     -0.006
  4679.664 	     -0.005
  4680.505 	     -0.022
  4681.346 	     -0.012
  4682.187 	     -0.021
  4683.028 	     -0.012
  4683.870 	     -0.023
  4684.711 	     -0.032
  4685.553 	     -0.010
  4686.395 	     -0.017
  4687.237 	     -0.016
  4688.079 	     -0.032
  4688.921 	     -0.016
  4689.764 	      0.002
  4690.606 	     -0.014
  4691.449 	     -0.065
  4692.292 	     -0.011
  4693.135 	     -0.030
  4693.978 	     -0.028
  4694.821 	     -0.025
  4695.665 	     -0.033
  4696.508 	      0.023
  4697.352 	     -0.037
  4698.196 	     -0.033
  4699.040 	     -0.051
  4699.885 	     -0.055
  4700.729 	     -0.028
  4701.574 	     -0.008
  4702.418 	      0.025
  4703.263 	      0.033
  4704.108 	      0.012
  4704.953 	     -0.005
  4705.799 	      0.000
  4706.644 	      0.023
  4707.490 	      0.012
  4708.335 	      0.005
  4709.181 	      0.002
  4710.027 	     -0.002
  4710.874 	      0.003
  4711.720 	      0.030
  4712.567 	      0.042
  4713.413 	     -0.011
  4714.260 	     -0.035
  4715.107 	     -0.047
  4715.954 	     -0.043
  4716.802 	     -0.027
  4717.649 	     -0.051
  4718.497 	     -0.062
  4719.344 	     -0.040
  4720.192 	     -0.026
  4721.040 	     -0.023
  4721.888 	     -0.025
  4722.737 	     -0.028
  4723.585 	     -0.063
  4724.434 	     -0.042
  4725.283 	     -0.018
  4726.132 	     -0.011
  4726.981 	     -0.029
  4727.830 	     -0.058
  4728.680 	     -0.018
  4729.529 	     -0.017
  4730.379 	     -0.027
  4731.229 	     -0.030
  4732.079 	     -0.015
  4732.929 	      0.016
  4733.779 	      0.025
  4734.630 	     -0.025
  4735.480 	     -0.021
  4736.331 	      0.007
  4737.182 	      0.012
  4738.033 	      0.000
  4738.885 	      0.028
  4739.736 	     -0.029
  4740.588 	     -0.026
  4741.439 	     -0.021
  4742.291 	     -0.018
  4743.143 	     -0.035
  4743.995 	     -0.079
  4744.848 	     -0.093
  4745.700 	      0.013
  4746.553 	     -0.014
  4747.406 	     -0.042
  4748.259 	     -0.057
  4749.112 	     -0.052
  4749.965 	     -0.015
  4750.818 	     -0.027
  4751.672 	     -0.037
  4752.526 	     -0.039
  4753.379 	     -0.048
  4754.233 	     -0.052
  4755.088 	     -0.041
  4755.942 	     -0.049
  4756.796 	      0.011
  4757.651 	     -0.017
  4758.506 	     -0.033
  4759.361 	     -0.032
  4760.216 	     -0.024
  4761.071 	     -0.024
  4761.926 	     -0.006
  4762.782 	     -0.009
  4763.638 	     -0.021
  4764.494 	     -0.009
  4765.350 	      0.009
  4766.206 	      0.010
  4767.062 	     -0.011
  4767.919 	     -0.008
  4768.775 	     -0.002
  4769.632 	      0.019
  4770.489 	      0.009
  4771.346 	     -0.017
  4772.203 	     -0.023
  4773.061 	     -0.008
  4773.918 	     -0.016
  4774.776 	     -0.022
  4775.634 	     -0.030
  4776.492 	     -0.034
  4777.350 	     -0.036
  4778.208 	     -0.045
  4779.067 	     -0.048
  4779.925 	     -0.045
  4780.784 	     -0.036
  4781.643 	     -0.023
  4782.502 	     -0.010
  4783.361 	     -0.009
  4784.221 	     -0.035
  4785.080 	     -0.021
  4785.940 	     -0.052
  4786.800 	     -0.044
  4787.660 	     -0.017
  4788.520 	      0.011
  4789.381 	      0.029
  4790.241 	      0.026
  4791.102 	      0.005
  4791.962 	     -0.011
  4792.823 	     -0.023
  4793.684 	     -0.029
  4794.546 	     -0.037
  4795.407 	     -0.052
  4796.269 	     -0.055
  4797.130 	     -0.008
  4797.992 	     -0.005
  4798.854 	      0.003
  4799.717 	      0.000
  4800.579 	     -0.008
  4801.441 	     -0.011
  4802.304 	     -0.009
  4803.167 	     -0.008
  4804.030 	     -0.047
  4804.893 	     -0.009
  4805.756 	     -0.005
  4806.620 	     -0.014
  4807.483 	      0.001
  4808.347 	     -0.024
  4809.211 	      0.026
  4810.075 	      0.016
  4810.939 	     -0.028
  4811.803 	     -0.057
  4812.668 	     -0.062
  4813.533 	     -0.063
  4814.397 	     -0.098
  4815.262 	     -0.041
  4816.128 	     -0.000
  4816.993 	     -0.030
  4817.858 	     -0.037
  4818.724 	     -0.033
  4819.590 	     -0.043
  4820.456 	     -0.035
  4821.322 	     -0.014
  4822.188 	     -0.020
  4823.054 	     -0.010
  4823.921 	     -0.023
  4824.787 	     -0.021
  4825.654 	      0.010
  4826.521 	      0.016
  4827.388 	     -0.003
  4828.256 	     -0.016
  4829.123 	     -0.062
  4829.991 	     -0.056
  4830.859 	     -0.017
  4831.727 	      0.007
  4832.595 	     -0.016
  4833.463 	      0.005
  4834.331 	     -0.003
  4835.200 	     -0.044
  4836.069 	     -0.050
  4836.937 	     -0.055
  4837.806 	     -0.056
  4838.676 	     -0.031
  4839.545 	     -0.021
  4840.415 	     -0.047
  4841.284 	     -0.038
  4842.154 	     -0.037
  4843.024 	     -0.017
  4843.894 	      0.016
  4844.764 	      0.039
  4845.635 	      0.015
  4846.505 	      0.002
  4847.376 	     -0.035
  4848.247 	     -0.034
  4849.118 	     -0.028
  4849.989 	     -0.019
  4850.861 	     -0.019
  4851.732 	     -0.042
  4852.604 	     -0.053
  4853.476 	     -0.021
  4854.348 	     -0.024
  4855.220 	     -0.028
  4856.092 	     -0.022
  4856.965 	     -0.025
  4857.837 	     -0.049
  4858.710 	     -0.045
  4859.583 	     -0.042
  4860.456 	      0.005
  4861.329 	      0.008
  4862.203 	      0.000
  4863.076 	     -0.008
  4863.950 	     -0.022
  4864.824 	     -0.046
  4865.698 	     -0.025
  4866.572 	     -0.034
  4867.447 	     -0.009
  4868.321 	     -0.008
  4869.196 	     -0.011
  4870.071 	     -0.034
  4870.946 	     -0.069
  4871.821 	     -0.022
  4872.696 	     -0.018
  4873.571 	     -0.067
  4874.447 	     -0.056
  4875.323 	     -0.091
  4876.199 	     -0.089
  4877.075 	     -0.043
  4877.951 	     -0.039
  4878.827 	     -0.012
  4879.704 	     -0.040
  4880.581 	     -0.029
  4881.458 	     -0.041
  4882.335 	     -0.048
  4883.212 	     -0.039
  4884.089 	     -0.030
  4884.967 	     -0.052
  4885.844 	     -0.075
  4886.722 	     -0.050
  4887.600 	     -0.042
  4888.478 	     -0.077
  4889.356 	     -0.100
  4890.235 	     -0.089
  4891.114 	     -0.049
  4891.992 	      0.015
  4892.871 	      0.048
  4893.750 	     -0.008
  4894.630 	     -0.044
  4895.509 	     -0.028
  4896.388 	     -0.007
  4897.268 	     -0.008
  4898.148 	     -0.022
  4899.028 	     -0.019
  4899.908 	     -0.025
  4900.789 	     -0.048
  4901.669 	     -0.053
  4902.550 	     -0.043
  4903.431 	     -0.035
  4904.312 	     -0.032
  4905.193 	     -0.025
  4906.074 	     -0.018
  4906.955 	     -0.001
  4907.837 	      0.025
  4908.719 	      0.044
  4909.601 	      0.212
  4910.483 	      0.623
  4911.365 	      1.231
  4912.247 	      1.829
  4913.130 	      2.089
  4914.013 	      1.727
  4914.896 	      0.975
  4915.779 	      0.392
  4916.662 	      0.095
  4917.545 	     -0.011
  4918.429 	     -0.033
  4919.312 	     -0.037
  4920.196 	     -0.039
  4921.080 	     -0.038
  4921.964 	     -0.056
  4922.849 	     -0.077
  4923.733 	     -0.086
  4924.618 	     -0.096
  4925.502 	     -0.092
  4926.387 	     -0.071
  4927.273 	     -0.059
  4928.158 	     -0.071
  4929.043 	     -0.078
  4929.929 	     -0.050
  4930.815 	     -0.060
  4931.700 	     -0.074
  4932.586 	     -0.076
  4933.473 	     -0.080
  4934.359 	     -0.096
  4935.246 	     -0.083
  4936.132 	     -0.057
  4937.019 	     -0.108
  4937.906 	     -0.132
  4938.793 	     -0.121
  4939.681 	     -0.097
  4940.568 	     -0.081
  4941.456 	     -0.071
  4942.344 	     -0.057
  4943.232 	     -0.056
  4944.120 	     -0.086
  4945.008 	     -0.083
  4945.896 	     -0.090
  4946.785 	     -0.104
  4947.674 	     -0.124
  4948.563 	     -0.126
  4949.452 	     -0.082
  4950.341 	     -0.086
  4951.230 	     -0.062
  4952.120 	     -0.073
  4953.010 	     -0.066
  4953.900 	     -0.051
  4954.790 	     -0.066
  4955.680 	     -0.084
  4956.570 	     -0.070
  4957.461 	     -0.082
  4958.351 	     -0.059
  4959.242 	     -0.103
  4960.133 	     -0.051
  4961.024 	     -0.069
  4961.916 	     -0.064
  4962.807 	     -0.052
  4963.699 	     -0.050
  4964.591 	     -0.036
  4965.483 	     -0.063
  4966.375 	     -0.062
  4967.267 	     -0.022
  4968.159 	     -0.045
  4969.052 	     -0.062
  4969.945 	     -0.057
  4970.838 	     -0.056
  4971.731 	     -0.075
  4972.624 	     -0.085
  4973.518 	     -0.061
  4974.411 	     -0.040
  4975.305 	     -0.070
  4976.199 	     -0.070
  4977.093 	     -0.059
  4977.987 	     -0.046
  4978.881 	     -0.045
  4979.776 	     -0.057
  4980.671 	     -0.056
  4981.565 	     -0.046
  4982.460 	     -0.081
  4983.356 	     -0.077
  4984.251 	     -0.056
  4985.146 	     -0.047
  4986.042 	     -0.056
  4986.938 	     -0.070
  4987.834 	     -0.077
  4988.730 	     -0.092
  4989.626 	     -0.094
  4990.523 	     -0.076
  4991.419 	     -0.061
  4992.316 	     -0.052
  4993.213 	     -0.061
  4994.110 	     -0.067
  4995.007 	     -0.058
  4995.905 	     -0.042
  4996.802 	     -0.038
  4997.700 	     -0.027
  4998.598 	     -0.035
  4999.496 	     -0.051
  5000.394 	     -0.067
  5001.293 	     -0.046
  5002.191 	     -0.035
  5003.090 	     -0.057
  5003.989 	     -0.081
  5004.888 	     -0.064
  5005.787 	     -0.063
  5006.687 	     -0.083
  5007.586 	     -0.043
  5008.486 	     -0.027
  5009.386 	     -0.010
  5010.286 	      0.030
  5011.186 	      0.046
  5012.086 	      0.020
  5012.987 	     -0.020
  5013.887 	     -0.045
  5014.788 	     -0.038
  5015.689 	     -0.017
  5016.590 	     -0.054
  5017.492 	     -0.064
  5018.393 	     -0.037
  5019.295 	     -0.056
  5020.197 	     -0.083
  5021.098 	     -0.072
  5022.001 	     -0.066
  5022.903 	     -0.074
  5023.805 	     -0.084
  5024.708 	     -0.063
  5025.611 	     -0.070
  5026.514 	     -0.041
  5027.417 	     -0.041
  5028.320 	     -0.063
  5029.223 	     -0.091
  5030.127 	     -0.100
  5031.031 	     -0.066
  5031.935 	     -0.101
  5032.839 	     -0.058
  5033.743 	     -0.072
  5034.647 	     -0.111
  5035.552 	     -0.105
  5036.456 	     -0.084
  5037.361 	     -0.085
  5038.266 	     -0.089
  5039.172 	     -0.067
  5040.077 	     -0.051
  5040.982 	     -0.020
  5041.888 	     -0.059
  5042.794 	      0.085
  5043.700 	      0.015
  5044.606 	     -0.064
  5045.513 	     -0.077
  5046.419 	     -0.062
  5047.326 	     -0.058
  5048.233 	     -0.068
  5049.140 	     -0.095
  5050.047 	     -0.129
  5050.954 	     -0.055
  5051.861 	     -0.080
  5052.769 	     -0.043
  5053.677 	     -0.042
  5054.585 	     -0.052
  5055.493 	     -0.045
  5056.401 	     -0.022
  5057.310 	      0.020
  5058.218 	      0.118
  5059.127 	      0.231
  5060.036 	      0.325
  5060.945 	      0.204
  5061.855 	      0.086
  5062.764 	      0.017
  5063.674 	     -0.055
  5064.583 	     -0.067
  5065.493 	     -0.046
  5066.403 	     -0.059
  5067.314 	     -0.058
  5068.224 	     -0.040
  5069.135 	     -0.057
  5070.045 	     -0.033
  5070.956 	     -0.054
  5071.867 	     -0.092
  5072.779 	     -0.071
  5073.690 	     -0.037
  5074.602 	     -0.053
  5075.513 	     -0.092
  5076.425 	     -0.084
  5077.337 	     -0.073
  5078.249 	     -0.062
  5079.162 	     -0.037
  5080.074 	     -0.045
  5080.987 	     -0.053
  5081.900 	     -0.071
  5082.813 	     -0.035
  5083.726 	     -0.030
  5084.640 	     -0.045
  5085.553 	     -0.018
  5086.467 	     -0.014
  5087.381 	     -0.047
  5088.295 	     -0.052
  5089.209 	     -0.093
  5090.123 	     -0.083
  5091.038 	     -0.068
  5091.952 	     -0.034
  5092.867 	     -0.008
  5093.782 	     -0.019
  5094.697 	     -0.044
  5095.613 	     -0.045
  5096.528 	     -0.038
  5097.444 	     -0.049
  5098.360 	     -0.075
  5099.276 	     -0.085
  5100.192 	     -0.055
  5101.108 	     -0.031
  5102.025 	     -0.037
  5102.941 	     -0.049
  5103.858 	     -0.053
  5104.775 	     -0.052
  5105.692 	     -0.057
  5106.610 	     -0.069
  5107.527 	     -0.050
  5108.445 	     -0.027
  5109.363 	     -0.029
  5110.281 	     -0.025
  5111.199 	     -0.035
  5112.117 	     -0.027
  5113.036 	     -0.034
  5113.954 	     -0.039
  5114.873 	     -0.032
  5115.792 	     -0.020
  5116.711 	     -0.008
  5117.630 	     -0.023
  5118.550 	     -0.064
  5119.469 	     -0.060
  5120.389 	     -0.059
  5121.309 	     -0.071
  5122.229 	     -0.065
  5123.150 	     -0.049
  5124.070 	     -0.050
  5124.991 	     -0.054
  5125.911 	     -0.045
  5126.832 	     -0.043
  5127.753 	     -0.059
  5128.675 	     -0.078
  5129.596 	     -0.118
  5130.518 	     -0.069
  5131.440 	     -0.055
  5132.362 	     -0.056
  5133.284 	     -0.046
  5134.206 	     -0.045
  5135.128 	     -0.054
  5136.051 	     -0.044
  5136.974 	     -0.030
  5137.897 	     -0.043
  5138.820 	     -0.040
  5139.743 	     -0.058
  5140.666 	     -0.055
  5141.590 	     -0.031
  5142.514 	     -0.061
  5143.438 	     -0.042
  5144.362 	     -0.030
  5145.286 	     -0.041
  5146.211 	     -0.029
  5147.135 	      0.002
  5148.060 	      0.008
  5148.985 	     -0.028
  5149.910 	     -0.075
  5150.835 	     -0.053
  5151.761 	     -0.042
  5152.686 	     -0.035
  5153.612 	     -0.025
  5154.538 	     -0.001
  5155.464 	     -0.009
  5156.390 	     -0.025
  5157.317 	     -0.037
  5158.243 	     -0.050
  5159.170 	     -0.072
  5160.097 	     -0.070
  5161.024 	     -0.022
  5161.951 	     -0.055
  5162.879 	     -0.047
  5163.806 	     -0.042
  5164.734 	     -0.063
  5165.662 	     -0.061
  5166.590 	     -0.036
  5167.518 	     -0.040
  5168.447 	     -0.005
  5169.375 	     -0.017
  5170.304 	     -0.048
  5171.233 	     -0.052
  5172.162 	     -0.049
  5173.091 	     -0.010
  5174.021 	     -0.017
  5174.950 	     -0.040
  5175.880 	     -0.037
  5176.810 	     -0.031
  5177.740 	     -0.063
  5178.670 	     -0.049
  5179.601 	     -0.066
  5180.531 	     -0.015
  5181.462 	     -0.023
  5182.393 	     -0.059
  5183.324 	     -0.056
  5184.255 	     -0.057
  5185.187 	     -0.041
  5186.118 	     -0.068
  5187.050 	     -0.075
  5187.982 	     -0.052
  5188.914 	     -0.065
  5189.846 	     -0.033
  5190.779 	     -0.004
  5191.712 	     -0.023
  5192.644 	      0.008
  5193.577 	      0.035
  5194.510 	      0.064
  5195.444 	      0.075
  5196.377 	      0.055
  5197.311 	      0.069
  5198.244 	      0.065
  5199.178 	      0.061
  5200.112 	      0.058
  5201.047 	      0.056
  5201.981 	      0.053
  5202.916 	      0.050
  5203.851 	      0.050
  5204.786 	      0.053
  5205.721 	      0.056
  5206.656 	      0.055
  5207.591 	      0.050
  5208.527 	      0.041
  5209.463 	      0.029
  5210.399 	      0.017
  5211.335 	      0.006
  5212.271 	     -0.002
  5213.208 	     -0.006
  5214.144 	     -0.008
  5215.081 	     -0.008
  5216.018 	     -0.006
  5216.955 	     -0.002
  5217.892 	      0.004
  5218.830 	      0.019
  5219.768 	      0.042
  5220.705 	      0.071
  5221.643 	      0.092
  5222.582 	      0.096
  5223.520 	      0.084
  5224.458 	      0.071
  5225.397 	      0.067
  5226.336 	      0.070
  5227.275 	      0.067
  5228.214 	      0.049
  5229.153 	      0.021
  5230.093 	     -0.003
  5231.032 	     -0.019
  5231.972 	     -0.027
  5232.912 	     -0.031
  5233.852 	     -0.028
  5234.793 	     -0.034
  5235.733 	     -0.044
  5236.674 	     -0.045
  5237.615 	     -0.050
  5238.556 	     -0.059
  5239.497 	     -0.068
  5240.438 	     -0.077
  5241.380 	     -0.044
  5242.322 	     -0.024
  5243.263 	     -0.056
  5244.205 	     -0.049
  5245.148 	     -0.031
  5246.090 	     -0.029
  5247.033 	     -0.029
  5247.975 	     -0.025
  5248.918 	     -0.012
  5249.861 	      0.023
  5250.804 	      0.063
  5251.748 	      0.081
  5252.691 	      0.100
  5253.635 	      0.138
  5254.579 	      0.130
  5255.523 	      0.067
  5256.467 	      0.025
  5257.412 	     -0.005
  5258.356 	     -0.039
  5259.301 	     -0.024
  5260.246 	     -0.008
  5261.191 	     -0.020
  5262.136 	     -0.029
  5263.082 	     -0.021
  5264.027 	     -0.009
  5264.973 	     -0.004
  5265.919 	     -0.005
  5266.865 	     -0.018
  5267.811 	     -0.050
  5268.758 	     -0.052
  5269.704 	     -0.042
  5270.651 	     -0.065
  5271.598 	     -0.029
  5272.545 	     -0.029
  5273.493 	      0.006
  5274.440 	      0.012
  5275.388 	     -0.007
  5276.335 	     -0.021
  5277.283 	     -0.021
  5278.232 	     -0.020
  5279.180 	     -0.034
  5280.128 	     -0.036
  5281.077 	     -0.021
  5282.026 	     -0.025
  5282.975 	     -0.039
  5283.924 	     -0.023
  5284.873 	     -0.006
  5285.823 	     -0.010
  5286.773 	     -0.034
  5287.722 	     -0.024
  5288.672 	     -0.003
  5289.623 	      0.007
  5290.573 	     -0.031
  5291.523 	     -0.053
  5292.474 	     -0.058
  5293.425 	     -0.055
  5294.376 	     -0.013
  5295.327 	     -0.014
  5296.279 	     -0.016
  5297.230 	     -0.001
  5298.182 	     -0.005
  5299.134 	     -0.015
  5300.086 	     -0.017
  5301.038 	     -0.030
  5301.991 	     -0.041
  5302.943 	     -0.034
  5303.896 	     -0.009
  5304.849 	     -0.017
  5305.802 	     -0.027
  5306.755 	      0.008
  5307.709 	     -0.009
  5308.662 	     -0.016
  5309.616 	     -0.029
  5310.570 	     -0.033
  5311.524 	     -0.003
  5312.478 	     -0.039
  5313.433 	     -0.052
  5314.388 	     -0.038
  5315.342 	     -0.037
  5316.297 	     -0.025
  5317.252 	     -0.019
  5318.208 	     -0.040
  5319.163 	     -0.054
  5320.119 	     -0.047
  5321.075 	     -0.057
  5322.031 	     -0.082
  5322.987 	     -0.055
  5323.943 	     -0.086
  5324.900 	     -0.010
  5325.857 	     -0.047
  5326.813 	     -0.059
  5327.770 	     -0.042
  5328.728 	     -0.020
  5329.685 	     -0.050
  5330.643 	     -0.062
  5331.600 	     -0.052
  5332.558 	     -0.022
  5333.516 	     -0.024
  5334.475 	     -0.057
  5335.433 	     -0.073
  5336.392 	     -0.061
  5337.350 	     -0.043
  5338.309 	     -0.053
  5339.268 	     -0.014
  5340.228 	     -0.009
  5341.187 	     -0.022
  5342.147 	      0.016
  5343.107 	     -0.018
  5344.067 	     -0.023
  5345.027 	     -0.035
  5345.987 	      0.029
  5346.947 	     -0.014
  5347.908 	     -0.009
  5348.869 	     -0.042
  5349.830 	     -0.043
  5350.791 	     -0.059
  5351.752 	     -0.046
  5352.714 	     -0.026
  5353.676 	     -0.029
  5354.638 	     -0.028
  5355.600 	     -0.017
  5356.562 	     -0.011
  5357.524 	     -0.008
  5358.487 	     -0.016
  5359.449 	     -0.033
  5360.412 	     -0.026
  5361.375 	     -0.036
  5362.339 	     -0.000
  5363.302 	     -0.003
  5364.266 	      0.017
  5365.230 	     -0.032
  5366.193 	     -0.015
  5367.158 	     -0.021
  5368.122 	     -0.068
  5369.086 	     -0.053
  5370.051 	     -0.042
  5371.016 	     -0.022
  5371.981 	     -0.027
  5372.946 	     -0.032
  5373.911 	     -0.040
  5374.877 	     -0.035
  5375.842 	     -0.037
  5376.808 	     -0.034
  5377.774 	     -0.027
  5378.741 	     -0.040
  5379.707 	     -0.063
  5380.673 	     -0.075
  5381.640 	     -0.054
  5382.607 	     -0.081
  5383.574 	     -0.079
  5384.541 	     -0.099
  5385.509 	     -0.097
  5394.223 	     -0.074
  5395.192 	     -0.055
  5396.162 	     -0.036
  5397.131 	     -0.049
  5398.101 	     -0.034
  5399.071 	     -0.050
  5400.041 	     -0.046
  5401.011 	     -0.033
  5401.981 	     -0.027
  5402.952 	     -0.020
  5403.923 	     -0.028
  5404.894 	     -0.030
  5405.865 	     -0.037
  5406.836 	     -0.046
  5407.807 	     -0.035
  5408.779 	     -0.023
  5409.751 	     -0.010
  5410.723 	     -0.002
  5411.695 	     -0.020
  5412.667 	     -0.029
  5413.639 	     -0.024
  5414.612 	     -0.030
  5415.585 	      0.014
  5416.558 	      0.000
  5417.531 	     -0.017
  5418.504 	     -0.020
  5419.478 	     -0.076
  5420.452 	     -0.065
  5421.426 	     -0.024
  5422.400 	     -0.025
  5423.374 	     -0.039
  5424.348 	     -0.048
  5425.323 	     -0.067
  5426.297 	     -0.060
  5427.272 	     -0.055
  5428.247 	     -0.038
  5429.223 	     -0.025
  5430.198 	     -0.035
  5431.174 	     -0.042
  5432.150 	     -0.047
  5433.126 	     -0.054
  5434.102 	     -0.055
  5435.078 	     -0.062
  5436.055 	     -0.079
  5437.031 	     -0.080
  5438.008 	     -0.067
  5438.985 	     -0.038
  5439.962 	     -0.056
  5440.940 	     -0.046
  5441.917 	     -0.032
  5442.895 	     -0.039
  5443.873 	     -0.046
  5444.851 	     -0.044
  5445.829 	     -0.051
  5446.808 	     -0.052
  5447.786 	     -0.083
  5448.765 	     -0.051
  5449.744 	     -0.054
  5450.723 	     -0.042
  5451.702 	     -0.056
  5452.682 	     -0.038
  5453.661 	     -0.017
  5454.641 	     -0.036
  5455.621 	      0.092
  5456.601 	      0.517
  5457.582 	      0.712
  5458.562 	      0.522
  5459.543 	      0.133
  5460.524 	     -0.040
  5461.505 	     -0.036
  5462.486 	     -0.037
  5463.468 	     -0.043
  5464.449 	     -0.049
  5465.431 	     -0.046
  5466.413 	     -0.034
  5467.395 	     -0.030
  5468.377 	     -0.023
  5469.360 	     -0.013
  5470.343 	     -0.018
  5471.325 	     -0.036
  5472.308 	     -0.017
  5473.292 	      0.006
  5474.275 	      0.002
  5475.258 	     -0.008
  5476.242 	     -0.001
  5477.226 	     -0.008
  5478.210 	     -0.010
  5479.194 	     -0.022
  5480.179 	     -0.022
  5481.163 	     -0.009
  5482.148 	     -0.013
  5483.133 	     -0.017
  5484.118 	     -0.048
  5485.104 	     -0.054
  5486.089 	     -0.034
  5487.075 	      0.004
  5488.060 	     -0.032
  5489.047 	     -0.048
  5490.033 	     -0.051
  5491.019 	     -0.026
  5492.006 	     -0.018
  5492.992 	     -0.037
  5493.979 	     -0.027
  5494.966 	     -0.023
  5495.954 	     -0.014
  5496.941 	     -0.004
  5497.929 	     -0.015
  5498.916 	     -0.037
  5499.904 	     -0.045
  5500.892 	     -0.026
  5501.881 	     -0.013
  5502.869 	     -0.012
  5503.858 	     -0.020
  5504.847 	     -0.027
  5505.836 	     -0.035
  5506.825 	     -0.060
  5507.814 	     -0.082
  5508.804 	     -0.075
  5509.794 	     -0.066
  5510.784 	     -0.057
  5511.774 	     -0.031
  5512.764 	     -0.024
  5513.754 	     -0.035
  5514.745 	     -0.034
  5515.736 	     -0.019
  5516.727 	     -0.012
  5517.718 	     -0.015
  5518.709 	     -0.014
  5519.701 	     -0.008
  5520.693 	     -0.010
  5521.684 	     -0.019
  5522.677 	     -0.032
  5523.669 	     -0.026
  5524.661 	     -0.006
  5525.654 	     -0.016
  5526.647 	     -0.045
  5527.639 	     -0.054
  5528.633 	     -0.060
  5529.626 	     -0.053
  5530.619 	     -0.029
  5531.613 	     -0.036
  5532.607 	     -0.038
  5533.601 	     -0.035
  5534.595 	     -0.049
  5535.589 	     -0.029
  5536.584 	     -0.045
  5537.579 	     -0.064
  5538.574 	     -0.044
  5539.569 	     -0.034
  5540.564 	     -0.039
  5541.559 	     -0.033
  5542.555 	     -0.030
  5543.551 	     -0.016
  5544.547 	     -0.042
  5545.543 	     -0.057
  5546.539 	     -0.028
  5547.536 	     -0.008
  5548.533 	     -0.021
  5549.529 	     -0.011
  5550.527 	     -0.016
  5551.524 	      0.008
  5552.521 	     -0.001
  5553.519 	     -0.031
  5554.517 	     -0.037
  5555.514 	     -0.027
  5556.513 	     -0.011
  5557.511 	     -0.010
  5558.509 	      0.006
  5559.508 	     -0.016
  5560.507 	     -0.037
  5561.506 	     -0.036
  5562.505 	     -0.037
  5563.505 	     -0.051
  5564.504 	     -0.052
  5565.504 	     -0.066
  5566.504 	     -0.070
  5567.504 	     -0.066
  5568.504 	     -0.052
  5569.505 	     -0.049
  5570.505 	     -0.049
  5571.506 	     -0.020
  5572.507 	     -0.020
  5573.508 	     -0.015
  5574.510 	     -0.025
  5575.511 	     -0.017
  5576.513 	     -0.043
  5577.515 	     -0.061
  5578.517 	     -0.050
  5579.519 	     -0.039
  5580.522 	     -0.054
  5581.524 	     -0.050
  5582.527 	     -0.035
  5583.530 	     -0.046
  5584.533 	     -0.064
  5585.537 	     -0.074
  5586.540 	     -0.064
  5587.544 	     -0.052
  5588.548 	     -0.050
  5589.552 	     -0.023
  5590.556 	     -0.025
  5591.560 	     -0.026
  5592.565 	     -0.043
  5593.570 	     -0.055
  5594.575 	     -0.066
  5595.580 	     -0.067
  5596.585 	     -0.065
  5597.591 	     -0.070
  5598.596 	     -0.083
  5599.602 	     -0.064
  5600.608 	     -0.044
  5601.615 	     -0.052
  5602.621 	     -0.059
  5603.628 	     -0.046
  5604.634 	     -0.025
  5605.641 	     -0.056
  5606.649 	     -0.075
  5607.656 	     -0.046
  5608.663 	     -0.022
  5609.671 	     -0.021
  5610.679 	     -0.024
  5611.687 	     -0.041
  5612.695 	     -0.058
  5613.704 	     -0.052
  5614.712 	     -0.060
  5615.721 	     -0.084
  5616.730 	     -0.075
  5617.739 	     -0.058
  5618.748 	     -0.057
  5619.758 	     -0.056
  5620.767 	     -0.047
  5621.777 	     -0.042
  5622.787 	     -0.038
  5623.798 	     -0.056
  5624.808 	     -0.068
  5625.819 	     -0.081
  5626.829 	     -0.074
  5627.840 	     -0.062
  5628.851 	     -0.057
  5629.863 	     -0.074
  5630.874 	     -0.088
  5631.886 	     -0.070
  5632.898 	     -0.075
  5633.910 	     -0.056
  5634.922 	     -0.064
  5635.934 	     -0.054
  5636.947 	     -0.070
  5637.960 	     -0.082
  5638.973 	     -0.071
  5639.986 	     -0.086
  5640.999 	     -0.104
  5642.013 	     -0.077
  5643.026 	     -0.075
  5644.040 	     -0.080
  5645.054 	     -0.079
  5646.068 	     -0.064
  5647.083 	     -0.072
  5648.097 	     -0.084
  5649.112 	     -0.094
  5650.127 	     -0.108
  5651.142 	     -0.134
  5652.157 	     -0.108
  5653.173 	     -0.105
  5654.189 	     -0.118
  5655.205 	     -0.084
  5656.221 	     -0.078
  5657.237 	     -0.130
  5658.253 	     -0.118
  5659.270 	     -0.103
  5660.287 	     -0.086
  5661.304 	     -0.077
  5662.321 	     -0.069
  5663.338 	     -0.061
  5664.355 	     -0.057
  5665.373 	     -0.065
  5666.391 	     -0.109
  5667.409 	     -0.079
  5668.427 	     -0.060
  5669.446 	     -0.070
  5670.464 	     -0.134
  5671.483 	     -0.112
  5672.502 	     -0.137
  5673.521 	     -0.096
  5674.541 	     -0.125
  5675.560 	     -0.142
  5676.580 	     -0.127
  5677.600 	     -0.109
  5678.620 	     -0.072
  5679.640 	     -0.095
  5680.660 	     -0.120
  5681.681 	     -0.135
  5682.702 	     -0.119
  5683.723 	     -0.093
  5684.744 	     -0.100
  5685.765 	     -0.118
  5686.787 	     -0.106
  5687.809 	     -0.099
  5688.830 	     -0.112
  5689.853 	     -0.135
  5690.875 	     -0.127
  5691.897 	     -0.153
  5692.920 	     -0.156
  5693.943 	     -0.158
  5694.966 	     -0.148
  5695.989 	     -0.138
  5697.012 	     -0.134
  5698.036 	     -0.147
  5699.060 	     -0.163
  5700.084 	     -0.148
  5701.108 	     -0.119
  5702.132 	     -0.124
  5703.156 	     -0.127
  5704.181 	     -0.158
  5705.206 	     -0.179
  5706.231 	     -0.160
  5707.256 	     -0.143
  5708.282 	     -0.145
  5709.307 	     -0.143
  5710.333 	     -0.141
  5711.359 	     -0.118
  5712.385 	     -0.137
  5713.411 	     -0.154
  5714.438 	     -0.152
  5715.464 	     -0.136
  5716.491 	     -0.149
  5717.518 	     -0.136
  5718.546 	     -0.104
  5719.573 	     -0.121
  5720.601 	     -0.148
  5721.628 	     -0.166
  5722.656 	     -0.156
  5723.685 	     -0.205
  5724.713 	     -0.184
  5725.741 	     -0.172
  5726.770 	     -0.175
  5727.799 	     -0.185
  5728.828 	     -0.146
  5729.857 	     -0.180
  5730.887 	     -0.193
  5731.916 	     -0.126
  5732.946 	     -0.156
  5733.976 	     -0.147
  5735.007 	     -0.159
  5736.037 	     -0.165
  5737.067 	     -0.169
  5738.098 	     -0.185
  5739.129 	     -0.187
  5740.160 	     -0.189
  5741.192 	     -0.187
  5742.223 	     -0.172
  5743.255 	     -0.180
  5744.287 	     -0.160
  5745.319 	     -0.155
  5746.351 	     -0.181
  5747.383 	     -0.190
  5748.416 	     -0.194
  5749.449 	     -0.197
  5750.482 	     -0.184
  5751.515 	     -0.164
  5752.548 	     -0.162
  5753.582 	     -0.185
  5754.615 	     -0.184
  5755.649 	     -0.184
  5756.683 	     -0.168
  5757.718 	     -0.165
  5758.752 	     -0.172
  5759.787 	     -0.191
  5760.822 	     -0.203
  5761.857 	     -0.174
  5762.892 	     -0.151
  5763.927 	     -0.167
  5764.963 	     -0.188
  5765.999 	     -0.215
  5767.035 	     -0.223
  5768.071 	     -0.192
  5769.107 	     -0.204
  5770.143 	     -0.189
  5771.180 	     -0.148
  5772.217 	     -0.199
  5773.254 	     -0.172
  5774.291 	     -0.176
  5775.329 	     -0.157
  5776.366 	     -0.141
  5777.404 	     -0.185
  5778.442 	     -0.199
  5779.480 	     -0.187
  5780.519 	     -0.169
  5781.557 	     -0.179
  5782.596 	     -0.174
  5783.635 	     -0.160
  5784.674 	     -0.165
  5785.713 	     -0.177
  5786.753 	     -0.184
  5787.793 	     -0.179
  5788.832 	     -0.165
  5789.873 	     -0.162
  5790.913 	     -0.180
  5791.953 	     -0.170
  5792.994 	     -0.168
  5794.035 	     -0.160
  5795.076 	     -0.167
  5796.117 	     -0.176
  5797.158 	     -0.151
  5798.200 	     -0.145
  5799.241 	     -0.170
  5800.283 	     -0.190
  5801.325 	     -0.190
  5802.368 	     -0.155
  5803.410 	     -0.149
  5804.453 	     -0.184
  5805.496 	     -0.165
  5806.539 	     -0.193
  5807.582 	     -0.197
  5808.625 	     -0.185
  5809.669 	     -0.171
  5810.713 	     -0.181
  5811.757 	     -0.172
  5812.801 	     -0.144
  5813.845 	     -0.146
  5814.890 	     -0.132
  5815.935 	     -0.117
  5816.980 	     -0.128
  5818.025 	     -0.137
  5819.070 	     -0.143
  5820.115 	     -0.145
  5821.161 	     -0.142
  5822.207 	     -0.141
  5823.253 	     -0.119
  5824.299 	     -0.121
  5825.346 	     -0.130
  5826.392 	     -0.125
  5827.439 	     -0.135
  5828.486 	     -0.156
  5829.533 	     -0.150
  5830.581 	     -0.120
  5831.628 	     -0.135
  5832.676 	     -0.147
  5833.724 	     -0.169
  5834.772 	     -0.180
  5835.820 	     -0.160
  5836.869 	     -0.155
  5837.917 	     -0.159
  5838.966 	     -0.177
  5840.015 	     -0.207
  5841.065 	     -0.230
  5842.114 	     -0.242
  5843.164 	     -0.224
  5844.213 	     -0.199
  5845.263 	     -0.183
  5846.314 	     -0.152
  5847.364 	     -0.132
  5848.415 	     -0.136
  5849.465 	     -0.136
  5850.516 	     -0.132
  5851.567 	     -0.126
  5852.619 	     -0.133
  5853.670 	     -0.106
  5854.722 	     -0.120
  5855.774 	     -0.142
  5856.826 	     -0.150
  5857.878 	     -0.153
  5858.931 	     -0.158
  5859.983 	     -0.155
  5861.036 	     -0.156
  5862.089 	     -0.150
  5863.142 	     -0.148
  5864.196 	     -0.143
  5865.249 	     -0.125
  5866.303 	     -0.093
  5867.357 	     -0.073
  5868.411 	     -0.098
  5869.466 	     -0.098
  5870.520 	     -0.085
  5871.575 	     -0.097
  5872.630 	     -0.092
  5873.685 	     -0.099
  5874.740 	     -0.128
  5875.796 	     -0.113
  5876.851 	     -0.103
  5877.907 	     -0.094
  5878.963 	     -0.113
  5880.019 	     -0.127
  5881.076 	     -0.103
  5882.133 	     -0.091
  5883.189 	     -0.086
  5884.246 	     -0.090
  5885.304 	     -0.078
  5886.361 	     -0.082
  5887.419 	     -0.126
  5888.476 	     -0.158
  5889.534 	     -0.151
  5890.592 	     -0.128
  5891.651 	     -0.108
  5892.709 	     -0.103
  5893.768 	     -0.095
  5894.827 	     -0.117
  5895.886 	     -0.150
  5896.945 	     -0.133
  5898.005 	     -0.097
  5899.064 	     -0.089
  5900.124 	     -0.069
  5901.184 	     -0.077
  5902.245 	     -0.075
  5903.305 	     -0.077
  5904.366 	     -0.086
  5905.426 	     -0.081
  5906.487 	     -0.084
  5907.549 	     -0.074
  5908.610 	     -0.061
  5909.671 	     -0.040
  5910.733 	     -0.041
  5911.795 	     -0.054
  5912.857 	     -0.031
  5913.920 	     -0.024
  5914.982 	     -0.034
  5916.045 	     -0.035
  5917.108 	     -0.086
  5918.171 	     -0.078
  5919.234 	     -0.053
  5920.298 	     -0.050
  5921.361 	     -0.014
  5922.425 	     -0.041
  5923.489 	     -0.046
  5924.554 	     -0.060
  5925.618 	     -0.055
  5926.683 	     -0.049
  5927.747 	     -0.033
  5928.812 	     -0.034
  5929.878 	     -0.034
  5930.943 	     -0.032
  5932.009 	     -0.002
  5933.074 	     -0.023
  5934.140 	     -0.024
  5961.923 	     -0.033
  5962.994 	     -0.020
  5964.065 	     -0.045
  5965.137 	     -0.026
  5966.209 	     -0.004
  5967.280 	     -0.035
  5968.353 	     -0.046
  5969.425 	     -0.028
  5970.497 	     -0.020
  5971.570 	     -0.005
  5972.643 	     -0.008
  5973.716 	     -0.015
  5974.789 	     -0.053
  5975.863 	     -0.043
  5976.936 	     -0.037
  5978.010 	     -0.026
  5979.084 	     -0.007
  5980.158 	      0.004
  5981.233 	      0.002
  5982.308 	      0.028
  5983.382 	      0.018
  5984.457 	     -0.014
  5985.533 	     -0.022
  5986.608 	      0.013
  5987.684 	      0.034
  5988.759 	     -0.005
  5989.835 	     -0.027
  5990.911 	      0.015
  5991.988 	      0.013
  5993.064 	      0.011
  5994.141 	      0.002
  5995.218 	     -0.011
  5996.295 	     -0.019
  5997.372 	      0.000
  5998.450 	      0.019
  5999.528 	      0.037
  6000.606 	      0.032
  6001.684 	      0.029
  6002.762 	      0.035
  6003.840 	      0.016
  6004.919 	     -0.005
  6005.998 	      0.017
  6007.077 	      0.030
  6008.156 	      0.019
  6009.236 	      0.013
  6010.315 	      0.019
  6011.395 	      0.012
  6012.475 	     -0.009
  6013.556 	      0.007
  6014.636 	      0.032
  6015.717 	      0.001
  6016.797 	     -0.017
  6017.878 	     -0.005
  6018.960 	      0.009
  6020.041 	      0.013
  6021.123 	      0.020
  6022.204 	      0.009
  6023.286 	     -0.004
  6024.369 	     -0.003
  6025.451 	      0.011
  6026.534 	      0.018
  6027.616 	      0.014
  6028.699 	      0.005
  6029.782 	      0.019
  6030.866 	      0.033
  6031.949 	      0.021
  6033.033 	      0.028
  6034.117 	      0.035
  6035.201 	      0.028
  6036.285 	      0.021
  6037.370 	      0.012
  6038.455 	      0.016
  6039.539 	      0.018
  6040.625 	      0.022
  6041.710 	      0.033
  6042.795 	      0.053
  6043.881 	      0.047
  6044.967 	      0.023
  6046.053 	     -0.003
  6047.139 	      0.014
  6048.226 	      0.025
  6049.312 	      0.011
  6050.399 	      0.005
  6051.486 	      0.014
  6052.573 	      0.035
  6053.661 	      0.042
  6054.749 	      0.045
  6055.836 	      0.038
  6056.924 	      0.022
  6058.013 	      0.045
  6059.101 	      0.017
  6060.190 	      0.064
  6061.278 	      0.042
  6062.367 	      0.040
  6063.457 	      0.029
  6064.546 	      0.023
  6065.636 	      0.021
  6066.725 	      0.013
  6067.815 	      0.029
  6068.906 	      0.023
  6069.996 	      0.023
  6071.086 	      0.022
  6072.177 	      0.046
  6073.268 	      0.041
  6074.359 	      0.032
  6075.451 	      0.026
  6076.542 	      0.033
  6077.634 	      0.055
  6078.726 	      0.058
  6079.818 	      0.074
  6080.910 	      0.077
  6082.003 	      0.087
  6083.096 	      0.086
  6084.189 	      0.080
  6085.282 	      0.043
  6086.375 	      0.089
  6087.468 	      0.067
  6088.562 	      0.071
  6089.656 	      0.102
  6090.750 	      0.071
  6091.844 	      0.069
  6092.939 	      0.066
  6094.034 	      0.083
  6095.129 	      0.086
  6096.224 	      0.090
  6097.319 	      0.130
  6098.414 	      0.085
  6099.510 	      0.067
  6100.606 	      0.112
  6101.702 	      0.110
  6102.798 	      0.065
  6103.895 	      0.072
  6104.991 	      0.067
  6106.088 	      0.062
  6107.185 	      0.046
  6108.282 	      0.067
  6109.380 	      0.060
  6110.478 	      0.010
  6111.575 	      0.037
  6112.673 	      0.107
  6113.772 	      0.016
  6114.870 	     -0.020
  6115.969 	      0.006
  6117.068 	     -0.037
  6118.167 	     -0.031
  6119.266 	     -0.034
  6120.365 	      0.025
  6121.465 	      0.016
  6122.565 	     -0.034
  6123.665 	     -0.040
  6124.765 	     -0.033
  6125.865 	     -0.018
  6126.966 	      0.002
  6128.067 	      0.022
  6129.168 	      0.036
  6130.269 	      0.038
  6131.370 	      0.034
  6132.472 	      0.034
  6133.574 	      0.040
  6134.676 	      0.050
  6135.778 	      0.061
  6136.880 	      0.072
  6137.983 	      0.083
  6139.086 	      0.095
  6140.189 	      0.108
  6141.292 	      0.124
  6142.395 	      0.139
  6143.499 	      0.154
  6144.602 	      0.167
  6145.706 	      0.181
  6146.811 	      0.148
  6147.915 	      0.148
  6149.020 	      0.146
  6150.124 	      0.155
  6151.229 	      0.118
  6152.334 	      0.120
  6153.440 	      0.169
  6154.545 	      0.170
  6155.651 	      0.143
  6156.757 	      0.148
  6157.863 	      0.175
  6158.970 	      0.156
  6160.076 	      0.150
  6161.183 	      0.151
  6162.290 	      0.157
  6163.397 	      0.154
  6164.504 	      0.156
  6165.612 	      0.176
  6166.720 	      0.166
  6167.828 	      0.153
  6168.936 	      0.128
  6170.044 	      0.094
  6171.153 	      0.122
  6172.261 	      0.126
  6173.370 	      0.143
  6174.479 	      0.175
  6175.589 	      0.154
  6176.698 	      0.156
  6177.808 	      0.198
  6178.918 	      0.170
  6180.028 	      0.183
  6181.138 	      0.177
  6182.249 	      0.129
  6183.360 	      0.135
  6184.471 	      0.101
  6185.582 	      0.126
  6186.693 	      0.182
  6187.805 	      0.175
  6188.916 	      0.181
  6190.028 	      0.153
  6191.140 	      0.116
  6192.253 	      0.151
  6193.365 	      0.147
  6194.478 	      0.156
  6195.591 	      0.161
  6196.704 	      0.176
  6197.817 	      0.161
  6198.931 	      0.204
  6200.045 	      0.178
  6201.159 	      0.117
  6202.273 	      0.145
  6203.387 	      0.135
  6204.502 	      0.175
  6205.616 	      0.187
  6206.731 	      0.192
  6207.846 	      0.166
  6208.962 	      0.182
  6210.077 	      0.187
  6211.193 	      0.157
  6212.309 	      0.133
  6213.425 	      0.150
  6214.541 	      0.159
  6215.658 	      0.136
  6216.775 	      0.152
  6217.892 	      0.158
  6219.009 	      0.122
  6220.126 	      0.138
  6221.244 	      0.124
  6222.361 	      0.091
  6223.479 	      0.099
  6224.597 	      0.148
  6225.716 	      0.129
  6226.834 	      0.131
  6227.953 	      0.102
  6229.072 	      0.078
  6230.191 	      0.110
  6231.310 	      0.162
  6232.430 	      0.151
  6233.550 	      0.130
  6234.670 	      0.126
  6235.790 	      0.145
  6236.910 	      0.140
  6238.031 	      0.145
  6239.152 	      0.139
  6240.272 	      0.138
  6241.394 	      0.122
  6242.515 	      0.155
  6243.637 	      0.134
  6244.758 	      0.137
  6245.880 	      0.136
  6247.002 	      0.137
  6248.125 	      0.136
  6249.247 	      0.117
  6250.370 	      0.137
  6251.493 	      0.143
  6252.616 	      0.133
  6253.740 	      0.159
  6254.863 	      0.159
  6255.987 	      0.206
  6257.111 	      0.218
  6258.235 	      0.194
  6259.360 	      0.175
  6260.484 	      0.164
  6261.609 	      0.161
  6262.734 	      0.163
  6263.859 	      0.171
  6264.985 	      0.177
  6266.110 	      0.174
  6267.236 	      0.165
  6268.362 	      0.156
  6269.488 	      0.152
  6270.615 	      0.150
  6271.741 	      0.149
  6272.868 	      0.148
  6273.995 	      0.149
  6275.122 	      0.153
  6276.250 	      0.159
  6277.377 	      0.169
  6278.505 	      0.181
  6279.633 	      0.189
  6280.761 	      0.189
  6281.890 	      0.183
  6283.018 	      0.178
  6284.147 	      0.178
  6285.276 	      0.178
  6286.406 	      0.175
  6287.535 	      0.169
  6288.665 	      0.165
  6289.795 	      0.163
  6290.925 	      0.160
  6292.055 	      0.158
  6293.185 	      0.161
  6294.316 	      0.171
  6295.447 	      0.185
  6296.578 	      0.193
  6297.709 	      0.186
  6298.841 	      0.169
  6299.972 	      0.152
  6301.104 	      0.159
  6302.236 	      0.140
  6303.369 	      0.115
  6304.501 	      0.118
  6305.634 	      0.078
  6306.767 	      0.085
  6307.900 	      0.389
  6309.033 	      0.731
  6310.167 	      1.168
  6311.300 	      1.168
  6312.434 	      0.724
  6313.568 	      0.663
  6314.703 	      1.112
  6315.837 	      1.058
  6316.972 	      0.436
  6318.107 	      0.131
  6319.242 	      0.103
  6320.377 	      0.088
  6321.513 	      0.112
  6322.649 	      0.130
  6323.785 	      0.158
  6324.921 	      0.177
  6326.057 	      0.146
  6327.194 	      0.114
  6328.331 	      0.135
  6329.468 	      0.152
  6330.605 	      0.156
  6331.742 	      0.157
  6332.880 	      0.144
  6334.017 	      0.112
  6335.155 	      0.113
  6336.294 	      0.130
  6337.432 	      0.137
  6338.571 	      0.113
  6339.710 	      0.116
  6340.849 	      0.125
  6341.988 	      0.108
  6343.127 	      0.102
  6344.267 	      0.092
  6345.407 	      0.126
  6346.547 	      0.147
  6347.687 	      0.107
  6348.827 	      0.062
  6349.968 	      0.030
  6351.109 	      0.018
  6352.250 	      0.032
  6353.391 	      0.050
  6354.533 	      0.060
  6355.674 	      0.094
  6356.816 	      0.121
  6357.958 	      0.137
  6359.101 	      0.160
  6360.243 	      0.173
  6361.386 	      0.154
  6362.529 	      0.158
  6363.672 	      0.198
  6364.815 	      0.267
  6365.959 	      0.355
  6367.103 	      0.411
  6368.247 	      0.365
  6369.391 	      0.238
  6370.535 	      0.157
  6371.680 	      0.112
  6372.824 	      0.091
  6373.969 	      0.069
  6375.115 	      0.093
  6376.260 	      0.117
  6377.406 	      0.150
  6378.551 	      0.117
  6379.697 	      0.094
  6380.844 	      0.077
  6381.990 	      0.104
  6383.137 	      0.118
  6384.283 	      0.084
  6385.430 	      0.083
  6386.578 	      0.114
  6387.725 	      0.095
  6388.873 	      0.105
  6390.021 	      0.108
  6391.169 	      0.132
  6392.317 	      0.120
  6393.465 	      0.113
  6394.614 	      0.188
  6395.763 	      0.163
  6396.912 	      0.120
  6398.061 	      0.110
  6399.211 	      0.129
  6400.361 	      0.125
  6401.511 	      0.121
  6402.661 	      0.134
  6403.811 	      0.135
  6404.962 	      0.099
  6406.112 	      0.107
  6407.263 	      0.096
  6408.414 	      0.090
  6409.566 	      0.082
  6410.717 	      0.085
  6411.869 	      0.107
  6413.021 	      0.106
  6414.173 	      0.113
  6415.326 	      0.114
  6416.478 	      0.110
  6417.631 	      0.100
  6418.784 	      0.087
  6419.937 	      0.100
  6421.091 	      0.112
  6422.245 	      0.128
  6423.398 	      0.125
  6424.552 	      0.111
  6425.707 	      0.103
  6426.861 	      0.067
  6428.016 	      0.074
  6429.171 	      0.099
  6430.326 	      0.101
  6431.481 	      0.121
  6432.637 	      0.133
  6433.792 	      0.101
  6434.948 	      0.103
  6436.104 	      0.113
  6437.261 	      0.103
  6438.417 	      0.100
  6439.574 	      0.112
  6440.731 	      0.094
  6441.888 	      0.050
  6443.046 	      0.047
  6444.203 	      0.065
  6445.361 	      0.089
  6446.519 	      0.069
  6447.677 	      0.061
  6448.836 	      0.074
  6449.994 	      0.071
  6451.153 	      0.060
  6452.312 	      0.064
  6453.471 	      0.058
  6454.631 	      0.063
  6455.791 	      0.087
  6456.950 	      0.084
  6458.111 	      0.066
  6459.271 	      0.054
  6460.431 	      0.071
  6461.592 	      0.068
  6462.753 	      0.061
  6463.914 	      0.050
  6465.075 	      0.070
  6466.237 	      0.060
  6467.399 	      0.061
  6468.561 	      0.089
  6469.723 	      0.075
  6470.885 	      0.036
  6472.048 	      0.030
  6473.211 	      0.035
  6474.374 	      0.039
  6475.537 	      0.071
  6476.700 	      0.055
  6477.864 	      0.006
  6479.028 	      0.025
  6480.192 	      0.031
  6481.356 	      0.036
  6482.521 	      0.014
  6483.685 	      0.024
  6484.850 	      0.021
  6486.015 	      0.042
  6487.181 	      0.046
  6488.346 	      0.043
  6489.512 	      0.023
  6490.678 	      0.021
  6491.844 	      0.019
  6493.010 	      0.029
  6494.177 	      0.024
  6495.344 	     -0.002
  6496.511 	      0.053
  6497.678 	      0.058
  6498.845 	      0.056
  6500.013 	      0.027
  6501.181 	      0.024
  6502.349 	      0.054
  6503.517 	      0.033
  6504.685 	      0.027
  6505.854 	      0.018
  6507.023 	      0.007
  6508.192 	      0.007
  6509.361 	      0.016
  6510.531 	      0.033
  6511.700 	      0.029
  6512.870 	      0.004
  6514.041 	     -0.008
  6515.211 	      0.009
  6516.381 	      0.006
  6517.552 	      0.016
  6518.723 	      0.022
  6519.894 	      0.013
  6521.066 	      0.010
  6522.237 	      0.001
  6523.409 	     -0.007
  6524.581 	     -0.001
  6525.753 	      0.016
  6526.926 	      0.018
  6528.099 	      0.016
  6529.271 	      0.052
  6530.445 	      0.090
  6531.618 	      0.090
  6532.791 	      0.058
  6533.965 	      0.051
  6535.139 	      0.043
  6536.313 	      0.033
  6537.487 	      0.024
  6538.662 	      0.053
  6539.837 	      0.051
  6541.012 	      0.055
  6542.187 	      0.050
  6543.362 	      0.063
  6544.538 	      0.059
  6545.714 	      0.052
  6546.890 	      0.095
  6548.066 	      0.091
  6549.243 	      0.020
  6550.419 	      0.023
  6551.596 	      0.078
  6552.773 	      0.068
  6553.950 	      0.022
  6555.128 	     -0.009
  6556.306 	      0.005
  6557.484 	      0.029
  6558.662 	      0.006
  6559.840 	      0.018
  6561.019 	     -0.004
  6562.198 	      0.017
  6563.377 	      0.037
  6564.556 	      0.020
  6565.735 	      0.007
  6566.915 	     -0.004
  6568.095 	     -0.015
  6569.275 	     -0.029
  6570.455 	     -0.040
  6571.635 	     -0.044
  6572.816 	     -0.043
  6573.997 	     -0.038
  6575.178 	     -0.031
  6576.359 	     -0.024
  6577.541 	     -0.020
  6578.723 	     -0.017
  6579.905 	     -0.013
  6581.087 	     -0.007
  6582.269 	      0.003
  6583.452 	      0.016
  6584.635 	      0.029
  6585.818 	      0.040
  6587.001 	      0.045
  6588.184 	      0.042
  6589.368 	      0.041
  6590.552 	      0.049
  6591.736 	      0.060
  6592.920 	      0.071
  6594.105 	      0.084
  6595.290 	      0.093
  6596.475 	      0.083
  6597.660 	      0.074
  6598.845 	      0.104
  6600.031 	      0.103
  6601.216 	      0.098
  6602.402 	      0.114
  6603.589 	      0.116
  6604.775 	      0.116
  6605.962 	      0.116
  6607.149 	      0.109
  6608.336 	      0.097
  6609.523 	      0.127
  6610.710 	      0.142
  6611.898 	      0.156
  6613.086 	      0.236
  6614.274 	      0.438
  6615.463 	      1.008
  6616.651 	      1.804
  6617.840 	      2.156
  6619.029 	      1.649
  6620.218 	      0.707
  6621.408 	      0.308
  6622.597 	      0.173
  6623.787 	      0.214
  6624.977 	      0.227
  6626.167 	      0.275
  6627.358 	      0.468
  6628.549 	      1.168
  6629.740 	      3.854
  6630.931 	      9.621
  6632.122 	     15.015
  6633.314 	     14.598
  6634.505 	      7.502
  6635.697 	      2.460
  6636.890 	      0.740
  6638.082 	      0.310
  6639.275 	      0.215
  6640.467 	      0.217
  6641.660 	      0.199
  6642.854 	      0.205
  6644.047 	      0.211
  6645.241 	      0.208
  6646.435 	      0.265
  6647.629 	      0.330
  6648.823 	      0.529
  6650.018 	      1.170
  6651.213 	      2.846
  6652.408 	      5.309
  6653.603 	      6.296
  6654.798 	      4.532
  6655.994 	      2.037
  6657.190 	      0.677
  6658.386 	      0.280
  6659.582 	      0.185
  6660.779 	      0.165
  6661.975 	      0.149
  6663.172 	      0.103
  6664.369 	      0.079
  6665.567 	      0.125
  6666.764 	      0.141
  6667.962 	      0.113
  6669.160 	      0.122
  6670.358 	      0.143
  6671.557 	      0.123
  6672.755 	      0.102
  6673.954 	      0.110
  6675.153 	      0.138
  6676.353 	      0.129
  6677.552 	      0.115
  6678.752 	      0.122
  6679.952 	      0.109
  6681.152 	      0.115
  6682.352 	      0.115
  6683.553 	      0.072
  6684.754 	      0.102
  6685.955 	      0.131
  6687.156 	      0.134
  6688.357 	      0.134
  6689.559 	      0.108
  6690.761 	      0.114
  6691.963 	      0.115
  6693.165 	      0.112
  6694.368 	      0.110
  6695.571 	      0.087
  6696.774 	      0.074
  6697.977 	      0.088
  6699.180 	      0.081
  6700.384 	      0.081
  6701.588 	      0.084
  6702.792 	      0.085
  6703.996 	      0.087
  6705.200 	      0.073
  6706.405 	      0.060
  6707.610 	      0.076
  6708.815 	      0.118
  6710.020 	      0.124
  6711.226 	      0.112
  6712.432 	      0.089
  6713.638 	      0.102
  6714.844 	      0.087
  6716.050 	      0.091
  6717.257 	      0.093
  6718.464 	      0.073
  6719.671 	      0.070
  6720.878 	      0.059
  6722.086 	      0.069
  6723.293 	      0.070
  6724.501 	      0.062
  6725.710 	      0.073
  6726.918 	      0.073
  6728.127 	      0.077
  6729.335 	      0.096
  6730.544 	      0.082
  6731.754 	      0.067
  6732.963 	      0.079
  6734.173 	      0.081
  6735.383 	      0.095
  6736.593 	      0.114
  6737.803 	      0.089
  6739.014 	      0.083
  6740.224 	      0.095
  6741.435 	      0.091
  6742.647 	      0.079
  6743.858 	      0.068
  6745.070 	      0.061
  6746.281 	      0.073
  6751.131 	      0.123
  6752.344 	      0.099
  6753.557 	      0.086
  6754.771 	      0.079
  6755.984 	      0.076
  6757.198 	      0.092
  6758.412 	      0.095
  6759.626 	      0.086
  6760.841 	      0.105
  6762.055 	      0.107
  6763.270 	      0.097
  6764.485 	      0.103
  6765.701 	      0.098
  6766.916 	      0.066
  6768.132 	      0.046
  6769.348 	      0.047
  6770.564 	      0.070
  6771.781 	      0.067
  6772.997 	      0.046
  6774.214 	      0.057
  6775.431 	      0.070
  6776.649 	      0.037
  6777.866 	      0.045
  6779.084 	      0.077
  6780.302 	      0.070
  6781.520 	      0.093
  6782.738 	      0.138
  6783.957 	      0.292
  6785.176 	      0.716
  6786.395 	      1.471
  6787.614 	      1.943
  6788.834 	      1.603
  6790.053 	      0.817
  6791.273 	      0.306
  6792.494 	      0.142
  6793.714 	      0.095
  6794.935 	      0.073
  6796.155 	      0.095
  6797.376 	      0.117
  6798.598 	      0.249
  6799.819 	      0.610
  6801.041 	      1.150
  6802.263 	      1.497
  6803.485 	      1.232
  6804.707 	      0.541
  6805.930 	      0.203
  6807.153 	      0.112
  6808.376 	      0.060
  6809.599 	      0.081
  6810.822 	      0.084
  6812.046 	      0.045
  6813.270 	      0.037
  6814.494 	      0.048
  6815.718 	      0.036
  6816.943 	      0.036
  6818.168 	      0.056
  6819.392 	      0.037
  6820.618 	      0.032
  6821.843 	      0.038
  6823.069 	      0.037
  6824.295 	      0.037
  6825.521 	      0.035
  6826.747 	      0.031
  6827.974 	      0.075
  6829.200 	      0.051
  6830.427 	      0.064
  6831.654 	      0.120
  6832.882 	      0.099
  6834.109 	      0.067
  6835.337 	      0.025
  6836.565 	      0.019
  6837.794 	      0.035
  6839.022 	      0.041
  6840.251 	      0.041
  6841.480 	      0.032
  6842.709 	      0.032
  6843.938 	      0.026
  6845.168 	      0.047
  6846.398 	      0.073
  6847.628 	      0.069
  6848.858 	      0.075
  6850.089 	      0.073
  6851.319 	      0.053
  6852.550 	      0.039
  6853.782 	      0.025
  6855.013 	      0.002
  6856.245 	     -0.011
  6857.476 	      0.003
  6858.708 	      0.025
  6859.941 	      0.037
  6861.173 	      0.048
  6862.406 	      0.058
  6863.639 	      0.055
  6864.872 	     -0.008
  6866.105 	     -0.105
  6867.339 	     -0.264
  6868.573 	     -0.365
  6869.807 	     -0.379
  6871.041 	     -0.339
  6872.276 	     -0.315
  6873.510 	     -0.284
  6874.745 	     -0.259
  6875.980 	     -0.197
  6877.216 	     -0.152
  6878.451 	     -0.144
  6879.687 	     -0.088
  6880.923 	     -0.022
  6882.159 	      0.002
  6883.396 	     -0.019
  6884.633 	     -0.082
  6885.870 	     -0.096
  6887.107 	     -0.155
  6888.344 	     -0.164
  6889.582 	     -0.137
  6890.820 	     -0.136
  6892.058 	     -0.112
  6893.296 	     -0.102
  6894.534 	     -0.134
  6895.773 	     -0.101
  6897.012 	     -0.081
  6898.251 	     -0.080
  6899.490 	     -0.069
  6900.730 	     -0.050
  6901.970 	     -0.068
  6903.210 	     -0.079
  6904.450 	     -0.069
  6905.691 	     -0.047
  6906.931 	     -0.058
  6908.172 	     -0.071
  6909.413 	     -0.033
  6910.655 	     -0.024
  6911.896 	     -0.055
  6913.138 	     -0.061
  6914.380 	     -0.021
  6915.623 	     -0.012
  6916.865 	     -0.029
  6918.108 	     -0.045
  6919.351 	     -0.023
  6920.594 	     -0.008
  6921.837 	     -0.027
  6923.081 	     -0.048
  6924.325 	     -0.061
  6925.569 	     -0.022
  6926.813 	      0.004
  6928.058 	     -0.013
  6929.302 	     -0.027
  6930.547 	     -0.028
  6931.792 	     -0.024
  6933.038 	     -0.031
  6934.284 	     -0.019
  6935.529 	     -0.031
  6936.775 	     -0.020
  6938.022 	     -0.018
  6939.268 	     -0.019
  6940.515 	     -0.010
  6941.762 	      0.006
  6943.009 	      0.008
  6944.257 	      0.015
  6945.504 	      0.010
  6946.752 	     -0.038
  6948.000 	     -0.030
  6949.248 	     -0.013
  6950.497 	     -0.009
  6951.746 	     -0.021
  6952.995 	      0.024
  6954.244 	      0.018
  6955.493 	     -0.017
  6956.743 	     -0.019
  6957.993 	     -0.018
  6959.243 	      0.006
  6960.493 	      0.001
  6961.744 	     -0.009
  6962.995 	      0.016
  6964.246 	      0.029
  6965.497 	      0.040
  6966.748 	      0.053
  6968.000 	      0.064
  6969.252 	      0.048
  6970.504 	      0.040
  6971.756 	      0.036
  6973.009 	      0.037
  6974.262 	      0.045
  6975.515 	      0.078
  6976.768 	      0.059
  6978.022 	      0.037
  6979.275 	      0.020
  6980.529 	      0.027
  6981.783 	      0.026
  6983.038 	      0.018
  6984.292 	      0.013
  6985.547 	      0.020
  6986.802 	      0.019
  6988.058 	     -0.018
  6989.313 	     -0.008
  6990.569 	      0.003
  6991.825 	      0.005
  6993.081 	     -0.010
  6994.337 	     -0.025
  6995.594 	     -0.013
  6996.851 	      0.009
  6998.108 	      0.007
  6999.365 	     -0.003
  7000.623 	     -0.016
  7001.881 	      0.025
  7003.139 	      0.033
  7004.397 	      0.006
  7005.655 	     -0.023
  7006.914 	     -0.011
  7008.173 	      0.025
  7009.432 	      0.000
  7010.691 	      0.028
  7011.951 	      0.046
  7013.211 	      0.019
  7014.471 	      0.017
  7015.731 	     -0.005
  7016.991 	     -0.006
  7018.252 	     -0.006
  7019.513 	      0.004
  7020.774 	      0.004
  7022.036 	      0.010
  7023.297 	      0.005
  7024.559 	     -0.013
  7025.821 	     -0.002
  7027.083 	     -0.000
  7028.346 	     -0.013
  7029.609 	     -0.017
  7030.872 	      0.000
  7032.135 	      0.027
  7033.398 	      0.032
  7034.662 	     -0.001
  7035.926 	      0.015
  7037.190 	      0.015
  7038.454 	      0.004
  7039.719 	      0.006
  7040.984 	      0.033
  7042.249 	      0.053
  7043.514 	      0.047
  7044.779 	      0.038
  7046.045 	      0.045
  7047.311 	      0.018
  7048.577 	     -0.007
  7049.844 	      0.016
  7051.110 	      0.015
  7052.377 	      0.004
  7053.644 	      0.040
  7054.911 	      0.093
  7056.179 	      0.067
  7057.447 	      0.017
  7058.715 	      0.048
  7059.983 	      0.039
  7061.251 	      0.042
  7062.520 	      0.049
  7063.789 	      0.028
  7065.058 	      0.018
  7066.327 	      0.021
  7067.597 	      0.016
  7068.867 	      0.016
  7070.137 	      0.030
  7071.407 	      0.031
  7072.677 	      0.025
  7073.948 	      0.010
  7075.219 	      0.008
  7076.490 	      0.032
  7077.762 	      0.008
  7079.033 	     -0.002
  7080.305 	      0.007
  7081.577 	      0.012
  7082.850 	      0.039
  7084.122 	      0.043
  7085.395 	      0.021
  7086.668 	      0.015
  7087.941 	      0.041
  7089.214 	      0.049
  7090.488 	      0.035
  7091.762 	      0.010
  7093.036 	      0.023
  7094.311 	      0.034
  7095.585 	      0.035
  7096.860 	      0.035
  7098.135 	      0.062
  7099.410 	      0.049
  7100.686 	      0.041
  7101.962 	      0.030
  7103.238 	      0.003
  7104.514 	     -0.008
  7105.790 	      0.006
  7107.067 	      0.038
  7108.344 	      0.093
  7109.621 	      0.033
  7110.898 	      0.023
  7112.176 	      0.049
  7113.454 	      0.041
  7114.732 	      0.069
  7116.010 	      0.075
  7117.288 	      0.070
  7118.567 	      0.043
  7119.846 	      0.039
  7121.125 	      0.038
  7122.405 	      0.029
  7123.684 	      0.036
  7124.964 	      0.023
  7126.244 	      0.027
  7127.525 	      0.033
  7128.805 	      0.018
  7130.086 	      0.011
  7131.367 	      0.016
  7132.648 	      0.013
  7133.930 	     -0.021
  7135.212 	     -0.027
  7136.494 	      0.000
  7137.776 	      0.032
  7139.058 	      0.036
  7140.341 	      0.015
  7141.624 	     -0.006
  7142.907 	     -0.029
  7144.190 	     -0.007
  7145.474 	      0.005
  7146.757 	      0.025
  7148.041 	     -0.000
  7149.326 	     -0.017
  7150.610 	     -0.012
  7151.895 	     -0.000
  7153.180 	      0.008
  7154.465 	      0.012
  7155.750 	      0.004
  7157.036 	      0.027
  7158.322 	      0.035
  7159.608 	     -0.003
  7160.894 	     -0.014
  7162.181 	      0.009
  7163.468 	      0.003
  7164.755 	     -0.032
  7166.042 	     -0.050
  7167.329 	     -0.077
  7168.617 	     -0.088
  7169.905 	     -0.074
  7171.193 	     -0.114
  7172.482 	     -0.129
  7173.770 	     -0.144
  7175.059 	     -0.160
  7176.348 	     -0.171
  7177.638 	     -0.134
  7178.927 	     -0.112
  7180.217 	     -0.120
  7181.507 	     -0.133
  7182.797 	     -0.186
  7184.088 	     -0.246
  7185.379 	     -0.247
  7186.670 	     -0.200
  7187.961 	     -0.164
  7189.252 	     -0.153
  7190.544 	     -0.181
  7191.836 	     -0.216
  7193.128 	     -0.218
  7194.420 	     -0.167
  7195.713 	     -0.140
  7197.006 	     -0.112
  7198.299 	     -0.124
  7199.592 	     -0.149
  7200.885 	     -0.173
  7202.179 	     -0.185
  7203.473 	     -0.167
  7204.767 	     -0.179
  7206.062 	     -0.137
  7207.356 	     -0.099
  7208.651 	     -0.073
  7209.947 	     -0.041
  7211.242 	     -0.019
  7212.538 	     -0.030
  7213.833 	     -0.051
  7215.129 	     -0.071
  7216.426 	     -0.078
  7217.722 	     -0.071
  7219.019 	     -0.082
  7220.316 	     -0.088
  7221.613 	     -0.090
  7222.911 	     -0.079
  7224.208 	     -0.092
  7225.506 	     -0.092
  7226.805 	     -0.091
  7228.103 	     -0.087
  7229.402 	     -0.078
  7230.700 	     -0.132
  7232.000 	     -0.193
  7233.299 	     -0.238
  7234.599 	     -0.221
  7235.898 	     -0.157
  7237.198 	     -0.092
  7238.499 	     -0.110
  7239.799 	     -0.158
  7241.100 	     -0.178
  7242.401 	     -0.184
  7243.702 	     -0.164
  7245.003 	     -0.152
  7246.305 	     -0.143
  7247.607 	     -0.134
  7248.909 	     -0.135
  7250.212 	     -0.176
  7251.514 	     -0.217
  7252.817 	     -0.217
  7254.120 	     -0.178
  7255.423 	     -0.119
  7256.727 	     -0.102
  7258.031 	     -0.119
  7259.335 	     -0.135
  7260.639 	     -0.158
  7261.943 	     -0.161
  7263.248 	     -0.179
  7264.553 	     -0.188
  7265.858 	     -0.131
  7267.164 	     -0.108
  7268.469 	     -0.137
  7269.775 	     -0.121
  7271.081 	     -0.130
  7272.388 	     -0.147
  7273.694 	     -0.159
  7275.001 	     -0.196
  7276.308 	     -0.195
  7277.616 	     -0.227
  7278.923 	     -0.147
  7280.231 	     -0.108
  7281.539 	     -0.088
  7282.847 	     -0.076
  7284.156 	     -0.057
  7285.464 	     -0.110
  7286.773 	     -0.138
  7288.082 	     -0.179
  7289.392 	     -0.181
  7290.701 	     -0.186
  7292.011 	     -0.158
  7293.321 	     -0.110
  7294.632 	     -0.088
  7295.942 	     -0.097
  7297.253 	     -0.143
  7298.564 	     -0.150
  7299.876 	     -0.158
  7301.187 	     -0.190
  7302.499 	     -0.191
  7303.811 	     -0.159
  7305.123 	     -0.110
  7306.436 	     -0.106
  7307.748 	     -0.112
  7309.061 	     -0.124
  7310.374 	     -0.118
  7311.688 	     -0.095
  7313.002 	     -0.093
  7314.315 	     -0.077
  7315.630 	     -0.096
  7316.944 	     -0.131
  7318.259 	     -0.136
  7319.573 	     -0.101
  7320.888 	     -0.088
  7322.204 	     -0.088
  7323.519 	     -0.082
  7324.835 	     -0.103
  7326.151 	     -0.070
  7327.467 	     -0.049
  7328.784 	     -0.031
  7330.101 	     -0.066
