wlen 	 newgal_spectrum 
  4189.586 	     -0.305
  4190.339 	     -0.062
  4191.091 	     -0.029
  4191.843 	     -0.081
  4192.595 	     -0.257
  4193.348 	     -0.273
  4194.101 	     -0.209
  4194.853 	     -0.188
  4195.606 	     -0.253
  4196.359 	     -0.222
  4197.113 	     -0.223
  4197.866 	     -0.199
  4198.620 	     -0.120
  4199.373 	     -0.184
  4200.127 	     -0.213
  4200.881 	     -0.218
  4201.635 	     -0.176
  4202.389 	     -0.044
  4203.143 	      0.041
  4203.898 	      0.079
  4204.652 	      0.018
  4205.407 	     -0.234
  4206.162 	     -0.172
  4206.917 	     -0.126
  4207.672 	     -0.231
  4208.427 	     -0.105
  4209.183 	     -0.137
  4209.938 	     -0.195
  4210.694 	     -0.259
  4211.450 	     -0.292
  4212.206 	     -0.351
  4212.962 	     -0.329
  4213.718 	     -0.089
  4214.474 	     -0.154
  4215.231 	     -0.054
  4215.987 	      0.011
  4216.744 	     -0.077
  4217.501 	     -0.112
  4218.258 	     -0.122
  4219.015 	     -0.136
  4219.773 	     -0.171
  4220.530 	     -0.263
  4221.288 	     -0.179
  4222.045 	     -0.120
  4222.803 	     -0.170
  4223.561 	     -0.198
  4224.319 	     -0.178
  4225.077 	     -0.145
  4225.836 	     -0.099
  4226.594 	     -0.042
  4227.353 	     -0.023
  4228.112 	     -0.059
  4228.871 	     -0.188
  4229.630 	     -0.302
  4230.389 	     -0.241
  4231.148 	     -0.199
  4231.908 	     -0.207
  4232.667 	     -0.098
  4233.427 	     -0.118
  4234.187 	     -0.132
  4234.947 	     -0.128
  4235.707 	      0.084
  4236.468 	     -0.048
  4237.228 	     -0.191
  4237.989 	     -0.332
  4238.749 	     -0.372
  4239.510 	     -0.199
  4240.271 	     -0.132
  4241.032 	     -0.155
  4241.793 	      0.285
  4242.555 	     -0.045
  4243.316 	     -0.177
  4244.078 	     -0.166
  4244.840 	     -0.219
  4245.602 	     -0.113
  4246.364 	     -0.059
  4247.126 	     -0.055
  4247.888 	     -0.249
  4248.651 	     -0.180
  4249.413 	     -0.151
  4250.176 	     -0.144
  4250.939 	     -0.151
  4251.702 	     -0.178
  4252.465 	     -0.119
  4253.229 	     -0.045
  4253.992 	     -0.032
  4254.756 	     -0.110
  4255.519 	     -0.161
  4256.283 	     -0.195
  4257.047 	     -0.198
  4257.811 	     -0.157
  4258.575 	     -0.171
  4259.340 	     -0.152
  4260.104 	     -0.049
  4260.869 	     -0.076
  4261.634 	     -0.090
  4262.399 	     -0.185
  4263.164 	     -0.396
  4263.929 	     -0.357
  4264.695 	     -0.297
  4265.460 	     -0.217
  4266.226 	     -0.125
  4266.991 	     -0.243
  4267.757 	     -0.241
  4268.523 	     -0.278
  4269.290 	     -0.302
  4270.056 	      0.093
  4270.822 	     -0.015
  4271.589 	     -0.142
  4272.356 	     -0.250
  4273.123 	     -0.203
  4273.890 	      0.019
  4274.657 	     -0.056
  4275.424 	     -0.215
  4276.191 	     -0.378
  4276.959 	     -0.240
  4277.727 	     -0.132
  4278.494 	     -0.067
  4279.262 	     -0.074
  4280.031 	     -0.235
  4280.799 	     -0.222
  4281.567 	     -0.239
  4282.336 	     -0.304
  4283.104 	     -0.245
  4283.873 	     -0.194
  4284.642 	     -0.101
  4285.411 	      0.006
  4286.180 	     -0.070
  4286.950 	     -0.090
  4287.719 	     -0.114
  4288.489 	     -0.143
  4289.259 	     -0.180
  4290.029 	     -0.092
  4290.799 	     -0.106
  4291.569 	     -0.139
  4292.339 	     -0.157
  4293.110 	     -0.161
  4293.880 	     -0.279
  4294.651 	     -0.331
  4295.422 	     -0.271
  4296.193 	     -0.255
  4296.964 	     -0.110
  4297.735 	     -0.092
  4298.507 	     -0.179
  4299.278 	     -0.239
  4300.050 	     -0.226
  4300.822 	     -0.269
  4301.594 	     -0.298
  4302.366 	     -0.158
  4303.138 	     -0.341
  4303.910 	     -0.127
  4304.683 	     -0.007
  4305.456 	     -0.291
  4306.229 	      0.057
  4307.001 	      0.066
  4307.775 	      0.021
  4308.548 	     -0.057
  4309.321 	     -0.129
  4310.095 	     -0.152
  4310.868 	     -0.109
  4311.642 	     -0.058
  4312.416 	     -0.233
  4313.190 	     -0.146
  4313.964 	     -0.194
  4314.739 	     -0.264
  4315.513 	     -0.286
  4316.288 	     -0.043
  4317.062 	     -0.030
  4317.837 	     -0.035
  4318.612 	     -0.030
  4319.388 	     -0.007
  4320.163 	     -0.204
  4320.938 	     -0.292
  4321.714 	     -0.268
  4322.490 	      0.009
  4323.266 	      0.074
  4324.042 	      0.047
  4324.818 	     -0.007
  4325.594 	     -0.060
  4326.370 	     -0.076
  4327.147 	     -0.124
  4327.924 	     -0.186
  4328.700 	     -0.255
  4329.477 	     -0.050
  4330.255 	     -0.060
  4331.032 	     -0.056
  4331.809 	     -0.065
  4332.587 	     -0.200
  4333.364 	      0.012
  4334.142 	     -0.029
  4334.920 	     -0.092
  4335.698 	     -0.068
  4336.477 	     -0.099
  4337.255 	     -0.038
  4338.034 	      0.044
  4338.812 	      0.103
  4339.591 	     -0.279
  4340.370 	     -0.398
  4341.149 	     -0.341
  4341.928 	     -0.249
  4342.708 	     -0.281
  4343.487 	     -0.130
  4344.267 	     -0.227
  4345.046 	     -0.304
  4345.826 	     -0.303
  4346.606 	     -0.310
  4347.387 	     -0.195
  4348.167 	     -0.119
  4348.947 	     -0.091
  4349.728 	     -0.175
  4350.509 	     -0.240
  4351.290 	     -0.178
  4352.071 	     -0.095
  4352.852 	     -0.027
  4353.633 	     -0.069
  4354.415 	      0.027
  4355.196 	      0.023
  4355.978 	     -0.052
  4356.760 	     -0.076
  4357.542 	      0.004
  4358.324 	      0.030
  4359.106 	      0.034
  4359.889 	      0.022
  4360.671 	      0.042
  4361.454 	      0.076
  4362.237 	      0.063
  4363.020 	      0.008
  4363.803 	     -0.055
  4364.587 	     -0.038
  4365.370 	     -0.048
  4366.153 	     -0.078
  4366.937 	     -0.133
  4367.721 	     -0.034
  4368.505 	     -0.067
  4369.289 	     -0.050
  4370.073 	      0.018
  4370.858 	      0.099
  4371.642 	      0.089
  4372.427 	      0.126
  4373.212 	      0.120
  4373.997 	     -0.006
  4374.782 	      0.015
  4375.567 	      0.173
  4376.353 	      0.197
  4377.138 	      0.090
  4377.924 	     -0.119
  4378.710 	     -0.027
  4379.496 	      0.273
  4380.282 	      0.545
  4381.068 	      0.645
  4381.854 	      0.495
  4382.641 	      0.575
  4383.428 	      0.390
  4384.214 	      0.054
  4385.001 	     -0.108
  4385.788 	     -0.163
  4386.576 	     -0.046
  4387.363 	      0.064
  4388.151 	      0.105
  4388.938 	      0.165
  4389.726 	      0.015
  4390.514 	     -0.067
  4391.302 	     -0.113
  4392.090 	     -0.174
  4392.879 	     -0.064
  4393.667 	     -0.016
  4394.456 	     -0.002
  4395.245 	     -0.014
  4396.033 	      0.029
  4396.823 	      0.121
  4397.612 	      0.124
  4398.401 	      0.111
  4399.191 	      0.137
  4399.980 	      0.260
  4400.770 	      0.257
  4401.560 	      0.198
  4402.350 	      0.116
  4403.140 	      0.113
  4403.931 	      0.107
  4404.721 	      0.124
  4405.512 	      0.112
  4406.302 	      0.056
  4407.093 	      0.081
  4407.884 	      0.028
  4408.676 	     -0.019
  4409.467 	     -0.043
  4410.258 	     -0.014
  4411.050 	     -0.043
  4411.842 	     -0.019
  4412.634 	      0.025
  4413.426 	      0.044
  4414.218 	     -0.168
  4415.010 	      0.106
  4415.803 	     -0.033
  4416.595 	     -0.162
  4417.388 	     -0.145
  4418.181 	     -0.324
  4418.974 	     -0.233
  4419.767 	     -0.141
  4420.561 	     -0.077
  4421.354 	     -0.083
  4422.148 	     -0.087
  4422.941 	     -0.119
  4423.735 	     -0.129
  4424.529 	     -0.119
  4425.324 	     -0.103
  4426.118 	     -0.218
  4426.912 	     -0.306
  4427.707 	     -0.332
  4428.502 	     -0.292
  4429.297 	     -0.305
  4430.092 	     -0.225
  4430.887 	     -0.159
  4431.682 	     -0.106
  4432.478 	     -0.072
  4433.273 	     -0.045
  4434.069 	     -0.178
  4434.865 	     -0.186
  4435.661 	     -0.132
  4436.457 	     -0.097
  4437.253 	     -0.205
  4438.050 	     -0.197
  4438.847 	     -0.176
  4439.643 	     -0.170
  4440.440 	     -0.259
  4441.237 	     -0.369
  4442.034 	     -0.343
  4442.832 	     -0.270
  4443.629 	     -0.187
  4444.427 	     -0.240
  4445.225 	     -0.356
  4446.023 	     -0.373
  4446.821 	     -0.341
  4447.619 	     -0.280
  4448.417 	     -0.307
  4449.216 	     -0.339
  4450.014 	     -0.297
  4450.813 	     -0.220
  4451.612 	     -0.135
  4452.411 	     -0.181
  4453.210 	     -0.239
  4454.009 	     -0.239
  4454.809 	     -0.201
  4455.609 	     -0.150
  4456.408 	     -0.194
  4457.208 	     -0.233
  4458.008 	     -0.247
  4458.808 	     -0.239
  4459.609 	     -0.221
  4460.409 	     -0.209
  4461.210 	     -0.199
  4462.011 	     -0.183
  4462.812 	     -0.165
  4463.613 	     -0.159
  4464.414 	     -0.207
  4465.215 	     -0.278
  4466.017 	     -0.350
  4466.818 	     -0.406
  4467.620 	     -0.380
  4468.422 	     -0.259
  4469.224 	     -0.187
  4470.026 	     -0.160
  4470.829 	     -0.177
  4471.631 	     -0.203
  4472.434 	     -0.190
  4473.237 	     -0.198
  4474.039 	     -0.215
  4474.843 	     -0.232
  4475.646 	     -0.214
  4476.449 	     -0.190
  4477.253 	     -0.235
  4478.056 	     -0.277
  4478.860 	     -0.272
  4479.664 	     -0.267
  4480.468 	     -0.262
  4481.272 	     -0.258
  4482.077 	     -0.253
  4482.881 	     -0.249
  4483.686 	     -0.243
  4484.491 	     -0.238
  4485.296 	     -0.234
  4486.101 	     -0.229
  4486.906 	     -0.224
  4487.711 	     -0.219
  4488.517 	     -0.214
  4489.322 	     -0.209
  4490.128 	     -0.205
  4490.934 	     -0.200
  4491.740 	     -0.194
  4492.547 	     -0.190
  4493.353 	     -0.170
  4494.160 	     -0.183
  4494.966 	     -0.267
  4495.773 	     -0.186
  4496.580 	     -0.139
  4497.387 	     -0.180
  4498.194 	     -0.249
  4499.002 	     -0.292
  4499.809 	     -0.205
  4500.617 	     -0.163
  4501.425 	     -0.165
  4502.233 	     -0.183
  4503.041 	     -0.200
  4503.849 	     -0.216
  4504.658 	     -0.245
  4505.466 	     -0.252
  4506.275 	     -0.230
  4507.084 	     -0.176
  4507.893 	     -0.108
  4508.702 	     -0.122
  4509.511 	     -0.175
  4510.321 	     -0.225
  4511.130 	     -0.243
  4511.940 	     -0.188
  4512.750 	     -0.106
  4513.560 	     -0.045
  4514.370 	     -0.016
  4515.180 	     -0.029
  4515.991 	     -0.114
  4516.802 	     -0.221
  4517.612 	     -0.264
  4518.423 	     -0.246
  4519.234 	     -0.171
  4520.045 	     -0.068
  4520.857 	     -0.087
  4521.668 	     -0.161
  4522.480 	     -0.234
  4523.292 	     -0.278
  4524.103 	     -0.257
  4524.916 	     -0.159
  4525.728 	     -0.107
  4526.540 	     -0.105
  4527.353 	     -0.142
  4528.165 	     -0.189
  4528.978 	     -0.159
  4529.791 	     -0.161
  4530.604 	     -0.206
  4531.417 	     -0.260
  4532.231 	     -0.272
  4533.044 	     -0.156
  4533.858 	     -0.097
  4534.672 	     -0.121
  4535.486 	     -0.190
  4536.300 	     -0.261
  4537.114 	     -0.259
  4537.928 	     -0.190
  4538.743 	     -0.117
  4539.558 	     -0.078
  4540.372 	     -0.096
  4541.187 	     -0.203
  4542.002 	     -0.237
  4542.818 	     -0.215
  4543.633 	     -0.210
  4544.449 	     -0.243
  4545.264 	     -0.314
  4546.080 	     -0.266
  4546.896 	     -0.167
  4547.712 	     -0.130
  4548.529 	     -0.167
  4549.345 	     -0.269
  4550.162 	     -0.240
  4550.979 	     -0.137
  4551.795 	     -0.108
  4552.612 	     -0.148
  4553.430 	     -0.237
  4554.247 	     -0.289
  4555.064 	     -0.264
  4555.882 	     -0.227
  4556.700 	     -0.189
  4557.518 	     -0.154
  4558.336 	     -0.124
  4559.154 	     -0.134
  4559.972 	     -0.182
  4560.791 	     -0.238
  4561.609 	     -0.282
  4562.428 	     -0.290
  4563.247 	     -0.238
  4564.066 	     -0.174
  4564.885 	     -0.111
  4565.705 	     -0.058
  4566.524 	     -0.029
  4567.344 	     -0.077
  4568.164 	     -0.180
  4568.984 	     -0.248
  4569.804 	     -0.262
  4570.624 	     -0.222
  4571.445 	     -0.161
  4572.265 	     -0.155
  4573.086 	     -0.182
  4573.907 	     -0.218
  4574.728 	     -0.247
  4575.549 	     -0.254
  4576.370 	     -0.223
  4577.192 	     -0.201
  4578.013 	     -0.192
  4578.835 	     -0.195
  4579.657 	     -0.207
  4580.479 	     -0.217
  4581.301 	     -0.213
  4582.123 	     -0.211
  4582.946 	     -0.196
  4583.768 	     -0.171
  4584.591 	     -0.149
  4585.414 	     -0.160
  4586.237 	     -0.198
  4587.060 	     -0.223
  4587.884 	     -0.230
  4588.707 	     -0.224
  4589.531 	     -0.279
  4590.355 	     -0.321
  4591.179 	     -0.319
  4592.003 	     -0.283
  4592.827 	     -0.227
  4593.651 	     -0.172
  4594.476 	     -0.121
  4595.301 	     -0.078
  4596.125 	     -0.047
  4596.950 	     -0.046
  4597.776 	     -0.089
  4598.601 	     -0.161
  4599.426 	     -0.170
  4600.252 	     -0.151
  4601.078 	     -0.125
  4601.903 	     -0.106
  4602.730 	     -0.112
  4603.556 	     -0.151
  4604.382 	     -0.189
  4605.208 	     -0.212
  4606.035 	     -0.227
  4606.862 	     -0.244
  4607.689 	     -0.270
  4608.516 	     -0.240
  4609.343 	     -0.171
  4610.170 	     -0.116
  4610.998 	     -0.104
  4611.826 	     -0.158
  4612.653 	     -0.207
  4613.481 	     -0.193
  4614.309 	     -0.168
  4615.138 	     -0.145
  4615.966 	     -0.128
  4616.795 	     -0.102
  4617.623 	     -0.059
  4618.452 	     -0.047
  4619.281 	     -0.072
  4620.110 	     -0.128
  4620.940 	     -0.202
  4621.769 	     -0.261
  4622.599 	     -0.227
  4623.428 	     -0.153
  4624.258 	     -0.101
  4625.088 	     -0.100
  4625.918 	     -0.160
  4626.749 	     -0.204
  4627.579 	     -0.192
  4628.410 	     -0.174
  4629.241 	     -0.158
  4630.072 	     -0.148
  4630.903 	     -0.158
  4631.734 	     -0.196
  4632.565 	     -0.252
  4633.397 	     -0.302
  4634.229 	     -0.327
  4635.060 	     -0.309
  4635.892 	     -0.245
  4636.724 	     -0.201
  4637.557 	     -0.182
  4638.389 	     -0.188
  4639.222 	     -0.206
  4640.054 	     -0.209
  4640.887 	     -0.156
  4641.720 	     -0.114
  4642.553 	     -0.115
  4643.387 	     -0.145
  4644.220 	     -0.184
  4645.054 	     -0.208
  4645.888 	     -0.221
  4646.722 	     -0.237
  4647.556 	     -0.255
  4648.390 	     -0.265
  4649.224 	     -0.255
  4650.059 	     -0.193
  4650.893 	     -0.077
  4651.728 	     -0.031
  4652.563 	     -0.049
  4653.398 	     -0.099
  4654.234 	     -0.144
  4655.069 	     -0.158
  4655.905 	     -0.155
  4656.740 	     -0.180
  4657.576 	     -0.198
  4658.412 	     -0.195
  4659.248 	     -0.168
  4660.085 	     -0.162
  4660.921 	     -0.201
  4661.758 	     -0.227
  4662.594 	     -0.234
  4663.431 	     -0.217
  4664.268 	     -0.176
  4665.106 	     -0.112
  4665.943 	     -0.112
  4666.781 	     -0.140
  4667.618 	     -0.167
  4668.456 	     -0.179
  4669.294 	     -0.174
  4670.132 	     -0.163
  4670.970 	     -0.158
  4671.809 	     -0.144
  4672.647 	     -0.130
  4673.486 	     -0.117
  4674.325 	     -0.107
  4675.164 	     -0.097
  4676.003 	     -0.092
  4676.843 	     -0.106
  4677.682 	     -0.137
  4678.522 	     -0.177
  4679.361 	     -0.215
  4680.201 	     -0.209
  4681.041 	     -0.183
  4681.882 	     -0.170
  4682.722 	     -0.182
  4683.563 	     -0.224
  4684.403 	     -0.291
  4685.244 	     -0.318
  4686.085 	     -0.227
  4686.926 	     -0.178
  4687.767 	     -0.156
  4688.609 	     -0.143
  4689.450 	     -0.122
  4690.292 	     -0.172
  4691.134 	     -0.194
  4691.976 	     -0.208
  4692.818 	     -0.133
  4693.661 	     -0.043
  4694.503 	     -0.120
  4695.346 	     -0.131
  4696.189 	     -0.138
  4697.032 	     -0.125
  4697.875 	     -0.185
  4698.718 	     -0.252
  4699.561 	     -0.181
  4700.405 	     -0.069
  4701.249 	     -0.147
  4702.092 	     -0.059
  4702.936 	     -0.043
  4703.781 	     -0.116
  4704.625 	     -0.206
  4705.469 	     -0.196
  4706.314 	     -0.031
  4707.159 	     -0.116
  4708.004 	     -0.175
  4708.849 	     -0.213
  4709.694 	     -0.274
  4710.539 	     -0.301
  4711.385 	     -0.173
  4712.231 	     -0.105
  4713.076 	     -0.050
  4713.922 	     -0.028
  4714.768 	     -0.057
  4715.615 	     -0.145
  4716.461 	     -0.255
  4717.308 	     -0.190
  4718.154 	     -0.205
  4719.001 	     -0.210
  4719.848 	     -0.180
  4720.696 	     -0.177
  4721.543 	     -0.119
  4722.390 	     -0.169
  4723.238 	     -0.141
  4724.086 	     -0.133
  4724.934 	     -0.153
  4725.782 	     -0.161
  4726.630 	     -0.148
  4727.479 	     -0.100
  4728.327 	     -0.071
  4729.176 	     -0.068
  4730.025 	     -0.106
  4730.874 	     -0.153
  4731.723 	     -0.046
  4732.572 	     -0.049
  4733.422 	     -0.112
  4734.271 	     -0.142
  4735.121 	     -0.188
  4735.971 	     -0.242
  4736.821 	     -0.221
  4737.671 	     -0.026
  4738.522 	     -0.170
  4739.372 	     -0.116
  4740.223 	     -0.068
  4741.074 	     -0.112
  4741.925 	     -0.233
  4742.776 	     -0.235
  4743.627 	     -0.108
  4744.479 	     -0.007
  4745.330 	     -0.046
  4746.182 	     -0.068
  4747.034 	     -0.025
  4747.886 	     -0.132
  4748.738 	     -0.130
  4749.591 	     -0.121
  4750.443 	     -0.093
  4751.296 	     -0.097
  4752.149 	     -0.135
  4753.002 	     -0.175
  4753.855 	     -0.163
  4754.708 	     -0.197
  4755.562 	     -0.178
  4756.415 	     -0.149
  4757.269 	     -0.126
  4758.123 	     -0.113
  4758.977 	     -0.093
  4759.831 	     -0.137
  4760.686 	     -0.193
  4761.540 	     -0.169
  4762.395 	     -0.108
  4763.250 	     -0.071
  4764.105 	     -0.103
  4764.960 	     -0.154
  4765.815 	     -0.160
  4766.671 	     -0.128
  4767.526 	     -0.087
  4768.382 	     -0.040
  4769.238 	     -0.019
  4770.094 	     -0.079
  4770.950 	     -0.154
  4771.807 	     -0.128
  4772.663 	     -0.111
  4773.520 	     -0.107
  4774.377 	     -0.114
  4775.234 	     -0.131
  4776.091 	     -0.174
  4776.948 	     -0.203
  4777.805 	     -0.155
  4778.663 	     -0.119
  4779.521 	     -0.127
  4780.379 	     -0.131
  4781.237 	     -0.060
  4782.095 	      0.043
  4782.953 	     -0.124
  4783.812 	     -0.063
  4784.670 	     -0.037
  4785.529 	     -0.107
  4786.388 	     -0.221
  4787.247 	     -0.258
  4788.107 	     -0.254
  4788.966 	     -0.114
  4789.826 	     -0.107
  4790.686 	     -0.086
  4791.545 	     -0.058
  4792.405 	     -0.012
  4793.266 	      0.106
  4794.126 	     -0.090
  4794.987 	     -0.146
  4795.847 	     -0.014
  4796.708 	      0.046
  4797.569 	      0.053
  4798.430 	      0.064
  4799.292 	      0.048
  4800.153 	     -0.182
  4801.015 	     -0.141
  4801.876 	     -0.124
  4802.738 	     -0.029
  4803.600 	      0.036
  4804.463 	     -0.027
  4805.325 	     -0.103
  4806.188 	     -0.123
  4807.050 	     -0.129
  4807.913 	     -0.206
  4808.776 	     -0.130
  4809.639 	     -0.083
  4810.503 	     -0.224
  4811.366 	     -0.199
  4812.230 	     -0.203
  4813.093 	     -0.234
  4813.957 	     -0.278
  4814.821 	     -0.262
  4815.686 	     -0.184
  4816.550 	     -0.100
  4817.415 	     -0.102
  4818.279 	     -0.087
  4819.144 	     -0.106
  4820.009 	     -0.201
  4820.874 	     -0.187
  4821.740 	     -0.066
  4822.605 	      0.050
  4823.471 	      0.019
  4824.337 	     -0.057
  4825.203 	     -0.208
  4826.069 	     -0.186
  4826.935 	     -0.135
  4827.801 	     -0.088
  4828.668 	     -0.069
  4829.535 	     -0.170
  4830.401 	     -0.250
  4831.269 	     -0.177
  4832.136 	     -0.146
  4833.003 	     -0.175
  4833.871 	     -0.201
  4834.738 	     -0.172
  4835.606 	     -0.094
  4836.474 	     -0.042
  4837.342 	     -0.047
  4838.210 	     -0.049
  4839.079 	     -0.060
  4839.947 	     -0.104
  4840.816 	     -0.182
  4841.685 	     -0.256
  4842.554 	     -0.262
  4843.423 	     -0.109
  4844.293 	     -0.098
  4845.162 	     -0.079
  4846.032 	     -0.104
  4846.902 	     -0.136
  4847.772 	     -0.117
  4848.642 	     -0.175
  4849.512 	     -0.126
  4850.383 	     -0.092
  4851.253 	     -0.081
  4852.124 	     -0.055
  4852.995 	     -0.021
  4853.866 	     -0.018
  4854.737 	     -0.092
  4855.609 	     -0.098
  4856.480 	     -0.011
  4857.352 	     -0.020
  4858.224 	     -0.034
  4859.096 	     -0.051
  4859.968 	     -0.102
  4860.841 	     -0.189
  4861.713 	     -0.115
  4862.586 	     -0.161
  4863.459 	     -0.165
  4864.332 	     -0.156
  4865.205 	     -0.165
  4866.078 	     -0.134
  4866.951 	     -0.063
  4867.825 	     -0.166
  4868.699 	     -0.235
  4869.573 	     -0.217
  4870.447 	     -0.244
  4871.321 	     -0.158
  4872.195 	     -0.111
  4873.070 	     -0.117
  4873.945 	      0.001
  4874.819 	      0.146
  4875.694 	      0.080
  4876.570 	     -0.095
  4877.445 	     -0.143
  4878.320 	     -0.170
  4879.196 	     -0.211
  4880.072 	     -0.216
  4880.948 	     -0.118
  4881.824 	     -0.124
  4882.700 	     -0.080
  4883.577 	     -0.100
  4884.453 	     -0.196
  4885.330 	     -0.212
  4886.207 	     -0.148
  4887.084 	     -0.103
  4887.961 	     -0.019
  4888.838 	      0.016
  4889.716 	     -0.158
  4890.594 	     -0.169
  4891.472 	     -0.120
  4892.350 	     -0.077
  4893.228 	     -0.059
  4894.106 	     -0.060
  4894.984 	     -0.122
  4895.863 	     -0.201
  4896.742 	     -0.110
  4897.621 	     -0.133
  4898.500 	     -0.155
  4899.379 	     -0.133
  4900.259 	     -0.117
  4901.138 	     -0.184
  4902.018 	     -0.145
  4902.898 	     -0.039
  4903.778 	      0.044
  4904.658 	      0.337
  4905.538 	      0.887
  4906.419 	      1.412
  4907.300 	      1.625
  4908.180 	      1.513
  4909.061 	      1.050
  4909.943 	      0.378
  4910.824 	      0.010
  4911.705 	     -0.116
  4912.587 	     -0.105
  4913.469 	     -0.064
  4914.351 	     -0.067
  4915.233 	     -0.131
  4916.115 	     -0.214
  4916.998 	     -0.125
  4917.880 	     -0.083
  4918.763 	     -0.111
  4919.646 	     -0.131
  4920.529 	     -0.128
  4921.412 	     -0.110
  4922.295 	     -0.065
  4923.179 	     -0.002
  4924.063 	     -0.108
  4924.947 	     -0.094
  4925.831 	     -0.033
  4926.715 	      0.018
  4927.599 	     -0.014
  4928.484 	     -0.054
  4929.368 	      0.078
  4930.253 	     -0.022
  4931.138 	      0.080
  4932.023 	      0.013
  4932.908 	      0.028
  4933.794 	     -0.029
  4934.679 	     -0.090
  4935.565 	     -0.113
  4936.451 	     -0.144
  4937.337 	     -0.069
  4938.223 	     -0.038
  4939.110 	     -0.045
  4939.996 	      0.002
  4940.883 	     -0.001
  4941.770 	     -0.111
  4942.657 	     -0.180
  4943.544 	     -0.056
  4944.431 	      0.052
  4945.319 	     -0.173
  4946.207 	     -0.189
  4947.094 	     -0.158
  4947.982 	     -0.131
  4948.871 	     -0.100
  4949.759 	     -0.103
  4950.647 	     -0.130
  4951.536 	     -0.111
  4952.425 	     -0.312
  4953.314 	     -0.160
  4954.203 	     -0.032
  4955.092 	     -0.084
  4955.981 	     -0.196
  4956.871 	     -0.213
  4957.761 	     -0.152
  4958.651 	     -0.155
  4959.541 	     -0.241
  4960.431 	     -0.227
  4961.321 	     -0.083
  4962.212 	     -0.026
  4963.103 	     -0.168
  4963.993 	     -0.238
  4964.884 	     -0.223
  4965.776 	     -0.232
  4966.667 	     -0.256
  4967.558 	     -0.171
  4968.450 	     -0.210
  4969.342 	     -0.206
  4970.234 	     -0.179
  4971.126 	     -0.196
  4972.018 	     -0.176
  4972.911 	     -0.125
  4973.803 	     -0.097
  4974.696 	     -0.051
  4975.589 	     -0.015
  4976.482 	     -0.070
  4977.375 	     -0.129
  4978.269 	     -0.129
  4979.162 	     -0.125
  4980.056 	     -0.120
  4980.950 	     -0.123
  4981.844 	     -0.152
  4982.738 	     -0.189
  4983.633 	     -0.181
  4984.527 	     -0.184
  4985.422 	     -0.163
  4986.317 	     -0.116
  4987.212 	     -0.110
  4988.107 	     -0.125
  4989.002 	     -0.130
  4989.898 	     -0.123
  4990.794 	     -0.078
  4991.689 	     -0.033
  4992.585 	     -0.110
  4993.482 	     -0.124
  4994.378 	     -0.129
  4995.274 	     -0.166
  4996.171 	     -0.165
  4997.068 	     -0.146
  4997.965 	     -0.188
  4998.862 	     -0.177
  4999.759 	     -0.069
  5000.657 	     -0.015
  5001.554 	     -0.150
  5002.452 	     -0.133
  5003.350 	     -0.131
  5004.248 	     -0.081
  5005.146 	     -0.002
  5006.045 	     -0.003
  5006.943 	     -0.008
  5007.842 	     -0.014
  5008.741 	     -0.031
  5009.640 	     -0.077
  5010.539 	     -0.099
  5011.438 	     -0.123
  5012.338 	     -0.155
  5013.238 	     -0.156
  5014.137 	     -0.137
  5015.037 	     -0.181
  5015.938 	     -0.161
  5016.838 	     -0.192
  5017.738 	     -0.122
  5018.639 	     -0.204
  5019.540 	     -0.169
  5020.441 	     -0.049
  5021.342 	     -0.057
  5022.243 	     -0.161
  5023.145 	     -0.141
  5024.046 	     -0.269
  5024.948 	     -0.063
  5025.850 	     -0.311
  5026.752 	     -0.087
  5027.655 	     -0.186
  5028.557 	     -0.143
  5029.460 	     -0.126
  5030.362 	     -0.183
  5031.265 	     -0.204
  5032.168 	     -0.305
  5033.072 	     -0.172
  5033.975 	     -0.179
  5034.879 	     -0.086
  5035.782 	     -0.070
  5036.686 	     -0.094
  5037.590 	     -0.054
  5038.495 	     -0.063
  5039.399 	     -0.136
  5040.304 	     -0.135
  5041.208 	     -0.111
  5042.113 	     -0.075
  5043.018 	     -0.038
  5043.923 	     -0.081
  5044.829 	     -0.107
  5045.734 	     -0.117
  5046.640 	     -0.193
  5047.546 	     -0.222
  5048.452 	     -0.146
  5049.358 	     -0.101
  5050.264 	     -0.117
  5051.171 	     -0.078
  5052.078 	      0.060
  5052.984 	      0.203
  5053.891 	      0.370
  5054.799 	      0.479
  5055.706 	      0.443
  5056.613 	      0.258
  5057.521 	      0.036
  5058.429 	     -0.088
  5059.337 	     -0.104
  5060.245 	     -0.173
  5061.153 	     -0.111
  5062.062 	     -0.118
  5062.970 	     -0.110
  5063.879 	     -0.114
  5064.788 	     -0.120
  5065.697 	     -0.096
  5066.606 	     -0.059
  5067.516 	     -0.049
  5068.425 	     -0.047
  5069.335 	     -0.136
  5070.245 	     -0.113
  5071.155 	     -0.031
  5072.065 	     -0.085
  5072.976 	     -0.147
  5073.886 	     -0.154
  5074.797 	     -0.143
  5075.708 	     -0.133
  5076.619 	     -0.091
  5077.530 	     -0.027
  5078.442 	     -0.054
  5079.353 	     -0.124
  5080.265 	     -0.079
  5081.177 	     -0.059
  5082.089 	     -0.048
  5083.001 	     -0.040
  5083.914 	     -0.010
  5084.826 	     -0.044
  5085.739 	     -0.136
  5086.652 	     -0.144
  5087.565 	     -0.168
  5088.478 	     -0.264
  5089.391 	     -0.217
  5090.305 	     -0.137
  5091.219 	     -0.069
  5092.132 	     -0.044
  5093.046 	     -0.031
  5093.961 	     -0.038
  5094.875 	     -0.042
  5095.789 	     -0.051
  5096.704 	     -0.120
  5097.619 	     -0.112
  5098.534 	     -0.204
  5099.449 	     -0.093
  5100.364 	     -0.121
  5101.280 	     -0.038
  5102.196 	     -0.051
  5103.111 	     -0.095
  5104.027 	     -0.201
  5104.944 	     -0.213
  5105.860 	     -0.035
  5106.776 	      0.022
  5107.693 	      0.103
  5108.610 	     -0.021
  5109.527 	     -0.040
  5110.444 	     -0.064
  5111.361 	      0.014
  5112.279 	     -0.020
  5113.196 	     -0.032
  5114.114 	     -0.032
  5115.032 	     -0.054
  5115.950 	     -0.128
  5116.868 	     -0.240
  5117.787 	     -0.006
  5118.706 	     -0.007
  5119.624 	      0.055
  5120.543 	     -0.087
  5121.462 	     -0.058
  5122.382 	     -0.144
  5123.301 	     -0.137
  5124.221 	     -0.207
  5125.141 	     -0.238
  5126.060 	     -0.103
  5126.981 	     -0.064
  5127.901 	     -0.153
  5128.821 	     -0.198
  5129.742 	     -0.158
  5130.663 	     -0.057
  5131.584 	     -0.040
  5132.505 	     -0.059
  5133.426 	     -0.018
  5134.347 	      0.004
  5135.269 	     -0.136
  5136.191 	     -0.252
  5137.113 	     -0.148
  5138.035 	     -0.084
  5138.957 	     -0.097
  5139.879 	     -0.132
  5140.802 	     -0.066
  5141.725 	     -0.166
  5142.648 	     -0.085
  5143.571 	     -0.127
  5144.494 	     -0.129
  5145.417 	     -0.127
  5146.341 	     -0.108
  5147.265 	     -0.097
  5148.189 	     -0.113
  5149.113 	     -0.060
  5150.037 	     -0.167
  5150.961 	     -0.071
  5151.886 	     -0.044
  5152.811 	     -0.139
  5153.736 	     -0.181
  5154.661 	     -0.119
  5155.586 	     -0.098
  5156.511 	     -0.088
  5157.437 	     -0.121
  5158.363 	     -0.100
  5159.289 	     -0.012
  5160.215 	     -0.096
  5161.141 	     -0.014
  5162.067 	     -0.048
  5162.994 	     -0.110
  5163.921 	     -0.174
  5164.848 	     -0.149
  5165.775 	     -0.162
  5166.702 	     -0.172
  5167.629 	     -0.195
  5168.557 	     -0.153
  5169.485 	     -0.106
  5170.412 	     -0.120
  5171.341 	     -0.108
  5172.269 	     -0.072
  5173.197 	     -0.029
  5174.126 	     -0.112
  5175.054 	     -0.101
  5175.983 	     -0.140
  5176.912 	     -0.200
  5177.842 	     -0.199
  5178.771 	     -0.184
  5179.701 	     -0.180
  5180.630 	     -0.149
  5181.560 	     -0.093
  5182.490 	     -0.061
  5183.421 	     -0.071
  5184.351 	     -0.092
  5185.282 	     -0.125
  5186.212 	     -0.200
  5187.143 	     -0.147
  5188.074 	     -0.124
  5189.006 	     -0.114
  5189.937 	     -0.099
  5190.868 	     -0.066
  5191.800 	     -0.104
  5192.732 	     -0.157
  5193.664 	     -0.169
  5194.596 	     -0.169
  5195.529 	     -0.168
  5196.461 	     -0.167
  5197.394 	     -0.166
  5198.327 	     -0.165
  5199.260 	     -0.164
  5200.193 	     -0.163
  5201.127 	     -0.162
  5202.060 	     -0.161
  5202.994 	     -0.160
  5203.928 	     -0.160
  5204.862 	     -0.159
  5205.796 	     -0.158
  5206.731 	     -0.157
  5207.665 	     -0.156
  5208.600 	     -0.155
  5209.535 	     -0.154
  5210.470 	     -0.154
  5211.405 	     -0.153
  5212.341 	     -0.153
  5213.276 	     -0.152
  5214.212 	     -0.152
  5215.148 	     -0.152
  5216.084 	     -0.151
  5217.021 	     -0.151
  5217.957 	     -0.151
  5218.894 	     -0.151
  5219.830 	     -0.151
  5220.767 	     -0.151
  5221.704 	     -0.151
  5222.642 	     -0.151
  5223.579 	     -0.151
  5224.517 	     -0.151
  5225.454 	     -0.151
  5226.392 	     -0.151
  5227.331 	     -0.150
  5228.269 	     -0.150
  5229.207 	     -0.150
  5230.146 	     -0.150
  5231.085 	     -0.149
  5232.024 	     -0.149
  5232.963 	     -0.128
  5233.902 	     -0.075
  5234.842 	     -0.018
  5235.781 	      0.018
  5236.721 	     -0.014
  5237.661 	     -0.052
  5238.601 	     -0.086
  5239.541 	     -0.161
  5240.482 	     -0.136
  5241.423 	     -0.046
  5242.363 	      0.027
  5243.304 	      0.027
  5244.245 	      0.047
  5245.187 	      0.032
  5246.128 	      0.087
  5247.070 	      0.197
  5248.012 	      0.200
  5248.954 	      0.150
  5249.896 	      0.104
  5250.838 	      0.131
  5251.781 	      0.031
  5252.723 	     -0.145
  5253.666 	      0.008
  5254.609 	     -0.111
  5255.552 	     -0.021
  5256.496 	     -0.116
  5257.439 	     -0.084
  5258.383 	     -0.165
  5259.327 	     -0.128
  5260.271 	     -0.016
  5261.215 	      0.009
  5262.159 	      0.013
  5263.104 	      0.050
  5264.049 	      0.040
  5264.994 	     -0.029
  5265.939 	     -0.054
  5266.884 	     -0.093
  5267.829 	     -0.052
  5268.775 	      0.085
  5269.721 	      0.094
  5270.666 	      0.024
  5271.612 	     -0.092
  5272.559 	     -0.132
  5273.505 	     -0.109
  5274.452 	     -0.132
  5275.398 	     -0.114
  5276.345 	     -0.055
  5277.292 	     -0.040
  5278.240 	     -0.074
  5279.187 	     -0.133
  5280.135 	     -0.114
  5281.082 	     -0.059
  5282.030 	      0.010
  5282.979 	     -0.022
  5283.927 	     -0.039
  5284.875 	     -0.032
  5285.824 	     -0.140
  5286.773 	     -0.023
  5287.722 	      0.018
  5288.671 	      0.022
  5289.620 	     -0.009
  5290.569 	      0.018
  5291.519 	      0.040
  5292.469 	     -0.057
  5293.419 	     -0.138
  5294.369 	     -0.095
  5295.319 	     -0.074
  5296.270 	     -0.056
  5297.220 	     -0.089
  5298.171 	     -0.139
  5299.122 	     -0.163
  5300.073 	     -0.168
  5301.025 	     -0.018
  5301.976 	     -0.064
  5302.928 	     -0.058
  5303.880 	     -0.079
  5304.832 	     -0.020
  5305.784 	     -0.039
  5306.736 	     -0.052
  5307.689 	      0.001
  5308.642 	      0.008
  5309.595 	     -0.086
  5310.548 	     -0.160
  5311.501 	     -0.169
  5312.454 	     -0.216
  5313.408 	     -0.231
  5314.362 	     -0.237
  5315.315 	     -0.176
  5316.270 	     -0.085
  5317.224 	     -0.185
  5318.178 	     -0.173
  5319.133 	     -0.172
  5320.088 	     -0.107
  5321.043 	     -0.087
  5321.998 	     -0.021
  5322.953 	     -0.010
  5323.908 	     -0.025
  5324.864 	     -0.051
  5325.820 	     -0.054
  5326.776 	     -0.035
  5327.732 	     -0.033
  5328.688 	     -0.066
  5329.645 	     -0.107
  5330.601 	     -0.112
  5331.558 	     -0.082
  5332.515 	     -0.096
  5333.472 	     -0.121
  5334.430 	     -0.148
  5335.387 	      0.016
  5336.345 	      0.113
  5337.303 	      0.068
  5338.261 	     -0.030
  5339.219 	     -0.082
  5340.177 	     -0.002
  5341.136 	      0.036
  5342.094 	     -0.077
  5343.053 	     -0.103
  5344.012 	     -0.040
  5344.972 	     -0.023
  5345.931 	     -0.033
  5346.891 	     -0.008
  5347.850 	      0.005
  5348.810 	     -0.026
  5349.770 	     -0.054
  5350.731 	     -0.087
  5351.691 	     -0.122
  5352.652 	     -0.048
  5353.612 	     -0.039
  5354.573 	     -0.037
  5355.535 	     -0.085
  5356.496 	     -0.098
  5357.457 	     -0.154
  5358.419 	     -0.227
  5359.381 	     -0.132
  5360.343 	      0.008
  5361.305 	      0.074
  5362.267 	     -0.007
  5363.230 	     -0.075
  5364.192 	     -0.101
  5365.155 	     -0.099
  5366.118 	     -0.097
  5367.081 	     -0.092
  5368.045 	     -0.067
  5369.008 	     -0.045
  5369.972 	     -0.066
  5370.936 	     -0.102
  5371.900 	     -0.074
  5372.864 	     -0.021
  5373.829 	      0.010
  5374.793 	     -0.020
  5375.758 	     -0.093
  5376.723 	     -0.166
  5377.688 	     -0.215
  5378.653 	     -0.119
  5379.619 	     -0.121
  5380.584 	     -0.047
  5381.550 	     -0.030
  5382.516 	     -0.149
  5383.482 	     -0.134
  5384.449 	     -0.115
  5385.415 	     -0.159
  5386.382 	     -0.179
  5387.349 	     -0.426
  5388.316 	     -0.429
  5389.283 	     -0.220
  5390.250 	     -0.245
  5391.218 	     -0.306
  5392.185 	     -0.207
  5393.153 	     -0.127
  5394.121 	     -0.064
  5395.090 	     -0.056
  5396.058 	     -0.080
  5397.027 	     -0.068
  5397.995 	     -0.049
  5398.964 	     -0.057
  5399.933 	     -0.043
  5400.903 	      0.041
  5401.872 	     -0.037
  5402.842 	      0.001
  5403.811 	     -0.016
  5404.781 	     -0.052
  5405.751 	     -0.051
  5406.722 	     -0.033
  5407.692 	     -0.022
  5408.663 	     -0.004
  5409.634 	     -0.016
  5410.605 	     -0.038
  5411.576 	     -0.086
  5412.547 	     -0.019
  5413.519 	      0.036
  5414.491 	     -0.018
  5415.462 	     -0.064
  5416.434 	     -0.075
  5417.407 	     -0.088
  5418.379 	     -0.056
  5419.352 	     -0.004
  5420.324 	     -0.014
  5421.297 	     -0.052
  5422.270 	     -0.094
  5423.244 	     -0.108
  5424.217 	     -0.124
  5425.191 	     -0.129
  5426.165 	     -0.100
  5427.139 	     -0.103
  5428.113 	     -0.086
  5429.087 	     -0.086
  5430.062 	     -0.217
  5431.036 	     -0.087
  5432.011 	      0.023
  5432.986 	     -0.008
  5433.961 	      0.045
  5434.937 	      0.008
  5435.912 	     -0.007
  5436.888 	     -0.103
  5437.864 	     -0.101
  5438.840 	     -0.141
  5439.816 	     -0.157
  5440.793 	     -0.112
  5441.769 	     -0.127
  5442.746 	     -0.134
  5443.723 	     -0.136
  5444.700 	     -0.103
  5445.677 	     -0.072
  5446.655 	     -0.037
  5447.632 	      0.007
  5448.610 	     -0.064
  5449.588 	     -0.120
  5450.566 	     -0.104
  5451.545 	     -0.080
  5452.523 	     -0.061
  5453.502 	     -0.049
  5454.481 	     -0.055
  5455.460 	     -0.015
  5456.439 	     -0.077
  5457.419 	     -0.147
  5458.398 	     -0.079
  5459.378 	     -0.060
  5460.358 	     -0.076
  5461.338 	     -0.070
  5462.318 	     -0.206
  5463.299 	     -0.079
  5464.279 	     -0.135
  5465.260 	     -0.021
  5466.241 	     -0.022
  5467.222 	     -0.058
  5468.204 	     -0.017
  5469.185 	      0.006
  5470.167 	     -0.017
  5471.149 	      0.004
  5472.131 	     -0.001
  5473.113 	      0.015
  5474.096 	     -0.029
  5475.078 	     -0.073
  5476.061 	     -0.044
  5477.044 	     -0.007
  5478.027 	     -0.030
  5479.010 	     -0.049
  5479.994 	      0.002
  5480.977 	      0.023
  5481.961 	     -0.036
  5482.945 	     -0.009
  5483.929 	      0.032
  5484.914 	     -0.053
  5485.898 	     -0.045
  5486.883 	      0.026
  5487.868 	     -0.001
  5488.853 	     -0.017
  5489.838 	     -0.002
  5490.823 	     -0.011
  5491.809 	      0.022
  5492.795 	     -0.037
  5493.781 	     -0.014
  5494.767 	      0.066
  5495.753 	      0.022
  5496.740 	     -0.077
  5497.726 	     -0.024
  5498.713 	     -0.117
  5499.700 	     -0.145
  5500.687 	     -0.070
  5501.675 	     -0.004
  5502.662 	      0.009
  5503.650 	     -0.160
  5504.638 	     -0.035
  5505.626 	      0.018
  5506.614 	     -0.070
  5507.602 	     -0.011
  5508.591 	     -0.013
  5509.580 	     -0.063
  5510.569 	      0.024
  5511.558 	      0.061
  5512.547 	      0.006
  5513.537 	      0.032
  5514.526 	     -0.041
  5515.516 	     -0.039
  5516.506 	     -0.007
  5517.496 	     -0.053
  5518.487 	     -0.066
  5519.477 	     -0.025
  5520.468 	      0.020
  5521.459 	      0.006
  5522.450 	     -0.010
  5523.441 	     -0.050
  5524.433 	     -0.120
  5525.424 	     -0.095
  5526.416 	     -0.071
  5527.408 	     -0.043
  5528.400 	     -0.004
  5529.392 	     -0.013
  5530.385 	     -0.070
  5531.378 	     -0.157
  5532.370 	     -0.108
  5533.363 	     -0.044
  5534.357 	     -0.037
  5535.350 	      0.033
  5536.344 	      0.019
  5537.337 	     -0.034
  5538.331 	     -0.039
  5539.325 	     -0.062
  5540.320 	     -0.077
  5541.314 	     -0.044
  5542.309 	     -0.042
  5543.304 	     -0.051
  5544.299 	     -0.099
  5545.294 	     -0.073
  5546.289 	     -0.048
  5547.285 	     -0.056
  5548.280 	     -0.017
  5549.276 	     -0.091
  5550.272 	     -0.057
  5551.269 	     -0.049
  5552.265 	     -0.040
  5553.262 	     -0.120
  5554.259 	      0.011
  5555.255 	     -0.017
  5556.253 	     -0.014
  5557.250 	     -0.034
  5558.247 	      0.084
  5559.245 	     -0.006
  5560.243 	      0.063
  5561.241 	     -0.046
  5562.239 	     -0.047
  5563.238 	     -0.067
  5564.236 	     -0.065
  5565.235 	     -0.063
  5566.234 	     -0.061
  5567.233 	     -0.059
  5568.232 	     -0.057
  5569.232 	     -0.054
  5570.231 	     -0.052
  5571.231 	     -0.050
  5572.231 	     -0.048
  5573.232 	     -0.046
  5574.232 	     -0.044
  5575.232 	     -0.042
  5576.233 	     -0.040
  5577.234 	     -0.038
  5578.235 	     -0.036
  5579.236 	     -0.034
  5580.238 	     -0.032
  5581.240 	     -0.030
  5582.241 	     -0.028
  5583.243 	     -0.026
  5584.246 	     -0.024
  5585.248 	     -0.022
  5586.250 	     -0.020
  5587.253 	     -0.018
  5588.256 	     -0.017
  5589.259 	     -0.015
  5590.262 	     -0.013
  5591.266 	     -0.011
  5592.269 	     -0.082
  5593.273 	     -0.077
  5594.277 	     -0.067
  5595.281 	     -0.038
  5596.286 	     -0.047
  5597.290 	     -0.079
  5598.295 	     -0.030
  5599.300 	     -0.000
  5600.305 	     -0.043
  5601.310 	     -0.008
  5602.315 	     -0.059
  5603.321 	     -0.033
  5604.327 	     -0.025
  5605.333 	      0.010
  5606.339 	     -0.071
  5607.345 	      0.100
  5608.352 	     -0.133
  5609.358 	     -0.133
  5610.365 	     -0.142
  5611.372 	     -0.030
  5612.379 	     -0.105
  5613.387 	     -0.148
  5614.394 	     -0.068
  5615.402 	     -0.154
  5616.410 	     -0.138
  5617.418 	     -0.076
  5618.427 	     -0.146
  5619.435 	     -0.102
  5620.444 	     -0.074
  5621.453 	      0.019
  5622.462 	     -0.072
  5623.471 	     -0.106
  5624.480 	      0.001
  5625.490 	     -0.016
  5626.499 	     -0.114
  5627.509 	     -0.040
  5628.520 	     -0.001
  5629.530 	     -0.113
  5630.540 	     -0.125
  5631.551 	     -0.102
  5632.562 	     -0.016
  5633.573 	     -0.081
  5634.584 	      0.058
  5635.595 	     -0.096
  5636.607 	     -0.111
  5637.619 	     -0.142
  5638.631 	     -0.237
  5639.643 	     -0.109
  5640.655 	     -0.086
  5641.668 	     -0.170
  5642.680 	     -0.157
  5643.693 	     -0.214
  5644.706 	     -0.056
  5645.719 	     -0.097
  5646.733 	     -0.100
  5647.746 	     -0.042
  5648.760 	     -0.202
  5649.774 	     -0.077
  5650.788 	     -0.026
  5651.802 	     -0.089
  5652.817 	     -0.139
  5653.831 	     -0.172
  5654.846 	     -0.076
  5655.861 	     -0.086
  5656.876 	     -0.107
  5657.892 	     -0.121
  5658.907 	     -0.192
  5659.923 	     -0.055
  5660.939 	     -0.126
  5661.955 	     -0.134
  5662.972 	     -0.169
  5663.988 	     -0.102
  5665.005 	     -0.077
  5666.022 	     -0.085
  5667.039 	     -0.024
  5668.056 	     -0.058
  5669.073 	     -0.093
  5670.091 	     -0.152
  5671.109 	     -0.091
  5672.126 	     -0.133
  5673.145 	     -0.100
  5674.163 	     -0.117
  5675.181 	     -0.108
  5676.200 	     -0.186
  5677.219 	     -0.180
  5678.238 	     -0.202
  5679.257 	     -0.124
  5680.277 	     -0.219
  5681.296 	     -0.162
  5682.316 	     -0.212
  5683.336 	     -0.105
  5684.356 	     -0.203
  5685.376 	     -0.155
  5686.397 	     -0.106
  5687.418 	     -0.172
  5688.438 	     -0.144
  5689.459 	     -0.148
  5690.481 	     -0.171
  5691.502 	     -0.131
  5692.524 	     -0.135
  5693.545 	     -0.207
  5694.567 	     -0.198
  5695.590 	     -0.180
  5696.612 	     -0.164
  5697.634 	     -0.154
  5698.657 	     -0.129
  5699.680 	     -0.136
  5700.703 	     -0.111
  5701.726 	     -0.089
  5702.750 	     -0.101
  5703.773 	     -0.138
  5704.797 	     -0.177
  5705.821 	     -0.145
  5706.845 	     -0.156
  5707.870 	     -0.159
  5708.894 	     -0.224
  5709.919 	     -0.239
  5710.944 	     -0.187
  5711.969 	     -0.169
  5712.994 	     -0.181
  5714.020 	     -0.152
  5715.045 	     -0.149
  5716.071 	     -0.188
  5717.097 	     -0.153
  5718.123 	     -0.200
  5719.150 	     -0.160
  5720.176 	     -0.099
  5721.203 	     -0.112
  5722.230 	     -0.155
  5723.257 	     -0.211
  5724.284 	     -0.198
  5725.312 	     -0.166
  5726.340 	     -0.146
  5727.367 	     -0.154
  5728.396 	     -0.175
  5729.424 	     -0.089
  5730.452 	     -0.090
  5731.481 	     -0.112
  5732.510 	     -0.135
  5733.538 	     -0.178
  5734.568 	     -0.212
  5735.597 	     -0.204
  5736.626 	     -0.202
  5737.656 	     -0.113
  5738.686 	     -0.118
  5739.716 	     -0.166
  5740.746 	     -0.129
  5741.777 	     -0.171
  5742.807 	     -0.203
  5743.838 	     -0.204
  5744.869 	     -0.222
  5745.900 	     -0.164
  5746.932 	     -0.144
  5747.963 	     -0.160
  5748.995 	     -0.157
  5750.027 	     -0.176
  5751.059 	     -0.182
  5752.091 	     -0.117
  5753.124 	     -0.042
  5754.157 	     -0.101
  5755.189 	     -0.210
  5756.222 	     -0.227
  5757.256 	     -0.205
  5758.289 	     -0.163
  5759.323 	     -0.122
  5760.356 	     -0.229
  5761.390 	     -0.227
  5762.425 	     -0.165
  5763.459 	     -0.186
  5764.493 	     -0.228
  5765.528 	     -0.148
  5766.563 	     -0.177
  5767.598 	     -0.111
  5768.633 	     -0.197
  5769.669 	     -0.212
  5770.704 	     -0.145
  5771.740 	     -0.218
  5772.776 	     -0.159
  5773.812 	     -0.117
  5774.849 	     -0.133
  5775.885 	     -0.173
  5776.922 	     -0.163
  5777.959 	     -0.091
  5778.996 	     -0.098
  5780.033 	     -0.163
  5781.071 	     -0.163
  5782.109 	     -0.139
  5783.146 	     -0.155
  5784.185 	     -0.170
  5785.223 	     -0.163
  5786.261 	     -0.171
  5787.300 	     -0.199
  5788.339 	     -0.165
  5789.378 	     -0.152
  5790.417 	     -0.134
  5791.456 	     -0.134
  5792.496 	     -0.140
  5793.535 	     -0.155
  5794.575 	     -0.224
  5795.615 	     -0.260
  5796.656 	     -0.159
  5797.696 	     -0.115
  5798.737 	     -0.179
  5799.778 	     -0.217
  5800.819 	     -0.210
  5801.860 	     -0.227
  5802.901 	     -0.184
  5803.943 	     -0.069
  5804.985 	     -0.078
  5806.027 	     -0.131
  5807.069 	     -0.146
  5808.111 	     -0.131
  5809.154 	     -0.118
  5810.196 	     -0.122
  5811.239 	     -0.121
  5812.282 	     -0.113
  5813.326 	     -0.105
  5814.369 	     -0.133
  5815.413 	     -0.165
  5816.457 	     -0.150
  5817.501 	     -0.127
  5818.545 	     -0.109
  5819.589 	     -0.109
  5820.634 	     -0.147
  5821.679 	     -0.157
  5822.724 	     -0.126
  5823.769 	     -0.099
  5824.814 	     -0.137
  5825.860 	     -0.187
  5826.905 	     -0.205
  5827.951 	     -0.177
  5828.997 	     -0.178
  5830.044 	     -0.183
  5831.090 	     -0.037
  5832.137 	     -0.065
  5833.184 	     -0.148
  5834.231 	     -0.089
  5835.278 	     -0.152
  5836.325 	     -0.231
  5837.373 	     -0.202
  5838.421 	     -0.136
  5839.469 	     -0.183
  5840.517 	     -0.205
  5841.565 	     -0.136
  5842.614 	     -0.087
  5843.663 	     -0.073
  5844.711 	     -0.072
  5845.761 	     -0.107
  5846.810 	     -0.175
  5847.859 	     -0.216
  5848.909 	     -0.204
  5849.959 	     -0.162
  5851.009 	     -0.078
  5852.059 	     -0.057
  5853.110 	     -0.145
  5854.160 	     -0.121
  5855.211 	     -0.108
  5856.262 	     -0.056
  5857.313 	     -0.058
  5858.364 	     -0.058
  5859.416 	     -0.037
  5860.468 	     -0.058
  5861.520 	     -0.052
  5862.572 	     -0.075
  5863.624 	     -0.073
  5864.677 	     -0.066
  5865.729 	     -0.132
  5866.782 	     -0.162
  5867.835 	     -0.130
  5868.888 	     -0.070
  5869.942 	     -0.041
  5870.996 	     -0.005
  5872.049 	     -0.048
  5873.103 	     -0.093
  5874.158 	     -0.117
  5875.212 	     -0.114
  5876.267 	     -0.114
  5877.321 	     -0.060
  5878.376 	     -0.077
  5879.431 	     -0.101
  5880.487 	     -0.089
  5881.542 	     -0.069
  5882.598 	      0.083
  5883.654 	      0.234
  5884.710 	      0.284
  5885.766 	      0.199
  5886.823 	      0.066
  5887.879 	     -0.127
  5888.936 	     -0.169
  5889.993 	     -0.041
  5891.051 	      0.008
  5892.108 	     -0.115
  5893.166 	     -0.175
  5894.223 	     -0.264
  5895.281 	     -0.277
  5896.340 	     -0.195
  5897.398 	     -0.087
  5898.456 	     -0.077
  5899.515 	     -0.199
  5900.574 	     -0.081
  5901.633 	     -0.060
  5902.693 	      0.008
  5903.752 	     -0.070
  5904.812 	     -0.148
  5905.872 	     -0.094
  5906.932 	     -0.044
  5907.992 	     -0.095
  5909.052 	     -0.060
  5910.113 	     -0.011
  5911.174 	      0.036
  5912.235 	      0.036
  5913.296 	      0.044
  5914.358 	     -0.105
  5915.419 	     -0.185
  5916.481 	     -0.138
  5917.543 	     -0.057
  5918.605 	      0.005
  5919.668 	     -0.028
  5920.730 	      0.029
  5921.793 	     -0.079
  5922.856 	     -0.029
  5923.919 	     -0.038
  5924.982 	     -0.002
  5926.046 	      0.004
  5927.109 	      0.017
  5928.173 	      0.052
  5929.237 	      0.141
  5930.302 	      0.320
  5931.366 	      0.291
  5932.431 	      0.196
  5933.496 	      0.068
  5934.561 	     -0.024
  5935.626 	     -0.003
  5936.691 	     -0.043
  5937.757 	      0.057
  5938.823 	     -0.049
  5939.889 	     -0.100
  5940.955 	      0.019
  5942.021 	     -0.077
  5943.088 	     -0.136
  5944.155 	     -0.232
  5945.222 	     -0.435
  5946.289 	     -0.372
  5947.356 	     -0.237
  5948.424 	     -0.133
  5949.491 	     -0.073
  5950.559 	     -0.126
  5951.627 	     -0.326
  5952.696 	     -0.421
  5953.764 	     -0.330
  5954.833 	     -0.190
  5955.902 	     -0.086
  5956.971 	     -0.033
  5958.040 	     -0.047
  5959.109 	      0.037
  5960.179 	      0.053
  5961.249 	      0.001
  5962.319 	     -0.036
  5963.389 	     -0.009
  5964.460 	     -0.018
  5965.530 	      0.008
  5966.601 	      0.064
  5967.672 	      0.050
  5968.743 	      0.072
  5969.814 	      0.022
  5970.886 	     -0.013
  5971.958 	      0.005
  5973.030 	      0.034
  5974.102 	     -0.027
  5975.174 	     -0.008
  5976.247 	      0.121
  5977.319 	      0.018
  5978.392 	     -0.011
  5979.465 	      0.017
  5980.539 	     -0.015
  5981.612 	      0.005
  5982.686 	     -0.033
  5983.760 	      0.058
  5984.834 	      0.046
  5985.908 	     -0.062
  5986.982 	     -0.046
  5988.057 	      0.045
  5989.132 	      0.112
  5990.207 	      0.051
  5991.282 	      0.058
  5992.358 	      0.082
  5993.433 	      0.052
  5994.509 	     -0.013
  5995.585 	      0.043
  5996.661 	      0.111
  5997.738 	      0.098
  5998.814 	      0.075
  5999.891 	      0.071
  6000.968 	      0.083
  6002.045 	      0.068
  6003.122 	      0.057
  6004.200 	     -0.017
  6005.278 	     -0.030
  6006.356 	      0.025
  6007.434 	      0.056
  6008.512 	      0.033
  6009.590 	     -0.001
  6010.669 	     -0.007
  6011.748 	      0.012
  6012.827 	      0.043
  6013.906 	      0.065
  6014.986 	      0.056
  6016.066 	      0.021
  6017.145 	     -0.005
  6018.225 	      0.004
  6019.306 	      0.046
  6020.386 	      0.083
  6021.467 	      0.091
  6022.548 	      0.058
  6023.629 	      0.014
  6024.710 	      0.016
  6025.791 	      0.060
  6026.873 	      0.097
  6027.955 	      0.103
  6029.037 	      0.092
  6030.119 	      0.066
  6031.201 	      0.028
  6032.284 	      0.031
  6033.367 	      0.093
  6034.450 	      0.109
  6035.533 	      0.015
  6036.616 	     -0.035
  6037.700 	      0.038
  6038.783 	      0.115
  6039.867 	      0.113
  6040.951 	      0.065
  6042.036 	      0.027
  6043.120 	      0.021
  6044.205 	      0.041
  6045.290 	      0.071
  6046.375 	      0.105
  6047.460 	      0.129
  6048.546 	      0.104
  6049.631 	      0.038
  6050.717 	     -0.012
  6051.803 	      0.003
  6052.890 	      0.029
  6053.976 	      0.046
  6055.063 	      0.078
  6056.150 	      0.111
  6057.237 	      0.098
  6058.324 	      0.061
  6059.411 	      0.065
  6060.499 	      0.108
  6061.587 	      0.147
  6062.675 	      0.146
  6063.763 	      0.093
  6064.852 	      0.062
  6065.940 	      0.085
  6067.029 	      0.090
  6068.118 	      0.026
  6069.207 	      0.013
  6070.297 	      0.046
  6071.386 	      0.062
  6072.476 	      0.051
  6073.566 	      0.052
  6074.656 	      0.065
  6075.747 	      0.087
  6076.837 	      0.135
  6077.928 	      0.185
  6079.019 	      0.189
  6080.110 	      0.122
  6081.201 	      0.063
  6082.293 	      0.048
  6083.385 	      0.085
  6084.477 	      0.122
  6085.569 	      0.119
  6086.661 	      0.098
  6087.754 	      0.121
  6088.846 	      0.144
  6089.939 	      0.103
  6091.032 	      0.064
  6092.126 	      0.086
  6093.219 	      0.115
  6094.313 	      0.090
  6095.407 	      0.047
  6096.501 	      0.042
  6097.595 	      0.081
  6098.690 	      0.128
  6099.784 	      0.124
  6100.879 	      0.091
  6101.974 	      0.069
  6103.070 	      0.065
  6104.165 	      0.052
  6105.261 	      0.085
  6106.357 	      0.136
  6107.453 	      0.136
  6108.549 	      0.136
  6109.646 	      0.136
  6110.742 	      0.136
  6111.839 	      0.136
  6112.936 	      0.136
  6114.033 	      0.136
  6115.131 	      0.136
  6116.228 	      0.136
  6117.326 	      0.136
  6118.424 	      0.136
  6119.523 	      0.136
  6120.621 	      0.136
  6121.720 	      0.136
  6122.818 	      0.136
  6123.917 	      0.137
  6125.017 	      0.137
  6126.116 	      0.137
  6127.216 	      0.137
  6128.315 	      0.137
  6129.415 	      0.138
  6130.516 	      0.138
  6131.616 	      0.139
  6132.717 	      0.139
  6133.817 	      0.139
  6134.918 	      0.140
  6136.020 	      0.140
  6137.121 	      0.141
  6138.223 	      0.141
  6139.324 	      0.142
  6140.426 	      0.142
  6141.529 	      0.143
  6142.631 	      0.143
  6143.734 	      0.144
  6144.836 	      0.144
  6145.939 	      0.145
  6147.042 	      0.146
  6148.146 	      0.146
  6149.249 	      0.147
  6150.353 	      0.147
  6151.457 	      0.148
  6152.561 	      0.148
  6153.666 	      0.149
  6154.770 	      0.149
  6155.875 	      0.150
  6156.980 	      0.150
  6158.085 	      0.151
  6159.190 	      0.151
  6160.296 	      0.152
  6161.402 	      0.152
  6162.508 	      0.153
  6163.614 	      0.153
  6164.720 	      0.154
  6165.827 	      0.154
  6166.933 	      0.166
  6168.040 	      0.234
  6169.148 	      0.221
  6170.255 	      0.185
  6171.362 	      0.202
  6172.470 	      0.241
  6173.578 	      0.232
  6174.686 	      0.140
  6175.795 	      0.035
  6176.903 	      0.061
  6178.012 	      0.150
  6179.121 	      0.171
  6180.230 	      0.114
  6181.339 	      0.041
  6182.449 	      0.067
  6183.558 	      0.181
  6184.668 	      0.240
  6185.778 	      0.187
  6186.889 	      0.158
  6187.999 	      0.160
  6189.110 	      0.142
  6190.221 	      0.145
  6191.332 	      0.208
  6192.443 	      0.237
  6193.555 	      0.185
  6194.667 	      0.130
  6195.779 	      0.120
  6196.891 	      0.138
  6198.003 	      0.148
  6199.116 	      0.173
  6200.228 	      0.153
  6201.341 	      0.191
  6202.454 	      0.223
  6203.568 	      0.208
  6204.681 	      0.164
  6205.795 	      0.152
  6206.909 	      0.235
  6208.023 	      0.342
  6209.137 	      0.275
  6210.252 	      0.147
  6211.366 	      0.180
  6212.481 	      0.218
  6213.596 	      0.149
  6214.712 	      0.129
  6215.827 	      0.215
  6216.943 	      0.259
  6218.059 	      0.202
  6219.175 	      0.111
  6220.291 	      0.045
  6221.408 	      0.038
  6222.525 	      0.049
  6223.641 	      0.062
  6224.759 	      0.087
  6225.876 	      0.102
  6226.993 	      0.109
  6228.111 	      0.136
  6229.229 	      0.218
  6230.347 	      0.320
  6231.466 	      0.334
  6232.584 	      0.286
  6233.703 	      0.219
  6234.822 	      0.165
  6235.941 	      0.145
  6237.060 	      0.178
  6238.180 	      0.225
  6239.299 	      0.209
  6240.419 	      0.140
  6241.539 	      0.111
  6242.660 	      0.110
  6243.780 	      0.100
  6244.901 	      0.104
  6246.022 	      0.121
  6247.143 	      0.147
  6248.264 	      0.159
  6249.386 	      0.162
  6250.508 	      0.163
  6251.630 	      0.165
  6252.752 	      0.166
  6253.874 	      0.168
  6254.997 	      0.169
  6256.119 	      0.171
  6257.242 	      0.172
  6258.366 	      0.174
  6259.489 	      0.175
  6260.612 	      0.177
  6261.736 	      0.178
  6262.860 	      0.179
  6263.984 	      0.181
  6265.109 	      0.182
  6266.233 	      0.183
  6267.358 	      0.185
  6268.483 	      0.186
  6269.608 	      0.187
  6270.734 	      0.188
  6271.859 	      0.189
  6272.985 	      0.191
  6274.111 	      0.192
  6275.237 	      0.193
  6276.363 	      0.194
  6277.490 	      0.195
  6278.617 	      0.196
  6279.744 	      0.197
  6280.871 	      0.199
  6281.998 	      0.200
  6283.126 	      0.201
  6284.254 	      0.202
  6285.382 	      0.203
  6286.510 	      0.204
  6287.638 	      0.206
  6288.767 	      0.207
  6289.896 	      0.208
  6291.025 	      0.209
  6292.154 	      0.211
  6293.283 	      0.212
  6294.413 	      0.213
  6295.543 	      0.215
  6296.673 	      0.216
  6297.803 	      0.217
  6298.933 	      0.219
  6300.064 	      0.230
  6301.195 	      0.232
  6302.326 	      0.233
  6303.457 	      0.234
  6304.589 	      0.235
  6305.720 	      0.236
  6306.852 	      0.237
  6307.984 	      0.239
  6309.117 	      0.240
  6310.249 	      0.241
  6311.382 	      0.242
  6312.514 	      0.243
  6313.648 	      0.243
  6314.781 	      0.244
  6315.914 	      0.243
  6317.048 	      0.183
  6318.182 	      0.180
  6319.316 	      0.140
  6320.450 	      0.127
  6321.585 	      0.102
  6322.719 	      0.133
  6323.854 	      0.211
  6324.989 	      0.268
  6326.125 	      0.332
  6327.260 	      0.281
  6328.396 	      0.122
  6329.532 	      0.084
  6330.668 	      0.063
  6331.804 	      0.086
  6332.941 	      0.151
  6334.078 	      0.138
  6335.215 	      0.105
  6336.352 	      0.111
  6337.489 	      0.121
  6338.627 	      0.099
  6339.764 	      0.104
  6340.902 	      0.141
  6342.041 	      0.076
  6343.179 	      0.115
  6344.317 	      0.099
  6345.456 	      0.056
  6346.595 	      0.068
  6347.734 	      0.111
  6348.874 	      0.041
  6350.013 	      0.065
  6351.153 	      0.244
  6352.293 	      0.301
  6353.433 	      0.255
  6354.574 	      0.174
  6355.714 	      0.137
  6356.855 	      0.266
  6357.996 	      0.533
  6359.138 	      0.750
  6360.279 	      0.824
  6361.421 	      0.531
  6362.563 	      0.132
  6363.705 	     -0.095
  6364.847 	     -0.122
  6365.989 	     -0.037
  6367.132 	      0.011
  6368.275 	      0.028
  6369.418 	      0.003
  6370.561 	      0.020
  6371.705 	      0.070
  6372.848 	      0.117
  6373.992 	      0.100
  6375.136 	      0.060
  6376.281 	     -0.058
  6377.425 	      0.002
  6378.570 	      0.095
  6379.715 	      0.138
  6380.860 	      0.204
  6382.005 	      0.191
  6383.151 	      0.202
  6384.297 	      0.197
  6385.443 	      0.127
  6386.589 	      0.207
  6387.735 	      0.160
  6388.882 	      0.032
  6390.028 	      0.063
  6391.175 	      0.149
  6392.323 	      0.145
  6393.470 	      0.120
  6394.618 	      0.093
  6395.765 	      0.010
  6396.913 	      0.095
  6398.062 	      0.097
  6399.210 	      0.117
  6400.359 	      0.201
  6401.508 	      0.235
  6402.657 	      0.073
  6403.806 	      0.039
  6404.955 	      0.257
  6406.105 	      0.204
  6407.255 	      0.145
  6408.405 	      0.080
  6409.555 	      0.097
  6410.706 	      0.110
  6411.856 	      0.050
  6413.007 	      0.069
  6414.158 	      0.093
  6415.310 	      0.052
  6416.461 	      0.107
  6417.613 	      0.082
  6418.765 	      0.146
  6419.917 	      0.137
  6421.069 	      0.163
  6422.222 	      0.174
  6423.375 	      0.148
  6424.528 	      0.108
  6425.681 	      0.046
  6426.834 	      0.089
  6427.988 	      0.099
  6429.142 	      0.101
  6430.296 	      0.056
  6431.450 	      0.030
  6432.604 	      0.121
  6433.759 	      0.187
  6434.914 	      0.163
  6436.069 	      0.094
  6437.224 	      0.074
  6438.380 	      0.099
  6439.535 	      0.111
  6440.691 	      0.143
  6441.847 	      0.122
  6443.003 	      0.069
  6444.160 	      0.070
  6445.317 	      0.043
  6446.474 	      0.097
  6447.631 	      0.147
  6448.788 	      0.160
  6449.945 	      0.163
  6451.103 	      0.128
  6452.261 	      0.153
  6453.419 	      0.194
  6454.578 	      0.151
  6455.736 	      0.082
  6456.895 	      0.079
  6458.054 	      0.101
  6459.213 	      0.113
  6460.373 	      0.134
  6461.532 	      0.103
  6462.692 	      0.053
  6463.852 	      0.057
  6465.012 	      0.049
  6466.173 	      0.104
  6467.333 	      0.068
  6468.494 	      0.033
  6469.655 	     -0.003
  6470.817 	      0.052
  6471.978 	      0.063
  6473.140 	      0.037
  6474.302 	      0.058
  6475.464 	      0.051
  6476.626 	      0.033
  6477.789 	      0.013
  6478.951 	      0.013
  6480.114 	     -0.005
  6481.277 	     -0.030
  6482.441 	     -0.052
  6497.584 	     -0.072
  6498.750 	     -0.036
  6499.916 	      0.070
  6501.083 	      0.124
  6502.250 	      0.078
  6503.417 	      0.037
  6504.584 	     -0.005
  6505.752 	      0.079
  6506.920 	      0.100
  6508.088 	      0.074
  6509.256 	      0.063
  6510.424 	      0.088
  6511.593 	      0.039
  6512.762 	      0.030
  6513.931 	      0.080
  6515.100 	      0.115
  6516.269 	      0.052
  6517.439 	      0.018
  6518.609 	      0.053
  6519.779 	      0.090
  6520.949 	      0.091
  6522.120 	     -0.030
  6523.290 	     -0.114
  6524.461 	     -0.079
  6525.632 	      0.023
  6526.804 	      0.152
  6527.975 	      0.185
  6529.147 	      0.097
  6530.319 	      0.087
  6531.491 	      0.027
  6532.664 	     -0.071
  6533.836 	     -0.037
  6535.009 	     -0.029
  6536.182 	     -0.037
  6537.355 	      0.016
  6538.529 	      0.061
  6539.702 	      0.091
  6540.876 	      0.088
  6542.050 	      0.133
  6543.224 	      0.082
  6544.399 	      0.011
  6545.574 	      0.042
  6546.748 	      0.033
  6547.924 	      0.147
  6549.099 	      0.181
  6550.274 	      0.182
  6551.450 	      0.063
  6552.626 	     -0.048
  6553.802 	     -0.097
  6554.979 	     -0.110
  6556.155 	     -0.001
  6557.332 	      0.133
  6558.509 	      0.174
  6559.686 	      0.190
  6560.864 	      0.047
  6562.041 	     -0.042
  6563.219 	      0.011
  6564.397 	      0.035
  6565.576 	      0.017
  6566.754 	     -0.020
  6567.933 	      0.017
  6569.112 	     -0.010
  6570.291 	     -0.009
  6571.470 	      0.119
  6572.650 	      0.192
  6573.830 	      0.169
  6575.010 	      0.155
  6576.190 	      0.146
  6577.370 	      0.138
  6578.551 	      0.129
  6579.732 	      0.121
  6580.913 	      0.112
  6582.094 	      0.103
  6583.275 	      0.095
  6584.457 	      0.087
  6585.639 	      0.079
  6586.821 	      0.071
  6588.003 	      0.065
  6589.186 	      0.099
  6590.368 	      0.090
  6591.551 	      0.139
  6592.735 	      0.170
  6593.918 	      0.151
  6595.102 	      0.191
  6596.285 	      0.159
  6597.469 	      0.118
  6598.654 	      0.135
  6599.838 	      0.173
  6601.023 	      0.246
  6602.207 	      0.237
  6603.393 	      0.173
  6604.578 	      0.149
  6605.763 	      0.167
  6606.949 	      0.336
  6608.135 	      0.739
  6609.321 	      1.475
  6610.507 	      1.974
  6611.694 	      1.863
  6612.881 	      1.134
  6614.068 	      0.522
  6615.255 	      0.290
  6616.442 	      0.229
  6617.630 	      0.184
  6618.818 	      0.190
  6620.006 	      0.344
  6621.194 	      0.898
  6622.383 	      2.435
  6623.571 	      5.819
  6624.760 	      9.947
  6625.949 	     11.726
  6627.139 	      9.112
  6628.328 	      3.518
  6629.518 	      0.895
  6630.708 	      0.449
  6631.898 	      0.320
  6633.089 	      0.193
  6634.279 	      0.220
  6635.470 	      0.207
  6636.661 	      0.194
  6637.852 	      0.223
  6639.044 	      0.232
  6640.235 	      0.258
  6641.427 	      0.466
  6642.619 	      0.906
  6643.812 	      2.138
  6645.004 	      4.286
  6646.197 	      5.877
  6647.390 	      5.772
  6648.583 	      3.172
  6649.777 	      1.145
  6650.970 	      0.396
  6652.164 	      0.201
  6653.358 	      0.285
  6654.552 	      0.254
  6655.747 	      0.162
  6656.941 	      0.155
  6658.136 	      0.180
  6659.331 	      0.158
  6660.527 	      0.141
  6661.722 	      0.194
  6662.918 	      0.161
  6664.114 	      0.142
  6665.310 	      0.133
  6666.507 	      0.169
  6667.703 	      0.211
  6668.900 	      0.184
  6670.097 	      0.101
  6671.294 	      0.059
  6672.492 	      0.050
  6673.689 	      0.068
  6674.887 	      0.135
  6676.086 	      0.139
  6677.284 	      0.177
  6678.482 	      0.194
  6679.681 	      0.188
  6680.880 	      0.180
  6682.079 	      0.166
  6683.279 	      0.123
  6684.478 	      0.083
  6685.678 	      0.058
  6686.878 	      0.071
  6688.079 	      0.084
  6689.279 	      0.077
  6690.480 	      0.022
  6691.681 	      0.011
  6692.882 	      0.098
  6694.083 	      0.077
  6695.285 	      0.061
  6696.486 	      0.037
  6697.688 	      0.022
  6698.891 	      0.045
  6700.093 	      0.025
  6701.296 	      0.005
  6702.499 	      0.121
  6703.702 	      0.066
  6704.905 	     -0.022
  6706.108 	     -0.026
  6707.312 	      0.037
  6708.516 	      0.163
  6709.720 	      0.226
  6710.925 	      0.207
  6712.129 	     -0.024
  6713.334 	      0.010
  6714.539 	      0.085
  6715.744 	      0.135
  6716.950 	      0.062
  6718.155 	      0.012
  6719.361 	      0.046
  6720.567 	      0.107
  6721.774 	      0.115
  6722.980 	      0.061
  6724.187 	      0.053
  6725.394 	      0.024
  6726.601 	      0.133
  6727.808 	      0.079
  6729.016 	      0.006
  6730.224 	      0.119
  6731.432 	      0.080
  6732.640 	     -0.022
  6733.849 	     -0.025
  6735.057 	      0.079
  6736.266 	      0.093
  6737.475 	      0.115
  6738.685 	      0.101
  6739.894 	      0.140
  6741.104 	      0.163
  6742.314 	      0.128
  6743.524 	      0.094
  6744.735 	      0.089
  6745.945 	      0.029
  6747.156 	      0.011
  6748.367 	      0.042
  6749.579 	      0.088
  6750.790 	      0.116
  6752.002 	      0.132
  6753.214 	      0.124
  6754.426 	      0.066
  6755.638 	      0.033
  6756.851 	      0.060
  6758.064 	      0.075
  6759.277 	      0.058
  6760.490 	      0.038
  6761.704 	      0.104
  6762.917 	      0.121
  6764.131 	      0.060
  6765.345 	      0.061
  6766.560 	      0.096
  6767.774 	      0.189
  6768.989 	      0.030
  6770.204 	      0.070
  6771.419 	      0.092
  6772.635 	      0.042
  6773.851 	      0.147
  6775.066 	      0.173
  6776.282 	      0.188
  6777.499 	      0.386
  6778.715 	      1.196
  6779.932 	      1.898
  6781.149 	      2.166
  6782.366 	      1.585
  6783.584 	      0.645
  6784.801 	      0.240
  6786.019 	      0.118
  6787.237 	      0.107
  6788.455 	      0.234
  6789.674 	      0.170
  6790.893 	      0.211
  6792.112 	      0.343
  6793.331 	      0.850
  6794.550 	      1.405
  6795.770 	      1.587
  6796.990 	      1.101
  6798.210 	      0.435
  6799.430 	      0.156
  6800.650 	      0.121
  6801.871 	      0.141
  6803.092 	      0.119
  6804.313 	      0.109
  6805.534 	      0.097
  6806.756 	      0.029
  6807.978 	      0.065
  6809.200 	      0.125
  6810.422 	      0.061
  6811.644 	     -0.017
  6812.867 	     -0.044
  6814.090 	      0.010
  6815.313 	      0.074
  6816.536 	      0.109
  6817.760 	      0.055
  6818.984 	     -0.020
  6820.208 	      0.014
  6821.432 	      0.120
  6822.656 	      0.250
  6823.881 	      0.404
  6825.106 	      0.345
  6826.331 	      0.193
  6827.556 	      0.112
  6828.782 	      0.230
  6830.007 	      0.184
  6831.233 	      0.037
  6832.460 	     -0.051
  6833.686 	     -0.149
  6834.913 	     -0.078
  6836.139 	     -0.015
  6837.366 	     -0.018
  6838.594 	      0.021
  6839.821 	     -0.013
  6841.049 	     -0.132
  6842.277 	     -0.045
  6843.505 	      0.002
  6844.733 	      0.053
  6845.962 	      0.121
  6847.191 	      0.033
  6848.420 	      0.063
  6849.649 	      0.028
  6850.879 	      0.025
  6852.108 	      0.004
  6853.338 	      0.023
  6854.568 	      0.091
  6855.799 	      0.111
  6857.029 	      0.212
  6858.260 	      0.458
  6859.491 	      0.553
  6860.722 	      0.310
  6861.954 	     -0.102
  6863.186 	     -0.383
  6864.418 	     -0.433
  6865.650 	     -0.438
  6866.882 	     -0.423
  6868.115 	     -0.377
  6869.347 	     -0.410
  6870.580 	     -0.355
  6871.814 	     -0.283
  6873.047 	     -0.195
  6874.281 	     -0.156
  6875.515 	     -0.095
  6876.749 	      0.025
  6877.983 	      0.062
  6879.218 	      0.000
  6880.453 	     -0.011
  6881.688 	     -0.026
  6882.923 	     -0.010
  6884.158 	      0.015
  6885.394 	     -0.074
  6886.630 	     -0.121
  6887.866 	     -0.187
  6889.102 	     -0.176
  6890.339 	     -0.147
  6891.576 	     -0.089
  6892.813 	     -0.032
  6894.050 	     -0.091
  6895.287 	     -0.060
  6896.525 	      0.044
  6897.763 	      0.047
  6899.001 	     -0.081
  6900.239 	     -0.124
  6901.478 	     -0.104
  6902.717 	     -0.073
  6903.956 	     -0.065
  6905.195 	     -0.059
  6906.434 	     -0.003
  6907.674 	      0.015
  6908.914 	      0.071
  6910.154 	     -0.082
  6911.395 	     -0.101
  6912.635 	     -0.075
  6913.876 	     -0.069
  6915.117 	     -0.070
  6916.358 	     -0.003
  6917.600 	      0.266
  6918.841 	      0.273
  6920.083 	      0.099
  6921.325 	     -0.035
  6922.568 	     -0.124
  6923.810 	     -0.149
  6925.053 	     -0.143
  6926.296 	     -0.145
  6927.539 	     -0.115
  6928.783 	     -0.070
  6930.026 	     -0.036
  6931.270 	     -0.001
  6932.514 	      0.091
  6933.759 	      0.181
  6935.003 	      0.181
  6936.248 	      0.119
  6937.493 	      0.067
  6938.739 	      0.060
  6939.984 	      0.047
  6941.230 	      0.012
  6942.476 	      0.108
  6943.722 	      0.281
  6944.968 	      0.340
  6946.215 	      0.107
  6947.462 	     -0.123
  6948.709 	     -0.160
  6949.956 	     -0.143
  6951.203 	     -0.130
  6952.451 	     -0.069
  6953.699 	     -0.104
  6954.947 	     -0.079
  6956.196 	     -0.028
  6957.444 	      0.011
  6958.693 	      0.031
  6959.942 	      0.034
  6961.191 	     -0.030
  6962.441 	      0.019
  6963.691 	      0.188
  6964.941 	      0.097
  6966.191 	      0.102
  6967.441 	      0.087
  6968.692 	      0.045
  6969.943 	      0.038
  6971.194 	      0.058
  6972.445 	      0.160
  6973.696 	      0.256
  6974.948 	      0.158
  6976.200 	      0.033
  6977.452 	      0.026
  6978.705 	     -0.016
  6979.957 	     -0.024
  6981.210 	     -0.026
  6982.463 	     -0.018
  6983.717 	     -0.021
  6984.970 	     -0.005
  6986.224 	      0.025
  6987.478 	     -0.015
  6988.732 	     -0.028
  6989.987 	     -0.041
  6991.241 	     -0.004
  6992.496 	      0.031
  6993.751 	      0.062
  6995.007 	      0.011
  6996.262 	      0.051
  6997.518 	      0.133
  6998.774 	      0.108
  7000.030 	      0.058
  7001.287 	      0.030
  7002.544 	     -0.028
  7003.801 	     -0.008
  7005.058 	      0.097
  7006.315 	      0.140
  7007.573 	      0.100
  7008.831 	      0.029
  7010.089 	      0.046
  7011.347 	      0.038
  7012.605 	      0.009
  7013.864 	      0.003
  7015.123 	     -0.007
  7016.382 	     -0.028
  7017.642 	      0.017
  7018.901 	     -0.027
  7020.161 	      0.022
  7021.421 	     -0.014
  7022.682 	      0.020
  7023.942 	      0.064
  7025.203 	      0.134
  7026.464 	      0.134
  7027.725 	      0.114
  7028.987 	      0.053
  7030.248 	      0.068
  7031.510 	      0.065
  7032.772 	      0.051
  7034.035 	     -0.004
  7035.297 	      0.001
  7036.560 	      0.055
  7037.823 	      0.060
  7039.086 	      0.064
  7040.350 	      0.091
  7041.614 	      0.105
  7042.877 	      0.043
  7044.142 	      0.092
  7045.406 	      0.118
  7046.671 	      0.020
  7047.936 	     -0.041
  7049.201 	     -0.048
  7050.466 	      0.006
  7051.731 	      0.085
  7052.997 	      0.025
  7054.263 	     -0.018
  7055.529 	     -0.010
  7056.796 	      0.076
  7058.062 	      0.120
  7059.329 	      0.093
  7060.596 	      0.134
  7061.864 	      0.080
  7063.131 	      0.082
  7064.399 	      0.037
  7065.667 	      0.012
  7066.936 	     -0.011
  7068.204 	      0.009
  7069.473 	      0.069
  7070.742 	      0.031
  7072.011 	     -0.025
  7073.280 	      0.044
  7074.550 	      0.041
  7075.820 	      0.070
  7077.090 	      0.117
  7078.360 	      0.052
  7079.631 	      0.097
  7080.901 	      0.074
  7082.172 	      0.050
  7083.444 	      0.107
  7084.715 	      0.114
  7085.987 	      0.102
  7087.259 	      0.052
  7088.531 	     -0.030
  7089.803 	     -0.007
  7091.076 	      0.060
  7092.349 	      0.036
  7093.622 	      0.017
  7094.895 	      0.030
  7096.168 	      0.020
  7097.442 	     -0.009
  7098.716 	     -0.035
  7099.990 	      0.049
  7101.265 	      0.090
  7102.539 	      0.112
  7103.814 	      0.116
  7105.089 	      0.141
  7106.365 	      0.119
  7107.640 	      0.123
  7108.916 	      0.098
  7110.192 	      0.080
  7111.468 	      0.105
  7112.745 	      0.077
  7114.021 	      0.071
  7115.298 	      0.080
  7116.576 	      0.005
  7117.853 	      0.036
  7119.131 	      0.119
  7120.408 	      0.083
  7121.687 	      0.041
  7122.965 	      0.110
  7124.243 	      0.042
  7125.522 	      0.013
  7126.801 	      0.030
  7128.080 	      0.124
  7129.360 	      0.031
  7130.640 	      0.096
  7131.919 	      0.065
  7133.200 	      0.102
  7134.480 	      0.029
  7135.761 	     -0.096
  7137.041 	      0.056
  7138.323 	      0.095
  7139.604 	      0.095
  7140.885 	      0.061
  7142.167 	      0.038
  7143.449 	      0.043
  7144.731 	     -0.023
  7146.014 	      0.031
  7147.296 	      0.038
  7148.579 	      0.010
  7149.863 	      0.019
  7151.146 	     -0.004
  7152.430 	      0.016
  7153.713 	      0.048
  7154.997 	      0.009
  7156.282 	      0.043
  7157.566 	      0.064
  7158.851 	      0.016
  7160.136 	      0.038
  7161.421 	      0.042
  7162.707 	      0.029
  7163.992 	      0.049
  7165.278 	     -0.003
  7166.564 	     -0.072
  7167.851 	     -0.076
  7169.137 	     -0.025
  7170.424 	      0.018
  7171.711 	     -0.011
  7172.998 	     -0.032
  7174.286 	      0.004
  7175.574 	     -0.004
  7176.862 	     -0.041
  7178.150 	     -0.020
  7179.438 	     -0.031
  7180.727 	     -0.101
  7182.016 	     -0.043
  7183.305 	     -0.088
  7184.595 	     -0.059
  7185.884 	     -0.020
  7187.174 	     -0.031
  7188.464 	     -0.041
  7189.754 	     -0.060
  7191.045 	     -0.022
  7192.336 	      0.015
  7193.627 	     -0.024
  7194.918 	     -0.081
  7196.209 	     -0.107
  7197.501 	     -0.085
  7198.793 	     -0.064
  7200.085 	     -0.089
  7201.377 	     -0.039
  7202.670 	      0.030
  7203.963 	      0.059
  7205.256 	      0.116
  7206.549 	      0.078
  7207.843 	      0.012
  7209.137 	      0.058
  7210.431 	      0.044
  7211.725 	      0.061
  7213.019 	      0.048
  7214.314 	      0.064
  7215.609 	      0.028
  7216.904 	     -0.021
  7218.200 	     -0.051
  7219.495 	     -0.037
  7220.791 	      0.034
  7222.087 	     -0.026
  7223.384 	     -0.044
  7224.680 	     -0.043
  7225.977 	     -0.039
  7227.274 	      0.002
  7228.571 	     -0.054
  7229.869 	     -0.124
  7231.166 	     -0.031
  7232.464 	      0.149
  7233.763 	      0.474
  7235.061 	      0.592
  7236.360 	      0.364
  7237.659 	      0.177
  7238.958 	      0.347
  7240.257 	      0.374
  7241.557 	      0.107
  7242.857 	     -0.331
  7244.157 	     -0.549
  7245.457 	     -0.532
  7246.757 	     -0.364
  7248.058 	     -0.260
  7249.359 	     -0.289
  7250.660 	     -0.144
  7251.962 	     -0.176
  7253.264 	     -0.196
  7254.566 	     -0.176
  7255.868 	     -0.147
  7257.170 	     -0.078
  7258.473 	     -0.036
  7259.776 	     -0.073
  7261.079 	     -0.146
  7262.382 	     -0.103
  7263.686 	     -0.042
  7264.989 	      0.022
  7266.293 	     -0.009
  7267.598 	     -0.053
  7268.902 	      0.292
  7270.207 	      0.864
  7271.512 	      0.946
  7272.817 	      0.453
  7274.123 	     -0.268
  7275.428 	     -0.537
  7276.734 	     -0.385
  7278.040 	     -0.073
  7279.347 	      0.067
  7280.653 	     -0.054
  7281.960 	     -0.341
  7283.267 	     -0.433
  7284.575 	     -0.258
  7285.882 	     -0.121
  7287.190 	     -0.162
  7288.498 	     -0.112
  7289.806 	      0.029
  7291.115 	     -0.060
  7292.423 	     -0.012
  7293.732 	     -0.097
  7295.042 	     -0.114
  7296.351 	     -0.054
  7297.661 	      0.133
  7298.971 	      0.155
  7300.281 	      0.081
  7301.591 	     -0.048
  7302.902 	     -0.153
  7304.212 	     -0.115
  7305.524 	     -0.119
  7306.835 	     -0.123
  7308.146 	     -0.072
  7309.458 	      0.450
  7310.770 	      0.796
  7312.082 	      0.569
  7313.395 	      0.012
  7314.708 	     -0.377
  7316.021 	     -0.323
  7317.334 	     -0.330
  7318.647 	     -0.267
  7319.961 	     -0.193
  7321.275 	     -0.098
  7322.589 	      0.139
  7323.903 	      0.169
  7325.218 	      0.148
  7326.533 	     -0.054
  7327.848 	     -0.215
  7329.163 	     -0.220
  7330.479 	     -0.196
  7331.795 	     -0.125
  7333.111 	      0.178
  7334.427 	      0.809
  7335.743 	      0.922
  7337.060 	      0.402
  7338.377 	     -0.205
  7339.694 	     -0.375
