WV      	 Sigma   
4184.326	    0.108
4185.077	    0.113
4185.828	    0.130
4186.580	    0.156
4187.331	    0.173
4188.083	    0.138
4188.835	    0.115
4189.586	    0.122
4190.339	    0.134
4191.091	    0.148
4191.843	    0.146
4192.595	    0.115
4193.348	    0.143
4194.101	    0.175
4194.853	    0.200
4195.606	    0.218
4196.359	    0.453
4197.113	    0.428
4197.866	    0.361
4198.620	    0.222
4199.373	    0.188
4200.127	    0.176
4200.881	    0.171
4201.635	    0.178
4202.389	    0.164
4203.143	    0.211
4203.898	    0.205
4204.652	    0.122
4205.407	    0.171
4206.162	    0.165
4206.917	    0.170
4207.672	    0.235
4208.427	    0.024
4209.183	    0.141
4209.938	    0.217
4210.694	    0.250
4211.450	    0.104
4212.206	    0.156
4212.962	    0.196
4213.718	    0.169
4214.474	    0.168
4215.231	    0.183
4215.987	    0.172
4216.744	    0.022
4217.501	    0.188
4218.258	    0.195
4219.015	    0.178
4219.773	    0.117
4220.530	    0.175
4221.288	    0.210
4222.045	    0.233
4222.803	    0.243
4223.561	    0.172
4224.319	    0.145
4225.077	    0.140
4225.836	    0.165
4226.594	    0.121
4227.353	    0.152
4228.112	    0.175
4228.871	    0.181
4229.630	    0.148
4230.389	    0.087
4231.148	    0.098
4231.908	    0.195
4232.667	    0.172
4233.427	    0.197
4234.187	    0.207
4234.947	    0.194
4235.707	    0.111
4236.468	    0.114
4237.228	    0.111
4237.989	    0.130
4238.749	    0.069
4239.510	    0.168
4240.271	    0.222
4241.032	    0.243
4241.793	    0.176
4242.555	    0.143
4243.316	    0.148
4244.078	    0.175
4244.840	    0.117
4245.602	    0.075
4246.364	    0.069
4247.126	    0.109
4247.888	    0.236
4248.651	    0.217
4249.413	    0.231
4250.176	    0.245
4250.939	    0.172
4251.702	    0.159
4252.465	    0.106
4253.229	    0.042
4253.992	    0.066
4254.756	    0.124
4255.519	    0.188
4256.283	    0.228
4257.047	    0.230
4257.811	    0.203
4258.575	    0.186
4259.340	    0.175
4260.104	    0.177
4260.869	    0.172
4261.634	    0.203
4262.399	    0.193
4263.164	    0.101
4263.929	    0.098
4264.695	    0.087
4265.460	    0.116
4266.226	    0.166
4266.991	    0.234
4267.757	    0.200
4268.523	    0.172
4269.290	    0.150
4270.056	    0.159
4270.822	    0.098
4271.589	    0.111
4272.356	    0.148
4273.123	    0.149
4273.890	    0.228
4274.657	    0.167
4275.424	    0.062
4276.191	    0.099
4276.959	    0.132
4277.727	    0.198
4278.494	    0.227
4279.262	    0.216
4280.031	    0.200
4280.799	    0.239
4281.567	    0.243
4282.336	    0.205
4283.104	    0.150
4283.873	    0.136
4284.642	    0.151
4285.411	    0.186
4286.180	    0.224
4286.950	    0.245
4287.719	    0.237
4288.489	    0.216
4289.259	    0.201
4290.029	    0.180
4290.799	    0.167
4291.569	    0.163
4292.339	    0.179
4293.110	    0.120
4293.880	    0.142
4294.651	    0.165
4295.422	    0.183
4296.193	    0.140
4296.964	    0.158
4297.735	    0.185
4298.507	    0.212
4299.278	    0.195
4300.050	    0.239
4300.822	    0.262
4301.594	    0.266
4302.366	    0.209
4303.138	    0.228
4303.910	    0.275
4304.683	    0.295
4305.456	    0.254
4306.229	    0.182
4307.001	    0.173
4307.775	    0.197
4308.548	    0.240
4309.321	    0.135
4310.095	    0.232
4310.868	    0.217
4311.642	    0.142
4312.416	    0.187
4313.190	    0.158
4313.964	    0.195
4314.739	    0.221
4315.513	    0.188
4316.288	    0.192
4317.062	    0.213
4317.837	    0.222
4318.612	    0.217
4319.388	    0.112
4320.163	    0.169
4320.938	    0.200
4321.714	    0.212
4322.490	    0.163
4323.266	    0.117
4324.042	    0.083
4324.818	    0.100
4325.594	    0.188
4326.370	    0.164
4327.147	    0.179
4327.924	    0.175
4328.700	    0.145
4329.477	    0.216
4330.255	    0.220
4331.032	    0.222
4331.809	    0.221
4332.587	    0.205
4333.364	    0.205
4334.142	    0.128
4334.920	    0.047
4335.698	    0.160
4336.477	    0.197
4337.255	    0.189
4338.034	    0.149
4338.812	    0.049
4339.591	    0.153
4340.370	    0.132
4341.149	    0.065
4341.928	    0.045
4342.708	    0.162
4343.487	    0.153
4344.267	    0.170
4345.046	    0.187
4345.826	    0.199
4346.606	    0.232
4347.387	    0.156
4348.167	    0.140
4348.947	    0.177
4349.728	    0.229
4350.509	    0.226
4351.290	    0.218
4352.071	    0.215
4352.852	    0.221
4353.633	    0.237
4354.415	    0.232
4355.196	    0.228
4355.978	    0.221
4356.760	    0.173
4357.542	    0.175
4358.324	    0.154
4359.106	    0.141
4359.889	    0.167
4360.671	    0.179
4361.454	    0.192
4362.237	    0.188
4363.020	    0.174
4363.803	    0.171
4364.587	    0.156
4365.370	    0.127
4366.153	    0.118
4366.937	    0.165
4367.721	    0.170
4368.505	    0.163
4369.289	    0.202
4370.073	    0.256
4370.858	    0.262
4371.642	    0.232
4372.427	    0.201
4373.212	    0.183
4373.997	    0.197
4374.782	    0.207
4375.567	    0.231
4376.353	    0.215
4377.138	    0.163
4377.924	    0.135
4378.710	    0.261
4379.496	    0.232
4380.282	    0.199
4381.068	    0.243
4381.854	    0.248
4382.641	    0.281
4383.428	    0.272
4384.214	    0.233
4385.001	    0.201
4385.788	    0.225
4386.576	    0.190
4387.363	    0.187
4388.151	    0.245
4388.938	    0.151
4389.726	    0.159
4390.514	    0.152
4391.302	    0.130
4392.090	    0.084
4392.879	    0.147
4393.667	    0.264
4394.456	    0.373
4402.350	    0.124
4403.140	    0.097
4403.931	    0.277
4404.721	    0.259
4405.512	    0.210
4406.302	    0.159
4407.093	    0.152
4407.884	    0.161
4408.676	    0.179
4409.467	    0.204
4410.258	    0.237
4411.050	    0.084
4411.842	    0.081
4412.634	    0.169
4413.426	    0.239
4414.218	    0.184
4415.010	    0.256
4415.803	    0.251
4416.595	    0.236
4417.388	    0.228
4418.181	    0.145
4418.974	    0.130
4419.767	    0.117
4420.561	    0.148
4421.354	    0.242
4422.148	    0.209
4422.941	    0.178
4423.735	    0.148
4424.529	    0.126
4425.324	    0.141
4426.118	    0.218
4426.912	    0.197
4427.707	    0.171
4428.502	    0.169
4429.297	    0.194
4430.092	    0.123
4430.887	    0.142
4431.682	    0.152
4432.478	    0.073
4433.273	    0.059
4434.069	    0.146
4434.865	    0.182
4435.661	    0.187
4436.457	    0.135
4437.253	    0.130
4438.050	    0.125
4438.847	    0.124
4439.643	    0.121
4440.440	    0.066
4441.237	    0.100
4442.034	    0.101
4442.832	    0.068
4443.629	    0.062
4444.427	    0.042
4445.225	    0.098
4446.023	    0.119
4446.821	    0.117
4447.619	    0.093
4448.417	    0.020
4449.216	    0.071
4450.014	    0.083
4450.813	    0.088
4451.612	    0.090
4452.411	    0.112
4453.210	    0.121
4454.009	    0.119
4454.809	    0.113
4455.609	    0.111
4456.408	    0.143
4457.208	    0.151
4458.008	    0.133
4458.808	    0.094
4459.609	    0.074
4460.409	    0.141
4461.210	    0.155
4462.011	    0.135
4462.812	    0.068
4463.613	    0.086
4464.414	    0.036
4465.215	    0.090
4466.017	    0.129
4466.818	    0.149
4467.620	    0.144
4468.422	    0.122
4469.224	    0.103
4470.026	    0.090
4470.829	    0.080
4471.631	    0.026
4472.434	    0.077
4473.237	    0.075
4474.039	    0.038
4474.843	    0.061
4475.646	    0.094
4476.449	    0.151
4490.934	    0.114
4491.740	    0.136
4492.547	    0.142
4493.353	    0.149
4494.160	    0.161
4494.966	    0.176
4495.773	    0.144
4496.580	    0.141
4497.387	    0.122
4498.194	    0.087
4499.002	    0.020
4499.809	    0.038
4500.617	    0.030
4501.425	    0.033
4502.233	    0.038
4503.041	    0.047
4503.849	    0.136
4504.658	    0.158
4505.466	    0.145
4506.275	    0.109
4507.084	    0.031
4507.893	    0.066
4508.702	    0.066
4509.511	    0.067
4510.321	    0.072
4511.130	    0.084
4511.940	    0.111
4512.750	    0.142
4513.560	    0.160
4514.370	    0.160
4515.180	    0.136
4515.991	    0.103
4516.802	    0.142
4517.612	    0.183
4518.423	    0.199
4519.234	    0.186
4520.045	    0.130
4520.857	    0.079
4521.668	    0.065
4522.480	    0.071
4523.292	    0.082
4524.103	    0.087
4524.916	    0.078
4525.728	    0.071
4526.540	    0.063
4527.353	    0.045
4528.165	    0.054
4528.978	    0.098
4529.791	    0.076
4530.604	    0.074
4531.417	    0.132
4532.231	    0.149
4533.044	    0.034
4533.858	    0.099
4534.672	    0.031
4535.486	    0.126
4536.300	    0.176
4537.114	    0.163
4537.928	    0.144
4538.743	    0.144
4539.558	    0.145
4540.372	    0.136
4541.187	    0.121
4542.002	    0.126
4542.818	    0.129
4543.633	    0.135
4544.449	    0.141
4545.264	    0.143
4546.080	    0.145
4546.896	    0.145
4547.712	    0.137
4548.529	    0.116
4549.345	    0.069
4550.162	    0.034
4550.979	    0.059
4551.795	    0.041
4552.612	    0.050
4553.430	    0.078
4554.247	    0.098
4555.064	    0.154
4555.882	    0.150
4556.700	    0.105
4557.518	    0.068
4558.336	    0.073
4559.154	    0.099
4559.972	    0.141
4560.791	    0.156
4561.609	    0.154
4562.428	    0.141
4563.247	    0.131
4564.066	    0.122
4564.885	    0.114
4565.705	    0.107
4566.524	    0.099
4567.344	    0.062
4568.164	    0.069
4568.984	    0.068
4569.804	    0.080
4570.624	    0.160
4571.445	    0.191
4572.265	    0.143
4573.086	    0.069
4573.907	    0.064
4574.728	    0.075
4575.549	    0.056
4576.370	    0.041
4577.192	    0.037
4578.013	    0.036
4578.835	    0.028
4579.657	    0.024
4580.479	    0.034
4581.301	    0.034
4582.123	    0.036
4582.946	    0.024
4583.768	    0.067
4584.591	    0.107
4585.414	    0.112
4586.237	    0.069
4587.060	    0.042
4587.884	    0.080
4588.707	    0.096
4589.531	    0.014
4590.355	    0.106
4591.179	    0.093
4592.003	    0.026
4592.827	    0.110
4593.651	    0.143
4594.476	    0.144
4595.301	    0.127
4596.125	    0.088
4596.950	    0.041
4597.776	    0.099
4598.601	    0.119
4599.426	    0.103
4600.252	    0.073
4601.078	    0.042
4601.903	    0.030
4602.730	    0.030
4603.556	    0.048
4604.382	    0.038
4605.208	    0.069
4606.035	    0.113
4606.862	    0.134
4607.689	    0.125
4608.516	    0.109
4609.343	    0.103
4610.170	    0.098
4610.998	    0.091
4611.826	    0.075
4612.653	    0.047
4613.481	    0.033
4614.309	    0.052
4615.138	    0.080
4615.966	    0.101
4616.795	    0.097
4617.623	    0.075
4618.452	    0.088
4619.281	    0.115
4620.110	    0.134
4620.940	    0.129
4621.769	    0.074
4622.599	    0.054
4623.428	    0.087
4624.258	    0.115
4625.088	    0.127
4625.918	    0.112
4626.749	    0.067
4627.579	    0.040
4628.410	    0.060
4629.241	    0.094
4630.072	    0.117
4630.903	    0.096
4631.734	    0.047
4632.565	    0.058
4633.397	    0.044
4634.229	    0.088
4635.060	    0.081
4635.892	    0.050
4636.724	    0.095
4637.557	    0.108
4638.389	    0.112
4639.222	    0.106
4640.054	    0.078
4640.887	    0.087
4641.720	    0.115
4642.553	    0.071
4643.387	    0.096
4644.220	    0.147
4645.054	    0.150
4645.888	    0.119
4646.722	    0.103
4647.556	    0.093
4648.390	    0.077
4649.224	    0.042
4650.059	    0.042
4650.893	    0.049
4651.728	    0.028
4652.563	    0.040
4653.398	    0.053
4654.234	    0.034
4655.069	    0.079
4655.905	    0.116
4656.740	    0.130
4657.576	    0.117
4658.412	    0.064
4659.248	    0.090
4660.085	    0.083
4660.921	    0.093
4661.758	    0.127
4662.594	    0.115
4663.431	    0.066
4664.268	    0.050
4665.106	    0.073
4665.943	    0.124
4666.781	    0.146
4667.618	    0.154
4668.456	    0.147
4669.294	    0.122
4670.132	    0.037
4670.970	    0.100
4671.809	    0.075
4672.647	    0.077
4673.486	    0.134
4674.325	    0.144
4675.164	    0.106
4676.003	    0.088
4676.843	    0.066
4677.682	    0.054
4678.522	    0.115
4679.361	    0.144
4680.201	    0.042
4681.041	    0.129
4681.882	    0.133
4682.722	    0.083
4683.563	    0.086
4684.403	    0.117
4685.244	    0.107
4686.085	    0.117
4686.926	    0.132
4687.767	    0.092
4688.609	    0.103
4689.450	    0.149
4690.292	    0.154
4691.134	    0.036
4691.976	    0.030
4692.818	    0.103
4693.661	    0.133
4694.503	    0.138
4695.346	    0.050
4696.189	    0.094
4697.032	    0.083
4697.875	    0.107
4698.718	    0.104
4699.561	    0.175
4700.405	    0.117
4701.249	    0.138
4702.092	    0.073
4702.936	    0.068
4703.781	    0.040
4704.625	    0.115
4705.469	    0.099
4706.314	    0.167
4707.159	    0.200
4708.004	    0.185
4708.849	    0.149
4709.694	    0.132
4710.539	    0.120
4711.385	    0.080
4712.231	    0.077
4713.076	    0.066
4713.922	    0.071
4714.768	    0.092
4715.615	    0.071
4716.461	    0.046
4717.308	    0.051
4718.154	    0.076
4719.001	    0.101
4719.848	    0.124
4720.696	    0.148
4721.543	    0.132
4722.390	    0.081
4723.238	    0.042
4724.086	    0.076
4724.934	    0.142
4725.782	    0.157
4726.630	    0.201
4727.479	    0.196
4728.327	    0.201
4729.176	    0.179
4730.025	    0.146
4730.874	    0.136
4731.723	    0.148
4732.572	    0.132
4733.422	    0.118
4734.271	    0.113
4735.121	    0.110
4735.971	    0.104
4736.821	    0.094
4737.671	    0.037
4738.522	    0.162
4739.372	    0.178
4740.223	    0.134
4741.074	    0.028
4741.925	    0.084
4742.776	    0.117
4743.627	    0.030
4744.479	    0.131
4745.330	    0.077
4746.182	    0.097
4747.034	    0.072
4747.886	    0.131
4748.738	    0.096
4749.591	    0.097
4750.443	    0.108
4751.296	    0.159
4752.149	    0.176
4753.002	    0.078
4753.855	    0.150
4754.708	    0.165
4755.562	    0.124
4756.415	    0.067
4757.269	    0.044
4758.123	    0.065
4758.977	    0.063
4759.831	    0.144
4760.686	    0.186
4761.540	    0.169
4762.395	    0.108
4763.250	    0.017
4764.105	    0.078
4764.960	    0.172
4765.815	    0.148
4766.671	    0.083
4767.526	    0.124
4768.382	    0.141
4769.238	    0.103
4770.094	    0.090
4770.950	    0.150
4771.807	    0.132
4772.663	    0.086
4773.520	    0.024
4774.377	    0.059
4775.234	    0.036
4776.091	    0.069
4776.948	    0.075
4777.805	    0.100
4778.663	    0.147
4779.521	    0.144
4780.379	    0.111
4781.237	    0.119
4782.095	    0.182
4782.953	    0.234
4783.812	    0.212
4784.670	    0.192
4785.529	    0.174
4786.388	    0.158
4787.247	    0.146
4788.107	    0.108
4788.966	    0.136
4789.826	    0.116
4790.686	    0.125
4791.545	    0.151
4792.405	    0.164
4793.266	    0.141
4794.126	    0.026
4794.987	    0.103
4795.847	    0.132
4796.708	    0.136
4797.569	    0.128
4798.430	    0.102
4799.292	    0.093
4800.153	    0.110
4801.015	    0.057
4801.876	    0.047
4802.738	    0.064
4803.600	    0.014
4804.463	    0.086
4805.325	    0.022
4806.188	    0.095
4807.050	    0.120
4807.913	    0.054
4808.776	    0.034
4809.639	    0.113
4810.503	    0.133
4811.366	    0.135
4812.230	    0.153
4813.093	    0.136
4813.957	    0.121
4814.821	    0.147
4815.686	    0.162
4816.550	    0.143
4817.415	    0.172
4818.279	    0.142
4819.144	    0.132
4820.009	    0.071
4820.874	    0.128
4821.740	    0.182
4822.605	    0.177
4823.471	    0.160
4824.337	    0.131
4825.203	    0.111
4826.069	    0.120
4826.935	    0.125
4827.801	    0.110
4828.668	    0.064
4829.535	    0.053
4830.401	    0.080
4831.269	    0.146
4832.136	    0.108
4833.003	    0.079
4833.871	    0.063
4834.738	    0.045
4835.606	    0.108
4836.474	    0.037
4837.342	    0.117
4838.210	    0.133
4839.079	    0.104
4839.947	    0.094
4840.816	    0.138
4841.685	    0.183
4842.554	    0.195
4843.423	    0.186
4844.293	    0.157
4845.162	    0.114
4846.032	    0.142
4846.902	    0.177
4847.772	    0.155
4848.642	    0.175
4849.512	    0.191
4850.383	    0.152
4851.253	    0.101
4852.124	    0.045
4852.995	    0.056
4853.866	    0.093
4854.737	    0.040
4855.609	    0.118
4856.480	    0.147
4857.352	    0.109
4858.224	    0.110
4859.096	    0.120
4859.968	    0.084
4860.841	    0.082
4861.713	    0.182
4862.586	    0.178
4863.459	    0.096
4864.332	    0.052
4865.205	    0.095
4866.078	    0.147
4866.951	    0.166
4867.825	    0.041
4868.699	    0.130
4869.573	    0.063
4870.447	    0.063
4871.321	    0.130
4872.195	    0.150
4873.070	    0.136
4873.945	    0.162
4874.819	    0.083
4875.694	    0.092
4876.570	    0.059
4877.445	    0.094
4878.320	    0.075
4879.196	    0.059
4880.072	    0.066
4880.948	    0.097
4881.824	    0.124
4882.700	    0.135
4883.577	    0.129
4884.453	    0.134
4885.330	    0.124
4886.207	    0.075
4887.084	    0.064
4887.961	    0.010
4888.838	    0.161
4889.716	    0.145
4890.594	    0.089
4891.472	    0.097
4892.350	    0.122
4893.228	    0.121
4894.106	    0.114
4894.984	    0.080
4895.863	    0.082
4896.742	    0.082
4897.621	    0.063
4898.500	    0.084
4899.379	    0.087
4900.259	    0.099
4901.138	    0.068
4902.018	    0.095
4902.898	    0.154
4903.778	    0.125
4904.658	    0.119
4905.538	    0.155
4906.419	    0.202
4907.300	    0.236
4908.180	    0.245
4909.061	    0.228
4909.943	    0.203
4910.824	    0.110
4911.705	    0.083
4912.587	    0.062
4913.469	    0.095
4914.351	    0.111
4915.233	    0.014
4916.115	    0.147
4916.998	    0.145
4917.880	    0.125
4918.763	    0.098
4919.646	    0.034
4920.529	    0.095
4921.412	    0.088
4922.295	    0.078
4923.179	    0.079
4924.063	    0.090
4924.947	    0.093
4925.831	    0.124
4926.715	    0.157
4927.599	    0.142
4928.484	    0.042
4929.368	    0.072
4930.253	    0.080
4931.138	    0.094
4932.023	    0.026
4932.908	    0.084
4933.794	    0.038
4934.679	    0.063
4935.565	    0.061
4936.451	    0.022
4937.337	    0.059
4938.223	    0.103
4939.110	    0.114
4939.996	    0.187
4940.883	    0.188
4941.770	    0.166
4942.657	    0.161
4943.544	    0.173
4944.431	    0.198
4945.319	    0.132
4946.207	    0.146
4947.094	    0.085
4947.982	    0.132
4948.871	    0.156
4949.759	    0.168
4950.647	    0.170
4951.536	    0.091
4952.425	    0.109
4953.314	    0.084
4954.203	    0.129
4955.092	    0.125
4955.981	    0.141
4956.871	    0.154
4957.761	    0.122
4958.651	    0.043
4959.541	    0.123
4960.431	    0.086
4961.321	    0.110
4962.212	    0.122
4963.103	    0.142
4963.993	    0.109
4964.884	    0.038
4965.776	    0.034
4966.667	    0.069
4967.558	    0.121
4968.450	    0.129
4969.342	    0.107
4970.234	    0.094
4971.126	    0.087
4972.018	    0.089
4972.911	    0.088
4973.803	    0.080
4974.696	    0.103
4975.589	    0.132
4976.482	    0.121
4977.375	    0.090
4978.269	    0.107
4979.162	    0.149
4980.056	    0.157
4980.950	    0.135
4981.844	    0.127
4982.738	    0.116
4983.633	    0.108
4984.527	    0.090
4985.422	    0.057
4986.317	    0.091
4987.212	    0.098
4988.107	    0.105
4989.002	    0.109
4989.898	    0.107
4990.794	    0.127
4991.689	    0.056
4992.585	    0.083
4993.482	    0.092
4994.378	    0.098
4995.274	    0.153
4996.171	    0.150
4997.068	    0.141
4997.965	    0.160
4998.862	    0.109
4999.759	    0.041
5000.657	    0.119
5001.554	    0.117
5002.452	    0.162
5003.350	    0.148
5004.248	    0.120
5005.146	    0.140
5006.045	    0.167
5006.943	    0.144
5007.842	    0.110
5008.741	    0.123
5009.640	    0.146
5010.539	    0.170
5011.438	    0.168
5012.338	    0.160
5013.238	    0.140
5014.137	    0.081
5015.037	    0.059
5015.938	    0.073
5016.838	    0.059
5017.738	    0.132
5018.639	    0.014
5019.540	    0.047
5020.441	    0.064
5021.342	    0.112
5022.243	    0.120
5023.145	    0.014
5024.046	    0.102
5024.948	    0.124
5025.850	    0.120
5026.752	    0.093
5027.655	    0.137
5028.557	    0.144
5029.460	    0.055
5030.362	    0.112
5031.265	    0.084
5032.168	    0.038
5033.072	    0.136
5033.975	    0.026
5034.879	    0.058
5035.782	    0.058
5036.686	    0.028
5037.590	    0.038
5038.495	    0.041
5039.399	    0.038
5040.304	    0.081
5041.208	    0.106
5042.113	    0.115
5043.018	    0.114
5043.923	    0.135
5044.829	    0.092
5045.734	    0.059
5046.640	    0.095
5047.546	    0.113
5048.452	    0.095
5049.358	    0.091
5050.264	    0.102
5051.171	    0.069
5052.078	    0.125
5052.984	    0.171
5053.891	    0.184
5054.799	    0.177
5055.706	    0.133
5056.613	    0.060
5057.521	    0.062
5058.429	    0.084
5059.337	    0.028
5060.245	    0.057
5061.153	    0.083
5062.062	    0.033
5062.970	    0.059
5063.879	    0.056
5064.788	    0.078
5065.697	    0.096
5066.606	    0.091
5067.516	    0.144
5068.425	    0.154
5069.335	    0.126
5070.245	    0.099
5071.155	    0.146
5072.065	    0.163
5072.976	    0.138
5073.886	    0.145
5074.797	    0.165
5075.708	    0.161
5076.619	    0.123
5077.530	    0.020
5078.442	    0.014
5079.353	    0.089
5080.265	    0.098
5081.177	    0.083
5082.089	    0.113
5083.001	    0.110
5083.914	    0.107
5084.826	    0.124
5085.739	    0.131
5086.652	    0.113
5087.565	    0.089
5088.478	    0.072
5089.391	    0.059
5090.305	    0.073
5091.219	    0.174
5092.132	    0.176
5093.046	    0.151
5093.961	    0.112
5094.875	    0.107
5095.789	    0.143
5096.704	    0.131
5097.619	    0.097
5098.534	    0.108
5099.449	    0.193
5100.364	    0.110
5101.280	    0.097
5102.196	    0.159
5103.111	    0.157
5104.027	    0.110
5104.944	    0.083
5105.860	    0.125
5106.776	    0.167
5107.693	    0.146
5108.610	    0.089
5109.527	    0.051
5110.444	    0.140
5111.361	    0.116
5112.279	    0.088
5113.196	    0.051
5114.114	    0.057
5115.032	    0.073
5115.950	    0.043
5116.868	    0.042
5117.787	    0.084
5118.706	    0.057
5119.624	    0.088
5120.543	    0.088
5121.462	    0.121
5122.382	    0.166
5123.301	    0.142
5124.221	    0.066
5125.141	    0.038
5126.060	    0.080
5126.981	    0.126
5127.901	    0.061
5128.821	    0.085
5129.742	    0.141
5130.663	    0.145
5131.584	    0.170
5132.505	    0.125
5133.426	    0.058
5134.347	    0.105
5135.269	    0.142
5136.191	    0.111
5137.113	    0.093
5138.035	    0.164
5138.957	    0.064
5139.879	    0.030
5140.802	    0.105
5141.725	    0.122
5142.648	    0.158
5143.571	    0.169
5144.494	    0.118
5145.417	    0.099
5146.341	    0.089
5147.265	    0.040
5148.189	    0.057
5149.113	    0.046
5150.037	    0.066
5150.961	    0.166
5151.886	    0.119
5152.811	    0.157
5153.736	    0.127
5154.661	    0.111
5155.586	    0.086
5156.511	    0.122
5157.437	    0.157
5158.363	    0.111
5159.289	    0.094
5160.215	    0.040
5161.141	    0.093
5162.067	    0.117
5162.994	    0.126
5163.921	    0.103
5164.848	    0.091
5165.775	    0.102
5166.702	    0.125
5167.629	    0.120
5168.557	    0.097
5169.485	    0.090
5170.412	    0.098
5171.341	    0.114
5172.269	    0.154
5173.197	    0.154
5174.126	    0.155
5175.054	    0.154
5175.983	    0.156
5176.912	    0.130
5177.842	    0.083
5178.771	    0.080
5179.701	    0.086
5180.630	    0.108
5181.560	    0.123
5182.490	    0.106
5183.421	    0.111
5184.351	    0.152
5185.282	    0.148
5186.212	    0.106
5187.143	    0.080
5188.074	    0.076
5189.006	    0.069
5189.937	    0.024
5190.868	    0.109
5191.800	    0.139
5192.732	    0.141
5193.664	    0.130
5194.596	    0.122
5195.529	    0.130
5196.461	    0.094
5197.394	    0.192
5198.327	    0.283
5199.260	    0.284
5200.193	    0.285
5201.127	    0.285
5202.060	    0.286
5202.994	    0.286
5203.928	    0.286
5204.862	    0.286
5205.796	    0.286
5206.731	    0.287
5207.665	    0.287
5208.600	    0.286
5209.535	    0.286
5210.470	    0.286
5211.405	    0.285
5212.341	    0.284
5213.276	    0.283
5214.212	    0.281
5215.148	    0.280
5216.084	    0.279
5217.021	    0.278
5217.957	    0.277
5218.894	    0.277
5219.830	    0.277
5220.767	    0.277
5221.704	    0.278
5222.642	    0.278
5223.579	    0.279
5224.517	    0.280
5225.454	    0.281
5226.392	    0.282
5227.331	    0.151
5228.269	    0.095
5229.207	    0.108
5230.146	    0.122
5231.085	    0.142
5232.024	    0.137
5232.963	    0.129
5233.902	    0.108
5234.842	    0.043
5235.781	    0.101
5236.721	    0.153
5237.661	    0.153
5238.601	    0.124
5239.541	    0.099
5240.482	    0.128
5241.423	    0.085
5242.363	    0.010
5243.304	    0.063
5244.245	    0.127
5245.187	    0.147
5246.128	    0.094
5247.070	    0.017
5248.012	    0.050
5248.954	    0.057
5249.896	    0.101
5250.838	    0.170
5251.781	    0.174
5252.723	    0.165
5253.666	    0.209
5254.609	    0.117
5255.552	    0.102
5256.496	    0.108
5257.439	    0.188
5258.383	    0.174
5259.327	    0.133
5260.271	    0.155
5261.215	    0.185
5262.159	    0.175
5263.104	    0.155
5264.049	    0.171
5264.994	    0.177
5265.939	    0.165
5266.884	    0.146
5267.829	    0.149
5268.775	    0.170
5269.721	    0.176
5270.666	    0.192
5271.612	    0.145
5272.559	    0.151
5273.505	    0.163
5274.452	    0.166
5275.398	    0.170
5276.345	    0.172
5277.292	    0.184
5278.240	    0.194
5279.187	    0.165
5280.135	    0.152
5281.082	    0.106
5282.030	    0.129
5282.979	    0.073
5283.927	    0.137
5284.875	    0.164
5285.824	    0.145
5286.773	    0.110
5287.722	    0.113
5288.671	    0.134
5289.620	    0.167
5290.569	    0.171
5291.519	    0.155
5292.469	    0.135
5293.419	    0.116
5294.369	    0.129
5295.319	    0.155
5296.270	    0.135
5297.220	    0.080
5298.171	    0.078
5299.122	    0.066
5300.073	    0.048
5301.025	    0.133
5301.976	    0.162
5302.928	    0.149
5303.880	    0.125
5304.832	    0.097
5305.784	    0.082
5306.736	    0.098
5307.689	    0.141
5308.642	    0.157
5309.595	    0.115
5310.548	    0.020
5311.501	    0.031
5312.454	    0.046
5313.408	    0.022
5314.362	    0.067
5315.315	    0.076
5316.270	    0.052
5317.224	    0.099
5318.178	    0.071
5319.133	    0.082
5320.088	    0.124
5321.043	    0.105
5321.998	    0.017
5322.953	    0.083
5323.908	    0.125
5324.864	    0.046
5325.820	    0.041
5326.776	    0.088
5327.732	    0.091
5328.688	    0.087
5329.645	    0.123
5330.601	    0.127
5331.558	    0.096
5332.515	    0.086
5333.472	    0.063
5334.430	    0.075
5335.387	    0.057
5336.345	    0.086
5337.303	    0.130
5338.261	    0.010
5339.219	    0.082
5340.177	    0.108
5341.136	    0.098
5342.094	    0.063
5343.053	    0.020
5344.012	    0.096
5344.972	    0.130
5345.931	    0.138
5346.891	    0.137
5347.850	    0.115
5348.810	    0.074
5349.770	    0.066
5350.731	    0.118
5351.691	    0.099
5352.652	    0.020
5353.612	    0.028
5354.573	    0.092
5355.535	    0.112
5356.496	    0.125
5357.457	    0.138
5358.419	    0.141
5359.381	    0.164
5360.343	    0.169
5361.305	    0.189
5362.267	    0.183
5363.230	    0.159
5364.192	    0.155
5365.155	    0.161
5366.118	    0.152
5367.081	    0.138
5368.045	    0.132
5369.008	    0.118
5369.972	    0.090
5370.936	    0.059
5371.900	    0.022
5372.864	    0.057
5373.829	    0.105
5374.793	    0.079
5375.758	    0.089
5376.723	    0.128
5377.688	    0.141
5378.653	    0.138
5379.619	    0.056
5380.584	    0.137
5381.550	    0.134
5382.516	    0.014
5383.482	    0.129
5384.449	    0.124
5385.415	    0.080
5386.382	    0.081
5387.349	    0.250
5388.316	    0.250
5389.283	    0.115
5390.250	    0.149
5391.218	    0.211
5392.185	    0.148
5393.153	    0.056
5394.121	    0.020
5395.090	    0.020
5396.058	    0.063
5397.027	    0.077
5397.995	    0.112
5398.964	    0.086
5399.933	    0.070
5400.903	    0.095
5401.872	    0.079
5402.842	    0.076
5403.811	    0.052
5404.781	    0.055
5405.751	    0.088
5406.722	    0.137
5407.692	    0.105
5408.663	    0.090
5409.634	    0.047
5410.605	    0.046
5411.576	    0.056
5412.547	    0.079
5413.519	    0.085
5414.491	    0.123
5415.462	    0.138
5416.434	    0.102
5417.407	    0.060
5418.379	    0.073
5419.352	    0.100
5420.324	    0.099
5421.297	    0.088
5422.270	    0.057
5423.244	    0.066
5424.217	    0.110
5425.191	    0.090
5426.165	    0.103
5427.139	    0.145
5428.113	    0.115
5429.087	    0.042
5430.062	    0.057
5431.036	    0.084
5432.011	    0.097
5432.986	    0.126
5433.961	    0.142
5434.937	    0.118
5435.912	    0.105
5436.888	    0.087
5437.864	    0.074
5438.840	    0.133
5439.816	    0.139
5440.793	    0.096
5441.769	    0.048
5442.746	    0.059
5443.723	    0.054
5444.700	    0.077
5445.677	    0.070
5446.655	    0.024
5447.632	    0.052
5448.610	    0.084
5449.588	    0.033
5450.566	    0.055
5451.545	    0.050
5452.523	    0.101
5453.502	    0.080
5454.481	    0.010
5455.460	    0.056
5456.439	    0.164
5457.419	    0.129
5458.398	    0.103
5459.378	    0.042
5460.358	    0.091
5461.338	    0.113
5462.318	    0.056
5463.299	    0.082
5464.279	    0.130
5465.260	    0.054
5466.241	    0.074
5467.222	    0.107
5468.204	    0.085
5469.185	    0.077
5470.167	    0.068
5471.149	    0.091
5472.131	    0.154
5473.113	    0.127
5474.096	    0.047
5475.078	    0.059
5476.061	    0.074
5477.044	    0.077
5478.027	    0.043
5479.010	    0.066
5479.994	    0.043
5480.977	    0.020
5481.961	    0.017
5482.945	    0.080
5483.929	    0.108
5484.914	    0.044
5485.898	    0.066
5486.883	    0.014
5487.868	    0.056
5488.853	    0.122
5489.838	    0.165
5490.823	    0.115
5491.809	    0.020
5492.795	    0.042
5493.781	    0.156
5494.767	    0.108
5495.753	    0.115
5496.740	    0.072
5497.726	    0.091
5498.713	    0.127
5499.700	    0.041
5500.687	    0.078
5501.675	    0.062
5502.662	    0.120
5503.650	    0.034
5504.638	    0.088
5505.626	    0.071
5506.614	    0.031
5507.602	    0.111
5508.591	    0.110
5509.580	    0.068
5510.569	    0.075
5511.558	    0.043
5512.547	    0.136
5513.537	    0.066
5514.526	    0.050
5515.516	    0.066
5516.506	    0.043
5517.496	    0.096
5518.487	    0.093
5519.477	    0.074
5520.468	    0.128
5521.459	    0.080
5522.450	    0.094
5523.441	    0.059
5524.433	    0.069
5525.424	    0.033
5526.416	    0.106
5527.408	    0.033
5528.400	    0.059
5529.392	    0.078
5530.385	    0.063
5531.378	    0.038
5532.370	    0.071
5533.363	    0.063
5534.357	    0.059
5535.350	    0.093
5536.344	    0.115
5537.337	    0.074
5538.331	    0.010
5539.325	    0.063
5540.320	    0.111
5541.314	    0.087
5542.309	    0.066
5543.304	    0.033
5544.299	    0.056
5545.294	    0.051
5546.289	    0.077
5547.285	    0.098
5548.280	    0.036
5549.276	    0.095
5550.272	    0.084
5551.269	    0.069
5552.265	    0.088
5553.262	    0.088
5554.259	    0.145
5555.255	    0.072
5556.253	    0.062
5557.250	    0.054
5558.247	    0.081
5559.245	    0.089
5560.243	    0.095
5561.241	    0.133
5562.239	    0.055
5563.238	    0.075
5564.236	    0.041
5565.235	    0.042
5566.234	    0.103
5567.233	    0.017
5568.232	    0.111
5586.250	    0.043
5587.253	    0.061
5588.256	    0.110
5589.259	    0.075
5590.262	    0.099
5591.266	    0.066
5592.269	    0.066
5593.273	    0.037
5594.277	    0.113
5595.281	    0.046
5596.286	    0.084
5597.290	    0.014
5598.295	    0.078
5599.300	    0.145
5600.305	    0.100
5601.310	    0.089
5602.315	    0.108
5603.321	    0.064
5604.327	    0.054
5605.333	    0.040
5606.339	    0.084
5607.345	    0.056
5608.352	    0.036
5609.358	    0.138
5610.365	    0.115
5611.372	    0.044
5612.379	    0.030
5613.387	    0.031
5614.394	    0.058
5615.402	    0.079
5616.410	    0.139
5617.418	    0.071
5618.427	    0.075
5619.435	    0.020
5620.444	    0.072
5621.453	    0.040
5622.462	    0.076
5623.471	    0.031
5624.480	    0.074
5625.490	    0.066
5626.499	    0.087
5627.509	    0.084
5628.520	    0.030
5629.530	    0.094
5630.540	    0.085
5631.551	    0.047
5632.562	    0.060
5633.573	    0.049
5634.584	    0.066
5635.595	    0.038
5636.607	    0.140
5637.619	    0.083
5638.631	    0.057
5639.643	    0.090
5640.655	    0.113
5641.668	    0.184
5642.680	    0.107
5643.693	    0.176
5644.706	    0.065
5645.719	    0.110
5646.733	    0.056
5647.746	    0.125
5648.760	    0.086
5649.774	    0.134
5650.788	    0.151
5651.802	    0.121
5652.817	    0.052
5653.831	    0.082
5654.846	    0.089
5655.861	    0.108
5656.876	    0.078
5657.892	    0.109
5658.907	    0.010
5659.923	    0.064
5660.939	    0.061
5661.955	    0.073
5662.972	    0.068
5663.988	    0.087
5665.005	    0.084
5666.022	    0.030
5667.039	    0.077
5668.056	    0.112
5669.073	    0.102
5670.091	    0.062
5671.109	    0.114
5672.126	    0.074
5673.145	    0.090
5674.163	    0.036
5675.181	    0.062
5676.200	    0.014
5677.219	    0.040
5678.238	    0.030
5679.257	    0.097
5680.277	    0.104
5681.296	    0.088
5682.316	    0.107
5683.336	    0.102
5684.356	    0.045
5685.376	    0.105
5686.397	    0.094
5687.418	    0.062
5688.438	    0.077
5689.459	    0.057
5690.481	    0.024
5691.502	    0.038
5692.524	    0.051
5693.545	    0.112
5694.567	    0.141
5695.590	    0.138
5696.612	    0.153
5697.634	    0.133
5698.657	    0.108
5699.680	    0.154
5700.703	    0.153
5701.726	    0.104
5702.750	    0.084
5703.773	    0.111
5704.797	    0.105
5705.821	    0.073
5706.845	    0.115
5707.870	    0.151
5708.894	    0.154
5709.919	    0.137
5710.944	    0.094
5711.969	    0.137
5712.994	    0.156
5714.020	    0.106
5715.045	    0.127
5716.071	    0.115
5717.097	    0.075
5718.123	    0.069
5719.150	    0.031
5720.176	    0.083
5721.203	    0.149
5722.230	    0.121
5723.257	    0.066
5724.284	    0.124
5725.312	    0.152
5726.340	    0.095
5727.367	    0.130
5728.396	    0.104
5729.424	    0.127
5730.452	    0.069
5731.481	    0.083
5732.510	    0.075
5733.538	    0.054
5734.568	    0.065
5735.597	    0.115
5736.626	    0.114
5737.656	    0.086
5738.686	    0.071
5739.716	    0.101
5740.746	    0.117
5741.777	    0.115
5742.807	    0.057
5743.838	    0.100
5744.869	    0.080
5745.900	    0.069
5746.932	    0.097
5747.963	    0.099
5748.995	    0.091
5750.027	    0.094
5751.059	    0.088
5752.091	    0.055
5753.124	    0.031
5754.157	    0.067
5755.189	    0.139
5756.222	    0.151
5757.256	    0.162
5758.289	    0.170
5759.323	    0.138
5760.356	    0.107
5761.390	    0.103
5762.425	    0.101
5763.459	    0.082
5764.493	    0.137
5765.528	    0.135
5766.563	    0.087
5767.598	    0.075
5768.633	    0.117
5769.669	    0.095
5770.704	    0.143
5771.740	    0.154
5772.776	    0.144
5773.812	    0.155
5774.849	    0.153
5775.885	    0.159
5776.922	    0.164
5777.959	    0.133
5778.996	    0.114
5780.033	    0.127
5781.071	    0.156
5782.109	    0.168
5783.146	    0.152
5784.185	    0.123
5785.223	    0.098
5786.261	    0.105
5787.300	    0.127
5788.339	    0.157
5789.378	    0.161
5790.417	    0.132
5791.456	    0.111
5792.496	    0.125
5793.535	    0.149
5794.575	    0.162
5795.615	    0.163
5796.656	    0.129
5797.696	    0.107
5798.737	    0.090
5799.778	    0.074
5800.819	    0.139
5801.860	    0.140
5802.901	    0.109
5803.943	    0.040
5804.985	    0.049
5806.027	    0.063
5807.069	    0.047
5808.111	    0.107
5809.154	    0.159
5810.196	    0.142
5811.239	    0.116
5812.282	    0.092
5813.326	    0.080
5814.369	    0.079
5815.413	    0.096
5816.457	    0.128
5817.501	    0.127
5818.545	    0.107
5819.589	    0.115
5820.634	    0.143
5821.679	    0.144
5822.724	    0.123
5823.769	    0.124
5824.814	    0.132
5825.860	    0.126
5826.905	    0.107
5827.951	    0.147
5828.997	    0.182
5830.044	    0.153
5831.090	    0.103
5832.137	    0.053
5833.184	    0.106
5834.231	    0.156
5835.278	    0.179
5836.325	    0.168
5837.373	    0.128
5838.421	    0.124
5839.469	    0.151
5840.517	    0.157
5841.565	    0.136
5842.614	    0.142
5843.663	    0.168
5844.711	    0.161
5845.761	    0.130
5846.810	    0.111
5847.859	    0.110
5848.909	    0.087
5849.959	    0.036
5851.009	    0.057
5852.059	    0.121
5853.110	    0.146
5854.160	    0.136
5855.211	    0.113
5856.262	    0.038
5857.313	    0.014
5858.364	    0.077
5859.416	    0.024
5860.468	    0.059
5861.520	    0.054
5862.572	    0.010
5863.624	    0.077
5864.677	    0.152
5865.729	    0.156
5866.782	    0.144
5867.835	    0.109
5868.888	    0.129
5869.942	    0.128
5870.996	    0.103
5872.049	    0.103
5873.103	    0.099
5874.158	    0.124
5875.212	    0.153
5895.281	    0.205
5896.340	    0.198
5897.398	    0.191
5898.456	    0.131
5899.515	    0.110
5900.574	    0.150
5901.633	    0.080
5902.693	    0.107
5903.752	    0.031
5904.812	    0.067
5905.872	    0.042
5906.932	    0.103
5907.992	    0.107
5909.052	    0.086
5910.113	    0.036
5911.174	    0.043
5912.235	    0.057
5913.296	    0.083
5914.358	    0.137
5915.419	    0.154
5916.481	    0.138
5917.543	    0.030
5918.605	    0.136
5919.668	    0.136
5920.730	    0.107
5921.793	    0.105
5922.856	    0.141
5923.919	    0.074
5924.982	    0.124
5926.046	    0.115
5927.109	    0.113
5928.173	    0.150
5929.237	    0.077
5930.302	    0.078
5931.366	    0.059
5932.431	    0.092
5933.496	    0.088
5934.561	    0.084
5935.626	    0.107
5936.691	    0.121
5937.757	    0.096
5938.823	    0.104
5939.889	    0.095
5940.955	    0.057
5942.021	    0.026
5943.088	    0.138
5944.155	    0.142
5945.222	    0.122
5946.289	    0.149
5947.356	    0.132
5948.424	    0.099
5949.491	    0.051
5950.559	    0.111
5951.627	    0.154
5952.696	    0.163
5953.764	    0.157
5954.833	    0.145
5955.902	    0.097
5956.971	    0.143
5958.040	    0.073
5959.109	    0.119
5960.179	    0.099
5961.249	    0.083
5962.319	    0.040
5963.389	    0.080
5964.460	    0.069
5965.530	    0.036
5966.601	    0.042
5967.672	    0.063
5968.743	    0.051
5969.814	    0.097
5970.886	    0.066
5971.958	    0.062
5973.030	    0.059
5974.102	    0.086
5975.174	    0.107
5976.247	    0.052
5977.319	    0.084
5978.392	    0.036
5979.465	    0.122
5980.539	    0.089
5981.612	    0.096
5982.686	    0.126
5983.760	    0.071
6008.512	    0.056
6009.590	    0.078
6010.669	    0.088
6011.748	    0.076
6012.827	    0.043
6013.906	    0.034
6014.986	    0.045
6016.066	    0.030
6017.145	    0.052
6018.225	    0.086
6019.306	    0.101
6020.386	    0.082
6021.467	    0.031
6022.548	    0.052
6023.629	    0.069
6024.710	    0.097
6025.791	    0.072
6026.873	    0.036
6027.955	    0.064
6029.037	    0.026
6030.119	    0.058
6031.201	    0.058
6032.284	    0.010
6033.367	    0.057
6034.450	    0.086
6035.533	    0.100
6036.616	    0.059
6037.700	    0.109
6038.783	    0.127
6039.867	    0.054
6040.951	    0.050
6042.036	    0.055
6043.120	    0.097
6044.205	    0.099
6045.290	    0.072
6046.375	    0.017
6047.460	    0.033
6048.546	    0.014
6049.631	    0.054
6050.717	    0.084
6051.803	    0.114
6052.890	    0.129
6053.976	    0.114
6055.063	    0.043
6056.150	    0.089
6057.237	    0.037
6058.324	    0.111
6059.411	    0.116
6060.499	    0.083
6061.587	    0.086
6062.675	    0.106
6063.763	    0.096
6064.852	    0.058
6065.940	    0.044
6067.029	    0.073
6068.118	    0.038
6069.207	    0.048
6070.297	    0.066
6071.386	    0.072
6072.476	    0.075
6073.566	    0.083
6074.656	    0.084
6075.747	    0.066
6076.837	    0.038
6077.928	    0.087
6079.019	    0.100
6080.110	    0.034
6081.201	    0.030
6082.293	    0.028
6083.385	    0.072
6084.477	    0.097
6085.569	    0.069
6086.661	    0.042
6087.754	    0.042
6088.846	    0.103
6089.939	    0.122
6091.032	    0.138
6092.126	    0.163
6093.219	    0.153
6094.313	    0.077
6095.407	    0.033
6096.501	    0.087
6097.595	    0.140
6098.690	    0.150
6099.784	    0.125
6100.879	    0.081
6101.974	    0.083
6103.070	    0.130
6104.165	    0.165
6105.261	    0.174
6106.357	    0.126
6107.453	    0.096
6108.549	    0.106
6109.646	    0.130
6110.742	    0.130
6111.839	    0.125
6112.936	    0.060
6114.033	    0.114
6115.131	    0.037
6116.228	    0.111
6160.296	    0.090
6161.402	    0.054
6162.508	    0.096
6163.614	    0.132
6164.720	    0.125
6165.827	    0.094
6166.933	    0.091
6168.040	    0.107
6169.148	    0.122
6170.255	    0.118
6171.362	    0.100
6172.470	    0.093
6173.578	    0.093
6174.686	    0.063
6175.795	    0.033
6176.903	    0.059
6178.012	    0.092
6179.121	    0.080
6180.230	    0.080
6181.339	    0.092
6182.449	    0.075
6183.558	    0.017
6184.668	    0.037
6185.778	    0.052
6186.889	    0.089
6187.999	    0.109
6189.110	    0.130
6190.221	    0.141
6191.332	    0.140
6192.443	    0.112
6193.555	    0.057
6194.667	    0.054
6195.779	    0.101
6196.891	    0.098
6198.003	    0.033
6199.116	    0.088
6200.228	    0.139
6201.341	    0.151
6202.454	    0.137
6203.568	    0.111
6204.681	    0.099
6205.795	    0.116
6206.909	    0.120
6208.023	    0.119
6209.137	    0.142
6210.252	    0.168
6211.366	    0.167
6212.481	    0.144
6213.596	    0.117
6214.712	    0.101
6215.827	    0.096
6216.943	    0.069
6218.059	    0.010
6219.175	    0.028
6220.291	    0.050
6221.408	    0.078
6222.525	    0.112
6223.641	    0.067
6224.759	    0.059
6225.876	    0.044
6226.993	    0.068
6228.111	    0.125
6229.229	    0.154
6230.347	    0.181
6231.466	    0.215
6232.584	    0.220
6233.703	    0.162
6234.822	    0.059
6235.941	    0.042
6237.060	    0.059
6238.180	    0.096
6239.299	    0.103
6240.419	    0.042
6241.539	    0.058
6242.660	    0.083
6243.780	    0.103
6244.901	    0.080
6246.022	    0.079
6247.143	    0.096
6248.264	    0.046
6249.386	    0.099
6250.508	    0.102
6251.630	    0.152
6252.752	    0.203
6253.874	    0.223
6254.997	    0.209
6256.119	    0.173
6257.242	    0.129
6258.366	    0.090
6259.489	    0.102
6260.612	    0.118
6261.736	    0.243
6262.860	    0.344
6263.984	    0.343
6265.109	    0.341
6266.233	    0.339
6267.358	    0.338
6268.483	    0.337
6269.608	    0.336
6270.734	    0.334
6271.859	    0.333
6272.985	    0.333
6274.111	    0.332
6275.237	    0.333
6276.363	    0.333
6277.490	    0.335
6278.617	    0.337
6279.744	    0.339
6280.871	    0.341
6281.998	    0.343
6283.126	    0.344
6284.254	    0.346
6285.382	    0.347
6286.510	    0.347
6287.638	    0.348
6288.767	    0.348
6289.896	    0.348
6291.025	    0.348
6300.064	    0.302
6301.195	    0.275
6302.326	    0.255
6303.457	    0.250
6304.589	    0.242
6305.720	    0.259
6306.852	    0.244
6307.984	    0.207
6309.117	    0.127
6310.249	    0.124
6311.382	    0.118
6312.514	    0.107
6313.648	    0.107
6314.781	    0.141
6315.914	    0.172
6317.048	    0.096
6318.182	    0.090
6319.316	    0.120
6320.450	    0.121
6321.585	    0.135
6322.719	    0.107
6323.854	    0.162
6324.989	    0.190
6326.125	    0.176
6327.260	    0.193
6328.396	    0.149
6329.532	    0.127
6330.668	    0.119
6331.804	    0.158
6332.941	    0.154
6334.078	    0.090
6335.215	    0.114
6336.352	    0.094
6337.489	    0.036
6338.627	    0.122
6339.764	    0.155
6340.902	    0.181
6342.041	    0.141
6343.179	    0.120
6344.317	    0.147
6345.456	    0.162
6346.595	    0.163
6347.734	    0.141
6348.874	    0.092
6350.013	    0.100
6351.153	    0.166
6352.293	    0.182
6353.433	    0.177
6354.574	    0.158
6355.714	    0.130
6356.855	    0.161
6357.996	    0.260
6359.138	    0.331
6360.279	    0.346
6361.421	    0.289
6362.563	    0.159
6363.705	    0.098
6364.847	    0.141
6365.989	    0.096
6367.132	    0.106
6368.275	    0.096
6369.418	    0.071
6370.561	    0.082
6371.705	    0.083
6372.848	    0.111
6373.992	    0.139
6375.136	    0.151
6376.281	    0.101
6377.425	    0.045
6378.570	    0.017
6379.715	    0.049
6380.860	    0.091
6382.005	    0.119
6383.151	    0.106
6384.297	    0.112
6385.443	    0.141
6386.589	    0.145
6387.735	    0.082
6388.882	    0.066
6390.028	    0.022
6391.175	    0.042
6392.323	    0.047
6393.470	    0.075
6394.618	    0.080
6395.765	    0.116
6396.913	    0.042
6398.062	    0.098
6399.210	    0.078
6400.359	    0.107
6401.508	    0.119
6402.657	    0.033
6403.806	    0.044
6404.955	    0.129
6406.105	    0.150
6407.255	    0.101
6408.405	    0.119
6409.555	    0.130
6410.706	    0.078
6411.856	    0.081
6413.007	    0.088
6414.158	    0.114
6415.310	    0.137
6416.461	    0.119
6417.613	    0.105
6418.765	    0.033
6419.917	    0.129
6421.069	    0.133
6422.222	    0.057
6423.375	    0.069
6424.528	    0.017
6425.681	    0.069
6426.834	    0.051
6427.988	    0.108
6429.142	    0.154
6430.296	    0.179
6431.450	    0.169
6432.604	    0.141
6433.759	    0.135
6434.914	    0.121
6436.069	    0.109
6437.224	    0.120
6438.380	    0.127
6439.535	    0.102
6440.691	    0.106
6441.847	    0.101
6443.003	    0.103
6444.160	    0.092
6445.317	    0.054
6446.474	    0.014
6447.631	    0.072
6448.788	    0.071
6449.945	    0.090
6451.103	    0.136
6452.261	    0.122
6453.419	    0.100
6454.578	    0.053
6455.736	    0.049
6456.895	    0.071
6458.054	    0.100
6459.213	    0.114
6460.373	    0.138
6461.532	    0.070
6462.692	    0.107
6463.852	    0.075
6465.012	    0.133
6466.173	    0.144
6467.333	    0.151
6468.494	    0.117
6469.655	    0.084
6470.817	    0.088
6471.978	    0.045
6473.140	    0.088
6474.302	    0.046
6475.464	    0.055
6476.626	    0.022
6477.789	    0.044
6478.951	    0.022
6480.114	    0.055
6481.277	    0.103
6482.441	    0.090
6483.604	    0.046
6484.768	    0.031
6485.932	    0.098
6487.096	    0.113
6488.261	    0.083
6489.425	    0.071
6490.590	    0.069
6491.755	    0.071
6492.921	    0.180
6494.086	    0.216
6495.252	    0.218
6496.418	    0.135
6497.584	    0.050
6498.750	    0.132
6499.916	    0.033
6501.083	    0.090
6502.250	    0.099
6503.417	    0.065
6504.584	    0.096
6505.752	    0.054
6506.920	    0.030
6508.088	    0.080
6509.256	    0.070
6510.424	    0.034
6511.593	    0.045
6512.762	    0.087
6513.931	    0.077
6515.100	    0.083
6516.269	    0.069
6517.439	    0.091
6518.609	    0.123
6519.779	    0.098
6520.949	    0.022
6522.120	    0.082
6523.290	    0.028
6524.461	    0.118
6525.632	    0.129
6526.804	    0.064
6527.975	    0.172
6529.147	    0.185
6530.319	    0.147
6531.491	    0.043
6532.664	    0.070
6533.836	    0.017
6535.009	    0.079
6536.182	    0.085
6537.355	    0.088
6538.529	    0.031
6539.702	    0.030
6540.876	    0.108
6542.050	    0.121
6543.224	    0.040
6544.399	    0.065
6545.574	    0.030
6546.748	    0.030
6547.924	    0.124
6549.099	    0.128
6550.274	    0.127
6551.450	    0.055
6552.626	    0.108
6553.802	    0.122
6554.979	    0.110
6556.155	    0.041
6557.332	    0.124
6558.509	    0.122
6559.686	    0.091
6560.864	    0.073
6562.041	    0.166
6563.219	    0.117
6564.397	    0.073
6565.576	    0.117
6566.754	    0.066
6567.933	    0.031
6569.112	    0.098
6570.291	    0.044
6571.470	    0.129
6572.650	    0.127
6573.830	    0.109
6575.010	    0.104
6576.190	    0.101
6577.370	    0.098
6578.551	    0.097
6579.732	    0.096
6580.913	    0.095
6582.094	    0.094
6583.275	    0.092
6584.457	    0.091
6585.639	    0.089
6586.821	    0.087
6588.003	    0.086
6589.186	    0.108
6590.368	    0.105
6591.551	    0.088
6592.735	    0.096
6593.918	    0.071
6595.102	    0.055
6596.285	    0.033
6597.469	    0.081
6598.654	    0.140
6599.838	    0.162
6601.023	    0.152
6602.207	    0.130
6603.393	    0.096
6604.578	    0.103
6605.763	    0.135
6606.949	    0.150
6608.135	    0.218
6609.321	    0.280
6610.507	    0.292
6611.694	    0.300
6612.881	    0.271
6614.068	    0.196
6615.255	    0.158
6616.442	    0.149
6617.630	    0.161
6618.818	    0.132
6620.006	    0.139
6621.194	    0.201
6622.383	    0.281
6623.571	    0.431
6624.760	    0.572
6625.949	    0.638
6627.139	    0.617
6628.328	    0.522
6629.518	    0.404
6630.708	    0.266
6631.898	    0.178
6633.089	    0.100
6634.279	    0.123
6635.470	    0.075
6636.661	    0.078
6637.852	    0.132
6639.044	    0.156
6640.235	    0.149
6641.427	    0.198
6642.619	    0.244
6643.812	    0.319
6645.004	    0.436
6646.197	    0.507
6647.390	    0.525
6648.583	    0.476
6649.777	    0.347
6650.970	    0.229
6652.164	    0.146
6653.358	    0.160
6654.552	    0.153
6655.747	    0.109
6656.941	    0.103
6658.136	    0.042
6659.331	    0.010
6660.527	    0.125
6661.722	    0.145
6662.918	    0.149
6664.114	    0.111
6665.310	    0.134
6666.507	    0.171
6667.703	    0.165
6668.900	    0.168
6670.097	    0.122
6671.294	    0.080
6672.492	    0.125
6673.689	    0.126
6674.887	    0.140
6676.086	    0.156
6677.284	    0.149
6678.482	    0.154
6679.681	    0.162
6680.880	    0.167
6682.079	    0.159
6683.279	    0.142
6684.478	    0.113
6685.678	    0.136
6686.878	    0.157
6688.079	    0.111
6689.279	    0.096
6690.480	    0.088
6691.681	    0.129
6692.882	    0.101
6694.083	    0.130
6695.285	    0.121
6696.486	    0.040
6697.688	    0.079
6698.891	    0.129
6700.093	    0.088
6701.296	    0.068
6702.499	    0.043
6703.702	    0.079
6704.905	    0.096
6706.108	    0.100
6707.312	    0.141
6708.516	    0.030
6709.720	    0.080
6710.925	    0.119
6712.129	    0.172
6713.334	    0.145
6714.539	    0.109
6715.744	    0.038
6716.950	    0.037
6718.155	    0.085
6719.361	    0.049
6720.567	    0.062
6721.774	    0.034
6722.980	    0.061
6724.187	    0.036
6725.394	    0.055
6726.601	    0.114
6727.808	    0.084
6729.016	    0.099
6730.224	    0.122
6731.432	    0.086
6732.640	    0.076
6733.849	    0.097
6735.057	    0.026
6736.266	    0.047
6737.475	    0.106
6738.685	    0.044
6739.894	    0.084
6741.104	    0.031
6742.314	    0.024
6743.524	    0.080
6744.735	    0.073
6745.945	    0.048
6747.156	    0.057
6748.367	    0.102
6749.579	    0.104
6750.790	    0.080
6752.002	    0.111
6753.214	    0.122
6754.426	    0.040
6755.638	    0.101
6756.851	    0.129
6758.064	    0.084
6759.277	    0.075
6760.490	    0.040
6761.704	    0.049
6762.917	    0.060
6764.131	    0.042
6765.345	    0.052
6766.560	    0.095
6767.774	    0.063
6768.989	    0.132
6770.204	    0.081
6771.419	    0.037
6772.635	    0.069
6773.851	    0.057
6775.066	    0.101
6776.282	    0.113
6777.499	    0.138
6778.715	    0.209
6779.932	    0.287
6781.149	    0.301
6782.366	    0.297
6783.584	    0.230
6784.801	    0.165
6786.019	    0.097
6787.237	    0.100
6788.455	    0.096
6789.674	    0.101
6790.893	    0.098
6792.112	    0.113
6793.331	    0.165
6794.550	    0.234
6795.770	    0.265
6796.990	    0.230
6798.210	    0.194
6799.430	    0.151
6800.650	    0.107
6801.871	    0.022
6803.092	    0.040
6804.313	    0.077
6805.534	    0.044
6806.756	    0.054
6807.978	    0.049
6809.200	    0.037
6810.422	    0.074
6811.644	    0.087
6993.751	    0.087
6995.007	    0.073
6996.262	    0.017
6997.518	    0.090
6998.774	    0.112
7000.030	    0.104
7001.287	    0.055
7002.544	    0.082
7003.801	    0.063
7005.058	    0.049
7006.315	    0.046
7007.573	    0.034
7008.831	    0.034
7010.089	    0.094
7011.347	    0.093
7012.605	    0.161
7013.864	    0.195
7015.123	    0.099
7016.382	    0.030
7017.642	    0.098
7018.901	    0.105
7020.161	    0.142
7021.421	    0.040
7022.682	    0.026
7023.942	    0.092
7025.203	    0.104
7026.464	    0.065
7027.725	    0.105
7028.987	    0.078
7030.248	    0.044
7031.510	    0.064
7032.772	    0.083
7034.035	    0.117
7035.297	    0.079
7036.560	    0.076
7037.823	    0.057
7039.086	    0.053
7040.350	    0.071
7041.614	    0.047
7042.877	    0.092
7044.142	    0.090
7045.406	    0.056
7046.671	    0.076
7047.936	    0.079
7049.201	    0.097
7050.466	    0.049
7051.731	    0.078
7052.997	    0.133
7054.263	    0.103
7055.529	    0.082
7056.796	    0.082
7058.062	    0.093
7059.329	    0.053
7060.596	    0.052
7061.864	    0.028
7063.131	    0.014
7064.399	    0.096
7065.667	    0.131
7066.936	    0.112
7068.204	    0.108
7069.473	    0.138
7070.742	    0.122
7072.011	    0.108
7073.280	    0.129
7074.550	    0.119
7075.820	    0.055
7077.090	    0.033
7078.360	    0.084
7079.631	    0.121
7080.901	    0.093
7082.172	    0.069
7083.444	    0.096
7084.715	    0.130
7085.987	    0.105
7087.259	    0.125
7088.531	    0.138
7089.803	    0.083
7091.076	    0.122
7092.349	    0.099
7093.622	    0.022
7094.895	    0.054
7096.168	    0.045
7097.442	    0.045
7098.716	    0.084
7099.990	    0.014
7101.265	    0.058
7102.539	    0.017
7103.814	    0.042
7105.089	    0.030
7106.365	    0.052
7107.640	    0.078
7108.916	    0.126
7110.192	    0.125
7111.468	    0.095
7112.745	    0.037
7114.021	    0.083
7115.298	    0.055
7116.576	    0.041
7117.853	    0.063
7119.131	    0.090
7120.408	    0.097
7121.687	    0.125
7122.965	    0.122
7124.243	    0.111
7125.522	    0.095
7126.801	    0.070
7128.080	    0.091
7129.360	    0.124
7130.640	    0.135
7131.919	    0.114
7133.200	    0.142
7134.480	    0.110
7135.761	    0.123
7137.041	    0.109
7138.323	    0.088
7139.604	    0.080
7140.885	    0.102
7142.167	    0.109
7143.449	    0.072
7144.731	    0.010
7146.014	    0.099
7147.296	    0.088
7148.579	    0.051
7149.863	    0.120
7151.146	    0.123
7152.430	    0.068
7153.713	    0.063
7154.997	    0.126
7156.282	    0.132
7157.566	    0.098
7158.851	    0.096
7160.136	    0.125
7161.421	    0.138
7162.707	    0.143
7163.992	    0.143
7165.278	    0.141
7166.564	    0.146
7167.851	    0.152
7169.137	    0.144
7170.424	    0.145
7171.711	    0.119
7172.998	    0.102
7174.286	    0.166
7175.574	    0.186
7176.862	    0.179
7178.150	    0.169
7179.438	    0.141
7180.727	    0.111
7182.016	    0.104
7183.305	    0.120
7184.595	    0.121
7185.884	    0.017
7187.174	    0.127
7188.464	    0.081
7189.754	    0.108
7191.045	    0.101
7192.336	    0.063
7193.627	    0.126
7194.918	    0.168
7196.209	    0.141
7197.501	    0.119
7198.793	    0.146
7200.085	    0.141
7201.377	    0.128
7202.670	    0.160
7203.963	    0.098
7205.256	    0.116
7206.549	    0.119
7207.843	    0.098
7209.137	    0.132
7210.431	    0.140
7211.725	    0.119
7213.019	    0.092
7214.314	    0.103
7215.609	    0.091
7216.904	    0.082
7218.200	    0.123
7219.495	    0.096
7220.791	    0.071
7222.087	    0.086
7223.384	    0.085
7224.680	    0.050
7225.977	    0.034
7227.274	    0.080
7228.571	    0.114
7229.869	    0.133
7231.166	    0.093
7232.464	    0.157
7233.763	    0.256
7235.061	    0.326
7236.360	    0.274
7237.659	    0.165
7238.958	    0.227
7240.257	    0.230
7241.557	    0.077
7242.857	    0.246
7244.157	    0.319
7245.457	    0.303
7246.757	    0.258
7248.058	    0.226
7249.359	    0.201
7250.660	    0.192
7251.962	    0.175
7253.264	    0.200
7254.566	    0.185
7255.868	    0.157
7257.170	    0.127
7258.473	    0.095
7259.776	    0.073
7261.079	    0.040
7262.382	    0.063
7263.686	    0.020
7264.989	    0.024
7266.293	    0.112
7267.598	    0.073
7268.902	    0.231
7270.207	    0.378
7271.512	    0.397
7272.817	    0.295
7274.123	    0.193
7275.428	    0.320
7276.734	    0.291
7278.040	    0.194
7279.347	    0.082
7280.653	    0.144
7281.960	    0.270
7283.267	    0.280
7284.575	    0.229
7285.882	    0.205
7287.190	    0.189
7288.498	    0.179
7289.806	    0.155
7291.115	    0.083
7292.423	    0.103
7293.732	    0.133
7295.042	    0.154
7296.351	    0.132
7297.661	    0.138
7298.971	    0.171
7300.281	    0.110
7301.591	    0.136
7302.902	    0.161
7304.212	    0.150
7305.524	    0.119
7306.835	    0.142
7308.146	    0.136
7309.458	    0.245
7310.770	    0.353
7312.082	    0.328
7313.395	    0.148
7314.708	    0.253
7316.021	    0.274
7317.334	    0.261
7318.647	    0.241
7319.961	    0.222
7321.275	    0.189
7322.589	    0.086
7323.903	    0.198
7325.218	    0.178
7326.533	    0.070
7327.848	    0.161
7329.163	    0.163
7330.479	    0.177
7331.795	    0.171
7333.111	    0.112
7334.427	    0.326
7335.743	    0.368
7337.060	    0.275
7338.377	    0.160
7339.694	    0.288
