wlen 	 newgal_spectrum 
  4259.984 	     -0.101
  4260.688 	     -0.100
  4261.392 	     -0.104
  4262.096 	     -0.112
  4262.800 	     -0.123
  4263.505 	     -0.132
  4264.209 	     -0.138
  4264.914 	     -0.141
  4265.618 	     -0.141
  4266.323 	     -0.136
  4267.028 	     -0.128
  4267.733 	     -0.117
  4268.439 	     -0.102
  4269.144 	     -0.083
  4269.849 	     -0.065
  4270.555 	     -0.050
  4271.261 	     -0.041
  4271.966 	     -0.044
  4272.672 	     -0.043
  4273.378 	     -0.032
  4274.084 	     -0.017
  4274.791 	     -0.021
  4275.497 	     -0.020
  4276.204 	     -0.038
  4276.910 	     -0.047
  4277.617 	     -0.030
  4278.324 	     -0.032
  4279.031 	     -0.025
  4279.738 	     -0.010
  4280.445 	      0.014
  4281.152 	      0.037
  4281.860 	      0.015
  4282.567 	     -0.017
  4283.275 	     -0.049
  4283.983 	     -0.056
  4284.691 	     -0.022
  4285.399 	     -0.009
  4286.107 	     -0.007
  4286.815 	     -0.018
  4287.523 	     -0.015
  4288.232 	     -0.019
  4288.940 	     -0.021
  4289.649 	     -0.016
  4290.358 	     -0.003
  4291.067 	     -0.002
  4291.776 	     -0.003
  4292.485 	     -0.007
  4293.194 	     -0.018
  4293.904 	     -0.017
  4294.613 	     -0.008
  4295.323 	     -0.002
  4296.033 	     -0.006
  4296.743 	     -0.031
  4297.453 	     -0.035
  4298.163 	     -0.032
  4298.873 	     -0.026
  4299.583 	     -0.026
  4300.294 	     -0.042
  4301.004 	     -0.062
  4301.715 	     -0.077
  4302.426 	     -0.065
  4303.137 	     -0.047
  4303.848 	     -0.040
  4304.559 	     -0.031
  4305.270 	     -0.023
  4305.982 	      0.020
  4306.693 	      0.029
  4307.405 	      0.038
  4308.117 	      0.043
  4308.829 	      0.021
  4309.541 	      0.009
  4310.253 	     -0.024
  4310.965 	     -0.041
  4311.677 	     -0.021
  4312.390 	     -0.009
  4313.102 	      0.008
  4313.815 	      0.010
  4314.528 	     -0.004
  4315.241 	     -0.031
  4315.954 	     -0.016
  4316.667 	     -0.024
  4317.380 	     -0.029
  4318.094 	     -0.007
  4318.807 	     -0.013
  4319.521 	     -0.021
  4320.235 	     -0.017
  4320.949 	     -0.003
  4321.663 	      0.000
  4322.377 	     -0.005
  4323.091 	     -0.004
  4323.805 	     -0.001
  4324.520 	     -0.001
  4325.234 	     -0.010
  4325.949 	     -0.008
  4326.664 	     -0.003
  4327.379 	      0.001
  4328.094 	     -0.033
  4328.809 	     -0.041
  4329.524 	     -0.029
  4330.240 	     -0.012
  4330.955 	     -0.009
  4331.671 	     -0.012
  4332.387 	     -0.023
  4333.103 	     -0.033
  4333.819 	     -0.037
  4334.535 	     -0.026
  4335.251 	     -0.016
  4335.968 	     -0.006
  4336.684 	     -0.003
  4337.401 	     -0.017
  4338.117 	     -0.034
  4338.834 	     -0.034
  4339.551 	     -0.031
  4340.268 	     -0.029
  4340.985 	     -0.018
  4341.703 	     -0.027
  4342.420 	     -0.043
  4343.138 	     -0.056
  4343.855 	     -0.060
  4344.573 	     -0.046
  4345.291 	     -0.041
  4346.009 	     -0.034
  4346.727 	     -0.026
  4347.445 	     -0.035
  4348.164 	      0.009
  4348.882 	      0.009
  4349.601 	     -0.010
  4350.320 	     -0.041
  4351.039 	     -0.045
  4351.758 	     -0.029
  4352.477 	     -0.017
  4353.196 	     -0.012
  4353.915 	     -0.016
  4354.635 	     -0.032
  4355.354 	     -0.024
  4356.074 	     -0.009
  4356.794 	      0.007
  4357.514 	      0.037
  4358.234 	      0.051
  4358.954 	      0.040
  4359.674 	      0.027
  4360.394 	      0.048
  4361.115 	      0.052
  4361.836 	      0.054
  4362.556 	      0.052
  4363.277 	      0.042
  4363.998 	      0.014
  4364.719 	      0.018
  4365.441 	      0.026
  4366.162 	      0.028
  4366.883 	      0.018
  4367.605 	      0.018
  4368.327 	      0.011
  4369.049 	     -0.001
  4369.771 	     -0.013
  4370.493 	     -0.004
  4371.215 	      0.018
  4371.937 	      0.010
  4372.660 	     -0.002
  4373.382 	     -0.006
  4374.105 	      0.023
  4374.828 	      0.039
  4375.550 	      0.040
  4376.273 	      0.033
  4376.997 	      0.016
  4377.720 	      0.016
  4378.443 	      0.022
  4379.167 	      0.025
  4379.890 	      0.027
  4380.614 	      0.026
  4391.485 	      0.034
  4392.210 	      0.027
  4392.936 	      0.020
  4393.662 	      0.011
  4394.388 	     -0.007
  4395.114 	      0.006
  4395.840 	      0.021
  4396.567 	      0.028
  4397.293 	      0.021
  4398.020 	      0.025
  4398.747 	      0.034
  4399.473 	      0.026
  4400.200 	      0.016
  4400.928 	      0.021
  4401.655 	      0.034
  4402.382 	      0.035
  4403.110 	      0.027
  4403.837 	      0.022
  4404.565 	      0.036
  4405.293 	      0.042
  4406.021 	      0.042
  4406.749 	      0.037
  4407.477 	      0.027
  4408.205 	      0.023
  4408.934 	      0.048
  4409.662 	      0.047
  4410.391 	      0.044
  4411.119 	      0.045
  4411.848 	      0.052
  4412.577 	      0.056
  4413.307 	      0.057
  4414.036 	      0.057
  4414.765 	      0.053
  4415.495 	      0.044
  4416.224 	      0.032
  4416.954 	      0.035
  4417.684 	      0.047
  4418.414 	      0.064
  4419.144 	      0.052
  4419.874 	      0.054
  4420.605 	      0.065
  4421.335 	      0.074
  4422.066 	      0.063
  4422.796 	      0.032
  4423.527 	      0.030
  4424.258 	      0.022
  4424.989 	      0.011
  4425.720 	     -0.001
  4426.452 	      0.001
  4427.183 	      0.009
  4427.915 	      0.016
  4428.646 	      0.020
  4429.378 	      0.023
  4430.110 	      0.010
  4430.842 	     -0.006
  4431.574 	     -0.016
  4432.307 	     -0.014
  4433.039 	      0.008
  4433.772 	      0.025
  4434.504 	      0.019
  4435.237 	      0.006
  4435.970 	     -0.002
  4436.703 	      0.038
  4437.436 	      0.039
  4438.169 	      0.018
  4438.903 	      0.009
  4439.636 	      0.013
  4440.370 	     -0.013
  4441.103 	      0.000
  4441.837 	      0.019
  4442.571 	      0.035
  4443.305 	      0.040
  4444.040 	      0.004
  4444.774 	     -0.015
  4445.508 	     -0.013
  4446.243 	     -0.001
  4446.978 	      0.014
  4447.713 	      0.032
  4448.447 	      0.040
  4449.183 	      0.041
  4449.918 	      0.034
  4450.653 	      0.016
  4451.388 	      0.002
  4452.124 	      0.021
  4452.860 	      0.032
  4453.596 	      0.032
  4454.331 	      0.022
  4455.067 	      0.011
  4455.804 	      0.009
  4456.540 	      0.006
  4457.276 	      0.009
  4458.013 	      0.017
  4458.750 	      0.015
  4459.486 	     -0.012
  4460.223 	     -0.021
  4460.960 	     -0.010
  4461.697 	      0.012
  4462.435 	      0.036
  4463.172 	      0.072
  4463.909 	      0.076
  4464.647 	      0.053
  4465.385 	      0.014
  4466.123 	      0.013
  4466.861 	      0.029
  4467.599 	      0.031
  4468.337 	      0.029
  4469.075 	      0.023
  4469.814 	      0.023
  4470.552 	      0.053
  4471.291 	      0.056
  4472.030 	      0.049
  4472.769 	      0.033
  4473.508 	      0.002
  4474.247 	      0.015
  4474.987 	      0.014
  4475.726 	      0.016
  4476.466 	      0.019
  4477.205 	      0.006
  4477.945 	     -0.009
  4478.685 	     -0.010
  4479.425 	     -0.026
  4480.165 	     -0.041
  4480.906 	     -0.018
  4481.646 	      0.026
  4482.387 	      0.036
  4483.127 	      0.044
  4483.868 	      0.040
  4484.609 	      0.014
  4485.350 	      0.024
  4486.091 	      0.023
  4486.833 	      0.015
  4487.574 	      0.012
  4488.316 	      0.025
  4489.057 	      0.034
  4489.799 	      0.035
  4490.541 	      0.041
  4491.283 	      0.050
  4492.025 	      0.060
  4492.767 	      0.061
  4493.510 	      0.055
  4494.252 	      0.042
  4494.995 	      0.039
  4495.738 	      0.051
  4496.481 	      0.072
  4497.224 	      0.055
  4497.967 	      0.048
  4498.710 	      0.039
  4499.453 	      0.028
  4500.197 	      0.029
  4500.940 	      0.047
  4501.684 	      0.055
  4502.428 	      0.055
  4503.172 	      0.048
  4503.916 	      0.042
  4504.660 	      0.060
  4505.405 	      0.074
  4506.149 	      0.069
  4506.894 	      0.051
  4507.639 	      0.031
  4508.383 	      0.026
  4509.128 	      0.037
  4509.873 	      0.043
  4510.619 	      0.040
  4511.364 	      0.030
  4512.109 	      0.018
  4512.855 	      0.035
  4513.601 	      0.045
  4514.347 	      0.054
  4515.093 	      0.063
  4515.839 	      0.078
  4516.585 	      0.081
  4517.331 	      0.094
  4518.078 	      0.113
  4518.824 	      0.132
  4519.571 	      0.143
  4520.318 	      0.110
  4521.065 	      0.095
  4521.812 	      0.088
  4522.559 	      0.072
  4523.306 	      0.038
  4524.054 	      0.057
  4524.801 	      0.035
  4525.549 	      0.033
  4526.297 	      0.047
  4527.045 	      0.062
  4527.793 	      0.031
  4528.541 	      0.058
  4529.289 	      0.068
  4530.038 	      0.071
  4530.786 	      0.074
  4531.535 	      0.084
  4532.284 	      0.072
  4533.033 	      0.063
  4533.782 	      0.059
  4534.531 	      0.057
  4535.280 	      0.054
  4536.030 	      0.072
  4536.779 	      0.094
  4537.529 	      0.082
  4538.279 	      0.068
  4539.028 	      0.062
  4539.779 	      0.067
  4540.529 	      0.064
  4541.279 	      0.053
  4542.029 	      0.050
  4542.780 	      0.054
  4543.531 	      0.063
  4544.281 	      0.063
  4545.032 	      0.054
  4545.783 	      0.061
  4546.534 	      0.080
  4547.286 	      0.102
  4548.037 	      0.093
  4548.789 	      0.086
  4549.540 	      0.090
  4550.292 	      0.088
  4551.044 	      0.085
  4551.796 	      0.093
  4552.548 	      0.111
  4553.300 	      0.108
  4554.053 	      0.093
  4554.805 	      0.079
  4555.558 	      0.067
  4556.311 	      0.064
  4557.064 	      0.063
  4557.817 	      0.051
  4558.570 	      0.065
  4559.323 	      0.092
  4560.076 	      0.102
  4560.830 	      0.052
  4561.584 	      0.057
  4562.337 	      0.075
  4563.091 	      0.090
  4563.845 	      0.089
  4564.599 	      0.062
  4565.354 	      0.049
  4566.108 	      0.062
  4566.863 	      0.087
  4567.617 	      0.103
  4568.372 	      0.092
  4569.127 	      0.074
  4569.882 	      0.069
  4570.637 	      0.062
  4571.392 	      0.050
  4572.148 	      0.041
  4572.903 	      0.064
  4573.659 	      0.080
  4574.415 	      0.063
  4575.170 	      0.065
  4575.926 	      0.072
  4576.683 	      0.069
  4577.439 	      0.054
  4578.195 	      0.055
  4578.952 	      0.040
  4579.708 	      0.032
  4580.465 	      0.033
  4581.222 	      0.037
  4581.979 	      0.034
  4582.736 	      0.066
  4583.493 	      0.082
  4584.251 	      0.081
  4585.008 	      0.069
  4585.766 	      0.053
  4586.524 	      0.056
  4587.282 	      0.043
  4588.040 	      0.048
  4588.798 	      0.051
  4589.556 	      0.038
  4590.314 	      0.022
  4591.073 	      0.037
  4591.832 	      0.046
  4592.590 	      0.047
  4593.349 	      0.038
  4594.108 	      0.024
  4594.867 	      0.028
  4595.627 	      0.035
  4596.386 	      0.050
  4597.146 	      0.064
  4597.905 	      0.068
  4598.665 	      0.053
  4599.425 	      0.041
  4600.185 	      0.024
  4600.945 	      0.019
  4601.705 	      0.026
  4602.466 	      0.040
  4603.226 	      0.048
  4603.987 	      0.049
  4604.748 	      0.053
  4605.508 	      0.052
  4606.269 	      0.049
  4607.031 	      0.048
  4607.792 	      0.079
  4608.553 	      0.082
  4609.315 	      0.063
  4610.076 	      0.057
  4610.838 	      0.065
  4611.600 	      0.077
  4612.362 	      0.073
  4613.124 	      0.062
  4613.887 	      0.070
  4614.649 	      0.071
  4615.412 	      0.065
  4616.174 	      0.062
  4616.937 	      0.064
  4617.700 	      0.068
  4618.463 	      0.072
  4619.226 	      0.083
  4619.989 	      0.096
  4620.753 	      0.101
  4621.516 	      0.092
  4622.280 	      0.067
  4623.044 	      0.048
  4623.808 	      0.051
  4624.572 	      0.073
  4625.336 	      0.079
  4626.100 	      0.050
  4626.865 	      0.036
  4627.629 	      0.040
  4628.394 	      0.052
  4629.159 	      0.060
  4629.924 	      0.055
  4630.689 	      0.050
  4631.454 	      0.052
  4632.219 	      0.042
  4632.985 	      0.034
  4633.750 	      0.033
  4634.516 	      0.019
  4635.282 	      0.042
  4636.048 	      0.041
  4636.814 	      0.040
  4637.580 	      0.031
  4638.346 	      0.017
  4639.113 	      0.028
  4639.879 	      0.052
  4640.646 	      0.061
  4641.413 	      0.060
  4642.180 	      0.045
  4642.947 	      0.028
  4643.714 	      0.051
  4644.481 	      0.054
  4645.249 	      0.048
  4646.016 	      0.042
  4646.784 	      0.032
  4647.552 	      0.020
  4648.320 	      0.026
  4649.088 	      0.044
  4649.856 	      0.043
  4650.625 	      0.043
  4651.393 	      0.051
  4652.162 	      0.062
  4652.930 	      0.062
  4653.699 	      0.061
  4654.468 	      0.071
  4655.237 	      0.069
  4656.007 	      0.063
  4656.776 	      0.056
  4657.546 	      0.049
  4658.315 	      0.057
  4659.085 	      0.054
  4659.855 	      0.054
  4660.625 	      0.058
  4661.395 	      0.070
  4662.165 	      0.090
  4662.936 	      0.095
  4663.706 	      0.084
  4664.477 	      0.082
  4665.247 	      0.082
  4666.018 	      0.084
  4666.789 	      0.091
  4667.561 	      0.087
  4668.332 	      0.061
  4669.103 	      0.047
  4669.875 	      0.056
  4670.646 	      0.074
  4671.418 	      0.075
  4672.190 	      0.053
  4672.962 	      0.066
  4673.734 	      0.094
  4674.507 	      0.087
  4675.279 	      0.060
  4676.052 	      0.039
  4676.824 	      0.044
  4677.597 	      0.049
  4678.370 	      0.064
  4679.143 	      0.086
  4679.916 	      0.086
  4680.690 	      0.058
  4681.463 	      0.032
  4682.237 	      0.028
  4683.010 	      0.053
  4683.784 	      0.065
  4684.558 	      0.057
  4685.332 	      0.036
  4686.106 	      0.021
  4686.881 	      0.038
  4687.655 	      0.056
  4688.430 	      0.040
  4689.205 	      0.030
  4689.979 	      0.033
  4690.754 	      0.042
  4691.529 	      0.035
  4692.305 	      0.011
  4693.080 	      0.009
  4693.856 	      0.022
  4694.631 	      0.042
  4695.407 	      0.057
  4696.183 	      0.060
  4696.959 	      0.055
  4697.735 	      0.035
  4698.511 	      0.029
  4699.288 	      0.043
  4700.064 	      0.058
  4700.841 	      0.046
  4701.618 	      0.035
  4702.394 	      0.051
  4703.171 	      0.058
  4703.949 	      0.059
  4704.726 	      0.055
  4705.503 	      0.044
  4706.281 	      0.030
  4707.059 	      0.045
  4707.836 	      0.052
  4708.614 	      0.039
  4709.392 	      0.024
  4710.171 	      0.019
  4710.949 	      0.028
  4711.727 	      0.024
  4712.506 	      0.002
  4713.285 	     -0.000
  4714.063 	      0.001
  4714.842 	      0.001
  4715.621 	      0.001
  4716.401 	      0.009
  4717.180 	      0.026
  4717.960 	      0.042
  4718.739 	      0.042
  4719.519 	      0.041
  4720.299 	      0.040
  4721.079 	      0.034
  4721.859 	      0.021
  4722.639 	      0.022
  4723.419 	      0.030
  4724.200 	      0.042
  4724.981 	      0.050
  4725.761 	      0.049
  4726.542 	      0.033
  4727.323 	      0.020
  4728.104 	      0.003
  4728.886 	      0.007
  4729.667 	      0.021
  4730.449 	      0.035
  4731.230 	      0.045
  4732.012 	      0.063
  4732.794 	      0.040
  4733.576 	      0.050
  4734.358 	      0.043
  4735.141 	      0.026
  4735.923 	      0.014
  4736.706 	      0.016
  4737.488 	      0.012
  4738.271 	      0.011
  4739.054 	      0.020
  4739.837 	      0.031
  4740.620 	      0.044
  4741.404 	      0.050
  4742.187 	      0.025
  4742.971 	      0.025
  4743.755 	      0.051
  4744.538 	      0.029
  4745.322 	      0.010
  4746.107 	      0.004
  4746.891 	      0.005
  4747.675 	      0.024
  4748.460 	     -0.001
  4749.244 	      0.008
  4750.029 	     -0.004
  4750.814 	     -0.015
  4751.599 	     -0.014
  4752.384 	     -0.002
  4753.170 	     -0.009
  4753.955 	      0.002
  4754.741 	      0.010
  4755.526 	     -0.001
  4756.312 	     -0.011
  4757.098 	     -0.011
  4757.884 	     -0.002
  4758.670 	      0.028
  4759.457 	      0.059
  4760.243 	      0.044
  4761.030 	      0.015
  4761.816 	     -0.010
  4762.603 	     -0.016
  4763.390 	      0.001
  4764.177 	      0.022
  4764.965 	      0.032
  4765.752 	      0.039
  4766.539 	      0.046
  4767.327 	      0.052
  4768.115 	      0.046
  4768.903 	      0.017
  4769.691 	     -0.002
  4770.479 	      0.018
  4771.267 	      0.028
  4772.056 	      0.032
  4772.844 	      0.036
  4773.633 	      0.041
  4774.422 	      0.039
  4775.211 	      0.028
  4776.000 	      0.016
  4776.789 	      0.005
  4777.578 	      0.001
  4778.368 	      0.010
  4779.157 	      0.024
  4779.947 	      0.024
  4780.737 	      0.019
  4781.527 	      0.022
  4782.317 	      0.029
  4783.107 	      0.033
  4783.897 	      0.031
  4784.688 	      0.024
  4785.479 	      0.019
  4786.269 	      0.039
  4787.060 	      0.059
  4787.851 	      0.040
  4788.642 	      0.034
  4789.434 	      0.044
  4790.225 	      0.061
  4791.017 	      0.072
  4791.808 	      0.058
  4792.600 	      0.062
  4793.392 	      0.048
  4794.184 	      0.034
  4794.976 	      0.020
  4795.769 	      0.007
  4796.561 	      0.003
  4797.354 	      0.027
  4798.146 	      0.047
  4798.939 	      0.045
  4799.732 	      0.048
  4800.525 	      0.052
  4801.319 	      0.058
  4802.112 	      0.063
  4802.906 	      0.056
  4803.699 	      0.056
  4804.493 	      0.043
  4805.287 	      0.046
  4806.081 	      0.039
  4806.875 	      0.029
  4807.669 	      0.022
  4808.464 	      0.011
  4809.258 	      0.016
  4810.053 	      0.032
  4810.848 	      0.025
  4811.643 	     -0.001
  4812.438 	     -0.007
  4813.233 	      0.009
  4814.028 	      0.021
  4814.824 	      0.025
  4815.620 	      0.039
  4816.415 	      0.047
  4817.211 	      0.048
  4818.007 	      0.040
  4818.803 	      0.033
  4819.600 	      0.035
  4820.396 	      0.044
  4821.192 	      0.039
  4821.989 	      0.033
  4822.786 	      0.020
  4823.583 	      0.019
  4824.380 	      0.035
  4825.177 	      0.053
  4825.974 	      0.059
  4826.772 	      0.054
  4827.569 	      0.049
  4828.367 	      0.048
  4829.165 	      0.037
  4829.963 	      0.037
  4830.761 	      0.043
  4831.559 	      0.049
  4832.358 	      0.059
  4833.156 	      0.061
  4833.955 	      0.049
  4834.754 	      0.049
  4835.553 	      0.052
  4836.352 	      0.047
  4837.151 	      0.036
  4837.950 	      0.028
  4838.750 	      0.033
  4839.549 	      0.021
  4840.349 	      0.030
  4841.149 	      0.042
  4841.949 	      0.038
  4842.749 	      0.031
  4843.549 	      0.036
  4844.349 	      0.054
  4845.150 	      0.072
  4845.950 	      0.058
  4846.751 	      0.035
  4847.552 	      0.027
  4848.353 	      0.028
  4849.154 	      0.036
  4849.955 	      0.046
  4850.757 	      0.048
  4851.558 	      0.047
  4852.360 	      0.038
  4853.162 	      0.033
  4853.964 	      0.029
  4854.766 	      0.026
  4855.568 	      0.032
  4856.370 	      0.046
  4857.173 	      0.051
  4857.976 	      0.054
  4858.778 	      0.052
  4859.581 	      0.042
  4860.384 	      0.044
  4861.187 	      0.046
  4861.991 	      0.046
  4862.794 	      0.050
  4863.598 	      0.053
  4864.401 	      0.027
  4865.205 	      0.044
  4866.009 	      0.047
  4866.813 	      0.046
  4867.617 	      0.049
  4868.422 	      0.053
  4869.226 	      0.047
  4870.031 	      0.042
  4870.835 	      0.041
  4871.640 	      0.058
  4872.445 	      0.043
  4873.250 	      0.014
  4874.056 	      0.011
  4874.861 	      0.030
  4875.667 	      0.031
  4876.472 	      0.023
  4877.278 	      0.017
  4878.084 	      0.002
  4878.890 	     -0.020
  4879.696 	     -0.022
  4880.503 	      0.005
  4881.309 	      0.038
  4882.116 	      0.045
  4882.922 	      0.026
  4883.729 	      0.016
  4884.536 	      0.009
  4885.343 	      0.022
  4886.151 	      0.021
  4886.958 	      0.006
  4887.766 	     -0.005
  4888.573 	     -0.003
  4889.381 	      0.000
  4890.189 	      0.012
  4890.997 	      0.030
  4891.805 	      0.021
  4892.613 	     -0.004
  4893.422 	     -0.020
  4894.231 	     -0.016
  4895.039 	     -0.000
  4895.848 	      0.017
  4896.657 	      0.015
  4897.466 	      0.005
  4898.276 	      0.007
  4899.085 	      0.008
  4899.894 	      0.009
  4900.704 	      0.011
  4901.514 	      0.012
  4902.324 	      0.010
  4903.134 	      0.007
  4903.944 	      0.008
  4904.754 	      0.004
  4905.565 	      0.009
  4906.376 	      0.021
  4907.186 	      0.043
  4907.997 	      0.073
  4908.808 	      0.115
  4909.619 	      0.184
  4910.431 	      0.313
  4911.242 	      0.473
  4912.054 	      0.576
  4912.865 	      0.630
  4913.677 	      0.612
  4914.489 	      0.528
  4915.301 	      0.408
  4916.113 	      0.292
  4916.926 	      0.180
  4917.738 	      0.084
  4918.551 	      0.041
  4919.363 	      0.009
  4920.176 	      0.003
  4920.989 	      0.016
  4921.803 	      0.025
  4922.616 	      0.016
  4923.429 	      0.001
  4924.243 	     -0.002
  4925.057 	      0.014
  4925.870 	      0.013
  4926.684 	      0.008
  4927.498 	      0.004
  4928.313 	      0.001
  4929.127 	     -0.003
  4929.941 	     -0.009
  4930.756 	     -0.014
  4931.571 	     -0.017
  4932.386 	     -0.019
  4933.201 	     -0.002
  4934.016 	      0.002
  4934.831 	      0.000
  4935.647 	     -0.007
  4936.462 	     -0.019
  4937.278 	     -0.024
  4938.094 	     -0.012
  4938.910 	     -0.015
  4939.726 	     -0.024
  4940.542 	     -0.020
  4941.359 	     -0.015
  4942.175 	     -0.001
  4942.992 	      0.018
  4943.809 	      0.034
  4944.625 	      0.045
  4945.443 	      0.035
  4946.260 	      0.019
  4947.077 	      0.030
  4947.895 	      0.007
  4948.712 	     -0.014
  4949.530 	     -0.016
  4950.348 	      0.002
  4951.166 	      0.020
  4951.984 	      0.023
  4952.802 	      0.035
  4953.621 	      0.020
  4954.439 	      0.025
  4955.258 	      0.039
  4956.077 	      0.042
  4956.896 	      0.032
  4957.715 	      0.022
  4958.534 	      0.018
  4959.353 	      0.012
  4960.173 	      0.007
  4960.992 	      0.011
  4961.812 	     -0.010
  4962.632 	      0.001
  4963.452 	      0.014
  4964.272 	      0.007
  4965.093 	     -0.004
  4965.913 	     -0.014
  4966.734 	     -0.033
  4967.554 	     -0.022
  4968.375 	     -0.037
  4969.196 	     -0.039
  4970.017 	     -0.006
  4970.838 	      0.019
  4971.660 	      0.030
  4972.481 	      0.040
  4973.303 	      0.045
  4974.125 	      0.033
  4974.947 	      0.024
  4975.769 	      0.033
  4976.591 	      0.020
  4977.413 	      0.014
  4978.236 	      0.008
  4979.058 	      0.009
  4979.881 	      0.014
  4980.704 	      0.019
  4981.527 	      0.020
  4982.350 	      0.019
  4983.174 	      0.024
  4983.997 	      0.037
  4984.821 	      0.034
  4985.644 	      0.031
  4986.468 	      0.030
  4987.292 	      0.024
  4988.116 	      0.017
  4988.940 	      0.020
  4989.765 	      0.033
  4990.589 	      0.041
  4991.414 	      0.036
  4992.239 	      0.020
  4993.064 	      0.017
  4993.889 	      0.013
  4994.714 	     -0.005
  4995.539 	     -0.021
  4996.365 	     -0.018
  4997.190 	      0.003
  4998.016 	      0.026
  4998.842 	      0.037
  4999.668 	      0.039
  5000.494 	      0.031
  5001.320 	      0.017
  5002.147 	      0.027
  5002.973 	      0.038
  5003.800 	      0.032
  5004.627 	      0.014
  5005.454 	      0.003
  5006.281 	      0.004
  5007.108 	      0.013
  5007.936 	      0.045
  5008.763 	      0.085
  5009.591 	      0.088
  5010.419 	      0.089
  5011.247 	      0.094
  5012.075 	      0.097
  5012.903 	      0.093
  5013.731 	      0.079
  5014.560 	      0.061
  5015.388 	      0.048
  5016.217 	      0.032
  5017.046 	      0.018
  5017.875 	      0.026
  5018.704 	      0.029
  5019.533 	      0.022
  5020.363 	      0.007
  5021.192 	      0.002
  5022.022 	      0.013
  5022.852 	      0.020
  5023.682 	      0.010
  5024.512 	      0.026
  5025.342 	      0.033
  5026.173 	      0.024
  5027.003 	      0.014
  5027.834 	      0.005
  5028.665 	      0.002
  5029.496 	      0.005
  5030.327 	      0.012
  5031.158 	      0.014
  5031.989 	     -0.011
  5032.821 	     -0.012
  5033.653 	      0.000
  5034.484 	     -0.014
  5035.316 	     -0.014
  5036.148 	     -0.002
  5036.980 	      0.005
  5037.813 	      0.004
  5038.645 	      0.001
  5039.478 	     -0.004
  5040.311 	     -0.012
  5041.143 	     -0.024
  5041.976 	     -0.025
  5042.810 	     -0.012
  5043.643 	     -0.002
  5044.476 	      0.009
  5045.310 	      0.015
  5046.144 	      0.015
  5046.977 	      0.012
  5047.811 	      0.008
  5048.645 	     -0.004
  5049.480 	     -0.021
  5050.314 	     -0.002
  5051.149 	     -0.007
  5051.983 	     -0.011
  5052.818 	     -0.012
  5053.653 	     -0.016
  5054.488 	     -0.003
  5055.323 	      0.030
  5056.159 	      0.061
  5056.994 	      0.081
  5057.830 	      0.112
  5058.666 	      0.157
  5059.501 	      0.198
  5060.337 	      0.206
  5061.174 	      0.199
  5062.010 	      0.164
  5062.846 	      0.111
  5063.683 	      0.059
  5064.520 	      0.031
  5065.357 	      0.028
  5066.194 	      0.033
  5067.031 	      0.027
  5067.868 	      0.015
  5068.706 	      0.016
  5069.543 	      0.005
  5070.381 	     -0.004
  5071.219 	     -0.020
  5072.057 	     -0.031
  5072.895 	     -0.025
  5073.733 	     -0.007
  5074.571 	      0.007
  5075.410 	      0.012
  5076.249 	      0.011
  5077.087 	     -0.001
  5077.926 	     -0.017
  5078.765 	     -0.010
  5079.605 	      0.002
  5080.444 	      0.015
  5081.283 	      0.016
  5082.123 	      0.013
  5082.963 	      0.008
  5083.803 	      0.001
  5084.643 	     -0.002
  5085.483 	      0.006
  5086.323 	      0.015
  5087.164 	      0.005
  5088.004 	      0.002
  5088.845 	      0.009
  5089.686 	      0.010
  5090.527 	      0.004
  5091.368 	     -0.005
  5092.210 	     -0.007
  5093.051 	      0.003
  5093.893 	      0.021
  5094.734 	      0.030
  5095.576 	      0.024
  5096.418 	      0.014
  5097.260 	      0.008
  5098.103 	      0.012
  5098.945 	      0.025
  5099.788 	      0.017
  5100.630 	      0.016
  5101.473 	      0.034
  5102.316 	      0.040
  5103.159 	      0.033
  5104.003 	      0.021
  5104.846 	      0.007
  5105.689 	     -0.007
  5106.533 	     -0.009
  5107.377 	     -0.008
  5108.221 	      0.006
  5109.065 	      0.005
  5109.909 	      0.000
  5110.754 	      0.019
  5111.598 	      0.030
  5112.443 	      0.034
  5113.288 	      0.034
  5114.132 	      0.033
  5114.978 	      0.027
  5115.823 	      0.015
  5116.668 	      0.009
  5117.514 	      0.013
  5118.359 	      0.014
  5119.205 	      0.022
  5120.051 	      0.037
  5120.897 	      0.034
  5121.743 	      0.011
  5122.589 	     -0.006
  5123.436 	     -0.002
  5124.283 	      0.011
  5125.129 	      0.021
  5125.976 	      0.026
  5126.823 	      0.025
  5127.670 	      0.029
  5128.518 	      0.016
  5129.365 	      0.005
  5130.213 	     -0.011
  5131.060 	     -0.002
  5131.908 	      0.002
  5132.756 	     -0.007
  5133.604 	     -0.010
  5134.453 	     -0.010
  5135.301 	     -0.001
  5136.150 	      0.015
  5136.998 	      0.024
  5137.847 	      0.028
  5138.696 	      0.023
  5139.545 	      0.010
  5140.395 	      0.027
  5141.244 	      0.015
  5142.094 	      0.018
  5142.943 	      0.028
  5143.793 	      0.025
  5144.643 	      0.010
  5145.493 	     -0.000
  5146.343 	     -0.003
  5147.194 	      0.006
  5148.044 	      0.030
  5148.895 	      0.044
  5149.746 	      0.029
  5150.597 	      0.037
  5151.448 	      0.025
  5152.299 	      0.025
  5153.151 	      0.027
  5154.002 	      0.027
  5154.854 	      0.009
  5155.706 	     -0.012
  5156.557 	     -0.007
  5157.410 	      0.008
  5158.262 	      0.007
  5159.114 	      0.004
  5159.967 	      0.016
  5160.819 	      0.015
  5161.672 	      0.004
  5162.525 	      0.002
  5163.378 	      0.013
  5164.231 	      0.017
  5165.085 	      0.016
  5165.938 	     -0.002
  5166.792 	     -0.004
  5167.645 	     -0.004
  5168.499 	     -0.010
  5169.353 	     -0.016
  5170.208 	     -0.005
  5171.062 	      0.018
  5171.916 	      0.024
  5172.771 	      0.008
  5173.626 	     -0.013
  5174.481 	     -0.010
  5175.336 	     -0.013
  5176.191 	     -0.014
  5177.046 	     -0.006
  5177.902 	     -0.004
  5178.757 	      0.007
  5179.613 	      0.002
  5180.469 	     -0.009
  5181.325 	     -0.026
  5182.181 	     -0.037
  5183.037 	     -0.029
  5183.894 	     -0.023
  5184.751 	     -0.027
  5185.607 	     -0.019
  5186.464 	     -0.021
  5187.321 	     -0.012
  5188.178 	     -0.007
  5189.036 	     -0.022
  5189.893 	     -0.027
  5190.751 	     -0.025
  5191.608 	     -0.015
  5192.466 	      0.005
  5193.324 	      0.010
  5194.182 	      0.004
  5195.041 	      0.003
  5195.899 	      0.001
  5196.758 	      0.001
  5197.616 	      0.000
  5198.475 	     -0.001
  5199.334 	     -0.004
  5200.194 	     -0.005
  5201.053 	     -0.005
  5201.912 	     -0.006
  5202.772 	     -0.008
  5203.632 	     -0.010
  5204.491 	     -0.012
  5205.351 	     -0.011
  5206.212 	     -0.008
  5207.072 	     -0.007
  5207.932 	     -0.009
  5208.793 	     -0.014
  5209.654 	     -0.025
  5210.514 	     -0.038
  5211.375 	     -0.052
  5212.236 	     -0.063
  5213.098 	     -0.071
  5213.959 	     -0.075
  5214.821 	     -0.075
  5215.682 	     -0.072
  5216.544 	     -0.066
  5217.406 	     -0.056
  5218.268 	     -0.037
  5219.131 	     -0.043
  5219.993 	     -0.060
  5220.856 	     -0.062
  5221.718 	     -0.048
  5222.581 	     -0.033
  5223.444 	     -0.035
  5224.307 	     -0.046
  5225.171 	     -0.034
  5226.034 	     -0.040
  5226.898 	     -0.016
  5227.761 	     -0.018
  5228.625 	     -0.033
  5229.489 	     -0.030
  5230.353 	     -0.054
  5231.218 	     -0.054
  5232.082 	     -0.057
  5232.947 	     -0.082
  5233.811 	     -0.088
  5234.676 	     -0.078
  5235.541 	     -0.076
  5236.406 	     -0.064
  5237.271 	     -0.027
  5238.137 	      0.003
  5239.002 	      0.003
  5239.868 	     -0.015
  5240.734 	     -0.026
  5241.600 	     -0.025
  5242.466 	     -0.047
  5243.332 	     -0.070
  5244.199 	     -0.056
  5245.065 	     -0.042
  5245.932 	     -0.031
  5246.799 	     -0.012
  5247.666 	     -0.001
  5248.533 	     -0.008
  5249.400 	     -0.017
  5250.268 	     -0.009
  5251.135 	      0.001
  5252.003 	     -0.001
  5252.871 	      0.007
  5253.739 	      0.041
  5254.607 	      0.078
  5255.475 	      0.090
  5256.344 	      0.069
  5257.212 	      0.022
  5258.081 	      0.010
  5258.950 	     -0.008
  5259.819 	     -0.012
  5260.688 	     -0.012
  5261.557 	     -0.023
  5262.427 	     -0.027
  5263.296 	     -0.031
  5264.166 	     -0.037
  5265.036 	     -0.050
  5265.906 	     -0.052
  5266.776 	     -0.042
  5267.646 	     -0.050
  5268.517 	     -0.068
  5269.387 	     -0.060
  5270.258 	     -0.045
  5271.129 	     -0.047
  5272.000 	     -0.062
  5272.871 	     -0.046
  5273.742 	     -0.069
  5274.614 	     -0.080
  5275.485 	     -0.072
  5276.357 	     -0.079
  5277.229 	     -0.077
  5278.101 	      0.050
  5278.973 	      0.060
  5279.845 	     -0.012
  5280.718 	     -0.027
  5281.591 	     -0.013
  5282.463 	     -0.012
  5283.336 	     -0.014
  5284.209 	     -0.033
  5285.082 	     -0.059
  5285.956 	     -0.064
  5286.829 	     -0.046
  5287.703 	     -0.056
  5288.577 	     -0.061
  5289.450 	     -0.029
  5290.324 	     -0.032
  5291.199 	     -0.022
  5292.073 	     -0.007
  5292.947 	     -0.036
  5293.822 	     -0.044
  5294.697 	     -0.036
  5295.572 	     -0.047
  5296.447 	     -0.060
  5297.322 	     -0.046
  5298.197 	     -0.045
  5299.073 	     -0.056
  5299.948 	     -0.048
  5300.824 	     -0.045
  5301.700 	     -0.052
  5302.576 	     -0.041
  5303.452 	     -0.044
  5304.329 	     -0.061
  5305.205 	     -0.070
  5306.082 	     -0.048
  5306.959 	     -0.049
  5307.836 	     -0.073
  5308.713 	     -0.069
  5309.590 	     -0.047
  5310.467 	     -0.045
  5311.345 	     -0.043
  5312.222 	     -0.059
  5313.100 	     -0.059
  5313.978 	     -0.067
  5314.856 	     -0.073
  5315.734 	     -0.081
  5316.613 	     -0.074
  5317.491 	     -0.065
  5318.370 	     -0.050
  5319.249 	     -0.032
  5320.128 	     -0.036
  5321.007 	     -0.054
  5321.886 	     -0.077
  5322.766 	     -0.080
  5323.645 	     -0.087
  5324.525 	     -0.058
  5325.405 	     -0.057
  5326.285 	     -0.058
  5327.165 	     -0.086
  5328.045 	     -0.077
  5328.925 	     -0.060
  5329.806 	     -0.085
  5330.687 	     -0.063
  5331.568 	     -0.086
  5332.449 	     -0.089
  5333.330 	     -0.064
  5334.211 	     -0.066
  5335.092 	     -0.075
  5335.974 	     -0.080
  5336.856 	     -0.035
  5337.738 	     -0.032
  5338.620 	     -0.052
  5339.502 	     -0.027
  5340.384 	     -0.035
  5341.267 	     -0.073
  5342.149 	     -0.073
  5343.032 	     -0.070
  5343.915 	     -0.057
  5344.798 	     -0.021
  5345.681 	     -0.022
  5346.564 	     -0.056
  5347.448 	     -0.043
  5348.331 	     -0.041
  5349.215 	     -0.061
  5350.099 	     -0.081
  5350.983 	     -0.093
  5351.867 	     -0.037
  5352.752 	     -0.025
  5353.636 	     -0.033
  5354.521 	     -0.011
  5355.406 	     -0.015
  5356.291 	     -0.046
  5357.176 	     -0.045
  5358.061 	     -0.053
  5358.946 	     -0.064
  5359.832 	     -0.050
  5360.718 	     -0.055
  5361.603 	     -0.063
  5362.489 	     -0.053
  5363.375 	     -0.056
  5364.262 	     -0.048
  5365.148 	     -0.043
  5366.035 	     -0.063
  5366.921 	     -0.070
  5367.808 	     -0.067
  5368.695 	     -0.046
  5369.582 	     -0.062
  5370.470 	     -0.059
  5371.357 	     -0.023
  5372.245 	     -0.013
  5373.132 	     -0.047
  5374.020 	     -0.038
  5374.908 	     -0.065
  5375.796 	     -0.055
  5376.685 	     -0.042
  5377.573 	     -0.044
  5378.462 	     -0.078
  5379.350 	     -0.087
  5380.239 	     -0.070
  5381.128 	     -0.050
  5382.018 	     -0.063
  5382.907 	     -0.076
  5383.796 	     -0.078
  5384.686 	     -0.065
  5385.576 	     -0.051
  5386.466 	     -0.052
  5387.356 	     -0.063
  5388.246 	     -0.066
  5389.136 	     -0.066
  5390.027 	     -0.083
  5390.918 	     -0.083
  5391.808 	     -0.076
  5392.699 	     -0.089
  5393.590 	     -0.109
  5394.482 	     -0.092
  5395.373 	     -0.058
  5396.265 	     -0.063
  5397.156 	     -0.063
  5398.048 	     -0.071
  5398.940 	     -0.084
  5399.832 	     -0.055
  5400.724 	     -0.093
  5401.617 	     -0.082
  5402.509 	     -0.092
  5403.402 	     -0.084
  5404.295 	     -0.080
  5405.188 	     -0.086
  5406.081 	     -0.098
  5406.975 	     -0.111
  5407.868 	     -0.084
  5408.762 	     -0.091
  5409.655 	     -0.083
  5410.549 	     -0.066
  5411.443 	     -0.080
  5412.338 	     -0.069
  5413.232 	     -0.068
  5414.126 	     -0.082
  5415.021 	     -0.078
  5415.916 	     -0.074
  5416.811 	     -0.082
  5417.706 	     -0.085
  5418.601 	     -0.089
  5419.496 	     -0.092
  5420.392 	     -0.090
  5421.288 	     -0.097
  5422.183 	     -0.092
  5423.079 	     -0.092
  5423.976 	     -0.120
  5424.872 	     -0.116
  5425.768 	     -0.083
  5426.665 	     -0.064
  5427.561 	     -0.084
  5428.458 	     -0.059
  5429.355 	     -0.071
  5430.253 	     -0.080
  5431.150 	     -0.078
  5432.047 	     -0.117
  5432.945 	     -0.077
  5433.843 	     -0.083
  5434.741 	     -0.062
  5435.639 	     -0.080
  5436.537 	     -0.071
  5437.435 	     -0.088
  5438.334 	     -0.081
  5439.232 	     -0.074
  5440.131 	     -0.057
  5441.030 	     -0.066
  5441.929 	     -0.068
  5442.828 	     -0.068
  5443.728 	     -0.090
  5444.627 	     -0.090
  5445.527 	     -0.087
  5446.427 	     -0.078
  5447.327 	     -0.076
  5448.227 	     -0.098
  5449.127 	     -0.098
  5450.028 	     -0.083
  5450.928 	     -0.085
  5451.829 	     -0.085
  5452.730 	     -0.076
  5453.631 	     -0.067
  5454.532 	     -0.070
  5455.433 	     -0.078
  5456.335 	     -0.083
  5457.236 	     -0.085
  5458.138 	     -0.080
  5459.040 	     -0.080
  5459.942 	     -0.083
  5460.844 	     -0.062
  5461.747 	     -0.027
  5462.649 	     -0.032
  5463.552 	     -0.041
  5464.455 	     -0.044
  5465.358 	     -0.067
  5466.261 	     -0.091
  5467.164 	     -0.111
  5468.067 	     -0.104
  5468.971 	     -0.103
  5469.875 	     -0.099
  5470.778 	     -0.075
  5471.682 	     -0.088
  5472.587 	     -0.096
  5473.491 	     -0.095
  5474.395 	     -0.113
  5475.300 	     -0.095
  5476.205 	     -0.074
  5477.110 	     -0.072
  5478.015 	     -0.082
  5478.920 	     -0.097
  5479.825 	     -0.094
  5480.731 	     -0.091
  5481.636 	     -0.064
  5482.542 	     -0.067
  5483.448 	     -0.106
  5484.354 	     -0.085
  5485.260 	     -0.076
  5486.167 	     -0.065
  5487.073 	     -0.055
  5487.980 	     -0.073
  5488.887 	     -0.084
  5489.794 	     -0.083
  5490.701 	     -0.108
  5491.608 	     -0.113
  5492.516 	     -0.082
  5493.423 	     -0.076
  5494.331 	     -0.088
  5495.239 	     -0.103
  5496.147 	     -0.118
  5497.055 	     -0.115
  5497.964 	     -0.087
  5498.872 	     -0.083
  5499.781 	     -0.100
  5500.689 	     -0.110
  5501.598 	     -0.100
  5502.507 	     -0.089
  5503.417 	     -0.075
  5504.326 	     -0.063
  5505.236 	     -0.055
  5506.145 	     -0.065
  5507.055 	     -0.095
  5507.965 	     -0.100
  5508.875 	     -0.100
  5509.786 	     -0.107
  5510.696 	     -0.089
  5511.607 	     -0.069
  5512.517 	     -0.078
  5513.428 	     -0.088
  5514.339 	     -0.081
  5515.251 	     -0.084
  5516.162 	     -0.094
  5517.073 	     -0.099
  5517.985 	     -0.104
  5518.897 	     -0.101
  5519.809 	     -0.087
  5520.721 	     -0.075
  5521.633 	     -0.072
  5522.546 	     -0.083
  5523.458 	     -0.092
  5524.371 	     -0.094
  5525.284 	     -0.098
  5526.197 	     -0.102
  5527.110 	     -0.112
  5528.023 	     -0.111
  5528.937 	     -0.094
  5529.850 	     -0.076
  5530.764 	     -0.070
  5531.678 	     -0.084
  5532.592 	     -0.102
  5533.506 	     -0.099
  5534.421 	     -0.092
  5535.335 	     -0.091
  5536.250 	     -0.101
  5537.165 	     -0.115
  5538.080 	     -0.127
  5538.995 	     -0.129
  5539.910 	     -0.124
  5540.825 	     -0.112
  5541.741 	     -0.109
  5542.657 	     -0.117
  5543.573 	     -0.113
  5544.489 	     -0.108
  5545.405 	     -0.109
  5546.321 	     -0.084
  5547.238 	     -0.074
  5548.154 	     -0.108
  5549.071 	     -0.124
  5549.988 	     -0.125
  5550.905 	     -0.120
  5551.822 	     -0.117
  5552.740 	     -0.119
  5553.657 	     -0.126
  5554.575 	     -0.118
  5555.493 	     -0.118
  5556.411 	     -0.115
  5557.329 	     -0.120
  5558.247 	     -0.137
  5559.166 	     -0.135
  5560.084 	     -0.134
  5561.003 	     -0.131
  5561.922 	     -0.127
  5562.841 	     -0.121
  5563.760 	     -0.118
  5564.680 	     -0.109
  5565.599 	     -0.107
  5566.519 	     -0.123
  5567.439 	     -0.133
  5568.359 	     -0.144
  5569.279 	     -0.145
  5570.199 	     -0.132
  5571.119 	     -0.116
  5572.040 	     -0.121
  5572.961 	     -0.127
  5573.882 	     -0.122
  5583.099 	     -0.132
  5584.021 	     -0.119
  5584.944 	     -0.120
  5585.867 	     -0.127
  5586.790 	     -0.128
  5587.713 	     -0.122
  5588.637 	     -0.132
  5589.560 	     -0.143
  5590.484 	     -0.137
  5591.407 	     -0.124
  5592.331 	     -0.113
  5593.255 	     -0.112
  5594.180 	     -0.134
  5595.104 	     -0.139
  5596.029 	     -0.132
  5596.953 	     -0.132
  5597.878 	     -0.145
  5598.803 	     -0.155
  5599.728 	     -0.154
  5600.654 	     -0.137
  5601.579 	     -0.126
  5602.505 	     -0.130
  5603.431 	     -0.124
  5604.356 	     -0.118
  5605.283 	     -0.118
  5606.209 	     -0.116
  5607.135 	     -0.123
  5608.062 	     -0.133
  5608.988 	     -0.137
  5609.915 	     -0.131
  5610.842 	     -0.136
  5611.769 	     -0.149
  5612.697 	     -0.145
  5613.624 	     -0.149
  5614.552 	     -0.149
  5615.479 	     -0.150
  5616.407 	     -0.160
  5617.335 	     -0.159
  5618.264 	     -0.152
  5619.192 	     -0.142
  5620.121 	     -0.146
  5621.049 	     -0.152
  5621.978 	     -0.146
  5622.907 	     -0.143
  5623.836 	     -0.132
  5624.765 	     -0.136
  5625.695 	     -0.145
  5626.625 	     -0.139
  5627.554 	     -0.150
  5628.484 	     -0.164
  5629.414 	     -0.163
  5630.344 	     -0.154
  5631.275 	     -0.149
  5632.205 	     -0.151
  5633.136 	     -0.161
  5634.067 	     -0.165
  5634.998 	     -0.170
  5635.929 	     -0.180
  5636.860 	     -0.170
  5637.792 	     -0.165
  5638.723 	     -0.163
  5639.655 	     -0.163
  5640.587 	     -0.165
  5641.519 	     -0.184
  5642.451 	     -0.181
  5643.384 	     -0.180
  5644.316 	     -0.192
  5645.249 	     -0.162
  5646.182 	     -0.138
  5647.115 	     -0.151
  5648.048 	     -0.161
  5648.981 	     -0.172
  5649.915 	     -0.188
  5650.848 	     -0.196
  5651.782 	     -0.184
  5652.716 	     -0.166
  5653.650 	     -0.181
  5654.584 	     -0.171
  5655.518 	     -0.162
  5656.453 	     -0.164
  5657.388 	     -0.185
  5658.322 	     -0.188
  5659.257 	     -0.177
  5660.193 	     -0.171
  5661.128 	     -0.161
  5662.063 	     -0.163
  5662.999 	     -0.193
  5663.935 	     -0.190
  5664.871 	     -0.176
  5665.807 	     -0.183
  5666.743 	     -0.184
  5667.679 	     -0.177
  5668.616 	     -0.169
  5669.553 	     -0.173
  5670.489 	     -0.184
  5671.426 	     -0.196
  5672.364 	     -0.189
  5673.301 	     -0.183
  5674.238 	     -0.167
  5675.176 	     -0.156
  5676.114 	     -0.162
  5677.052 	     -0.177
  5677.990 	     -0.178
  5678.928 	     -0.182
  5679.866 	     -0.185
  5680.805 	     -0.169
  5681.744 	     -0.166
  5682.683 	     -0.169
  5683.622 	     -0.153
  5684.561 	     -0.153
  5685.500 	     -0.166
  5686.440 	     -0.187
  5687.379 	     -0.195
  5688.319 	     -0.198
  5689.259 	     -0.198
  5690.199 	     -0.186
  5691.139 	     -0.167
  5692.080 	     -0.161
  5693.020 	     -0.174
  5693.961 	     -0.170
  5694.902 	     -0.156
  5695.843 	     -0.170
  5696.784 	     -0.192
  5697.725 	     -0.179
  5698.667 	     -0.192
  5699.609 	     -0.193
  5700.550 	     -0.176
  5701.492 	     -0.184
  5702.435 	     -0.190
  5703.377 	     -0.202
  5704.319 	     -0.185
  5705.262 	     -0.184
  5706.205 	     -0.212
  5707.147 	     -0.195
  5708.091 	     -0.195
  5709.034 	     -0.179
  5709.977 	     -0.181
  5710.921 	     -0.192
  5711.864 	     -0.189
  5712.808 	     -0.195
  5713.752 	     -0.200
  5714.696 	     -0.187
  5715.641 	     -0.196
  5716.585 	     -0.205
  5717.530 	     -0.187
  5718.475 	     -0.162
  5719.419 	     -0.183
  5720.365 	     -0.196
  5721.310 	     -0.188
  5722.255 	     -0.197
  5723.201 	     -0.201
  5724.146 	     -0.207
  5725.092 	     -0.187
  5726.038 	     -0.161
  5726.985 	     -0.170
  5727.931 	     -0.174
  5728.877 	     -0.210
  5729.824 	     -0.213
  5730.771 	     -0.188
  5731.718 	     -0.186
  5732.665 	     -0.204
  5733.612 	     -0.195
  5734.560 	     -0.200
  5735.507 	     -0.206
  5736.455 	     -0.193
  5737.403 	     -0.199
  5738.351 	     -0.202
  5739.299 	     -0.194
  5740.247 	     -0.170
  5741.196 	     -0.199
  5742.145 	     -0.214
  5743.094 	     -0.181
  5744.043 	     -0.205
  5744.992 	     -0.205
  5745.941 	     -0.201
  5746.890 	     -0.197
  5747.840 	     -0.181
  5748.790 	     -0.152
  5749.740 	     -0.163
  5750.690 	     -0.193
  5751.640 	     -0.198
  5752.591 	     -0.194
  5753.541 	     -0.177
  5754.492 	     -0.180
  5755.443 	     -0.178
  5756.394 	     -0.172
  5757.345 	     -0.183
  5758.296 	     -0.190
  5759.248 	     -0.196
  5760.200 	     -0.158
  5761.151 	     -0.142
  5762.103 	     -0.161
  5763.055 	     -0.184
  5764.008 	     -0.194
  5764.960 	     -0.196
  5765.913 	     -0.167
  5766.866 	     -0.194
  5767.819 	     -0.182
  5768.772 	     -0.179
  5769.725 	     -0.183
  5770.678 	     -0.150
  5771.632 	     -0.160
  5772.586 	     -0.163
  5773.539 	     -0.169
  5774.493 	     -0.179
  5775.448 	     -0.195
  5776.402 	     -0.189
  5777.357 	     -0.171
  5778.311 	     -0.173
  5779.266 	     -0.186
  5780.221 	     -0.191
  5781.176 	     -0.184
  5782.131 	     -0.189
  5783.087 	     -0.204
  5784.042 	     -0.197
  5784.998 	     -0.160
  5785.954 	     -0.122
  5786.910 	     -0.165
  5787.866 	     -0.132
  5788.823 	     -0.129
  5789.779 	     -0.175
  5790.736 	     -0.122
  5791.693 	     -0.146
  5792.650 	     -0.141
  5793.607 	     -0.152
  5794.565 	     -0.165
  5795.522 	     -0.153
  5796.480 	     -0.154
  5797.438 	     -0.182
  5798.396 	     -0.165
  5799.354 	     -0.153
  5800.312 	     -0.160
  5801.270 	     -0.159
  5802.229 	     -0.151
  5803.188 	     -0.150
  5804.147 	     -0.140
  5805.106 	     -0.152
  5806.065 	     -0.161
  5807.024 	     -0.143
  5807.984 	     -0.144
  5808.944 	     -0.150
  5809.904 	     -0.159
  5810.864 	     -0.148
  5811.824 	     -0.151
  5812.784 	     -0.156
  5813.745 	     -0.142
  5814.705 	     -0.117
  5815.666 	     -0.112
  5816.627 	     -0.097
  5817.588 	     -0.131
  5818.550 	     -0.116
  5819.511 	     -0.120
  5820.473 	     -0.142
  5821.435 	     -0.129
  5822.397 	     -0.090
  5823.359 	     -0.093
  5824.321 	     -0.104
  5825.283 	     -0.116
  5826.246 	     -0.139
  5827.209 	     -0.140
  5828.172 	     -0.119
  5829.135 	     -0.119
  5830.098 	     -0.111
  5831.061 	     -0.103
  5832.025 	     -0.115
  5832.988 	     -0.118
  5833.952 	     -0.122
  5834.916 	     -0.114
  5835.880 	     -0.112
  5836.845 	     -0.121
  5837.809 	     -0.131
  5838.774 	     -0.111
  5839.739 	     -0.107
  5840.704 	     -0.117
  5841.669 	     -0.136
  5842.634 	     -0.133
  5843.600 	     -0.134
  5844.565 	     -0.118
  5845.531 	     -0.111
  5846.497 	     -0.124
  5847.463 	     -0.136
  5848.429 	     -0.124
  5849.396 	     -0.119
  5850.362 	     -0.105
  5851.329 	     -0.091
  5852.296 	     -0.088
  5853.263 	     -0.100
  5854.230 	     -0.063
  5855.197 	     -0.092
  5856.165 	     -0.116
  5857.133 	     -0.116
  5858.100 	     -0.095
  5859.068 	     -0.084
  5860.037 	     -0.063
  5861.005 	     -0.085
  5861.973 	     -0.086
  5862.942 	     -0.073
  5863.911 	     -0.063
  5864.880 	     -0.048
  5865.849 	     -0.040
  5866.818 	     -0.036
  5867.788 	     -0.028
  5868.757 	     -0.019
  5869.727 	     -0.009
  5870.697 	     -0.030
  5871.667 	     -0.048
  5872.637 	     -0.075
  5873.608 	     -0.088
  5874.578 	     -0.081
  5875.549 	     -0.060
  5876.520 	     -0.044
  5877.491 	     -0.060
  5878.462 	     -0.041
  5879.434 	     -0.029
  5880.405 	     -0.035
  5881.377 	     -0.056
  5882.349 	     -0.075
  5903.770 	     -0.058
  5904.746 	     -0.042
  5905.721 	     -0.016
  5906.697 	     -0.014
  5907.673 	     -0.040
  5908.649 	     -0.028
  5909.626 	     -0.023
  5910.602 	     -0.023
  5911.579 	     -0.031
  5912.556 	     -0.052
  5913.533 	     -0.038
  5914.510 	     -0.016
  5915.487 	      0.005
  5916.465 	      0.006
  5917.442 	     -0.013
  5918.420 	     -0.020
  5919.398 	     -0.028
  5920.376 	     -0.050
  5921.355 	     -0.069
  5922.333 	     -0.058
  5923.312 	     -0.058
  5924.290 	     -0.054
  5925.269 	     -0.052
  5926.248 	     -0.034
  5927.228 	     -0.024
  5928.207 	     -0.037
  5929.187 	     -0.047
  5930.166 	     -0.049
  5931.146 	     -0.054
  5932.126 	     -0.019
  5933.107 	     -0.001
  5934.087 	      0.010
  5935.068 	      0.022
  5936.048 	      0.047
  5937.029 	      0.050
  5938.010 	      0.056
  5938.992 	      0.045
  5939.973 	      0.023
  5940.954 	     -0.015
  5941.936 	     -0.037
  5942.918 	     -0.045
  5943.900 	     -0.048
  5944.882 	     -0.070
  5945.865 	     -0.098
  5946.847 	     -0.116
  5947.830 	     -0.161
  5948.813 	     -0.230
  5949.796 	     -0.296
  5950.779 	     -0.361
  5951.762 	     -0.387
  5952.745 	     -0.370
  5953.729 	     -0.364
  5954.713 	     -0.387
  5955.697 	     -0.395
  5956.681 	     -0.394
  5957.665 	     -0.387
  5958.650 	     -0.373
  5959.634 	     -0.348
  5960.619 	     -0.310
  5961.604 	     -0.279
  5962.589 	     -0.216
  5963.574 	     -0.140
  5964.560 	     -0.094
  5965.546 	     -0.092
  5966.531 	     -0.089
  5967.517 	     -0.101
  5968.503 	     -0.216
  5969.490 	     -0.350
  5970.476 	     -0.045
  5971.463 	     -0.055
  5972.449 	     -0.072
  5973.436 	     -0.059
  5974.423 	     -0.060
  5975.410 	     -0.070
  5976.398 	     -0.034
  5977.385 	     -0.030
  5978.373 	     -0.013
  5979.361 	     -0.034
  5980.349 	     -0.027
  5981.337 	     -0.045
  5982.326 	     -0.070
  5983.314 	     -0.070
  5984.303 	     -0.053
  5985.292 	     -0.052
  5986.281 	     -0.062
  5987.270 	     -0.085
  5988.259 	     -0.088
  5989.249 	     -0.076
  5990.238 	     -0.059
  5991.228 	     -0.067
  5992.218 	     -0.083
  5993.208 	     -0.077
  5994.199 	     -0.075
  5995.189 	     -0.087
  5996.180 	     -0.067
  5997.171 	     -0.056
  5998.162 	     -0.061
  5999.153 	     -0.064
  6000.144 	     -0.048
  6001.136 	     -0.064
  6002.127 	     -0.079
  6003.119 	     -0.050
  6004.111 	     -0.060
  6005.103 	     -0.047
  6006.095 	     -0.047
  6007.088 	     -0.054
  6008.081 	     -0.061
  6009.073 	     -0.072
  6010.066 	     -0.053
  6011.059 	     -0.049
  6012.053 	     -0.061
  6013.046 	     -0.067
  6014.040 	     -0.056
  6015.033 	     -0.079
  6016.027 	     -0.107
  6017.022 	     -0.095
  6018.016 	     -0.072
  6019.010 	     -0.084
  6020.005 	     -0.078
  6021.000 	     -0.058
  6021.994 	     -0.071
  6022.990 	     -0.084
  6023.985 	     -0.099
  6024.980 	     -0.093
  6025.976 	     -0.086
  6026.972 	     -0.069
  6027.967 	     -0.055
  6028.964 	     -0.070
  6029.960 	     -0.097
  6030.956 	     -0.073
  6031.953 	     -0.065
  6032.949 	     -0.084
  6033.946 	     -0.091
  6034.943 	     -0.071
  6035.941 	     -0.055
  6036.938 	     -0.043
  6037.936 	     -0.050
  6038.933 	     -0.055
  6039.931 	     -0.049
  6040.929 	     -0.077
  6041.927 	     -0.066
  6042.926 	     -0.075
  6043.924 	     -0.077
  6044.923 	     -0.052
  6045.922 	     -0.064
  6046.921 	     -0.057
  6047.920 	     -0.035
  6048.920 	     -0.032
  6049.919 	     -0.042
  6050.919 	     -0.057
  6051.919 	     -0.057
  6052.919 	     -0.056
  6053.919 	     -0.044
  6054.919 	     -0.049
  6055.920 	     -0.050
  6056.920 	     -0.034
  6057.921 	     -0.045
  6058.922 	     -0.067
  6059.924 	     -0.063
  6060.925 	     -0.042
  6061.926 	     -0.023
  6062.928 	     -0.018
  6063.930 	     -0.008
  6064.932 	     -0.013
  6065.934 	     -0.031
  6066.937 	     -0.040
  6067.939 	     -0.043
  6068.942 	     -0.021
  6069.945 	     -0.008
  6070.948 	     -0.008
  6071.951 	     -0.023
  6072.954 	     -0.028
  6073.958 	     -0.027
  6074.961 	     -0.044
  6075.965 	     -0.022
  6076.969 	     -0.006
  6077.973 	     -0.021
  6078.978 	     -0.024
  6079.982 	     -0.025
  6080.987 	      0.006
  6081.992 	      0.024
  6082.997 	      0.013
  6084.002 	     -0.019
  6085.007 	     -0.012
  6086.013 	     -0.042
  6087.018 	     -0.041
  6088.024 	     -0.027
  6089.030 	     -0.010
  6090.036 	     -0.006
  6091.043 	      0.029
  6092.049 	      0.040
  6093.056 	      0.026
  6094.063 	     -0.001
  6095.070 	      0.034
  6096.077 	     -0.002
  6097.084 	      0.045
  6098.092 	      0.022
  6099.099 	      0.016
  6100.107 	      0.013
  6101.115 	      0.020
  6102.123 	      0.050
  6103.132 	      0.050
  6104.140 	      0.034
  6105.149 	      0.073
  6106.157 	      0.023
  6107.166 	      0.072
  6108.176 	      0.040
  6109.185 	      0.061
  6110.194 	      0.034
  6111.204 	      0.037
  6112.214 	      0.051
  6113.224 	      0.067
  6114.234 	      0.035
  6115.244 	      0.048
  6116.255 	      0.030
  6117.266 	      0.037
  6118.276 	      0.061
  6119.287 	      0.067
  6120.299 	      0.082
  6121.310 	      0.096
  6122.321 	      0.091
  6123.333 	      0.066
  6124.345 	      0.072
  6125.357 	      0.071
  6126.369 	      0.074
  6127.381 	      0.079
  6128.394 	      0.091
  6129.407 	      0.093
  6130.419 	      0.099
  6131.432 	      0.084
  6132.446 	      0.066
  6133.459 	      0.084
  6134.472 	      0.092
  6135.486 	      0.108
  6136.500 	      0.130
  6137.514 	      0.119
  6138.528 	      0.157
  6139.542 	      0.150
  6140.557 	      0.096
  6141.572 	      0.090
  6142.586 	      0.102
  6143.601 	      0.122
  6144.617 	      0.138
  6145.632 	      0.133
  6146.648 	      0.106
  6147.663 	      0.095
  6148.679 	      0.111
  6149.695 	      0.094
  6150.711 	      0.070
  6151.728 	      0.105
  6152.744 	      0.129
  6153.761 	      0.141
  6154.778 	      0.121
  6155.795 	      0.107
  6156.812 	      0.106
  6157.829 	      0.103
  6158.847 	      0.099
  6159.865 	      0.095
  6160.882 	      0.094
  6161.900 	      0.095
  6162.919 	      0.096
  6163.937 	      0.099
  6164.956 	      0.109
  6165.974 	      0.128
  6166.993 	      0.149
  6168.012 	      0.158
  6169.031 	      0.152
  6170.051 	      0.137
  6171.070 	      0.125
  6172.090 	      0.120
  6173.110 	      0.120
  6174.130 	      0.120
  6175.150 	      0.121
  6176.171 	      0.122
  6177.191 	      0.122
  6178.212 	      0.120
  6179.233 	      0.120
  6180.254 	      0.123
  6181.275 	      0.125
  6182.296 	      0.135
  6183.318 	      0.143
  6184.340 	      0.151
  6185.362 	      0.151
  6186.384 	      0.178
  6187.406 	      0.146
  6188.428 	      0.130
  6189.451 	      0.130
  6190.474 	      0.149
  6191.497 	      0.157
  6192.520 	      0.160
  6193.543 	      0.157
  6194.567 	      0.142
  6195.590 	      0.139
  6196.614 	      0.144
  6197.638 	      0.153
  6198.662 	      0.150
  6199.686 	      0.137
  6200.711 	      0.149
  6201.735 	      0.179
  6202.760 	      0.170
  6203.785 	      0.168
  6204.810 	      0.133
  6205.835 	      0.129
  6206.861 	      0.153
  6207.887 	      0.164
  6208.912 	      0.143
  6209.938 	      0.146
  6210.964 	      0.148
  6211.991 	      0.187
  6213.017 	      0.184
  6214.044 	      0.198
  6215.071 	      0.176
  6216.098 	      0.161
  6217.125 	      0.141
  6218.152 	      0.161
  6219.180 	      0.152
  6220.207 	      0.135
  6221.235 	      0.163
  6222.263 	      0.143
  6223.291 	      0.133
  6224.320 	      0.136
  6225.348 	      0.163
  6226.377 	      0.177
  6227.406 	      0.157
  6228.435 	      0.152
  6229.464 	      0.157
  6230.493 	      0.140
  6231.523 	      0.111
  6232.553 	      0.118
  6233.583 	      0.165
  6234.613 	      0.213
  6235.643 	      0.243
  6236.673 	      0.259
  6237.704 	      0.232
  6238.734 	      0.222
  6239.765 	      0.207
  6240.796 	      0.168
  6241.828 	      0.157
  6242.859 	      0.184
  6243.891 	      0.190
  6244.922 	      0.172
  6245.954 	      0.169
  6246.986 	      0.174
  6248.019 	      0.152
  6249.051 	      0.156
  6250.084 	      0.161
  6251.117 	      0.166
  6252.149 	      0.159
  6253.183 	      0.151
  6254.216 	      0.144
  6255.249 	      0.148
  6256.283 	      0.190
  6257.317 	      0.235
  6258.351 	      0.235
  6259.385 	      0.221
  6260.419 	      0.220
  6261.454 	      0.215
  6262.488 	      0.180
  6263.523 	      0.168
  6264.558 	      0.197
  6265.593 	      0.216
  6266.629 	      0.211
  6267.664 	      0.193
  6268.700 	      0.162
  6269.736 	      0.154
  6270.772 	      0.162
  6271.808 	      0.169
  6272.844 	      0.149
  6273.881 	      0.123
  6274.918 	      0.106
  6275.954 	      0.095
  6276.991 	      0.090
  6278.029 	      0.087
  6279.066 	      0.088
  6280.104 	      0.083
  6281.141 	      0.099
  6282.179 	      0.071
  6283.217 	      0.057
  6284.256 	      0.068
  6285.294 	      0.091
  6286.333 	      0.136
  6287.371 	      0.166
  6288.410 	      0.167
  6289.449 	      0.197
  6290.489 	      0.198
  6291.528 	      0.159
  6292.568 	      0.120
  6313.396 	      0.101
  6314.440 	      0.111
  6315.483 	      0.142
  6316.527 	      0.144
  6317.570 	      0.137
  6318.614 	      0.138
  6319.658 	      0.147
  6320.703 	      0.157
  6321.747 	      0.172
  6322.792 	      0.185
  6323.837 	      0.173
  6324.882 	      0.156
  6325.927 	      0.157
  6326.972 	      0.142
  6328.017 	      0.148
  6329.063 	      0.181
  6330.109 	      0.171
  6331.155 	      0.193
  6332.201 	      0.221
  6333.247 	      0.216
  6334.294 	      0.177
  6335.341 	      0.117
  6336.388 	      0.101
  6337.435 	      0.116
  6338.482 	      0.135
  6339.529 	      0.141
  6340.577 	      0.143
  6341.624 	      0.159
  6342.672 	      0.172
  6343.720 	      0.163
  6344.769 	      0.130
  6345.817 	      0.126
  6346.866 	      0.140
  6347.914 	      0.140
  6348.963 	      0.142
  6350.012 	      0.129
  6351.062 	      0.107
  6352.111 	      0.088
  6353.161 	      0.083
  6354.211 	      0.090
  6355.261 	      0.122
  6356.311 	      0.164
  6357.361 	      0.168
  6358.412 	      0.184
  6359.462 	      0.185
  6360.513 	      0.171
  6361.564 	      0.240
  6362.615 	      0.504
  6363.667 	      0.716
  6364.718 	      0.776
  6365.770 	      0.808
  6366.822 	      0.777
  6367.874 	      0.585
  6368.926 	      0.361
  6369.979 	      0.281
  6371.031 	      0.225
  6372.084 	      0.185
  6373.137 	      0.145
  6374.190 	      0.163
  6375.243 	      0.122
  6376.297 	      0.111
  6377.350 	      0.141
  6378.404 	      0.166
  6379.458 	      0.160
  6380.512 	      0.156
  6381.567 	      0.149
  6382.621 	      0.157
  6383.676 	      0.151
  6384.731 	      0.141
  6385.786 	      0.167
  6386.841 	      0.162
  6387.896 	      0.170
  6388.952 	      0.159
  6390.008 	      0.130
  6391.063 	      0.134
  6392.120 	      0.116
  6393.176 	      0.119
  6394.232 	      0.142
  6395.289 	      0.163
  6396.346 	      0.190
  6397.403 	      0.190
  6398.460 	      0.149
  6399.517 	      0.137
  6400.574 	      0.134
  6401.632 	      0.137
  6402.690 	      0.168
  6403.748 	      0.172
  6404.806 	      0.166
  6405.864 	      0.153
  6406.923 	      0.119
  6407.982 	      0.108
  6409.040 	      0.123
  6410.099 	      0.129
  6411.159 	      0.140
  6412.218 	      0.141
  6413.278 	      0.142
  6414.337 	      0.155
  6415.397 	      0.171
  6416.457 	      0.160
  6417.518 	      0.140
  6418.578 	      0.128
  6419.639 	      0.130
  6420.700 	      0.160
  6421.760 	      0.183
  6422.822 	      0.177
  6423.883 	      0.156
  6424.944 	      0.140
  6426.006 	      0.128
  6427.068 	      0.144
  6428.130 	      0.168
  6429.192 	      0.160
  6430.255 	      0.164
  6431.317 	      0.173
  6432.380 	      0.180
  6433.443 	      0.170
  6434.506 	      0.160
  6435.569 	      0.169
  6436.632 	      0.185
  6437.696 	      0.172
  6438.760 	      0.172
  6439.824 	      0.170
  6440.888 	      0.152
  6441.952 	      0.142
  6443.017 	      0.122
  6444.081 	      0.125
  6445.146 	      0.154
  6446.211 	      0.155
  6447.276 	      0.136
  6448.342 	      0.127
  6449.407 	      0.122
  6450.473 	      0.139
  6451.539 	      0.169
  6452.605 	      0.178
  6453.671 	      0.185
  6454.738 	      0.159
  6455.804 	      0.160
  6456.871 	      0.143
  6457.938 	      0.172
  6459.005 	      0.173
  6460.072 	      0.195
  6461.140 	      0.180
  6462.207 	      0.176
  6463.275 	      0.162
  6464.343 	      0.182
  6465.411 	      0.205
  6466.480 	      0.214
  6467.548 	      0.226
  6468.617 	      0.220
  6469.686 	      0.220
  6470.755 	      0.210
  6471.824 	      0.186
  6472.894 	      0.187
  6473.963 	      0.182
  6475.033 	      0.171
  6476.103 	      0.134
  6477.173 	      0.161
  6478.243 	      0.158
  6479.314 	      0.136
  6480.385 	      0.143
  6481.455 	      0.154
  6482.526 	      0.139
  6483.598 	      0.100
  6484.669 	      0.084
  6485.740 	      0.094
  6486.812 	      0.123
  6487.884 	      0.125
  6488.956 	      0.122
  6490.028 	      0.144
  6491.101 	      0.154
  6492.173 	      0.140
  6493.246 	      0.131
  6494.319 	      0.136
  6495.392 	      0.133
  6496.466 	      0.121
  6497.539 	      0.164
  6498.613 	      0.215
  6499.687 	      0.235
  6500.761 	      0.231
  6501.835 	      0.193
  6502.909 	      0.147
  6503.984 	      0.147
  6505.058 	      0.142
  6506.133 	      0.141
  6507.208 	      0.158
  6508.284 	      0.163
  6509.359 	      0.146
  6510.435 	      0.118
  6511.511 	      0.118
  6512.587 	      0.125
  6513.663 	      0.102
  6514.739 	      0.105
  6515.816 	      0.119
  6516.892 	      0.136
  6517.969 	      0.128
  6519.046 	      0.111
  6520.123 	      0.107
  6521.201 	      0.103
  6522.278 	      0.105
  6523.356 	      0.121
  6524.434 	      0.095
  6525.512 	      0.109
  6526.590 	      0.113
  6527.669 	      0.091
  6528.748 	      0.119
  6529.826 	      0.116
  6530.905 	      0.131
  6531.985 	      0.171
  6533.064 	      0.219
  6534.143 	      0.225
  6535.223 	      0.192
  6536.303 	      0.162
  6537.383 	      0.118
  6538.463 	      0.134
  6539.544 	      0.113
  6540.624 	      0.091
  6541.705 	      0.104
  6542.786 	      0.144
  6543.867 	      0.152
  6544.949 	      0.144
  6546.030 	      0.168
  6547.112 	      0.154
  6548.194 	      0.133
  6549.276 	      0.126
  6550.358 	      0.133
  6551.440 	      0.155
  6552.523 	      0.224
  6553.606 	      0.226
  6554.689 	      0.203
  6555.772 	      0.211
  6556.855 	      0.196
  6557.938 	      0.134
  6559.022 	      0.101
  6560.106 	      0.075
  6561.190 	      0.101
  6562.274 	      0.179
  6563.358 	      0.214
  6564.443 	      0.208
  6565.528 	      0.184
  6566.613 	      0.146
  6567.698 	      0.130
  6568.783 	      0.131
  6569.868 	      0.132
  6570.954 	      0.112
  6572.040 	      0.111
  6573.126 	      0.105
  6574.212 	      0.096
  6575.298 	      0.117
  6576.385 	      0.160
  6577.471 	      0.169
  6578.558 	      0.160
  6579.645 	      0.151
  6580.733 	      0.148
  6581.820 	      0.106
  6582.908 	      0.093
  6583.995 	      0.115
  6585.083 	      0.133
  6586.171 	      0.125
  6587.260 	      0.112
  6588.348 	      0.124
  6589.437 	      0.124
  6590.526 	      0.092
  6591.615 	      0.075
  6592.704 	      0.085
  6593.793 	      0.071
  6594.883 	      0.089
  6595.973 	      0.114
  6597.063 	      0.134
  6598.153 	      0.127
  6599.243 	      0.115
  6600.334 	      0.101
  6601.424 	      0.097
  6602.515 	      0.128
  6603.606 	      0.141
  6604.697 	      0.153
  6605.789 	      0.142
  6606.880 	      0.136
  6607.972 	      0.136
  6609.064 	      0.119
  6610.156 	      0.105
  6611.248 	      0.099
  6612.341 	      0.175
  6613.433 	      0.214
  6614.526 	      0.283
  6615.619 	      0.422
  6616.712 	      0.597
  6617.806 	      0.749
  6618.899 	      0.785
  6619.993 	      0.711
  6621.087 	      0.540
  6622.181 	      0.377
  6623.275 	      0.263
  6624.370 	      0.212
  6625.464 	      0.188
  6626.559 	      0.212
  6627.654 	      0.322
  6628.749 	      0.578
  6629.844 	      1.049
  6630.940 	      1.707
  6632.036 	      2.573
  6633.132 	      3.361
  6634.228 	      3.459
  6635.324 	      2.583
  6636.420 	      1.583
  6637.517 	      0.813
  6638.614 	      0.368
  6639.711 	      0.196
  6640.808 	      0.145
  6641.905 	      0.125
  6643.003 	      0.130
  6644.100 	      0.130
  6645.198 	      0.137
  6646.296 	      0.161
  6647.395 	      0.205
  6648.493 	      0.301
  6649.592 	      0.484
  6650.691 	      0.743
  6651.789 	      1.188
  6652.889 	      1.754
  6653.988 	      2.181
  6655.087 	      2.226
  6656.187 	      1.799
  6657.287 	      1.145
  6658.387 	      0.633
  6659.487 	      0.327
  6660.588 	      0.193
  6661.688 	      0.142
  6662.789 	      0.129
  6663.890 	      0.103
  6664.991 	      0.088
  6666.093 	      0.086
  6667.194 	      0.118
  6668.296 	      0.095
  6669.398 	      0.077
  6670.500 	      0.078
  6671.602 	      0.057
  6672.705 	      0.038
  6673.807 	      0.036
  6674.910 	      0.037
  6676.013 	      0.067
  6677.116 	      0.082
  6678.219 	      0.079
  6679.323 	      0.064
  6680.427 	      0.081
  6681.530 	      0.079
  6682.635 	      0.062
  6683.739 	      0.059
  6684.843 	      0.073
  6685.948 	      0.079
  6687.053 	      0.062
  6688.158 	      0.075
  6689.263 	      0.083
  6690.368 	      0.069
  6691.474 	      0.068
  6692.579 	      0.071
  6693.685 	      0.078
  6694.791 	      0.091
  6695.898 	      0.073
  6697.004 	      0.061
  6698.111 	      0.059
  6699.217 	      0.053
  6700.324 	      0.055
  6701.432 	      0.076
  6702.539 	      0.071
  6703.647 	      0.062
  6704.754 	      0.059
  6705.862 	      0.044
  6706.970 	      0.041
  6708.079 	      0.049
  6709.187 	      0.045
  6710.296 	      0.062
  6711.404 	      0.056
  6712.513 	      0.048
  6713.623 	      0.056
  6714.732 	      0.036
  6715.842 	      0.037
  6716.951 	      0.049
  6718.061 	      0.036
  6719.171 	      0.032
  6720.282 	      0.023
  6721.392 	      0.038
  6722.503 	      0.048
  6723.614 	      0.037
  6724.725 	      0.050
  6725.836 	      0.021
  6726.947 	      0.036
  6728.059 	      0.055
  6729.171 	      0.031
  6730.283 	      0.037
  6731.395 	      0.039
  6732.507 	      0.035
  6733.619 	      0.040
  6734.732 	      0.054
  6735.845 	      0.042
  6736.958 	      0.044
  6738.071 	      0.043
  6739.185 	      0.038
  6740.298 	      0.025
  6741.412 	      0.032
  6742.526 	      0.033
  6743.640 	      0.011
  6744.754 	      0.019
  6745.869 	      0.028
  6746.984 	      0.041
  6748.099 	      0.073
  6749.214 	      0.087
  6750.329 	      0.076
  6751.444 	      0.047
  6752.560 	      0.031
  6753.676 	      0.013
  6754.792 	     -0.004
  6755.908 	      0.000
  6757.024 	      0.016
  6758.141 	      0.027
  6759.258 	      0.033
  6760.374 	      0.018
  6761.492 	      0.038
  6762.609 	      0.043
  6763.726 	      0.027
  6764.844 	      0.013
  6765.962 	      0.020
  6767.080 	      0.008
  6768.198 	      0.002
  6769.316 	     -0.005
  6770.435 	     -0.002
  6771.554 	     -0.013
  6772.673 	      0.003
  6773.792 	      0.008
  6774.911 	     -0.018
  6776.031 	      0.012
  6777.150 	      0.017
  6778.270 	     -0.011
  6779.390 	     -0.029
  6780.510 	     -0.007
  6781.631 	      0.027
  6782.752 	      0.038
  6783.872 	      0.073
  6784.993 	      0.141
  6786.114 	      0.235
  6787.236 	      0.366
  6788.357 	      0.532
  6789.479 	      0.556
  6790.601 	      0.415
  6791.723 	      0.225
  6792.845 	      0.110
  6793.968 	      0.031
  6795.090 	      0.015
  6796.213 	      0.029
  6797.336 	      0.045
  6798.459 	      0.066
  6799.583 	      0.116
  6800.706 	      0.200
  6801.830 	      0.300
  6802.954 	      0.397
  6804.078 	      0.405
  6805.203 	      0.312
  6806.327 	      0.191
  6807.452 	      0.080
  6808.577 	      0.004
  6809.702 	     -0.007
  6810.827 	     -0.011
  6811.952 	     -0.021
  6813.078 	     -0.021
  6814.204 	     -0.034
  6815.330 	     -0.032
  6816.456 	     -0.025
  6817.582 	     -0.040
  6818.709 	     -0.029
  6819.836 	     -0.023
  6820.963 	     -0.036
  6822.090 	     -0.013
  6823.217 	     -0.010
  6824.344 	     -0.015
  6825.472 	     -0.014
  6840.149 	      0.023
  6841.279 	      0.009
  6842.410 	      0.021
  6843.540 	      0.013
  6844.671 	      0.016
  6845.802 	     -0.017
  6846.933 	     -0.032
  6848.065 	     -0.029
  6849.196 	     -0.032
  6850.328 	     -0.025
  6851.460 	     -0.025
  6852.592 	     -0.040
  6853.724 	     -0.055
  6854.857 	     -0.037
  6855.990 	     -0.025
  6857.123 	     -0.031
  6858.256 	     -0.028
  6859.389 	     -0.026
  6860.522 	     -0.024
  6861.656 	      0.007
  6862.790 	      0.099
  6863.924 	      0.157
  6865.058 	      0.140
  6866.193 	      0.067
  6867.327 	     -0.076
  6868.462 	     -0.259
  6869.597 	     -0.355
  6870.732 	     -0.405
  6871.867 	     -0.400
  6873.003 	     -0.361
  6874.139 	     -0.342
  6875.274 	     -0.324
  6876.411 	     -0.295
  6877.547 	     -0.264
  6878.683 	     -0.234
  6879.820 	     -0.182
  6880.957 	     -0.128
  6882.094 	     -0.083
  6883.231 	     -0.073
  6884.368 	     -0.099
  6885.506 	     -0.150
  6886.644 	     -0.169
  6887.782 	     -0.166
  6888.920 	     -0.174
  6890.058 	     -0.144
  6891.197 	     -0.162
  6892.335 	     -0.186
  6893.474 	     -0.168
  6894.613 	     -0.185
  6895.753 	     -0.222
  6896.892 	     -0.177
  6898.032 	     -0.156
  6899.172 	     -0.139
  6900.312 	     -0.120
  6901.452 	     -0.104
  6902.592 	     -0.110
  6903.733 	     -0.149
  6904.874 	     -0.139
  6906.015 	     -0.134
  6907.156 	     -0.151
  6908.297 	     -0.152
  6909.439 	     -0.122
  6910.580 	     -0.078
  6911.722 	     -0.069
  6912.864 	     -0.062
  6914.007 	     -0.053
  6915.149 	     -0.047
  6916.292 	     -0.065
  6917.435 	     -0.100
  6918.578 	     -0.096
  6919.721 	     -0.090
  6920.865 	     -0.071
  6922.008 	     -0.015
  6923.152 	      0.011
  6924.296 	      0.044
  6925.440 	      0.033
  6926.584 	     -0.012
  6927.729 	     -0.058
  6928.874 	     -0.065
  6930.019 	     -0.069
  6931.164 	     -0.078
  6932.309 	     -0.088
  6933.455 	     -0.085
  6934.600 	     -0.075
  6935.746 	     -0.073
  6936.892 	     -0.066
  6938.039 	     -0.025
  6939.185 	     -0.004
  6940.332 	      0.011
  6941.479 	      0.008
  6942.626 	     -0.007
  6943.773 	     -0.019
  6944.920 	     -0.027
  6946.068 	     -0.043
  6947.216 	     -0.004
  6948.364 	      0.078
  6949.512 	      0.073
  6950.660 	      0.045
  6951.809 	      0.038
  6952.957 	     -0.019
  6954.106 	     -0.073
  6955.255 	     -0.072
  6956.405 	     -0.061
  6957.554 	     -0.059
  6958.704 	     -0.054
  6959.854 	     -0.068
  6961.004 	     -0.079
  6962.154 	     -0.075
  6963.304 	     -0.074
  6964.455 	     -0.071
  6965.606 	     -0.063
  6966.757 	     -0.055
  6967.908 	     -0.040
  6969.059 	     -0.016
  6970.211 	     -0.014
  6971.363 	     -0.025
  6972.515 	     -0.019
  6973.667 	     -0.016
  6974.819 	     -0.051
  6975.972 	     -0.045
  6977.125 	     -0.017
  6978.277 	     -0.004
  6979.431 	      0.013
  6980.584 	      0.016
  6981.737 	     -0.013
  6982.891 	     -0.056
  6984.045 	     -0.080
  6985.199 	     -0.088
  6986.353 	     -0.064
  6987.508 	     -0.056
  6988.662 	     -0.055
  6989.817 	     -0.061
  6990.972 	     -0.068
  6992.127 	     -0.069
  6993.283 	     -0.071
  6994.438 	     -0.097
  6995.594 	     -0.108
  6996.750 	     -0.090
  6997.906 	     -0.092
  6999.063 	     -0.085
  7000.219 	     -0.074
  7001.376 	     -0.096
  7002.533 	     -0.091
  7003.690 	     -0.092
  7004.847 	     -0.088
  7006.005 	     -0.076
  7007.162 	     -0.088
  7008.320 	     -0.100
  7009.478 	     -0.072
  7010.636 	     -0.073
  7011.795 	     -0.075
  7012.954 	     -0.072
  7014.112 	     -0.098
  7015.271 	     -0.129
  7016.431 	     -0.135
  7017.590 	     -0.114
  7018.750 	     -0.116
  7019.909 	     -0.133
  7021.069 	     -0.132
  7022.230 	     -0.121
  7023.390 	     -0.135
  7024.551 	     -0.145
  7025.711 	     -0.133
  7026.872 	     -0.139
  7028.033 	     -0.127
  7029.195 	     -0.121
  7030.356 	     -0.134
  7031.518 	     -0.122
  7032.680 	     -0.113
  7033.842 	     -0.109
  7035.004 	     -0.104
  7036.167 	     -0.149
  7037.329 	     -0.130
  7038.492 	     -0.123
  7039.655 	     -0.143
  7040.819 	     -0.110
  7041.982 	     -0.114
  7043.146 	     -0.134
  7044.309 	     -0.119
  7045.473 	     -0.116
  7046.638 	     -0.120
  7047.802 	     -0.116
  7048.967 	     -0.120
  7050.131 	     -0.098
  7051.296 	     -0.083
  7052.462 	     -0.091
  7053.627 	     -0.103
  7054.792 	     -0.119
  7055.958 	     -0.134
  7057.124 	     -0.158
  7058.290 	     -0.179
  7059.457 	     -0.172
  7060.623 	     -0.150
  7061.790 	     -0.150
  7062.957 	     -0.150
  7064.124 	     -0.134
  7065.291 	     -0.140
  7066.459 	     -0.140
  7067.626 	     -0.132
  7068.794 	     -0.127
  7069.962 	     -0.125
  7071.130 	     -0.147
  7072.299 	     -0.151
  7073.468 	     -0.121
  7074.636 	     -0.122
  7075.805 	     -0.146
  7076.975 	     -0.156
  7078.144 	     -0.150
  7079.314 	     -0.156
  7080.483 	     -0.137
  7081.653 	     -0.126
  7082.824 	     -0.137
  7083.994 	     -0.157
  7085.165 	     -0.175
  7086.335 	     -0.154
  7087.506 	     -0.132
  7088.677 	     -0.168
  7089.849 	     -0.164
  7091.020 	     -0.143
  7092.192 	     -0.144
  7093.364 	     -0.146
  7094.536 	     -0.151
  7095.708 	     -0.157
  7096.881 	     -0.157
  7098.054 	     -0.114
  7099.227 	     -0.124
  7100.400 	     -0.148
  7101.573 	     -0.140
  7102.746 	     -0.143
  7103.920 	     -0.146
  7105.094 	     -0.142
  7106.268 	     -0.149
  7107.442 	     -0.160
  7108.617 	     -0.157
  7109.791 	     -0.141
  7110.966 	     -0.135
  7112.141 	     -0.133
  7113.316 	     -0.127
  7114.492 	     -0.130
  7115.667 	     -0.144
  7116.843 	     -0.146
  7118.019 	     -0.147
