WV      	 Sigma   
4259.984	    0.070
4260.688	    0.071
4261.392	    0.074
4262.096	    0.078
4262.800	    0.083
4263.505	    0.086
4264.209	    0.088
4264.914	    0.089
4265.618	    0.087
4266.323	    0.085
4267.028	    0.080
4267.733	    0.073
4268.439	    0.064
4269.144	    0.052
4269.849	    0.038
4270.555	    0.025
4271.261	    0.019
4271.966	    0.038
4272.672	    0.036
4273.378	    0.037
4274.084	    0.039
4274.791	    0.054
4275.497	    0.043
4276.204	    0.047
4276.910	    0.047
4277.617	    0.031
4278.324	    0.033
4279.031	    0.021
4279.738	    0.024
4280.445	    0.044
4281.152	    0.045
4281.860	    0.021
4282.567	    0.048
4283.275	    0.060
4283.983	    0.060
4284.691	    0.043
4285.399	    0.032
4286.107	    0.026
4286.815	    0.034
4287.523	    0.045
4288.232	    0.047
4288.940	    0.041
4289.649	    0.018
4290.358	    0.011
4291.067	    0.018
4291.776	    0.014
4292.485	    0.008
4293.194	    0.027
4293.904	    0.025
4294.613	    0.022
4295.323	    0.025
4296.033	    0.032
4296.743	    0.039
4297.453	    0.039
4298.163	    0.037
4298.873	    0.034
4299.583	    0.040
4300.294	    0.057
4301.004	    0.068
4301.715	    0.073
4302.426	    0.065
4303.137	    0.050
4303.848	    0.044
4304.559	    0.038
4305.270	    0.033
4305.982	    0.035
4306.693	    0.038
4307.405	    0.036
4308.117	    0.031
4308.829	    0.029
4309.541	    0.043
4310.253	    0.057
4310.965	    0.059
4311.677	    0.043
4312.390	    0.033
4313.102	    0.014
4313.815	    0.014
4314.528	    0.022
4315.241	    0.029
4315.954	    0.025
4316.667	    0.016
4317.380	    0.022
4318.094	    0.022
4318.807	    0.032
4319.521	    0.038
4320.235	    0.038
4320.949	    0.033
4321.663	    0.026
4322.377	    0.027
4323.091	    0.031
4323.805	    0.027
4324.520	    0.018
4325.234	    0.018
4325.949	    0.016
4326.664	    0.008
4327.379	    0.018
4328.094	    0.050
4328.809	    0.054
4329.524	    0.043
4330.240	    0.018
4330.955	    0.018
4331.671	    0.008
4332.387	    0.016
4333.103	    0.024
4333.819	    0.030
4334.535	    0.019
4335.251	    0.011
4335.968	    0.021
4336.684	    0.011
4337.401	    0.034
4338.117	    0.049
4338.834	    0.047
4339.551	    0.047
4340.268	    0.047
4340.985	    0.040
4341.703	    0.035
4342.420	    0.035
4343.138	    0.036
4343.855	    0.037
4344.573	    0.035
4345.291	    0.024
4346.009	    0.018
4346.727	    0.036
4347.445	    0.022
4348.164	    0.035
4348.882	    0.035
4349.601	    0.030
4350.320	    0.022
4351.039	    0.027
4351.758	    0.016
4352.477	    0.021
4353.196	    0.032
4353.915	    0.027
4354.635	    0.026
4355.354	    0.039
4356.074	    0.049
4356.794	    0.055
4357.514	    0.065
4358.234	    0.061
4358.954	    0.055
4359.674	    0.051
4360.394	    0.056
4361.115	    0.041
4361.836	    0.037
4362.556	    0.032
4363.277	    0.021
4363.998	    0.022
4364.719	    0.014
4365.441	    0.021
4366.162	    0.021
4366.883	    0.008
4367.605	    0.025
4368.327	    0.024
4369.049	    0.021
4369.771	    0.021
4370.493	    0.035
4371.215	    0.049
4371.937	    0.045
4372.660	    0.033
4373.382	    0.014
4374.105	    0.032
4374.828	    0.030
4375.550	    0.018
4376.273	    0.016
4376.997	    0.030
4377.720	    0.035
4378.443	    0.035
4379.167	    0.032
4379.890	    0.026
4380.614	    0.027
4390.759	    0.014
4391.485	    0.027
4392.210	    0.038
4392.936	    0.044
4393.662	    0.046
4394.388	    0.050
4395.114	    0.035
4395.840	    0.019
4396.567	    0.018
4397.293	    0.022
4398.020	    0.019
4398.747	    0.025
4399.473	    0.011
4400.200	    0.008
4400.928	    0.031
4401.655	    0.051
4402.382	    0.041
4403.110	    0.034
4403.837	    0.026
4404.565	    0.008
4405.293	    0.030
4406.021	    0.033
4406.749	    0.033
4407.477	    0.033
4408.205	    0.027
4408.934	    0.035
4409.662	    0.032
4410.391	    0.021
4411.119	    0.016
4411.848	    0.014
4412.577	    0.014
4413.307	    0.022
4414.036	    0.025
4414.765	    0.024
4415.495	    0.029
4416.224	    0.021
4416.954	    0.019
4417.684	    0.030
4418.414	    0.045
4419.144	    0.045
4419.874	    0.045
4420.605	    0.047
4421.335	    0.050
4422.066	    0.051
4422.796	    0.040
4423.527	    0.033
4424.258	    0.033
4424.989	    0.034
4425.720	    0.038
4426.452	    0.037
4427.183	    0.021
4427.915	    0.026
4428.646	    0.040
4429.378	    0.036
4430.110	    0.040
4430.842	    0.029
4431.574	    0.021
4432.307	    0.039
4433.039	    0.029
4433.772	    0.018
4434.504	    0.025
4435.237	    0.042
4435.970	    0.049
4436.703	    0.026
4437.436	    0.026
4438.169	    0.030
4438.903	    0.031
4439.636	    0.030
4440.370	    0.044
4441.103	    0.027
4441.837	    0.016
4442.571	    0.024
4443.305	    0.041
4444.040	    0.016
4444.774	    0.026
4445.508	    0.030
4446.243	    0.030
4446.978	    0.026
4447.713	    0.016
4448.447	    0.040
4449.183	    0.044
4449.918	    0.040
4450.653	    0.022
4451.388	    0.014
4452.124	    0.027
4452.860	    0.027
4453.596	    0.014
4454.331	    0.026
4455.067	    0.030
4455.804	    0.029
4456.540	    0.036
4457.276	    0.040
4458.013	    0.039
4458.750	    0.031
4459.486	    0.043
4460.223	    0.045
4460.960	    0.041
4461.697	    0.032
4462.435	    0.022
4463.172	    0.036
4463.909	    0.045
4464.647	    0.040
4465.385	    0.014
4466.123	    0.014
4466.861	    0.008
4467.599	    0.014
4468.337	    0.021
4469.075	    0.025
4469.814	    0.018
4470.552	    0.040
4471.291	    0.043
4472.030	    0.039
4472.769	    0.029
4473.508	    0.008
4474.247	    0.019
4474.987	    0.016
4475.726	    0.008
4476.466	    0.014
4477.205	    0.016
4477.945	    0.018
4478.685	    0.027
4479.425	    0.041
4480.165	    0.049
4480.906	    0.038
4481.646	    0.011
4482.387	    0.026
4483.127	    0.027
4483.868	    0.018
4484.609	    0.024
4485.350	    0.027
4486.091	    0.026
4486.833	    0.031
4487.574	    0.031
4488.316	    0.011
4489.057	    0.030
4489.799	    0.035
4490.541	    0.041
4491.283	    0.043
4492.025	    0.040
4492.767	    0.031
4493.510	    0.032
4494.252	    0.039
4494.995	    0.047
4495.738	    0.051
4496.481	    0.045
4497.224	    0.040
4497.967	    0.042
4498.710	    0.036
4499.453	    0.024
4500.197	    0.027
4500.940	    0.051
4501.684	    0.055
4502.428	    0.051
4503.172	    0.040
4503.916	    0.026
4504.660	    0.042
4505.405	    0.051
4506.149	    0.051
4506.894	    0.045
4507.639	    0.041
4508.383	    0.044
4509.128	    0.047
4509.873	    0.043
4510.619	    0.036
4511.364	    0.024
4512.109	    0.014
4512.855	    0.025
4513.601	    0.033
4514.347	    0.037
4515.093	    0.040
4515.839	    0.039
4516.585	    0.041
4517.331	    0.048
4518.078	    0.054
4518.824	    0.058
4519.571	    0.060
4520.318	    0.042
4521.065	    0.029
4521.812	    0.035
4522.559	    0.038
4523.306	    0.021
4524.054	    0.030
4524.801	    0.022
4525.549	    0.022
4526.297	    0.031
4527.045	    0.038
4527.793	    0.025
4528.541	    0.030
4529.289	    0.032
4530.038	    0.038
4530.786	    0.044
4531.535	    0.044
4532.284	    0.042
4533.033	    0.033
4533.782	    0.022
4534.531	    0.008
4535.280	    0.011
4536.030	    0.039
4536.779	    0.057
4537.529	    0.054
4538.279	    0.046
4539.028	    0.037
4539.779	    0.040
4540.529	    0.044
4541.279	    0.043
4542.029	    0.045
4542.780	    0.053
4543.531	    0.064
4544.281	    0.062
4545.032	    0.046
4545.783	    0.031
4546.534	    0.035
4547.286	    0.052
4548.037	    0.054
4548.789	    0.053
4549.540	    0.055
4550.292	    0.049
4551.044	    0.038
4551.796	    0.038
4552.548	    0.052
4553.300	    0.055
4554.053	    0.054
4554.805	    0.049
4555.558	    0.044
4556.311	    0.049
4557.064	    0.049
4557.817	    0.043
4558.570	    0.044
4559.323	    0.049
4560.076	    0.049
4560.830	    0.043
4561.584	    0.052
4562.337	    0.055
4563.091	    0.055
4563.845	    0.051
4564.599	    0.035
4565.354	    0.034
4566.108	    0.052
4566.863	    0.062
4567.617	    0.063
4568.372	    0.057
4569.127	    0.049
4569.882	    0.049
4570.637	    0.032
4571.392	    0.027
4572.148	    0.021
4572.903	    0.046
4573.659	    0.056
4574.415	    0.058
4575.170	    0.058
4575.926	    0.055
4576.683	    0.047
4577.439	    0.037
4578.195	    0.040
4578.952	    0.039
4579.708	    0.043
4580.465	    0.045
4581.222	    0.036
4581.979	    0.031
4582.736	    0.047
4583.493	    0.049
4584.251	    0.046
4585.008	    0.038
4585.766	    0.014
4586.524	    0.019
4587.282	    0.029
4588.040	    0.040
4588.798	    0.041
4589.556	    0.026
4590.314	    0.016
4591.073	    0.011
4591.832	    0.022
4592.590	    0.026
4593.349	    0.027
4594.108	    0.031
4594.867	    0.037
4595.627	    0.037
4596.386	    0.042
4597.146	    0.046
4597.905	    0.047
4598.665	    0.040
4599.425	    0.039
4600.185	    0.029
4600.945	    0.019
4601.705	    0.024
4602.466	    0.037
4603.226	    0.047
4603.987	    0.049
4604.748	    0.047
4605.508	    0.040
4606.269	    0.034
4607.031	    0.039
4607.792	    0.061
4608.553	    0.053
4609.315	    0.040
4610.076	    0.035
4610.838	    0.042
4611.600	    0.047
4612.362	    0.043
4613.124	    0.035
4613.887	    0.035
4614.649	    0.031
4615.412	    0.022
4616.174	    0.026
4616.937	    0.040
4617.700	    0.045
4618.463	    0.043
4619.226	    0.045
4619.989	    0.051
4620.753	    0.054
4621.516	    0.062
4622.280	    0.042
4623.044	    0.011
4623.808	    0.008
4624.572	    0.041
4625.336	    0.043
4626.100	    0.021
4626.865	    0.033
4627.629	    0.043
4628.394	    0.044
4629.159	    0.038
4629.924	    0.045
4630.689	    0.052
4631.454	    0.046
4632.219	    0.043
4632.985	    0.037
4633.750	    0.016
4634.516	    0.033
4635.282	    0.034
4636.048	    0.045
4636.814	    0.031
4637.580	    0.021
4638.346	    0.025
4639.113	    0.034
4639.879	    0.042
4640.646	    0.046
4641.413	    0.046
4642.180	    0.038
4642.947	    0.019
4643.714	    0.035
4644.481	    0.035
4645.249	    0.035
4646.016	    0.040
4646.784	    0.038
4647.552	    0.026
4648.320	    0.034
4649.088	    0.051
4649.856	    0.047
4650.625	    0.042
4651.393	    0.040
4652.162	    0.040
4652.930	    0.038
4653.699	    0.036
4654.468	    0.040
4655.237	    0.044
4656.007	    0.046
4656.776	    0.046
4657.546	    0.041
4658.315	    0.050
4659.085	    0.053
4659.855	    0.047
4660.625	    0.043
4661.395	    0.043
4662.165	    0.043
4662.936	    0.045
4663.706	    0.048
4664.477	    0.053
4665.247	    0.054
4666.018	    0.050
4666.789	    0.044
4667.561	    0.040
4668.332	    0.024
4669.103	    0.019
4669.875	    0.021
4670.646	    0.022
4671.418	    0.043
4672.190	    0.044
4672.962	    0.042
4673.734	    0.047
4674.507	    0.046
4675.279	    0.038
4676.052	    0.026
4676.824	    0.031
4677.597	    0.042
4678.370	    0.039
4679.143	    0.041
4679.916	    0.043
4680.690	    0.042
4681.463	    0.040
4682.237	    0.026
4683.010	    0.022
4683.784	    0.027
4684.558	    0.031
4685.332	    0.033
4686.106	    0.037
4686.881	    0.046
4687.655	    0.034
4688.430	    0.014
4689.205	    0.018
4689.979	    0.018
4690.754	    0.018
4691.529	    0.018
4692.305	    0.008
4693.080	    0.016
4693.856	    0.019
4694.631	    0.035
4695.407	    0.036
4696.183	    0.011
4696.959	    0.029
4697.735	    0.039
4698.511	    0.037
4699.288	    0.047
4700.064	    0.057
4700.841	    0.047
4701.618	    0.026
4702.394	    0.037
4703.171	    0.038
4703.949	    0.044
4704.726	    0.049
4705.503	    0.051
4706.281	    0.043
4707.059	    0.038
4707.836	    0.039
4708.614	    0.034
4709.392	    0.019
4710.171	    0.019
4710.949	    0.022
4711.727	    0.022
4712.506	    0.026
4713.285	    0.027
4714.063	    0.022
4714.842	    0.011
4715.621	    0.032
4716.401	    0.031
4717.180	    0.034
4717.960	    0.038
4718.739	    0.024
4719.519	    0.014
4720.299	    0.018
4721.079	    0.018
4721.859	    0.011
4722.639	    0.011
4723.419	    0.029
4724.200	    0.032
4724.981	    0.026
4725.761	    0.008
4726.542	    0.030
4727.323	    0.018
4728.104	    0.026
4728.886	    0.035
4729.667	    0.037
4730.449	    0.034
4731.230	    0.027
4732.012	    0.033
4732.794	    0.035
4733.576	    0.043
4734.358	    0.050
4735.141	    0.049
4735.923	    0.040
4736.706	    0.026
4737.488	    0.031
4738.271	    0.031
4739.054	    0.027
4739.837	    0.039
4740.620	    0.040
4741.404	    0.037
4742.187	    0.025
4742.971	    0.024
4743.755	    0.047
4744.538	    0.044
4745.322	    0.030
4746.107	    0.011
4746.891	    0.021
4747.675	    0.022
4748.460	    0.022
4749.244	    0.022
4750.029	    0.024
4750.814	    0.022
4751.599	    0.025
4752.384	    0.030
4753.170	    0.033
4753.955	    0.019
4754.741	    0.008
4755.526	    0.008
4756.312	    0.008
4757.098	    0.011
4757.884	    0.029
4758.670	    0.035
4759.457	    0.049
4760.243	    0.049
4761.030	    0.036
4761.816	    0.014
4762.603	    0.011
4763.390	    0.021
4764.177	    0.029
4764.965	    0.026
4765.752	    0.019
4766.539	    0.024
4767.327	    0.033
4768.115	    0.037
4768.903	    0.026
4769.691	    0.019
4770.479	    0.034
4771.267	    0.041
4772.056	    0.039
4772.844	    0.039
4773.633	    0.041
4774.422	    0.030
4775.211	    0.033
4776.000	    0.032
4776.789	    0.025
4777.578	    0.016
4778.368	    0.014
4779.157	    0.025
4779.947	    0.026
4780.737	    0.008
4781.527	    0.024
4782.317	    0.024
4783.107	    0.029
4783.897	    0.032
4784.688	    0.024
4785.479	    0.024
4786.269	    0.011
4787.060	    0.030
4787.851	    0.019
4788.642	    0.021
4789.434	    0.019
4790.225	    0.025
4791.017	    0.039
4791.808	    0.047
4792.600	    0.045
4793.392	    0.046
4794.184	    0.040
4794.976	    0.032
4795.769	    0.026
4796.561	    0.024
4797.354	    0.011
4798.146	    0.019
4798.939	    0.040
4799.732	    0.043
4800.525	    0.043
4801.319	    0.044
4802.112	    0.052
4802.906	    0.060
4803.699	    0.045
4804.493	    0.035
4805.287	    0.033
4806.081	    0.018
4806.875	    0.011
4807.669	    0.029
4808.464	    0.030
4809.258	    0.022
4810.053	    0.016
4810.848	    0.036
4811.643	    0.037
4812.438	    0.035
4813.233	    0.039
4814.028	    0.035
4814.824	    0.029
4815.620	    0.040
4816.415	    0.049
4817.211	    0.053
4818.007	    0.043
4818.803	    0.025
4819.600	    0.021
4820.396	    0.030
4821.192	    0.049
4821.989	    0.043
4822.786	    0.042
4823.583	    0.046
4824.380	    0.049
4825.177	    0.051
4825.974	    0.053
4826.772	    0.057
4827.569	    0.058
4828.367	    0.051
4829.165	    0.039
4829.963	    0.040
4830.761	    0.046
4831.559	    0.045
4832.358	    0.043
4833.156	    0.047
4833.955	    0.050
4834.754	    0.053
4835.553	    0.049
4836.352	    0.047
4837.151	    0.050
4837.950	    0.054
4838.750	    0.048
4839.549	    0.048
4840.349	    0.058
4841.149	    0.061
4841.949	    0.059
4842.749	    0.053
4843.549	    0.044
4844.349	    0.038
4845.150	    0.046
4845.950	    0.044
4846.751	    0.040
4847.552	    0.043
4848.353	    0.046
4849.154	    0.047
4849.955	    0.048
4850.757	    0.048
4851.558	    0.047
4852.360	    0.047
4853.162	    0.051
4853.964	    0.053
4854.766	    0.050
4855.568	    0.045
4856.370	    0.042
4857.173	    0.041
4857.976	    0.047
4858.778	    0.045
4859.581	    0.043
4860.384	    0.041
4861.187	    0.040
4861.991	    0.043
4862.794	    0.043
4863.598	    0.029
4864.401	    0.014
4865.205	    0.041
4866.009	    0.045
4866.813	    0.033
4867.617	    0.021
4868.422	    0.027
4869.226	    0.037
4870.031	    0.026
4870.835	    0.025
4871.640	    0.040
4872.445	    0.027
4873.250	    0.018
4874.056	    0.036
4874.861	    0.050
4875.667	    0.046
4876.472	    0.050
4877.278	    0.036
4878.084	    0.022
4878.890	    0.033
4879.696	    0.021
4880.503	    0.024
4881.309	    0.040
4882.116	    0.047
4882.922	    0.051
4883.729	    0.044
4884.536	    0.040
4885.343	    0.045
4886.151	    0.038
4886.958	    0.021
4887.766	    0.008
4888.573	    0.021
4889.381	    0.019
4890.189	    0.019
4890.997	    0.021
4891.805	    0.014
4892.613	    0.029
4893.422	    0.029
4894.231	    0.011
4895.039	    0.011
4895.848	    0.038
4896.657	    0.040
4897.466	    0.042
4898.276	    0.038
4899.085	    0.031
4899.894	    0.025
4900.704	    0.018
4901.514	    0.025
4902.324	    0.041
4903.134	    0.027
4903.944	    0.019
4904.754	    0.011
4905.565	    0.025
4906.376	    0.021
4907.186	    0.026
4907.997	    0.055
4908.808	    0.085
4909.619	    0.120
4910.431	    0.157
4911.242	    0.185
4912.054	    0.199
4912.865	    0.199
4913.677	    0.185
4914.489	    0.160
4915.301	    0.129
4916.113	    0.099
4916.926	    0.070
4917.738	    0.031
4918.551	    0.019
4919.363	    0.033
4920.176	    0.030
4920.989	    0.011
4921.803	    0.032
4922.616	    0.027
4923.429	    0.019
4924.243	    0.035
4925.057	    0.024
4925.870	    0.019
4926.684	    0.025
4927.498	    0.035
4928.313	    0.041
4929.127	    0.037
4929.941	    0.025
4930.756	    0.014
4931.571	    0.026
4932.386	    0.025
4933.201	    0.011
4934.016	    0.014
4934.831	    0.014
4935.647	    0.014
4936.462	    0.016
4937.278	    0.008
4938.094	    0.021
4938.910	    0.025
4939.726	    0.034
4940.542	    0.018
4941.359	    0.034
4942.175	    0.027
4942.992	    0.024
4943.809	    0.039
4944.625	    0.043
4945.443	    0.034
4946.260	    0.014
4947.077	    0.026
4947.895	    0.022
4948.712	    0.016
4949.530	    0.018
4950.348	    0.030
4951.166	    0.042
4951.984	    0.047
4952.802	    0.040
4953.621	    0.051
4954.439	    0.047
4955.258	    0.053
4956.077	    0.036
4956.896	    0.011
4957.715	    0.018
4958.534	    0.030
4959.353	    0.033
4960.173	    0.032
4960.992	    0.022
4961.812	    0.037
4962.632	    0.043
4963.452	    0.053
4964.272	    0.051
4965.093	    0.039
4965.913	    0.026
4966.734	    0.019
4967.554	    0.037
4968.375	    0.032
4969.196	    0.014
4970.017	    0.037
4970.838	    0.049
4971.660	    0.053
4972.481	    0.050
4973.303	    0.043
4974.125	    0.034
4974.947	    0.030
4975.769	    0.036
4976.591	    0.051
4977.413	    0.043
4978.236	    0.025
4979.058	    0.014
4979.881	    0.011
4980.704	    0.011
4981.527	    0.019
4982.350	    0.022
4983.174	    0.041
4983.997	    0.035
4984.821	    0.027
4985.644	    0.031
4986.468	    0.032
4987.292	    0.033
4988.116	    0.034
4988.940	    0.037
4989.765	    0.044
4990.589	    0.049
4991.414	    0.045
4992.239	    0.030
4993.064	    0.031
4993.889	    0.043
4994.714	    0.042
4995.539	    0.033
4996.365	    0.030
4997.190	    0.039
4998.016	    0.049
4998.842	    0.046
4999.668	    0.031
5000.494	    0.021
5001.320	    0.022
5002.147	    0.029
5002.973	    0.040
5003.800	    0.048
5004.627	    0.047
5005.454	    0.040
5006.281	    0.031
5007.108	    0.040
5007.936	    0.064
5008.763	    0.080
5009.591	    0.080
5010.419	    0.076
5011.247	    0.076
5012.075	    0.077
5012.903	    0.073
5013.731	    0.064
5014.560	    0.059
5015.388	    0.056
5016.217	    0.046
5017.046	    0.038
5017.875	    0.033
5018.704	    0.032
5019.533	    0.022
5020.363	    0.022
5021.192	    0.014
5022.022	    0.008
5022.852	    0.030
5023.682	    0.042
5024.512	    0.041
5025.342	    0.040
5026.173	    0.033
5027.003	    0.032
5027.834	    0.022
5028.665	    0.024
5029.496	    0.031
5030.327	    0.025
5031.158	    0.016
5031.989	    0.030
5032.821	    0.022
5033.653	    0.026
5034.484	    0.040
5035.316	    0.033
5036.148	    0.033
5036.980	    0.046
5037.813	    0.049
5038.645	    0.043
5039.478	    0.021
5040.311	    0.018
5041.143	    0.032
5041.976	    0.029
5042.810	    0.026
5043.643	    0.024
5044.476	    0.027
5045.310	    0.040
5046.144	    0.038
5046.977	    0.025
5047.811	    0.016
5048.645	    0.011
5049.480	    0.024
5050.314	    0.008
5051.149	    0.040
5051.983	    0.038
5052.818	    0.038
5053.653	    0.025
5054.488	    0.033
5055.323	    0.054
5056.159	    0.065
5056.994	    0.078
5057.830	    0.098
5058.666	    0.113
5059.501	    0.124
5060.337	    0.120
5061.174	    0.108
5062.010	    0.099
5062.846	    0.083
5063.683	    0.061
5064.520	    0.043
5065.357	    0.039
5066.194	    0.035
5067.031	    0.030
5067.868	    0.035
5068.706	    0.043
5069.543	    0.032
5070.381	    0.024
5071.219	    0.031
5072.057	    0.025
5072.895	    0.019
5073.733	    0.008
5074.571	    0.014
5075.410	    0.033
5076.249	    0.041
5077.087	    0.033
5077.926	    0.011
5078.765	    0.019
5079.605	    0.022
5080.444	    0.022
5081.283	    0.037
5082.123	    0.043
5082.963	    0.038
5083.803	    0.030
5084.643	    0.026
5085.483	    0.032
5086.323	    0.039
5087.164	    0.035
5088.004	    0.030
5088.845	    0.038
5089.686	    0.040
5090.527	    0.034
5091.368	    0.032
5092.210	    0.040
5093.051	    0.056
5093.893	    0.063
5094.734	    0.057
5095.576	    0.047
5096.418	    0.043
5097.260	    0.034
5098.103	    0.042
5098.945	    0.040
5099.788	    0.029
5100.630	    0.039
5101.473	    0.052
5102.316	    0.059
5103.159	    0.056
5104.003	    0.048
5104.846	    0.044
5105.689	    0.047
5106.533	    0.044
5107.377	    0.037
5108.221	    0.034
5109.065	    0.027
5109.909	    0.036
5110.754	    0.046
5111.598	    0.054
5112.443	    0.058
5113.288	    0.058
5114.132	    0.059
5114.978	    0.059
5115.823	    0.048
5116.668	    0.037
5117.514	    0.046
5118.359	    0.053
5119.205	    0.053
5120.051	    0.049
5120.897	    0.053
5121.743	    0.051
5122.589	    0.043
5123.436	    0.040
5124.283	    0.040
5125.129	    0.043
5125.976	    0.045
5126.823	    0.045
5127.670	    0.046
5128.518	    0.053
5129.365	    0.054
5130.213	    0.040
5131.060	    0.031
5131.908	    0.033
5132.756	    0.042
5133.604	    0.042
5134.453	    0.034
5135.301	    0.037
5136.150	    0.047
5136.998	    0.052
5137.847	    0.058
5138.696	    0.061
5139.545	    0.041
5140.395	    0.018
5141.244	    0.016
5142.094	    0.045
5142.943	    0.043
5143.793	    0.044
5144.643	    0.051
5145.493	    0.055
5146.343	    0.057
5147.194	    0.053
5148.044	    0.043
5148.895	    0.041
5149.746	    0.049
5150.597	    0.045
5151.448	    0.030
5152.299	    0.045
5153.151	    0.040
5154.002	    0.040
5154.854	    0.036
5155.706	    0.032
5156.557	    0.037
5157.410	    0.045
5158.262	    0.050
5159.114	    0.055
5159.967	    0.061
5160.819	    0.059
5161.672	    0.049
5162.525	    0.052
5163.378	    0.052
5164.231	    0.035
5165.085	    0.036
5165.938	    0.040
5166.792	    0.041
5167.645	    0.042
5168.499	    0.037
5169.353	    0.029
5170.208	    0.019
5171.062	    0.019
5171.916	    0.008
5172.771	    0.022
5173.626	    0.043
5174.481	    0.039
5175.336	    0.033
5176.191	    0.042
5177.046	    0.053
5177.902	    0.054
5178.757	    0.054
5179.613	    0.043
5180.469	    0.035
5181.325	    0.037
5182.181	    0.035
5183.037	    0.022
5183.894	    0.014
5184.751	    0.014
5185.607	    0.019
5186.464	    0.025
5187.321	    0.026
5188.178	    0.045
5189.036	    0.034
5189.893	    0.035
5190.751	    0.033
5191.608	    0.033
5192.466	    0.038
5193.324	    0.044
5194.182	    0.043
5195.041	    0.039
5195.899	    0.038
5196.758	    0.037
5197.616	    0.035
5198.475	    0.033
5199.334	    0.031
5200.194	    0.030
5201.053	    0.029
5201.912	    0.027
5202.772	    0.025
5203.632	    0.024
5204.491	    0.025
5205.351	    0.027
5206.212	    0.030
5207.072	    0.029
5207.932	    0.022
5208.793	    0.011
5209.654	    0.031
5210.514	    0.043
5211.375	    0.052
5212.236	    0.058
5213.098	    0.061
5213.959	    0.061
5214.821	    0.060
5215.682	    0.057
5216.544	    0.051
5217.406	    0.040
5218.268	    0.034
5219.131	    0.033
5219.993	    0.016
5220.856	    0.043
5221.718	    0.045
5222.581	    0.039
5223.444	    0.035
5224.307	    0.035
5225.171	    0.043
5226.034	    0.032
5226.898	    0.039
5227.761	    0.040
5228.625	    0.044
5229.489	    0.025
5230.353	    0.041
5231.218	    0.025
5232.082	    0.016
5232.947	    0.041
5233.811	    0.054
5234.676	    0.046
5235.541	    0.027
5236.406	    0.026
5237.271	    0.044
5238.137	    0.051
5239.002	    0.059
5239.868	    0.058
5240.734	    0.032
5241.600	    0.024
5242.466	    0.024
5243.332	    0.031
5244.199	    0.032
5245.065	    0.008
5245.932	    0.038
5246.799	    0.043
5247.666	    0.046
5248.533	    0.045
5249.400	    0.045
5250.268	    0.056
5251.135	    0.065
5252.003	    0.064
5252.871	    0.062
5253.739	    0.064
5254.607	    0.065
5255.475	    0.063
5256.344	    0.060
5257.212	    0.048
5258.081	    0.033
5258.950	    0.030
5259.819	    0.037
5260.688	    0.042
5261.557	    0.047
5262.427	    0.035
5263.296	    0.016
5264.166	    0.021
5265.036	    0.032
5265.906	    0.040
5266.776	    0.046
5267.646	    0.052
5268.517	    0.050
5269.387	    0.035
5270.258	    0.037
5271.129	    0.044
5272.000	    0.042
5272.871	    0.016
5273.742	    0.033
5274.614	    0.033
5275.485	    0.047
5276.357	    0.065
5277.229	    0.067
5278.101	    0.066
5278.973	    0.072
5279.845	    0.037
5280.718	    0.030
5281.591	    0.035
5282.463	    0.008
5283.336	    0.034
5284.209	    0.039
5285.082	    0.041
5285.956	    0.044
5286.829	    0.046
5287.703	    0.048
5288.577	    0.035
5289.450	    0.036
5290.324	    0.033
5291.199	    0.042
5292.073	    0.040
5292.947	    0.057
5293.822	    0.052
5294.697	    0.029
5295.572	    0.035
5296.447	    0.047
5297.322	    0.044
5298.197	    0.036
5299.073	    0.040
5299.948	    0.036
5300.824	    0.034
5301.700	    0.047
5302.576	    0.025
5303.452	    0.030
5304.329	    0.018
5305.205	    0.027
5306.082	    0.026
5306.959	    0.035
5307.836	    0.047
5308.713	    0.033
5309.590	    0.043
5310.467	    0.032
5311.345	    0.032
5312.222	    0.025
5313.100	    0.046
5313.978	    0.064
5314.856	    0.056
5315.734	    0.046
5316.613	    0.047
5317.491	    0.040
5318.370	    0.035
5319.249	    0.041
5320.128	    0.033
5321.007	    0.039
5321.886	    0.047
5322.766	    0.032
5323.645	    0.043
5324.525	    0.043
5325.405	    0.019
5326.285	    0.008
5327.165	    0.044
5328.045	    0.054
5328.925	    0.035
5329.806	    0.037
5330.687	    0.027
5331.568	    0.037
5332.449	    0.054
5333.330	    0.043
5334.211	    0.052
5335.092	    0.062
5335.974	    0.051
5336.856	    0.038
5337.738	    0.033
5338.620	    0.008
5339.502	    0.008
5340.384	    0.035
5341.267	    0.049
5342.149	    0.049
5343.032	    0.039
5343.915	    0.038
5344.798	    0.033
5345.681	    0.036
5346.564	    0.039
5347.448	    0.036
5348.331	    0.040
5349.215	    0.046
5350.099	    0.029
5350.983	    0.047
5351.867	    0.042
5352.752	    0.034
5353.636	    0.032
5354.521	    0.025
5355.406	    0.040
5356.291	    0.019
5357.176	    0.027
5358.061	    0.027
5358.946	    0.047
5359.832	    0.045
5360.718	    0.040
5361.603	    0.054
5362.489	    0.053
5363.375	    0.045
5364.262	    0.040
5365.148	    0.035
5366.035	    0.043
5366.921	    0.051
5367.808	    0.051
5368.695	    0.036
5369.582	    0.049
5370.470	    0.025
5371.357	    0.014
5372.245	    0.042
5373.132	    0.016
5374.020	    0.049
5374.908	    0.054
5375.796	    0.038
5376.685	    0.046
5377.573	    0.043
5378.462	    0.045
5379.350	    0.053
5380.239	    0.056
5381.128	    0.049
5382.018	    0.040
5382.907	    0.045
5383.796	    0.030
5384.686	    0.016
5385.576	    0.040
5386.466	    0.054
5387.356	    0.060
5388.246	    0.061
5389.136	    0.057
5390.027	    0.057
5390.918	    0.063
5391.808	    0.057
5392.699	    0.054
5393.590	    0.060
5394.482	    0.045
5395.373	    0.035
5396.265	    0.040
5397.156	    0.039
5398.048	    0.045
5398.940	    0.060
5399.832	    0.051
5400.724	    0.047
5401.617	    0.051
5402.509	    0.057
5403.402	    0.061
5404.295	    0.050
5405.188	    0.054
5406.081	    0.059
5406.975	    0.049
5407.868	    0.045
5408.762	    0.045
5409.655	    0.034
5410.549	    0.035
5411.443	    0.049
5412.338	    0.057
5413.232	    0.051
5414.126	    0.043
5415.021	    0.048
5415.916	    0.049
5416.811	    0.050
5417.706	    0.057
5418.601	    0.062
5419.496	    0.060
5420.392	    0.051
5421.288	    0.055
5422.183	    0.063
5423.079	    0.063
5423.976	    0.067
5424.872	    0.062
5425.768	    0.060
5426.665	    0.055
5427.561	    0.044
5428.458	    0.053
5429.355	    0.065
5430.253	    0.059
5431.150	    0.051
5432.047	    0.053
5432.945	    0.061
5433.843	    0.063
5434.741	    0.065
5435.639	    0.058
5436.537	    0.056
5437.435	    0.053
5438.334	    0.049
5439.232	    0.026
5440.131	    0.036
5441.030	    0.044
5441.929	    0.049
5442.828	    0.058
5443.728	    0.045
5444.627	    0.040
5445.527	    0.059
5446.427	    0.069
5447.327	    0.059
5448.227	    0.053
5449.127	    0.067
5450.028	    0.060
5450.928	    0.043
5451.829	    0.045
5452.730	    0.047
5453.631	    0.049
5454.532	    0.055
5455.433	    0.061
5456.335	    0.067
5457.236	    0.064
5458.138	    0.062
5459.040	    0.064
5459.942	    0.059
5460.844	    0.052
5461.747	    0.045
5462.649	    0.041
5463.552	    0.035
5464.455	    0.030
5465.358	    0.043
5466.261	    0.056
5467.164	    0.053
5468.067	    0.052
5468.971	    0.061
5469.875	    0.061
5470.778	    0.059
5471.682	    0.059
5472.587	    0.061
5473.491	    0.054
5474.395	    0.058
5475.300	    0.052
5476.205	    0.061
5477.110	    0.055
5478.015	    0.057
5478.920	    0.049
5479.825	    0.054
5480.731	    0.055
5481.636	    0.055
5482.542	    0.060
5483.448	    0.057
5484.354	    0.063
5485.260	    0.070
5486.167	    0.055
5487.073	    0.058
5487.980	    0.057
5488.887	    0.048
5489.794	    0.049
5490.701	    0.053
5491.608	    0.053
5492.516	    0.047
5493.423	    0.050
5494.331	    0.052
5495.239	    0.052
5496.147	    0.059
5497.055	    0.068
5497.964	    0.066
5498.872	    0.061
5499.781	    0.066
5500.689	    0.068
5501.598	    0.066
5502.507	    0.060
5503.417	    0.058
5504.326	    0.061
5505.236	    0.058
5506.145	    0.054
5507.055	    0.062
5507.965	    0.070
5508.875	    0.070
5509.786	    0.065
5510.696	    0.063
5511.607	    0.055
5512.517	    0.047
5513.428	    0.053
5514.339	    0.059
5515.251	    0.062
5516.162	    0.066
5517.073	    0.070
5517.985	    0.069
5518.897	    0.065
5519.809	    0.061
5520.721	    0.054
5521.633	    0.057
5522.546	    0.063
5523.458	    0.057
5524.371	    0.051
5525.284	    0.062
5526.197	    0.071
5527.110	    0.068
5528.023	    0.065
5528.937	    0.068
5529.850	    0.065
5530.764	    0.063
5531.678	    0.064
5532.592	    0.067
5533.506	    0.071
5534.421	    0.074
5535.335	    0.068
5536.250	    0.064
5537.165	    0.067
5538.080	    0.068
5538.995	    0.069
5539.910	    0.070
5540.825	    0.064
5541.741	    0.060
5542.657	    0.071
5543.573	    0.073
5544.489	    0.071
5545.405	    0.073
5546.321	    0.071
5547.238	    0.073
5548.154	    0.080
5549.071	    0.078
5549.988	    0.076
5550.905	    0.077
5551.822	    0.073
5552.740	    0.076
5553.657	    0.073
5554.575	    0.072
5555.493	    0.077
5556.411	    0.072
5557.329	    0.072
5558.247	    0.076
5559.166	    0.076
5560.084	    0.076
5561.003	    0.077
5561.922	    0.076
5562.841	    0.076
5563.760	    0.070
5564.680	    0.068
5565.599	    0.075
5566.519	    0.082
5567.439	    0.078
5568.359	    0.078
5569.279	    0.082
5570.199	    0.076
5571.119	    0.074
5572.040	    0.080
5572.961	    0.080
5573.882	    0.076
5583.099	    0.081
5584.021	    0.080
5584.944	    0.082
5585.867	    0.080
5586.790	    0.081
5587.713	    0.082
5588.637	    0.085
5589.560	    0.088
5590.484	    0.093
5591.407	    0.088
5592.331	    0.080
5593.255	    0.083
5594.180	    0.089
5595.104	    0.090
5596.029	    0.086
5596.953	    0.089
5597.878	    0.094
5598.803	    0.089
5599.728	    0.080
5600.654	    0.080
5601.579	    0.085
5602.505	    0.091
5603.431	    0.091
5604.356	    0.084
5605.283	    0.085
5606.209	    0.089
5607.135	    0.090
5608.062	    0.090
5608.988	    0.087
5609.915	    0.084
5610.842	    0.086
5611.769	    0.088
5612.697	    0.090
5613.624	    0.094
5614.552	    0.093
5615.479	    0.090
5616.407	    0.091
5617.335	    0.091
5618.264	    0.087
5619.192	    0.091
5620.121	    0.098
5621.049	    0.095
5621.978	    0.088
5622.907	    0.088
5623.836	    0.087
5624.765	    0.083
5625.695	    0.084
5626.625	    0.085
5627.554	    0.086
5628.484	    0.087
5629.414	    0.087
5630.344	    0.087
5631.275	    0.092
5632.205	    0.095
5633.136	    0.091
5634.067	    0.091
5634.998	    0.092
5635.929	    0.091
5636.860	    0.095
5637.792	    0.099
5638.723	    0.098
5639.655	    0.098
5640.587	    0.100
5641.519	    0.095
5642.451	    0.093
5643.384	    0.098
5644.316	    0.098
5645.249	    0.090
5646.182	    0.090
5647.115	    0.092
5648.048	    0.097
5648.981	    0.097
5649.915	    0.100
5650.848	    0.104
5651.782	    0.104
5652.716	    0.105
5653.650	    0.102
5654.584	    0.109
5655.518	    0.109
5656.453	    0.092
5657.388	    0.100
5658.322	    0.101
5659.257	    0.095
5660.193	    0.094
5661.128	    0.094
5662.063	    0.091
5662.999	    0.096
5663.935	    0.104
5664.871	    0.100
5665.807	    0.101
5666.743	    0.102
5667.679	    0.101
5668.616	    0.102
5669.553	    0.106
5670.489	    0.108
5671.426	    0.102
5672.364	    0.102
5673.301	    0.099
5674.238	    0.093
5675.176	    0.091
5676.114	    0.096
5677.052	    0.104
5677.990	    0.104
5678.928	    0.102
5679.866	    0.103
5680.805	    0.102
5681.744	    0.100
5682.683	    0.104
5683.622	    0.105
5684.561	    0.100
5685.500	    0.099
5686.440	    0.098
5687.379	    0.100
5688.319	    0.101
5689.259	    0.102
5690.199	    0.103
5691.139	    0.104
5692.080	    0.104
5693.020	    0.104
5693.961	    0.101
5694.902	    0.095
5695.843	    0.104
5696.784	    0.104
5697.725	    0.103
5698.667	    0.105
5699.609	    0.101
5700.550	    0.100
5701.492	    0.097
5702.435	    0.107
5703.377	    0.108
5704.319	    0.103
5705.262	    0.104
5706.205	    0.104
5707.147	    0.101
5708.091	    0.106
5709.034	    0.107
5709.977	    0.101
5710.921	    0.101
5711.864	    0.103
5712.808	    0.107
5713.752	    0.108
5714.696	    0.105
5715.641	    0.107
5716.585	    0.101
5717.530	    0.097
5718.475	    0.096
5719.419	    0.099
5720.365	    0.103
5721.310	    0.100
5722.255	    0.102
5723.201	    0.108
5724.146	    0.108
5725.092	    0.107
5726.038	    0.108
5726.985	    0.108
5727.931	    0.104
5728.877	    0.104
5729.824	    0.102
5730.771	    0.106
5731.718	    0.107
5732.665	    0.102
5733.612	    0.106
5734.560	    0.111
5735.507	    0.113
5736.455	    0.107
5737.403	    0.107
5738.351	    0.110
5739.299	    0.114
5740.247	    0.106
5741.196	    0.102
5742.145	    0.106
5743.094	    0.107
5744.043	    0.108
5744.992	    0.109
5745.941	    0.107
5746.890	    0.105
5747.840	    0.097
5748.790	    0.100
5749.740	    0.098
5750.690	    0.097
5751.640	    0.100
5752.591	    0.106
5753.541	    0.104
5754.492	    0.096
5755.443	    0.101
5756.394	    0.105
5757.345	    0.106
5758.296	    0.101
5759.248	    0.102
5760.200	    0.098
5761.151	    0.100
5762.103	    0.098
5763.055	    0.103
5764.008	    0.109
5764.960	    0.103
5765.913	    0.105
5766.866	    0.107
5767.819	    0.103
5768.772	    0.098
5769.725	    0.097
5770.678	    0.097
5771.632	    0.094
5772.586	    0.095
5773.539	    0.098
5774.493	    0.103
5775.448	    0.106
5776.402	    0.101
5777.357	    0.101
5778.311	    0.100
5779.266	    0.096
5780.221	    0.103
5781.176	    0.107
5782.131	    0.103
5783.087	    0.099
5784.042	    0.102
5784.998	    0.103
5785.954	    0.094
5786.910	    0.100
5787.866	    0.095
5788.823	    0.089
5789.779	    0.096
5790.736	    0.102
5791.693	    0.089
5792.650	    0.096
5793.607	    0.096
5794.565	    0.092
5795.522	    0.087
5796.480	    0.100
5797.438	    0.100
5798.396	    0.091
5799.354	    0.087
5800.312	    0.090
5801.270	    0.091
5802.229	    0.092
5803.188	    0.094
5804.147	    0.095
5805.106	    0.082
5806.065	    0.086
5807.024	    0.090
5807.984	    0.094
5808.944	    0.089
5809.904	    0.089
5810.864	    0.088
5811.824	    0.083
5812.784	    0.091
5813.745	    0.089
5814.705	    0.075
5815.666	    0.065
5816.627	    0.066
5817.588	    0.068
5818.550	    0.080
5819.511	    0.084
5820.473	    0.081
5821.435	    0.082
5822.397	    0.078
5823.359	    0.079
5824.321	    0.081
5825.283	    0.079
5826.246	    0.081
5827.209	    0.083
5828.172	    0.080
5829.135	    0.076
5830.098	    0.078
5831.061	    0.078
5832.025	    0.082
5832.988	    0.080
5833.952	    0.077
5834.916	    0.082
5835.880	    0.084
5836.845	    0.085
5837.809	    0.082
5838.774	    0.081
5839.739	    0.087
5840.704	    0.088
5841.669	    0.091
5842.634	    0.090
5843.600	    0.083
5844.565	    0.091
5845.531	    0.085
5846.497	    0.075
5847.463	    0.076
5848.429	    0.077
5849.396	    0.070
5850.362	    0.070
5851.329	    0.074
5852.296	    0.069
5853.263	    0.067
5854.230	    0.075
5855.197	    0.076
5856.165	    0.073
5857.133	    0.074
5858.100	    0.069
5859.068	    0.066
5860.037	    0.066
5861.005	    0.071
5861.973	    0.073
5862.942	    0.066
5863.911	    0.053
5864.880	    0.043
5865.849	    0.045
5866.818	    0.045
5867.788	    0.037
5868.757	    0.034
5869.727	    0.040
5870.697	    0.049
5871.667	    0.043
5872.637	    0.038
5873.608	    0.050
5874.578	    0.051
5875.549	    0.035
5876.520	    0.040
5877.491	    0.048
5878.462	    0.045
5879.434	    0.054
5880.405	    0.062
5881.377	    0.061
5882.349	    0.051
5883.321	    0.036
5884.293	    0.037
5885.265	    0.047
5886.238	    0.034
5887.210	    0.039
5888.183	    0.061
5889.156	    0.087
5890.129	    0.098
5891.102	    0.088
5892.076	    0.082
5893.050	    0.079
5894.023	    0.066
5894.997	    0.064
5895.971	    0.067
5896.946	    0.067
5897.920	    0.063
5898.895	    0.046
5899.869	    0.025
5900.844	    0.032
5901.819	    0.042
5902.795	    0.038
5903.770	    0.045
5904.746	    0.047
5905.721	    0.049
5906.697	    0.033
5907.673	    0.022
5908.649	    0.030
5909.626	    0.032
5910.602	    0.043
5911.579	    0.054
5912.556	    0.052
5913.533	    0.046
5914.510	    0.024
5915.487	    0.018
5916.465	    0.024
5917.442	    0.011
5918.420	    0.011
5919.398	    0.021
5920.376	    0.016
5921.355	    0.021
5922.333	    0.036
5923.312	    0.052
5924.290	    0.036
5925.269	    0.021
5926.248	    0.043
5927.228	    0.039
5928.207	    0.030
5929.187	    0.036
5930.166	    0.032
5931.146	    0.008
5932.126	    0.026
5933.107	    0.035
5934.087	    0.041
5935.068	    0.057
5936.048	    0.047
5937.029	    0.035
5938.010	    0.037
5938.992	    0.025
5939.973	    0.008
5940.954	    0.008
5941.936	    0.037
5942.918	    0.035
5943.900	    0.045
5944.882	    0.060
5945.865	    0.066
5946.847	    0.072
5947.830	    0.093
5948.813	    0.120
5949.796	    0.138
5950.779	    0.155
5951.762	    0.165
5952.745	    0.160
5953.729	    0.155
5954.713	    0.154
5955.697	    0.150
5956.681	    0.150
5957.665	    0.152
5958.650	    0.154
5959.634	    0.145
5960.619	    0.131
5961.604	    0.110
5962.589	    0.092
5963.574	    0.073
5964.560	    0.073
5965.546	    0.065
5966.531	    0.061
5967.517	    0.075
5968.503	    0.133
5969.490	    0.158
5970.476	    0.059
5971.463	    0.059
5972.449	    0.065
5973.436	    0.067
5974.423	    0.066
5975.410	    0.048
5976.398	    0.045
5977.385	    0.035
5978.373	    0.040
5979.361	    0.040
5980.349	    0.034
5981.337	    0.062
5982.326	    0.057
5983.314	    0.043
5984.303	    0.049
5985.292	    0.049
5986.281	    0.057
5987.270	    0.051
5988.259	    0.056
5989.249	    0.053
5990.238	    0.059
5991.228	    0.073
5992.218	    0.068
5993.208	    0.056
5994.199	    0.057
5995.189	    0.058
5996.180	    0.039
5997.171	    0.037
5998.162	    0.054
5999.153	    0.049
6000.144	    0.055
6001.136	    0.063
6002.127	    0.061
6003.119	    0.052
6004.111	    0.053
6005.103	    0.062
6006.095	    0.048
6007.088	    0.073
6008.081	    0.075
6009.073	    0.064
6010.066	    0.056
6011.059	    0.062
6012.053	    0.060
6013.046	    0.060
6014.040	    0.054
6015.033	    0.065
6016.027	    0.078
6017.022	    0.070
6018.016	    0.064
6019.010	    0.061
6020.005	    0.069
6021.000	    0.069
6021.994	    0.060
6022.990	    0.056
6023.985	    0.063
6024.980	    0.067
6025.976	    0.066
6026.972	    0.067
6027.967	    0.059
6028.964	    0.053
6029.960	    0.064
6030.956	    0.059
6031.953	    0.058
6032.949	    0.060
6033.946	    0.062
6034.943	    0.063
6035.941	    0.058
6036.938	    0.053
6037.936	    0.055
6038.933	    0.053
6039.931	    0.053
6040.929	    0.057
6041.927	    0.045
6042.926	    0.048
6043.924	    0.057
6044.923	    0.051
6045.922	    0.047
6046.921	    0.053
6047.920	    0.062
6048.920	    0.064
6049.919	    0.056
6050.919	    0.048
6051.919	    0.053
6052.919	    0.051
6053.919	    0.049
6054.919	    0.042
6055.920	    0.046
6056.920	    0.046
6057.921	    0.051
6058.922	    0.057
6059.924	    0.041
6060.925	    0.040
6061.926	    0.045
6062.928	    0.038
6063.930	    0.035
6064.932	    0.033
6065.934	    0.035
6066.937	    0.040
6067.939	    0.049
6068.942	    0.045
6069.945	    0.043
6070.948	    0.047
6071.951	    0.042
6072.954	    0.042
6073.958	    0.055
6074.961	    0.049
6075.965	    0.055
6076.969	    0.051
6077.973	    0.036
6078.978	    0.008
6079.982	    0.031
6080.987	    0.029
6081.992	    0.008
6082.997	    0.008
6084.002	    0.040
6085.007	    0.037
6086.013	    0.043
6087.018	    0.039
6088.024	    0.022
6089.030	    0.030
6090.036	    0.041
6091.043	    0.022
6092.049	    0.047
6093.056	    0.057
6094.063	    0.039
6095.070	    0.014
6096.077	    0.049
6097.084	    0.057
6098.092	    0.061
6099.099	    0.045
6100.107	    0.054
6101.115	    0.053
6102.123	    0.055
6103.132	    0.055
6104.140	    0.070
6105.149	    0.076
6106.157	    0.046
6107.166	    0.064
6108.176	    0.057
6109.185	    0.049
6110.194	    0.045
6111.204	    0.053
6112.214	    0.055
6113.224	    0.054
6114.234	    0.063
6115.244	    0.063
6116.255	    0.068
6117.266	    0.067
6118.276	    0.071
6119.287	    0.068
6120.299	    0.062
6121.310	    0.075
6122.321	    0.063
6123.333	    0.064
6124.345	    0.060
6125.357	    0.074
6126.369	    0.080
6127.381	    0.080
6128.394	    0.084
6129.407	    0.083
6130.419	    0.087
6131.432	    0.086
6132.446	    0.082
6133.459	    0.083
6134.472	    0.086
6135.486	    0.080
6136.500	    0.074
6137.514	    0.070
6138.528	    0.082
6139.542	    0.084
6140.557	    0.083
6141.572	    0.084
6142.586	    0.088
6143.601	    0.090
6144.617	    0.089
6145.632	    0.090
6146.648	    0.097
6147.663	    0.095
6148.679	    0.079
6149.695	    0.076
6150.711	    0.080
6151.728	    0.071
6152.744	    0.073
6153.761	    0.086
6154.778	    0.095
6155.795	    0.098
6156.812	    0.098
6157.829	    0.096
6158.847	    0.094
6159.865	    0.092
6160.882	    0.091
6161.900	    0.090
6162.919	    0.091
6163.937	    0.093
6164.956	    0.097
6165.974	    0.102
6166.993	    0.105
6168.012	    0.104
6169.031	    0.100
6170.051	    0.094
6171.070	    0.091
6172.090	    0.089
6173.110	    0.087
6174.130	    0.086
6175.150	    0.085
6176.171	    0.084
6177.191	    0.082
6178.212	    0.082
6179.233	    0.090
6180.254	    0.095
6181.275	    0.094
6182.296	    0.094
6183.318	    0.094
6184.340	    0.098
6185.362	    0.109
6186.384	    0.114
6187.406	    0.109
6188.428	    0.106
6189.451	    0.105
6190.474	    0.104
6191.497	    0.100
6192.520	    0.092
6193.543	    0.100
6194.567	    0.103
6195.590	    0.096
6196.614	    0.092
6197.638	    0.095
6198.662	    0.094
6199.686	    0.099
6200.711	    0.109
6201.735	    0.110
6202.760	    0.115
6203.785	    0.111
6204.810	    0.110
6205.835	    0.101
6206.861	    0.097
6207.887	    0.100
6208.912	    0.092
6209.938	    0.092
6210.964	    0.092
6211.991	    0.096
6213.017	    0.104
6214.044	    0.111
6215.071	    0.103
6216.098	    0.098
6217.125	    0.100
6218.152	    0.103
6219.180	    0.099
6220.207	    0.090
6221.235	    0.095
6222.263	    0.098
6223.291	    0.100
6224.320	    0.096
6225.348	    0.094
6226.377	    0.095
6227.406	    0.100
6228.435	    0.101
6229.464	    0.098
6230.493	    0.093
6231.523	    0.086
6232.553	    0.086
6233.583	    0.099
6234.613	    0.109
6235.643	    0.115
6236.673	    0.118
6237.704	    0.118
6238.734	    0.117
6239.765	    0.109
6240.796	    0.101
6241.828	    0.103
6242.859	    0.110
6243.891	    0.111
6244.922	    0.100
6245.954	    0.094
6246.986	    0.094
6248.019	    0.098
6249.051	    0.096
6250.084	    0.094
6251.117	    0.096
6252.149	    0.096
6253.183	    0.100
6254.216	    0.104
6255.249	    0.106
6256.283	    0.117
6257.317	    0.122
6258.351	    0.117
6259.385	    0.114
6260.419	    0.115
6261.454	    0.117
6262.488	    0.110
6263.523	    0.099
6264.558	    0.107
6265.593	    0.114
6266.629	    0.111
6267.664	    0.104
6268.700	    0.104
6269.736	    0.102
6270.772	    0.102
6271.808	    0.100
6272.844	    0.099
6273.881	    0.107
6274.918	    0.107
6275.954	    0.095
6276.991	    0.085
6278.029	    0.085
6279.066	    0.080
6280.104	    0.063
6281.141	    0.078
6282.179	    0.082
6283.217	    0.080
6284.256	    0.082
6285.294	    0.088
6286.333	    0.101
6287.371	    0.103
6288.410	    0.104
6289.449	    0.113
6290.489	    0.112
6291.528	    0.099
6292.568	    0.090
6293.608	    0.090
6294.648	    0.091
6295.688	    0.100
6296.728	    0.110
6297.769	    0.126
6306.099	    0.116
6307.141	    0.118
6308.183	    0.115
6309.225	    0.111
6310.268	    0.109
6311.310	    0.092
6312.353	    0.092
6313.396	    0.092
6314.440	    0.085
6315.483	    0.092
6316.527	    0.099
6317.570	    0.101
6318.614	    0.103
6319.658	    0.105
6320.703	    0.102
6321.747	    0.104
6322.792	    0.107
6323.837	    0.111
6324.882	    0.111
6325.927	    0.110
6326.972	    0.108
6328.017	    0.103
6329.063	    0.111
6330.109	    0.115
6331.155	    0.114
6332.201	    0.114
6333.247	    0.116
6334.294	    0.112
6335.341	    0.102
6336.388	    0.098
6337.435	    0.097
6338.482	    0.098
6339.529	    0.097
6340.577	    0.099
6341.624	    0.100
6342.672	    0.102
6343.720	    0.097
6344.769	    0.089
6345.817	    0.088
6346.866	    0.090
6347.914	    0.091
6348.963	    0.081
6350.012	    0.073
6351.062	    0.073
6352.111	    0.075
6353.161	    0.083
6354.211	    0.090
6355.261	    0.098
6356.311	    0.104
6357.361	    0.106
6358.412	    0.111
6359.462	    0.114
6360.513	    0.114
6361.564	    0.129
6362.615	    0.170
6363.667	    0.202
6364.718	    0.217
6365.770	    0.222
6366.822	    0.219
6367.874	    0.190
6368.926	    0.145
6369.979	    0.125
6371.031	    0.111
6372.084	    0.103
6373.137	    0.103
6374.190	    0.099
6375.243	    0.091
6376.297	    0.090
6377.350	    0.088
6378.404	    0.086
6379.458	    0.098
6380.512	    0.094
6381.567	    0.094
6382.621	    0.098
6383.676	    0.096
6384.731	    0.095
6385.786	    0.097
6386.841	    0.100
6387.896	    0.108
6388.952	    0.106
6390.008	    0.104
6391.063	    0.100
6392.120	    0.100
6393.176	    0.107
6394.232	    0.113
6395.289	    0.107
6396.346	    0.103
6397.403	    0.103
6398.460	    0.099
6399.517	    0.101
6404.806	    0.112
6405.864	    0.102
6406.923	    0.098
6407.982	    0.093
6409.040	    0.093
6410.099	    0.094
6411.159	    0.093
6412.218	    0.095
6413.278	    0.098
6414.337	    0.091
6415.397	    0.086
6416.457	    0.089
6417.518	    0.092
6418.578	    0.096
6419.639	    0.099
6420.700	    0.100
6421.760	    0.099
6422.822	    0.097
6423.883	    0.092
6424.944	    0.086
6426.006	    0.088
6427.068	    0.095
6428.130	    0.101
6429.192	    0.108
6430.255	    0.114
6431.317	    0.113
6432.380	    0.111
6433.443	    0.108
6434.506	    0.104
6435.569	    0.101
6436.632	    0.105
6437.696	    0.107
6438.760	    0.103
6439.824	    0.105
6440.888	    0.103
6441.952	    0.096
6443.017	    0.095
6444.081	    0.098
6445.146	    0.095
6446.211	    0.097
6447.276	    0.098
6448.342	    0.104
6449.407	    0.107
6450.473	    0.104
6451.539	    0.096
6452.605	    0.100
6453.671	    0.107
6454.738	    0.102
6455.804	    0.099
6456.871	    0.105
6457.938	    0.103
6459.005	    0.104
6460.072	    0.108
6461.140	    0.106
6462.207	    0.109
6463.275	    0.106
6464.343	    0.105
6465.411	    0.111
6466.480	    0.118
6467.548	    0.120
6468.617	    0.116
6469.686	    0.111
6470.755	    0.113
6471.824	    0.111
6472.894	    0.108
6473.963	    0.111
6475.033	    0.102
6476.103	    0.092
6477.173	    0.094
6478.243	    0.090
6479.314	    0.087
6480.385	    0.092
6481.455	    0.094
6482.526	    0.086
6483.598	    0.084
6484.669	    0.085
6485.740	    0.087
6486.812	    0.089
6487.884	    0.094
6488.956	    0.097
6490.028	    0.090
6491.101	    0.088
6492.173	    0.088
6493.246	    0.083
6494.319	    0.079
6495.392	    0.076
6496.466	    0.094
6497.539	    0.111
6498.613	    0.118
6499.687	    0.115
6500.761	    0.116
6501.835	    0.113
6502.909	    0.101
6503.984	    0.095
6505.058	    0.099
6506.133	    0.096
6507.208	    0.096
6508.284	    0.099
6509.359	    0.088
6510.435	    0.082
6511.511	    0.086
6512.587	    0.084
6513.663	    0.086
6514.739	    0.081
6515.816	    0.073
6516.892	    0.081
6517.969	    0.080
6519.046	    0.076
6520.123	    0.078
6521.201	    0.086
6522.278	    0.086
6523.356	    0.090
6524.434	    0.087
6525.512	    0.083
6526.590	    0.082
6527.669	    0.090
6528.748	    0.087
6529.826	    0.091
6530.905	    0.090
6531.985	    0.092
6533.064	    0.107
6534.143	    0.106
6535.223	    0.099
6536.303	    0.098
6537.383	    0.097
6538.463	    0.093
6539.544	    0.097
6540.624	    0.088
6541.705	    0.083
6542.786	    0.091
6543.867	    0.093
6544.949	    0.095
6546.030	    0.100
6547.112	    0.092
6548.194	    0.087
6549.276	    0.089
6550.358	    0.087
6551.440	    0.089
6552.523	    0.104
6553.606	    0.114
6554.689	    0.111
6555.772	    0.108
6556.855	    0.104
6557.938	    0.089
6559.022	    0.079
6560.106	    0.078
6561.190	    0.088
6562.274	    0.102
6563.358	    0.106
6564.443	    0.103
6565.528	    0.105
6566.613	    0.102
6567.698	    0.092
6568.783	    0.085
6569.868	    0.084
6570.954	    0.082
6572.040	    0.081
6573.126	    0.075
6574.212	    0.078
6575.298	    0.087
6576.385	    0.096
6577.471	    0.105
6578.558	    0.107
6579.645	    0.098
6580.733	    0.090
6581.820	    0.082
6582.908	    0.089
6583.995	    0.095
6585.083	    0.091
6586.171	    0.085
6587.260	    0.087
6588.348	    0.087
6589.437	    0.085
6590.526	    0.075
6591.615	    0.070
6592.704	    0.076
6593.793	    0.075
6594.883	    0.073
6595.973	    0.083
6597.063	    0.080
6598.153	    0.079
6599.243	    0.080
6600.334	    0.073
6601.424	    0.069
6602.515	    0.082
6603.606	    0.088
6604.697	    0.092
6605.789	    0.097
6606.880	    0.098
6607.972	    0.089
6609.064	    0.086
6610.156	    0.091
6611.248	    0.098
6612.341	    0.122
6613.433	    0.151
6614.526	    0.189
6615.619	    0.224
6616.712	    0.241
6617.806	    0.236
6618.899	    0.218
6619.993	    0.188
6621.087	    0.155
6622.181	    0.122
6623.275	    0.099
6624.370	    0.099
6625.464	    0.118
6626.559	    0.165
6627.654	    0.237
6628.749	    0.333
6629.844	    0.426
6630.940	    0.483
6632.036	    0.502
6633.132	    0.477
6634.228	    0.410
6635.324	    0.310
6636.420	    0.227
6637.517	    0.161
6638.614	    0.117
6639.711	    0.095
6640.808	    0.088
6641.905	    0.089
6643.003	    0.086
6644.100	    0.087
6645.198	    0.097
6646.296	    0.115
6647.395	    0.144
6648.493	    0.196
6649.592	    0.265
6650.691	    0.336
6651.789	    0.387
6652.889	    0.408
6653.988	    0.392
6655.087	    0.342
6656.187	    0.274
6657.287	    0.205
6658.387	    0.154
6659.487	    0.118
6660.588	    0.094
6661.688	    0.088
6662.789	    0.086
6663.890	    0.074
6664.991	    0.060
6666.093	    0.067
6667.194	    0.076
6668.296	    0.078
6669.398	    0.074
6670.500	    0.069
6671.602	    0.064
6672.705	    0.058
6673.807	    0.062
6674.910	    0.073
6676.013	    0.072
6677.116	    0.072
6678.219	    0.071
6679.323	    0.068
6680.427	    0.065
6681.530	    0.059
6682.635	    0.051
6683.739	    0.048
6684.843	    0.050
6685.948	    0.052
6687.053	    0.065
6688.158	    0.064
6689.263	    0.058
6690.368	    0.065
6691.474	    0.069
6692.579	    0.068
6693.685	    0.071
6694.791	    0.076
6695.898	    0.067
6697.004	    0.053
6698.111	    0.042
6699.217	    0.035
6700.324	    0.054
6701.432	    0.062
6702.539	    0.052
6703.647	    0.054
6704.754	    0.057
6705.862	    0.040
6706.970	    0.045
6708.079	    0.051
6709.187	    0.053
6710.296	    0.053
6711.404	    0.055
6712.513	    0.049
6713.623	    0.058
6714.732	    0.053
6715.842	    0.051
6716.951	    0.059
6718.061	    0.058
6719.171	    0.053
6720.282	    0.049
6721.392	    0.054
6722.503	    0.045
6723.614	    0.062
6724.725	    0.045
6725.836	    0.052
6726.947	    0.040
6728.059	    0.014
6729.171	    0.019
6730.283	    0.042
6731.395	    0.050
6732.507	    0.055
6733.619	    0.054
6734.732	    0.052
6735.845	    0.043
6736.958	    0.031
6738.071	    0.031
6739.185	    0.022
6740.298	    0.011
6741.412	    0.022
6742.526	    0.018
6743.640	    0.018
6744.754	    0.031
6745.869	    0.040
6746.984	    0.045
6748.099	    0.051
6749.214	    0.057
6750.329	    0.049
6751.444	    0.035
6752.560	    0.019
6753.676	    0.022
6754.792	    0.036
6755.908	    0.048
6757.024	    0.049
6758.141	    0.043
6759.258	    0.032
6760.374	    0.037
6761.492	    0.026
6762.609	    0.026
6763.726	    0.022
6764.844	    0.030
6765.962	    0.016
6767.080	    0.038
6768.198	    0.022
6769.316	    0.008
6770.435	    0.008
6771.554	    0.032
6772.673	    0.039
6773.792	    0.041
6774.911	    0.021
6776.031	    0.016
6777.150	    0.021
6778.270	    0.016
6779.390	    0.018
6780.510	    0.018
6781.631	    0.047
6782.752	    0.080
6783.872	    0.118
6784.993	    0.154
6786.114	    0.184
6787.236	    0.192
6788.357	    0.182
6789.479	    0.157
6790.601	    0.120
6791.723	    0.078
6792.845	    0.047
6793.968	    0.025
6795.090	    0.025
6796.213	    0.049
6797.336	    0.074
6798.459	    0.107
6799.583	    0.140
6800.706	    0.161
6801.830	    0.172
6802.954	    0.164
6804.078	    0.136
6805.203	    0.106
6806.327	    0.083
6807.452	    0.053
6808.577	    0.026
6809.702	    0.039
6810.827	    0.041
6811.952	    0.040
6813.078	    0.038
6814.204	    0.045
6815.330	    0.047
6816.456	    0.049
6817.582	    0.055
6818.709	    0.065
6819.836	    0.064
6820.963	    0.051
6822.090	    0.045
6823.217	    0.043
6824.344	    0.047
6825.472	    0.057
6840.149	    0.050
6841.279	    0.034
6842.410	    0.035
6843.540	    0.035
6844.671	    0.047
6845.802	    0.043
6846.933	    0.052
6848.065	    0.051
6849.196	    0.058
6850.328	    0.063
6851.460	    0.069
6852.592	    0.058
6853.724	    0.058
6854.857	    0.061
6855.990	    0.054
6857.123	    0.057
6858.256	    0.059
6859.389	    0.068
6860.522	    0.068
6861.656	    0.027
6862.790	    0.065
6863.924	    0.084
6865.058	    0.086
6866.193	    0.049
6867.327	    0.087
6868.462	    0.132
6869.597	    0.155
6870.732	    0.167
6871.867	    0.168
6873.003	    0.162
6874.139	    0.157
6875.274	    0.154
6876.411	    0.149
6877.547	    0.139
6878.683	    0.128
6879.820	    0.117
6880.957	    0.100
6882.094	    0.091
6883.231	    0.084
6884.368	    0.085
6885.506	    0.103
6886.644	    0.113
6887.782	    0.113
6888.920	    0.115
6890.058	    0.112
6891.197	    0.112
6892.335	    0.116
6893.474	    0.114
6894.613	    0.112
6895.753	    0.118
6896.892	    0.117
6898.032	    0.120
6899.172	    0.117
6900.312	    0.104
6901.452	    0.098
6902.592	    0.103
6903.733	    0.103
6904.874	    0.099
6906.015	    0.100
6907.156	    0.107
6908.297	    0.105
6909.439	    0.095
6910.580	    0.091
6911.722	    0.087
6912.864	    0.084
6914.007	    0.075
6915.149	    0.073
6916.292	    0.082
6917.435	    0.089
6918.578	    0.086
6919.721	    0.085
6920.865	    0.073
6922.008	    0.047
6923.152	    0.034
6924.296	    0.035
6925.440	    0.041
6926.584	    0.054
6927.729	    0.075
6928.874	    0.083
6930.019	    0.080
6931.164	    0.077
6932.309	    0.080
6933.455	    0.081
6934.600	    0.077
6935.746	    0.077
6936.892	    0.079
6938.039	    0.061
6939.185	    0.045
6940.332	    0.045
6941.479	    0.055
6942.626	    0.047
6943.773	    0.060
6944.920	    0.066
6946.068	    0.067
6947.216	    0.040
6948.364	    0.039
6949.512	    0.037
6950.660	    0.034
6951.809	    0.014
6952.957	    0.065
6954.106	    0.074
6955.255	    0.072
6956.405	    0.071
6957.554	    0.078
6958.704	    0.078
6959.854	    0.080
6961.004	    0.077
6962.154	    0.076
6963.304	    0.075
6964.455	    0.075
6965.606	    0.067
6966.757	    0.061
6967.908	    0.054
6969.059	    0.049
6970.211	    0.047
6971.363	    0.051
6972.515	    0.045
6973.667	    0.055
6974.819	    0.076
6975.972	    0.075
6977.125	    0.059
6978.277	    0.034
6979.431	    0.031
6980.584	    0.053
6981.737	    0.063
6982.891	    0.073
6984.045	    0.084
6985.199	    0.083
6986.353	    0.080
6987.508	    0.075
6988.662	    0.077
6989.817	    0.077
6990.972	    0.084
6992.127	    0.090
6993.283	    0.093
6994.438	    0.092
6995.594	    0.089
6996.750	    0.090
6997.906	    0.087
6999.063	    0.082
7000.219	    0.090
7001.376	    0.092
7002.533	    0.087
7003.690	    0.082
7004.847	    0.076
7006.005	    0.082
7007.162	    0.087
7008.320	    0.091
7009.478	    0.088
7010.636	    0.076
7011.795	    0.079
7012.954	    0.079
7014.112	    0.075
7015.271	    0.076
7016.431	    0.087
7017.590	    0.092
7018.750	    0.096
7019.909	    0.097
7021.069	    0.094
7022.230	    0.094
7023.390	    0.094
7024.551	    0.097
7025.711	    0.095
7026.872	    0.096
7028.033	    0.099
7029.195	    0.098
7030.356	    0.094
7031.518	    0.095
7032.680	    0.094
7033.842	    0.091
7035.004	    0.091
7036.167	    0.091
7037.329	    0.092
7038.492	    0.100
7039.655	    0.104
7040.819	    0.099
7041.982	    0.095
7043.146	    0.093
7044.309	    0.091
7045.473	    0.094
7046.638	    0.099
7047.802	    0.094
7048.967	    0.086
7050.131	    0.082
7051.296	    0.091
7052.462	    0.094
7053.627	    0.085
7054.792	    0.093
7055.958	    0.105
7057.124	    0.106
7058.290	    0.105
7059.457	    0.101
7060.623	    0.097
7061.790	    0.101
7062.957	    0.104
7064.124	    0.102
7065.291	    0.100
7066.459	    0.102
7067.626	    0.107
7068.794	    0.098
7069.962	    0.094
7071.130	    0.099
7072.299	    0.100
7073.468	    0.100
7074.636	    0.099
7075.805	    0.099
7076.975	    0.107
7078.144	    0.108
7079.314	    0.107
7080.483	    0.107
7081.653	    0.108
7082.824	    0.106
7083.994	    0.107
7085.165	    0.106
7086.335	    0.111
7087.506	    0.107
7088.677	    0.104
7089.849	    0.105
7091.020	    0.107
7092.192	    0.101
7093.364	    0.108
7094.536	    0.112
7095.708	    0.114
7096.881	    0.114
7098.054	    0.111
7099.227	    0.111
7100.400	    0.111
7101.573	    0.118
7102.746	    0.118
7103.920	    0.116
7105.094	    0.115
7106.268	    0.111
7107.442	    0.111
7108.617	    0.110
7109.791	    0.108
7110.966	    0.109
7112.141	    0.108
7113.316	    0.109
7114.492	    0.111
7115.667	    0.111
7116.843	    0.107
7118.019	    0.106
