WV      	 Sigma   
4176.646	    0.074
4177.397	    0.076
4178.147	    0.079
4178.898	    0.083
4179.649	    0.092
4180.400	    0.100
4181.151	    0.108
4181.902	    0.117
4182.653	    0.127
4183.405	    0.134
4184.157	    0.140
4184.908	    0.148
4185.660	    0.158
4186.412	    0.165
4187.164	    0.171
4187.917	    0.181
4188.669	    0.153
4189.422	    0.136
4190.174	    0.118
4190.927	    0.087
4191.680	    0.061
4192.433	    0.090
4193.186	    0.111
4193.940	    0.121
4194.693	    0.101
4195.447	    0.118
4196.201	    0.121
4196.955	    0.069
4197.709	    0.062
4198.463	    0.036
4199.217	    0.076
4199.972	    0.081
4200.726	    0.067
4201.481	    0.049
4202.236	    0.028
4202.991	    0.023
4203.746	    0.088
4204.501	    0.105
4205.257	    0.100
4206.012	    0.038
4206.768	    0.096
4207.524	    0.060
4208.280	    0.029
4209.036	    0.063
4209.792	    0.021
4210.548	    0.081
4211.305	    0.099
4212.061	    0.051
4212.818	    0.064
4213.575	    0.049
4214.332	    0.023
4215.089	    0.018
4215.846	    0.083
4216.604	    0.100
4217.361	    0.116
4218.119	    0.138
4218.877	    0.102
4219.635	    0.061
4220.393	    0.015
4221.151	    0.059
4221.910	    0.054
4222.668	    0.081
4223.427	    0.098
4224.186	    0.104
4224.945	    0.128
4225.704	    0.099
4226.463	    0.079
4227.222	    0.095
4227.982	    0.067
4228.741	    0.110
4229.501	    0.118
4230.261	    0.086
4231.021	    0.080
4231.781	    0.115
4232.542	    0.120
4233.302	    0.098
4234.063	    0.074
4234.823	    0.072
4235.584	    0.075
4236.345	    0.079
4237.106	    0.106
4237.868	    0.085
4238.629	    0.069
4239.390	    0.058
4240.152	    0.033
4240.914	    0.056
4247.776	    0.107
4248.540	    0.123
4249.303	    0.129
4250.066	    0.059
4250.830	    0.050
4251.594	    0.081
4252.357	    0.099
4253.121	    0.123
4253.886	    0.091
4254.650	    0.036
4255.414	    0.058
4256.179	    0.031
4256.944	    0.053
4257.708	    0.074
4258.473	    0.095
4259.238	    0.118
4260.004	    0.111
4260.769	    0.087
4261.535	    0.028
4262.300	    0.050
4263.066	    0.018
4263.832	    0.031
4264.598	    0.071
4265.364	    0.152
4266.130	    0.031
4266.897	    0.033
4267.664	    0.070
4268.430	    0.031
4269.197	    0.123
4269.964	    0.105
4270.731	    0.064
4271.499	    0.038
4272.266	    0.072
4273.034	    0.072
4273.801	    0.063
4274.569	    0.047
4275.337	    0.028
4276.105	    0.059
4276.874	    0.051
4277.642	    0.039
4278.411	    0.021
4279.179	    0.074
4279.948	    0.073
4280.717	    0.054
4281.486	    0.071
4282.255	    0.076
4283.025	    0.021
4283.794	    0.070
4284.564	    0.074
4285.334	    0.124
4286.104	    0.119
4286.874	    0.095
4287.644	    0.031
4288.414	    0.025
4289.185	    0.052
4289.955	    0.028
4290.726	    0.082
4291.497	    0.085
4292.268	    0.036
4293.039	    0.052
4293.811	    0.085
4294.582	    0.085
4295.354	    0.071
4296.125	    0.060
4296.897	    0.033
4297.669	    0.044
4298.441	    0.096
4299.214	    0.130
4299.986	    0.128
4300.759	    0.052
4301.531	    0.064
4302.304	    0.074
4303.077	    0.047
4303.850	    0.097
4304.623	    0.122
4305.397	    0.023
4306.170	    0.033
4306.944	    0.087
4307.718	    0.108
4308.492	    0.092
4309.266	    0.078
4310.040	    0.031
4310.814	    0.098
4311.589	    0.033
4312.364	    0.071
4313.138	    0.080
4313.913	    0.071
4314.688	    0.043
4315.464	    0.038
4316.239	    0.035
4317.014	    0.018
4317.790	    0.052
4318.566	    0.100
4319.342	    0.067
4320.118	    0.048
4320.894	    0.080
4321.670	    0.050
4322.447	    0.031
4323.223	    0.043
4324.000	    0.073
4324.777	    0.055
4325.554	    0.045
4326.331	    0.076
4327.108	    0.094
4327.886	    0.054
4328.663	    0.149
4329.441	    0.100
4330.219	    0.050
4330.997	    0.088
4331.775	    0.062
4332.553	    0.029
4333.332	    0.058
4334.110	    0.091
4334.889	    0.090
4335.668	    0.021
4336.447	    0.023
4337.226	    0.025
4338.005	    0.054
4338.784	    0.086
4339.564	    0.066
4340.344	    0.023
4341.123	    0.051
4341.903	    0.053
4342.683	    0.107
4343.464	    0.086
4344.244	    0.057
4345.024	    0.109
4345.805	    0.038
4346.586	    0.025
4347.367	    0.078
4348.148	    0.127
4348.929	    0.049
4349.710	    0.043
4350.492	    0.091
4351.274	    0.122
4352.055	    0.102
4352.837	    0.031
4353.619	    0.015
4354.402	    0.015
4355.184	    0.053
4355.966	    0.094
4356.749	    0.090
4357.532	    0.054
4358.315	    0.051
4359.098	    0.025
4359.881	    0.056
4360.664	    0.010
4361.448	    0.085
4362.231	    0.136
4363.015	    0.140
4363.799	    0.051
4364.583	    0.078
4365.367	    0.010
4366.151	    0.071
4366.936	    0.043
4367.720	    0.072
4368.505	    0.062
4369.290	    0.062
4370.075	    0.062
4370.860	    0.060
4371.645	    0.023
4372.431	    0.058
4373.216	    0.070
4374.002	    0.092
4374.788	    0.101
4375.574	    0.121
4376.360	    0.147
4377.146	    0.071
4377.933	    0.053
4378.719	    0.095
4379.506	    0.101
4380.293	    0.028
4381.080	    0.154
4381.867	    0.171
4382.654	    0.186
4383.442	    0.194
4384.229	    0.159
4385.017	    0.036
4385.805	    0.050
4386.593	    0.108
4387.381	    0.150
4388.169	    0.091
4388.958	    0.062
4389.746	    0.067
4390.535	    0.086
4391.324	    0.079
4392.113	    0.029
4392.902	    0.074
4393.691	    0.073
4394.480	    0.018
4395.270	    0.114
4396.059	    0.075
4396.849	    0.090
4397.639	    0.110
4398.429	    0.110
4399.220	    0.067
4400.010	    0.095
4400.801	    0.123
4401.591	    0.145
4402.382	    0.152
4403.173	    0.116
4403.964	    0.118
4404.755	    0.129
4405.547	    0.137
4406.338	    0.056
4407.130	    0.103
4407.922	    0.121
4408.714	    0.122
4409.506	    0.096
4410.298	    0.125
4411.090	    0.104
4411.883	    0.096
4412.675	    0.086
4413.468	    0.091
4414.261	    0.082
4415.054	    0.021
4415.848	    0.043
4416.641	    0.036
4417.434	    0.055
4418.228	    0.059
4419.022	    0.025
4419.816	    0.051
4420.610	    0.066
4421.404	    0.076
4422.199	    0.083
4422.993	    0.083
4423.788	    0.070
4424.583	    0.051
4425.377	    0.060
4426.173	    0.031
4426.968	    0.035
4427.763	    0.039
4428.559	    0.075
4429.354	    0.088
4430.150	    0.055
4430.946	    0.023
4431.742	    0.015
4432.538	    0.078
4433.335	    0.052
4434.131	    0.025
4434.928	    0.038
4435.725	    0.053
4436.522	    0.096
4437.319	    0.092
4438.116	    0.074
4438.913	    0.051
4439.711	    0.055
4440.509	    0.054
4441.306	    0.015
4442.104	    0.023
4442.902	    0.047
4443.701	    0.106
4444.499	    0.130
4445.298	    0.123
4446.096	    0.109
4446.895	    0.095
4447.694	    0.101
4448.493	    0.102
4449.292	    0.105
4450.092	    0.107
4450.891	    0.112
4451.691	    0.148
4452.491	    0.124
4453.291	    0.105
4454.091	    0.082
4454.891	    0.043
4455.691	    0.047
4456.492	    0.067
4457.293	    0.075
4458.093	    0.079
4458.894	    0.098
4459.695	    0.137
4460.497	    0.101
4461.298	    0.080
4462.100	    0.066
4462.901	    0.010
4463.703	    0.057
4464.505	    0.015
4465.307	    0.055
4466.109	    0.083
4466.912	    0.045
4467.714	    0.033
4468.517	    0.051
4469.320	    0.057
4470.123	    0.057
4470.926	    0.058
4471.729	    0.058
4472.533	    0.059
4473.336	    0.059
4474.140	    0.060
4474.944	    0.061
4475.748	    0.061
4476.552	    0.062
4477.356	    0.062
4478.161	    0.062
4478.965	    0.063
4479.770	    0.063
4480.575	    0.064
4481.380	    0.064
4482.185	    0.065
4482.990	    0.065
4483.796	    0.066
4484.601	    0.066
4485.407	    0.067
4486.213	    0.067
4487.019	    0.067
4487.825	    0.067
4488.631	    0.067
4489.438	    0.067
4490.244	    0.068
4491.051	    0.068
4491.858	    0.068
4492.665	    0.068
4493.472	    0.068
4494.280	    0.068
4495.087	    0.068
4495.895	    0.049
4496.702	    0.072
4497.510	    0.081
4498.318	    0.094
4499.127	    0.135
4499.935	    0.125
4500.743	    0.103
4501.552	    0.091
4502.361	    0.106
4503.170	    0.149
4503.979	    0.071
4504.788	    0.086
4505.597	    0.088
4506.407	    0.081
4507.216	    0.067
4508.026	    0.094
4508.836	    0.091
4509.646	    0.097
4510.456	    0.093
4511.267	    0.062
4512.077	    0.104
4512.888	    0.100
4513.699	    0.079
4514.510	    0.064
4515.321	    0.086
4516.132	    0.101
4516.943	    0.084
4517.755	    0.066
4518.567	    0.053
4519.379	    0.058
4520.191	    0.093
4521.003	    0.048
4521.815	    0.029
4522.627	    0.038
4523.440	    0.062
4524.253	    0.117
4525.065	    0.111
4525.878	    0.114
4526.692	    0.120
4527.505	    0.125
4528.318	    0.130
4529.132	    0.090
4529.946	    0.072
4530.759	    0.073
4531.573	    0.084
4532.388	    0.094
4533.202	    0.144
4534.016	    0.114
4534.831	    0.089
4535.646	    0.088
4536.461	    0.113
4537.276	    0.090
4538.091	    0.095
4538.906	    0.080
4539.722	    0.083
4540.537	    0.110
4541.353	    0.071
4542.169	    0.088
4542.985	    0.054
4543.801	    0.025
4544.618	    0.045
4545.434	    0.042
4546.251	    0.062
4547.068	    0.105
4547.885	    0.113
4548.702	    0.088
4549.519	    0.062
4550.336	    0.066
4551.154	    0.074
4551.972	    0.101
4552.789	    0.090
4553.607	    0.035
4554.425	    0.061
4555.244	    0.064
4556.062	    0.094
4556.881	    0.110
4557.699	    0.115
4558.518	    0.087
4559.337	    0.021
4560.156	    0.035
4560.976	    0.054
4561.795	    0.070
4562.615	    0.082
4563.435	    0.071
4564.254	    0.031
4565.074	    0.055
4565.895	    0.085
4566.715	    0.099
4567.535	    0.083
4568.356	    0.056
4569.177	    0.091
4569.998	    0.114
4570.819	    0.122
4571.640	    0.120
4572.461	    0.136
4573.283	    0.142
4574.105	    0.148
4574.926	    0.145
4575.748	    0.125
4576.570	    0.117
4577.393	    0.101
4578.215	    0.124
4579.038	    0.142
4579.860	    0.145
4580.683	    0.140
4581.506	    0.101
4582.329	    0.050
4583.153	    0.038
4583.976	    0.059
4584.800	    0.058
4585.623	    0.106
4586.447	    0.086
4587.271	    0.094
4588.095	    0.093
4588.920	    0.071
4589.744	    0.055
4590.569	    0.120
4591.394	    0.108
4592.219	    0.102
4593.044	    0.107
4593.869	    0.113
4594.694	    0.105
4595.520	    0.101
4596.345	    0.126
4597.171	    0.138
4597.997	    0.130
4598.823	    0.092
4599.649	    0.018
4600.476	    0.071
4607.092	    0.043
4607.920	    0.076
4608.748	    0.085
4609.576	    0.074
4610.404	    0.074
4611.232	    0.083
4612.061	    0.098
4612.890	    0.116
4613.718	    0.121
4614.547	    0.101
4615.376	    0.086
4616.206	    0.086
4617.035	    0.100
4617.864	    0.108
4618.694	    0.108
4619.524	    0.117
4620.354	    0.121
4621.184	    0.111
4622.014	    0.076
4622.845	    0.071
4623.675	    0.069
4624.506	    0.094
4625.337	    0.106
4626.168	    0.098
4626.999	    0.101
4627.830	    0.060
4628.662	    0.107
4629.493	    0.118
4630.325	    0.111
4631.157	    0.100
4631.989	    0.090
4632.821	    0.081
4633.654	    0.088
4634.486	    0.086
4635.319	    0.076
4636.152	    0.073
4636.985	    0.130
4637.818	    0.073
4638.651	    0.096
4639.484	    0.109
4640.318	    0.094
4641.152	    0.082
4641.985	    0.101
4642.819	    0.138
4643.654	    0.143
4644.488	    0.130
4645.322	    0.111
4646.157	    0.102
4646.992	    0.039
4647.827	    0.018
4648.662	    0.057
4649.497	    0.085
4650.332	    0.102
4651.168	    0.121
4652.003	    0.097
4652.839	    0.067
4653.675	    0.071
4654.511	    0.084
4655.347	    0.081
4656.184	    0.052
4657.020	    0.082
4657.857	    0.083
4658.694	    0.085
4659.531	    0.091
4660.368	    0.103
4661.205	    0.105
4662.043	    0.110
4662.881	    0.117
4663.718	    0.115
4664.556	    0.108
4665.394	    0.100
4666.232	    0.086
4667.071	    0.104
4667.909	    0.116
4668.748	    0.120
4669.587	    0.117
4670.426	    0.110
4671.265	    0.095
4672.104	    0.118
4672.944	    0.099
4673.783	    0.083
4674.623	    0.088
4675.463	    0.104
4676.303	    0.079
4677.143	    0.074
4677.983	    0.104
4678.824	    0.098
4679.664	    0.054
4680.505	    0.044
4681.346	    0.077
4682.187	    0.122
4683.028	    0.125
4683.870	    0.104
4684.711	    0.078
4685.553	    0.084
4686.395	    0.105
4687.237	    0.124
4688.079	    0.142
4688.921	    0.112
4689.764	    0.086
4690.606	    0.134
4691.449	    0.098
4692.292	    0.113
4693.135	    0.120
4693.978	    0.088
4694.821	    0.070
4695.665	    0.109
4696.508	    0.090
4697.352	    0.066
4698.196	    0.079
4699.040	    0.074
4699.885	    0.067
4700.729	    0.074
4701.574	    0.075
4702.418	    0.047
4703.263	    0.047
4704.108	    0.051
4704.953	    0.036
4705.799	    0.067
4706.644	    0.045
4707.490	    0.079
4708.335	    0.084
4709.181	    0.021
4710.027	    0.056
4710.874	    0.021
4711.720	    0.080
4712.567	    0.093
4713.413	    0.079
4714.260	    0.075
4715.107	    0.059
4715.954	    0.033
4716.802	    0.031
4717.649	    0.051
4718.497	    0.050
4719.344	    0.043
4720.192	    0.038
4721.040	    0.066
4721.888	    0.068
4722.737	    0.047
4723.585	    0.047
4724.434	    0.058
4725.283	    0.050
4726.132	    0.015
4726.981	    0.049
4727.830	    0.067
4728.680	    0.076
4729.529	    0.095
4730.379	    0.080
4731.229	    0.015
4732.079	    0.044
4732.929	    0.066
4733.779	    0.043
4734.630	    0.062
4735.480	    0.063
4736.331	    0.052
4737.182	    0.042
4738.033	    0.079
4738.885	    0.066
4739.736	    0.084
4740.588	    0.015
4741.439	    0.049
4742.291	    0.038
4743.143	    0.047
4743.995	    0.079
4744.848	    0.095
4745.700	    0.015
4746.553	    0.080
4747.406	    0.079
4748.259	    0.098
4749.112	    0.125
4749.965	    0.092
4750.818	    0.074
4751.672	    0.053
4752.526	    0.056
4753.379	    0.067
4754.233	    0.060
4755.088	    0.064
4755.942	    0.095
4756.796	    0.085
4757.651	    0.098
4758.506	    0.098
4759.361	    0.077
4760.216	    0.023
4761.071	    0.043
4761.926	    0.025
4762.782	    0.048
4763.638	    0.029
4764.494	    0.033
4765.350	    0.063
4766.206	    0.065
4767.062	    0.078
4767.919	    0.021
4768.775	    0.029
4769.632	    0.065
4770.489	    0.050
4771.346	    0.036
4772.203	    0.029
4773.061	    0.045
4773.918	    0.059
4774.776	    0.010
4775.634	    0.063
4776.492	    0.105
4777.350	    0.118
4778.208	    0.092
4779.067	    0.083
4779.925	    0.100
4780.784	    0.103
4781.643	    0.105
4782.502	    0.099
4783.361	    0.081
4784.221	    0.053
4785.080	    0.069
4785.940	    0.064
4786.800	    0.049
4787.660	    0.074
4788.520	    0.059
4789.381	    0.042
4790.241	    0.079
4791.102	    0.067
4791.962	    0.061
4792.823	    0.062
4793.684	    0.066
4794.546	    0.061
4795.407	    0.040
4796.269	    0.021
4797.130	    0.053
4797.992	    0.042
4798.854	    0.061
4799.717	    0.052
4800.579	    0.050
4801.441	    0.089
4802.304	    0.069
4803.167	    0.115
4804.030	    0.049
4804.893	    0.058
4805.756	    0.033
4806.620	    0.048
4807.483	    0.064
4808.347	    0.029
4809.211	    0.097
4810.075	    0.098
4810.939	    0.120
4811.803	    0.120
4812.668	    0.114
4813.533	    0.101
4814.397	    0.076
4815.262	    0.054
4816.128	    0.052
4816.993	    0.058
4827.388	    0.063
4828.256	    0.028
4829.123	    0.067
4829.991	    0.069
4830.859	    0.064
4831.727	    0.072
4832.595	    0.086
4833.463	    0.098
4834.331	    0.042
4835.200	    0.064
4836.069	    0.087
4836.937	    0.091
4837.806	    0.079
4838.676	    0.064
4839.545	    0.058
4840.415	    0.058
4841.284	    0.035
4842.154	    0.044
4843.024	    0.054
4843.894	    0.028
4844.764	    0.067
4845.635	    0.010
4846.505	    0.063
4847.376	    0.063
4848.247	    0.049
4849.118	    0.021
4849.989	    0.018
4850.861	    0.048
4851.732	    0.062
4852.604	    0.039
4853.476	    0.074
4854.348	    0.082
4855.220	    0.047
4856.092	    0.050
4856.965	    0.056
4857.837	    0.010
4858.710	    0.051
4859.583	    0.023
4860.456	    0.063
4861.329	    0.039
4862.203	    0.021
4863.076	    0.067
4863.950	    0.075
4864.824	    0.015
4865.698	    0.025
4866.572	    0.076
4867.447	    0.061
4868.321	    0.063
4869.196	    0.067
4870.071	    0.055
4870.946	    0.095
4871.821	    0.042
4872.696	    0.062
4873.571	    0.086
4874.447	    0.073
4875.323	    0.080
4876.199	    0.095
4877.075	    0.092
4877.951	    0.070
4878.827	    0.119
4879.704	    0.055
4880.581	    0.071
4881.458	    0.102
4882.335	    0.116
4883.212	    0.123
4884.089	    0.123
4884.967	    0.112
4885.844	    0.100
4886.722	    0.101
4887.600	    0.126
4888.478	    0.099
4889.356	    0.101
4890.235	    0.111
4891.114	    0.083
4891.992	    0.054
4892.871	    0.091
4893.750	    0.075
4894.630	    0.045
4895.509	    0.078
4896.388	    0.081
4897.268	    0.078
4898.148	    0.097
4899.028	    0.057
4899.908	    0.059
4900.789	    0.042
4901.669	    0.058
4902.550	    0.092
4903.431	    0.111
4904.312	    0.117
4905.193	    0.092
4906.074	    0.108
4906.955	    0.225
4907.837	    0.298
4908.719	    0.325
4909.601	    0.294
4910.483	    0.213
4911.365	    0.092
4912.247	    0.087
4913.130	    0.116
4914.013	    0.125
4914.896	    0.109
4915.779	    0.107
4916.662	    0.095
4917.545	    0.100
4918.429	    0.115
4919.312	    0.119
4920.196	    0.104
4921.080	    0.099
4921.964	    0.096
4922.849	    0.076
4923.733	    0.057
4924.618	    0.054
4925.502	    0.060
4926.387	    0.062
4927.273	    0.062
4928.158	    0.079
4929.043	    0.061
4929.929	    0.036
4930.815	    0.015
4931.700	    0.049
4932.586	    0.049
4933.473	    0.036
4934.359	    0.063
4935.246	    0.080
4936.132	    0.097
4937.019	    0.068
4937.906	    0.079
4938.793	    0.091
4939.681	    0.095
4940.568	    0.071
4941.456	    0.054
4942.344	    0.055
4943.232	    0.076
4944.120	    0.059
4945.008	    0.047
4945.896	    0.047
4946.785	    0.036
4947.674	    0.054
4948.563	    0.047
4949.452	    0.076
4950.341	    0.043
4951.230	    0.098
4952.120	    0.055
4953.010	    0.069
4953.900	    0.057
4954.790	    0.031
4955.680	    0.028
4956.570	    0.072
4957.461	    0.081
4958.351	    0.108
4959.242	    0.068
4960.133	    0.104
4961.024	    0.063
4961.916	    0.051
4962.807	    0.015
4963.699	    0.068
4964.591	    0.044
4965.483	    0.086
4966.375	    0.069
4967.267	    0.040
4968.159	    0.087
4969.052	    0.100
4969.945	    0.086
4970.838	    0.096
4971.731	    0.114
4972.624	    0.065
4973.518	    0.093
4974.411	    0.045
4975.305	    0.105
4976.199	    0.091
4977.093	    0.073
4977.987	    0.061
4978.881	    0.043
4979.776	    0.021
4980.671	    0.057
4981.565	    0.081
4982.460	    0.112
4983.356	    0.045
4984.251	    0.054
4985.146	    0.085
4986.042	    0.104
4986.938	    0.113
4987.834	    0.109
4988.730	    0.077
4989.626	    0.062
4990.523	    0.058
4991.419	    0.080
4992.316	    0.067
4993.213	    0.044
4994.110	    0.043
4995.007	    0.053
4995.905	    0.042
4996.802	    0.045
4997.700	    0.081
4998.598	    0.063
4999.496	    0.054
5000.394	    0.067
5001.293	    0.098
5002.191	    0.104
5003.090	    0.110
5003.989	    0.117
5004.888	    0.099
5005.787	    0.010
5006.687	    0.091
5007.586	    0.038
5008.486	    0.038
5009.386	    0.062
5010.286	    0.065
5011.186	    0.031
5012.086	    0.083
5012.987	    0.092
5013.887	    0.062
5014.788	    0.055
5015.689	    0.051
5016.590	    0.078
5017.492	    0.076
5018.393	    0.086
5019.295	    0.070
5020.197	    0.054
5021.098	    0.067
5022.001	    0.054
5022.903	    0.057
5023.805	    0.076
5024.708	    0.057
5025.611	    0.092
5026.514	    0.087
5027.417	    0.079
5028.320	    0.088
5029.223	    0.106
5030.127	    0.109
5031.031	    0.087
5031.935	    0.124
5032.839	    0.131
5033.743	    0.090
5034.647	    0.120
5035.552	    0.112
5036.456	    0.090
5037.361	    0.111
5038.266	    0.126
5039.172	    0.075
5040.077	    0.028
5040.982	    0.060
5041.888	    0.074
5042.794	    0.049
5043.700	    0.056
5044.606	    0.093
5045.513	    0.045
5046.419	    0.065
5047.326	    0.105
5048.233	    0.062
5049.140	    0.110
5050.047	    0.084
5050.954	    0.086
5051.861	    0.071
5052.769	    0.065
5053.677	    0.099
5054.585	    0.150
5055.493	    0.180
5056.401	    0.168
5057.310	    0.127
5058.218	    0.105
5059.127	    0.018
5060.036	    0.055
5060.945	    0.096
5061.855	    0.119
5062.764	    0.109
5063.674	    0.108
5064.583	    0.107
5065.493	    0.088
5066.403	    0.061
5067.314	    0.063
5068.224	    0.072
5069.135	    0.018
5070.045	    0.094
5070.956	    0.051
5071.867	    0.043
5072.779	    0.099
5073.690	    0.093
5074.602	    0.071
5075.513	    0.055
5076.425	    0.018
5077.337	    0.080
5078.249	    0.067
5079.162	    0.057
5080.074	    0.056
5080.987	    0.062
5081.900	    0.028
5082.813	    0.035
5083.726	    0.050
5084.640	    0.043
5085.553	    0.043
5086.467	    0.088
5087.381	    0.132
5088.295	    0.126
5089.209	    0.055
5090.123	    0.056
5091.038	    0.081
5091.952	    0.069
5092.867	    0.040
5093.782	    0.021
5094.697	    0.023
5095.613	    0.071
5096.528	    0.096
5097.444	    0.096
5098.360	    0.113
5099.276	    0.113
5100.192	    0.072
5101.108	    0.042
5102.025	    0.033
5102.941	    0.028
5103.858	    0.051
5104.775	    0.067
5105.692	    0.090
5106.610	    0.101
5107.527	    0.076
5108.445	    0.048
5109.363	    0.029
5110.281	    0.040
5111.199	    0.081
5112.117	    0.052
5113.036	    0.010
5113.954	    0.043
5114.873	    0.066
5115.792	    0.047
5116.711	    0.068
5117.630	    0.084
5118.550	    0.072
5119.469	    0.035
5120.389	    0.052
5121.309	    0.053
5122.229	    0.053
5123.150	    0.048
5124.070	    0.039
5124.991	    0.065
5125.911	    0.086
5126.832	    0.071
5127.753	    0.042
5128.675	    0.068
5129.596	    0.072
5130.518	    0.042
5131.440	    0.033
5132.362	    0.062
5133.284	    0.021
5134.206	    0.066
5135.128	    0.091
5136.051	    0.061
5136.974	    0.015
5137.897	    0.062
5138.820	    0.039
5139.743	    0.057
5140.666	    0.038
5141.590	    0.094
5142.514	    0.085
5143.438	    0.100
5144.362	    0.089
5145.286	    0.043
5146.211	    0.063
5147.135	    0.062
5148.060	    0.031
5148.985	    0.055
5149.910	    0.070
5150.835	    0.055
5151.761	    0.060
5152.686	    0.018
5153.612	    0.059
5154.538	    0.023
5155.464	    0.059
5156.390	    0.056
5157.317	    0.071
5158.243	    0.099
5159.170	    0.104
5160.097	    0.081
5161.024	    0.076
5161.951	    0.114
5162.879	    0.097
5163.806	    0.064
5164.734	    0.035
5165.662	    0.021
5166.590	    0.067
5167.518	    0.095
5168.447	    0.070
5169.375	    0.028
5170.304	    0.031
5171.233	    0.048
5172.162	    0.049
5173.091	    0.042
5174.021	    0.091
5174.950	    0.063
5175.880	    0.069
5176.810	    0.113
5177.740	    0.095
5178.670	    0.061
5179.601	    0.070
5180.531	    0.079
5181.462	    0.082
5182.393	    0.060
5183.324	    0.035
5184.255	    0.062
5185.187	    0.038
5186.118	    0.043
5187.050	    0.062
5187.982	    0.091
5188.914	    0.091
5189.846	    0.036
5190.779	    0.042
5191.712	    0.036
5192.644	    0.029
5193.577	    0.029
5194.510	    0.029
5195.444	    0.028
5196.377	    0.028
5197.311	    0.028
5198.244	    0.028
5199.178	    0.025
5200.112	    0.025
5201.047	    0.025
5201.981	    0.025
5202.916	    0.025
5203.851	    0.028
5204.786	    0.028
5205.721	    0.028
5206.656	    0.029
5207.591	    0.029
5208.527	    0.031
5209.463	    0.031
5210.399	    0.033
5211.335	    0.035
5212.271	    0.036
5213.208	    0.036
5214.144	    0.038
5215.081	    0.039
5216.018	    0.040
5216.955	    0.042
5217.892	    0.042
5218.830	    0.043
5219.768	    0.044
5220.705	    0.044
5221.643	    0.045
5222.582	    0.045
5223.520	    0.045
5224.458	    0.045
5225.397	    0.045
5226.336	    0.045
5227.275	    0.045
5228.214	    0.044
5229.153	    0.044
5230.093	    0.043
5231.032	    0.042
5231.972	    0.042
5232.912	    0.040
5233.852	    0.038
5234.793	    0.036
5235.733	    0.035
5236.674	    0.033
5237.615	    0.029
5238.556	    0.040
5239.497	    0.073
5240.438	    0.072
5241.380	    0.091
5242.322	    0.091
5243.263	    0.044
5244.205	    0.047
5245.148	    0.054
5246.090	    0.069
5247.033	    0.104
5247.975	    0.131
5248.918	    0.146
5249.861	    0.144
5250.804	    0.131
5251.748	    0.125
5252.691	    0.114
5253.635	    0.087
5254.579	    0.075
5255.523	    0.055
5256.467	    0.029
5257.412	    0.066
5258.356	    0.065
5259.301	    0.086
5260.246	    0.092
5261.191	    0.071
5262.136	    0.086
5263.082	    0.108
5264.027	    0.103
5264.973	    0.081
5265.919	    0.063
5266.865	    0.060
5267.811	    0.063
5268.758	    0.062
5269.704	    0.085
5270.651	    0.097
5271.598	    0.104
5272.545	    0.018
5273.493	    0.018
5274.440	    0.076
5275.388	    0.072
5276.335	    0.031
5277.283	    0.080
5278.232	    0.073
5279.180	    0.058
5280.128	    0.033
5281.077	    0.079
5282.026	    0.071
5282.975	    0.010
5283.924	    0.015
5284.873	    0.081
5285.823	    0.087
5286.773	    0.088
5287.722	    0.094
5288.672	    0.081
5289.623	    0.053
5290.573	    0.077
5291.523	    0.086
5292.474	    0.091
5293.425	    0.053
5294.376	    0.067
5295.327	    0.086
5296.279	    0.091
5297.230	    0.044
5298.182	    0.060
5299.134	    0.021
5300.086	    0.023
5301.038	    0.033
5301.991	    0.015
5302.943	    0.059
5303.896	    0.039
5304.849	    0.015
5305.802	    0.038
5306.755	    0.071
5307.709	    0.057
5308.662	    0.028
5309.616	    0.097
5310.570	    0.110
5311.524	    0.091
5312.478	    0.059
5313.433	    0.036
5314.388	    0.036
5315.342	    0.029
5316.297	    0.060
5317.252	    0.071
5318.208	    0.091
5319.163	    0.098
5320.119	    0.104
5321.075	    0.109
5322.031	    0.106
5322.987	    0.081
5323.943	    0.066
5324.900	    0.068
5325.857	    0.049
5326.813	    0.010
5327.770	    0.110
5328.728	    0.117
5329.685	    0.094
5330.643	    0.090
5331.600	    0.070
5332.558	    0.070
5333.516	    0.039
5334.475	    0.025
5335.433	    0.015
5336.392	    0.018
5337.350	    0.044
5338.309	    0.043
5339.268	    0.035
5340.228	    0.066
5341.187	    0.050
5342.147	    0.097
5343.107	    0.051
5344.067	    0.038
5345.027	    0.095
5345.987	    0.057
5346.947	    0.047
5347.908	    0.028
5348.869	    0.062
5349.830	    0.043
5350.791	    0.076
5351.752	    0.018
5352.714	    0.065
5353.676	    0.079
5354.638	    0.068
5355.600	    0.033
5356.562	    0.067
5357.524	    0.073
5358.487	    0.047
5359.449	    0.038
5360.412	    0.060
5361.375	    0.057
5362.339	    0.074
5363.302	    0.070
5364.266	    0.025
5365.230	    0.047
5366.193	    0.044
5367.158	    0.050
5368.122	    0.076
5369.086	    0.066
5370.051	    0.061
5371.016	    0.025
5371.981	    0.035
5372.946	    0.038
5373.911	    0.074
5374.877	    0.065
5375.842	    0.060
5376.808	    0.077
5377.774	    0.082
5378.741	    0.110
5379.707	    0.115
5380.673	    0.112
5381.640	    0.110
5382.607	    0.067
5383.574	    0.089
5384.541	    0.086
5385.509	    0.082
5386.476	    0.079
5387.444	    0.075
5388.412	    0.071
5389.380	    0.067
5390.348	    0.062
5391.317	    0.058
5392.286	    0.053
5393.254	    0.048
5394.223	    0.042
5395.192	    0.036
5396.162	    0.028
5397.131	    0.028
5398.101	    0.052
5399.071	    0.073
5400.041	    0.059
5401.011	    0.067
5401.981	    0.073
5402.952	    0.058
5403.923	    0.060
5404.894	    0.058
5405.865	    0.029
5406.836	    0.033
5407.807	    0.029
5408.779	    0.031
5409.751	    0.010
5410.723	    0.077
5411.695	    0.028
5412.667	    0.077
5413.639	    0.091
5414.612	    0.085
5415.585	    0.065
5416.558	    0.081
5417.531	    0.098
5418.504	    0.076
5419.478	    0.068
5420.452	    0.018
5421.426	    0.065
5422.400	    0.088
5423.374	    0.094
5424.348	    0.083
5425.323	    0.075
5426.297	    0.068
5427.272	    0.058
5428.247	    0.062
5429.223	    0.033
5430.198	    0.098
5431.174	    0.094
5432.150	    0.036
5433.126	    0.036
5434.102	    0.028
5435.078	    0.038
5436.055	    0.021
5437.031	    0.049
5438.008	    0.015
5438.985	    0.085
5439.962	    0.018
5440.940	    0.048
5441.917	    0.029
5442.895	    0.066
5443.873	    0.063
5444.851	    0.023
5445.829	    0.042
5446.808	    0.081
5447.786	    0.035
5448.765	    0.090
5449.744	    0.109
5450.723	    0.039
5451.702	    0.047
5452.682	    0.074
5453.661	    0.018
5454.641	    0.072
5455.621	    0.042
5456.601	    0.043
5457.582	    0.069
5458.562	    0.015
5459.543	    0.031
5460.524	    0.051
5461.505	    0.068
5462.486	    0.085
5463.468	    0.036
5464.449	    0.045
5465.431	    0.066
5466.413	    0.083
5467.395	    0.053
5468.377	    0.031
5469.360	    0.066
5470.343	    0.101
5471.325	    0.081
5472.308	    0.023
5473.292	    0.028
5474.275	    0.028
5475.258	    0.033
5476.242	    0.036
5477.226	    0.035
5478.210	    0.074
5479.194	    0.078
5480.179	    0.058
5481.163	    0.038
5482.148	    0.073
5483.133	    0.071
5484.118	    0.050
5485.104	    0.052
5486.089	    0.051
5487.075	    0.062
5488.060	    0.043
5489.047	    0.083
5490.033	    0.083
5491.019	    0.036
5492.006	    0.018
5492.992	    0.058
5493.979	    0.051
5494.966	    0.067
5495.954	    0.043
5496.941	    0.025
5497.929	    0.025
5498.916	    0.038
5499.904	    0.047
5500.892	    0.062
5501.881	    0.073
5502.869	    0.067
5503.858	    0.043
5504.847	    0.018
5505.836	    0.025
5506.825	    0.010
5507.814	    0.023
5508.804	    0.045
5509.794	    0.040
5510.784	    0.010
5511.774	    0.033
5512.764	    0.045
5513.754	    0.031
5514.745	    0.067
5515.736	    0.028
5516.727	    0.029
5517.718	    0.049
5518.709	    0.049
5519.701	    0.049
5520.693	    0.010
5521.684	    0.044
5522.677	    0.029
5523.669	    0.054
5524.661	    0.021
5525.654	    0.021
5526.647	    0.021
5527.639	    0.028
5528.633	    0.091
5529.626	    0.098
5530.619	    0.065
5531.613	    0.076
5532.607	    0.051
5533.601	    0.036
5534.595	    0.015
5535.589	    0.056
5536.584	    0.050
5537.579	    0.048
5538.574	    0.048
5539.569	    0.091
5540.564	    0.055
5541.559	    0.062
5542.555	    0.051
5543.551	    0.055
5544.547	    0.021
5545.543	    0.038
5546.539	    0.015
5547.536	    0.081
5548.533	    0.062
5549.529	    0.023
5550.527	    0.060
5551.524	    0.025
5552.521	    0.071
5553.519	    0.063
5554.517	    0.044
5555.514	    0.076
5556.513	    0.039
5557.511	    0.044
5558.509	    0.021
5559.508	    0.042
5560.507	    0.059
5561.506	    0.033
5562.505	    0.023
5563.505	    0.049
5564.504	    0.067
5565.504	    0.018
5566.504	    0.021
5567.504	    0.070
5568.504	    0.082
5569.505	    0.049
5570.505	    0.010
5571.506	    0.010
5572.507	    0.033
5573.508	    0.060
5574.510	    0.104
5579.519	    0.021
5580.522	    0.061
5581.524	    0.049
5582.527	    0.070
5583.530	    0.071
5584.533	    0.078
5585.537	    0.051
5586.540	    0.028
5587.544	    0.047
5588.548	    0.057
5589.552	    0.083
5590.556	    0.095
5591.560	    0.086
5592.565	    0.062
5593.570	    0.062
5594.575	    0.023
5595.580	    0.033
5596.585	    0.015
5597.591	    0.079
5598.596	    0.086
5599.602	    0.039
5600.608	    0.015
5601.615	    0.061
5602.621	    0.061
5603.628	    0.051
5604.634	    0.049
5605.641	    0.060
5606.649	    0.036
5607.656	    0.054
5608.663	    0.076
5609.671	    0.085
5610.679	    0.092
5611.687	    0.097
5612.695	    0.085
5613.704	    0.096
5614.712	    0.119
5615.721	    0.114
5616.730	    0.083
5617.739	    0.031
5618.748	    0.062
5619.758	    0.085
5620.767	    0.076
5621.777	    0.072
5622.787	    0.010
5623.798	    0.043
5624.808	    0.062
5625.819	    0.087
5626.829	    0.096
5627.840	    0.074
5628.851	    0.077
5629.863	    0.081
5630.874	    0.058
5631.886	    0.040
5632.898	    0.018
5633.910	    0.035
5634.922	    0.048
5635.934	    0.069
5636.947	    0.077
5637.960	    0.079
5638.973	    0.104
5639.986	    0.104
5640.999	    0.098
5642.013	    0.114
5643.026	    0.117
5644.040	    0.125
5645.054	    0.106
5646.068	    0.104
5647.083	    0.095
5648.097	    0.085
5649.112	    0.045
5650.127	    0.083
5651.142	    0.051
5652.157	    0.082
5653.173	    0.121
5654.189	    0.112
5655.205	    0.098
5656.221	    0.106
5657.237	    0.104
5658.253	    0.097
5659.270	    0.066
5660.287	    0.068
5661.304	    0.079
5662.321	    0.085
5663.338	    0.098
5664.355	    0.101
5665.373	    0.073
5666.391	    0.089
5667.409	    0.062
5668.427	    0.085
5669.446	    0.074
5670.464	    0.120
5671.483	    0.103
5672.502	    0.090
5673.521	    0.085
5674.541	    0.102
5675.560	    0.097
5676.580	    0.085
5677.600	    0.105
5678.620	    0.108
5679.640	    0.120
5680.660	    0.123
5681.681	    0.091
5682.702	    0.081
5683.723	    0.081
5684.744	    0.074
5685.765	    0.086
5686.787	    0.090
5687.809	    0.109
5688.830	    0.110
5689.853	    0.121
5690.875	    0.132
5691.897	    0.126
5692.920	    0.111
5693.943	    0.111
5694.966	    0.102
5695.989	    0.100
5697.012	    0.105
5698.036	    0.117
5699.060	    0.113
5700.084	    0.108
5701.108	    0.101
5702.132	    0.118
5703.156	    0.129
5704.181	    0.126
5705.206	    0.126
5706.231	    0.124
5707.256	    0.115
5708.282	    0.105
5709.307	    0.119
5710.333	    0.138
5711.359	    0.142
5712.385	    0.135
5713.411	    0.142
5714.438	    0.119
5715.464	    0.123
5716.491	    0.142
5717.518	    0.136
5718.546	    0.138
5719.573	    0.122
5720.601	    0.160
5721.628	    0.134
5722.656	    0.126
5723.685	    0.109
5724.713	    0.106
5725.741	    0.136
5726.770	    0.148
5727.799	    0.123
5728.828	    0.120
5729.857	    0.130
5730.887	    0.133
5731.916	    0.118
5732.946	    0.132
5733.976	    0.125
5735.007	    0.095
5736.037	    0.143
5737.067	    0.149
5738.098	    0.136
5739.129	    0.119
5740.160	    0.108
5741.192	    0.124
5742.223	    0.119
5743.255	    0.112
5744.287	    0.103
5745.319	    0.131
5746.351	    0.145
5747.383	    0.121
5748.416	    0.114
5749.449	    0.087
5750.482	    0.101
5751.515	    0.117
5752.548	    0.117
5753.582	    0.136
5754.615	    0.145
5755.649	    0.114
5756.683	    0.142
5757.718	    0.133
5758.752	    0.116
5759.787	    0.131
5760.822	    0.145
5761.857	    0.134
5762.892	    0.137
5763.927	    0.130
5764.963	    0.150
5765.999	    0.145
5767.035	    0.155
5768.071	    0.158
5769.107	    0.141
5770.143	    0.091
5771.180	    0.120
5772.217	    0.146
5773.254	    0.117
5774.291	    0.125
5775.329	    0.111
5776.366	    0.098
5777.404	    0.116
5778.442	    0.133
5779.480	    0.148
5780.519	    0.135
5781.557	    0.110
5782.596	    0.106
5783.635	    0.103
5784.674	    0.105
5785.713	    0.115
5786.753	    0.109
5787.793	    0.114
5788.832	    0.119
5789.873	    0.128
5790.913	    0.120
5791.953	    0.128
5792.994	    0.131
5794.035	    0.135
5795.076	    0.142
5796.117	    0.133
5797.158	    0.134
5798.200	    0.128
5799.241	    0.129
5800.283	    0.113
5801.325	    0.131
5802.368	    0.137
5803.410	    0.118
5804.453	    0.119
5805.496	    0.107
5806.539	    0.130
5807.582	    0.126
5808.625	    0.126
5809.669	    0.116
5810.713	    0.118
5811.757	    0.130
5812.801	    0.131
5813.845	    0.127
5814.890	    0.133
5815.935	    0.130
5816.980	    0.114
5818.025	    0.112
5819.070	    0.129
5820.115	    0.123
5821.161	    0.097
5822.207	    0.091
5823.253	    0.081
5824.299	    0.103
5825.346	    0.112
5826.392	    0.111
5827.439	    0.118
5828.486	    0.110
5829.533	    0.098
5830.581	    0.108
5831.628	    0.123
5832.676	    0.128
5833.724	    0.100
5834.772	    0.138
5835.820	    0.151
5836.869	    0.152
5837.917	    0.149
5838.966	    0.145
5840.015	    0.132
5841.065	    0.114
5842.114	    0.110
5843.164	    0.119
5844.213	    0.120
5845.263	    0.111
5846.314	    0.110
5847.364	    0.112
5848.415	    0.124
5849.465	    0.120
5850.516	    0.118
5851.567	    0.124
5852.619	    0.120
5853.670	    0.103
5854.722	    0.097
5855.774	    0.115
5856.826	    0.112
5857.878	    0.113
5858.931	    0.127
5859.983	    0.111
5861.036	    0.103
5862.089	    0.113
5863.142	    0.112
5864.196	    0.118
5865.249	    0.134
5866.303	    0.120
5867.357	    0.072
5868.411	    0.054
5869.466	    0.036
5870.520	    0.036
5871.575	    0.018
5872.630	    0.076
5873.685	    0.091
5874.740	    0.091
5875.796	    0.107
5876.851	    0.090
5877.907	    0.048
5878.963	    0.087
5880.019	    0.106
5881.076	    0.103
5882.133	    0.089
5883.189	    0.072
5884.246	    0.059
5885.304	    0.060
5886.361	    0.075
5887.419	    0.105
5888.476	    0.114
5889.534	    0.112
5890.592	    0.122
5891.651	    0.125
5892.709	    0.107
5893.768	    0.092
5894.827	    0.114
5895.886	    0.128
5896.945	    0.118
5898.005	    0.109
5899.064	    0.094
5900.124	    0.061
5901.184	    0.092
5902.245	    0.097
5903.305	    0.093
5904.366	    0.102
5905.426	    0.052
5906.487	    0.038
5907.549	    0.072
5908.610	    0.108
5909.671	    0.110
5910.733	    0.088
5911.795	    0.095
5912.857	    0.110
5913.920	    0.076
5914.982	    0.089
5916.045	    0.102
5917.108	    0.105
5918.171	    0.084
5919.234	    0.106
5920.298	    0.081
5921.361	    0.086
5922.425	    0.108
5923.489	    0.098
5924.554	    0.076
5925.618	    0.075
5926.683	    0.051
5927.747	    0.049
5928.812	    0.081
5929.878	    0.047
5930.943	    0.067
5932.009	    0.091
5933.074	    0.112
5934.140	    0.109
5935.206	    0.092
5936.273	    0.055
5937.339	    0.066
5938.406	    0.069
5939.473	    0.056
5940.540	    0.064
5941.607	    0.054
5942.675	    0.058
5943.743	    0.071
5944.811	    0.086
5945.879	    0.134
5946.947	    0.168
5948.015	    0.200
5949.084	    0.230
5950.153	    0.242
5951.222	    0.228
5952.291	    0.200
5953.360	    0.202
5954.430	    0.183
5955.500	    0.218
5956.570	    0.217
5957.640	    0.195
5958.710	    0.151
5959.781	    0.081
5960.852	    0.048
5961.923	    0.047
5962.994	    0.021
5964.065	    0.051
5965.137	    0.057
5966.209	    0.010
5967.280	    0.015
5968.353	    0.033
5969.425	    0.071
5970.497	    0.076
5971.570	    0.015
5972.643	    0.055
5973.716	    0.059
5974.789	    0.077
5975.863	    0.067
5976.936	    0.057
5978.010	    0.083
5979.084	    0.094
5980.158	    0.083
5981.233	    0.101
5982.308	    0.082
5983.382	    0.090
5984.457	    0.083
5985.533	    0.067
5986.608	    0.053
5987.684	    0.048
5988.759	    0.091
5989.835	    0.093
5990.911	    0.110
5991.988	    0.082
5993.064	    0.071
5994.141	    0.049
5995.218	    0.055
5996.295	    0.057
5997.372	    0.056
5998.450	    0.084
5999.528	    0.081
6000.606	    0.060
6001.684	    0.040
6002.762	    0.023
6003.840	    0.031
6004.919	    0.031
6005.998	    0.057
6007.077	    0.057
6008.156	    0.021
6009.236	    0.025
6010.315	    0.060
6011.395	    0.071
6012.475	    0.066
6013.556	    0.068
6014.636	    0.029
6015.717	    0.021
6016.797	    0.067
6017.878	    0.039
6018.960	    0.050
6020.041	    0.039
6021.123	    0.071
6022.204	    0.052
6023.286	    0.052
6024.369	    0.018
6025.451	    0.047
6026.534	    0.047
6027.616	    0.047
6028.699	    0.033
6029.782	    0.035
6030.866	    0.028
6031.949	    0.081
6033.033	    0.040
6034.117	    0.061
6035.201	    0.052
6036.285	    0.018
6037.370	    0.060
6038.455	    0.053
6039.539	    0.054
6040.625	    0.070
6041.710	    0.076
6042.795	    0.072
6043.881	    0.040
6044.967	    0.049
6046.053	    0.049
6047.139	    0.021
6048.226	    0.051
6049.312	    0.028
6050.399	    0.010
6051.486	    0.064
6052.573	    0.044
6053.661	    0.054
6054.749	    0.056
6055.836	    0.044
6056.924	    0.039
6058.013	    0.039
6059.101	    0.029
6060.190	    0.044
6061.278	    0.057
6062.367	    0.036
6063.457	    0.055
6064.546	    0.015
6065.636	    0.067
6066.725	    0.067
6067.815	    0.047
6068.906	    0.021
6069.996	    0.071
6071.086	    0.029
6072.177	    0.010
6073.268	    0.038
6074.359	    0.025
6075.451	    0.074
6076.542	    0.038
6077.634	    0.066
6078.726	    0.085
6079.818	    0.101
6080.910	    0.094
6082.003	    0.083
6083.096	    0.045
6084.189	    0.052
6085.282	    0.010
6086.375	    0.062
6087.468	    0.105
6088.562	    0.129
6089.656	    0.077
6090.750	    0.066
6091.844	    0.090
6092.939	    0.087
6094.034	    0.093
6095.129	    0.063
6096.224	    0.054
6097.319	    0.107
6098.414	    0.092
6099.510	    0.095
6100.606	    0.071
6101.702	    0.015
6102.798	    0.060
6103.895	    0.048
6104.991	    0.053
6106.088	    0.072
6107.185	    0.066
6108.282	    0.071
6109.380	    0.104
6110.478	    0.126
6111.575	    0.111
6112.673	    0.100
6113.772	    0.108
6114.870	    0.177
6115.969	    0.156
6117.068	    0.141
6118.167	    0.138
6119.266	    0.165
6120.365	    0.143
6121.465	    0.144
6122.565	    0.170
6123.665	    0.216
6124.765	    0.169
6125.865	    0.162
6126.966	    0.154
6128.067	    0.145
6129.168	    0.136
6130.269	    0.127
6131.370	    0.117
6132.472	    0.105
6133.574	    0.092
6134.676	    0.078
6135.778	    0.058
6136.880	    0.028
6137.983	    0.042
6139.086	    0.065
6140.189	    0.083
6141.292	    0.097
6142.395	    0.109
6143.499	    0.120
6144.602	    0.130
6145.706	    0.140
6146.811	    0.121
6147.915	    0.115
6149.020	    0.093
6150.124	    0.068
6151.229	    0.050
6152.334	    0.079
6153.440	    0.040
6154.545	    0.023
6155.651	    0.091
6156.757	    0.102
6157.863	    0.106
6163.397	    0.108
6164.504	    0.095
6165.612	    0.107
6166.720	    0.120
6167.828	    0.088
6168.936	    0.077
6170.044	    0.092
6171.153	    0.101
6172.261	    0.090
6173.370	    0.111
6174.479	    0.098
6175.589	    0.100
6176.698	    0.081
6177.808	    0.108
6178.918	    0.103
6183.360	    0.098
6184.471	    0.099
6185.582	    0.079
6186.693	    0.104
6187.805	    0.114
6188.916	    0.099
6190.028	    0.111
6191.140	    0.044
6192.253	    0.087
6193.365	    0.099
6194.478	    0.122
6195.591	    0.126
6196.704	    0.079
6197.817	    0.064
6198.931	    0.095
6200.045	    0.074
6201.159	    0.101
6202.273	    0.097
6203.387	    0.101
6204.502	    0.112
6205.616	    0.102
6206.731	    0.099
6207.846	    0.120
6208.962	    0.097
6210.077	    0.098
6211.193	    0.112
6212.309	    0.134
6213.425	    0.131
6214.541	    0.130
6215.658	    0.115
6216.775	    0.118
6217.892	    0.090
6219.009	    0.086
6220.126	    0.096
6221.244	    0.066
6222.361	    0.095
6223.479	    0.062
6224.597	    0.061
6225.716	    0.092
6226.834	    0.053
6227.953	    0.070
6229.072	    0.105
6230.191	    0.117
6231.310	    0.102
6232.430	    0.111
6233.550	    0.096
6234.670	    0.110
6235.790	    0.122
6236.910	    0.114
6238.031	    0.105
6239.152	    0.117
6240.272	    0.096
6241.394	    0.071
6242.515	    0.110
6243.637	    0.112
6244.758	    0.101
6245.880	    0.106
6247.002	    0.108
6248.125	    0.106
6249.247	    0.124
6250.370	    0.126
6251.493	    0.088
6252.616	    0.090
6253.740	    0.091
6254.863	    0.091
6255.987	    0.091
6257.111	    0.091
6258.235	    0.091
6259.360	    0.091
6260.484	    0.092
6261.609	    0.092
6262.734	    0.092
6263.859	    0.092
6264.985	    0.093
6266.110	    0.093
6267.236	    0.094
6268.362	    0.094
6269.488	    0.094
6270.615	    0.095
6271.741	    0.095
6272.868	    0.095
6273.995	    0.096
6275.122	    0.097
6276.250	    0.097
6277.377	    0.097
6278.505	    0.098
6279.633	    0.098
6280.761	    0.098
6281.890	    0.099
6283.018	    0.099
6284.147	    0.099
6285.276	    0.100
6286.406	    0.100
6287.535	    0.100
6288.665	    0.100
6289.795	    0.101
6290.925	    0.101
6292.055	    0.101
6293.185	    0.102
6294.316	    0.102
6295.447	    0.102
6296.578	    0.102
6297.709	    0.102
6298.841	    0.103
6299.972	    0.103
6301.104	    0.111
6302.236	    0.111
6303.369	    0.111
6304.501	    0.110
6305.634	    0.108
6306.767	    0.095
6307.900	    0.136
6309.033	    0.128
6310.167	    0.160
6311.300	    0.163
6312.434	    0.138
6313.568	    0.134
6314.703	    0.132
6315.837	    0.116
6316.972	    0.132
6318.107	    0.125
6319.242	    0.097
6320.377	    0.112
6321.513	    0.118
6322.649	    0.120
6323.785	    0.101
6324.921	    0.131
6326.057	    0.154
6327.194	    0.158
6328.331	    0.153
6329.468	    0.124
6330.605	    0.113
6331.742	    0.129
6332.880	    0.141
6334.017	    0.151
6335.155	    0.153
6336.294	    0.126
6337.432	    0.118
6338.571	    0.120
6339.710	    0.121
6340.849	    0.106
6341.988	    0.085
6343.127	    0.080
6344.267	    0.089
6345.407	    0.091
6346.547	    0.086
6347.687	    0.107
6348.827	    0.127
6349.968	    0.144
6351.109	    0.146
6352.250	    0.131
6353.391	    0.116
6354.533	    0.119
6355.674	    0.119
6356.816	    0.105
6357.958	    0.127
6359.101	    0.156
6360.243	    0.176
6361.386	    0.200
6362.529	    0.207
6363.672	    0.191
6364.815	    0.165
6365.959	    0.131
6367.103	    0.115
6368.247	    0.139
6369.391	    0.138
6370.535	    0.125
6371.680	    0.135
6372.824	    0.138
6373.969	    0.131
6375.115	    0.134
6376.260	    0.104
6377.406	    0.132
6378.551	    0.117
6379.697	    0.095
6380.844	    0.076
6381.990	    0.099
6383.137	    0.111
6384.283	    0.113
6385.430	    0.120
6386.578	    0.141
6387.725	    0.144
6388.873	    0.127
6390.021	    0.128
6391.169	    0.123
6392.317	    0.116
6393.465	    0.112
6394.614	    0.125
6395.763	    0.121
6396.912	    0.123
6398.061	    0.091
6399.211	    0.092
6400.361	    0.115
6401.511	    0.108
6402.661	    0.106
6403.811	    0.116
6404.962	    0.122
6406.112	    0.112
6407.263	    0.104
6408.414	    0.111
6409.566	    0.117
6410.717	    0.112
6411.869	    0.114
6413.021	    0.106
6414.173	    0.095
6415.326	    0.094
6416.478	    0.095
6417.631	    0.104
6418.784	    0.112
6419.937	    0.100
6421.091	    0.098
6422.245	    0.104
6423.398	    0.119
6424.552	    0.129
6425.707	    0.127
6426.861	    0.124
6428.016	    0.113
6429.171	    0.089
6430.326	    0.088
6431.481	    0.104
6432.637	    0.100
6433.792	    0.095
6434.948	    0.107
6436.104	    0.114
6437.261	    0.113
6438.417	    0.127
6439.574	    0.128
6440.731	    0.110
6441.888	    0.106
6443.046	    0.101
6444.203	    0.114
6445.361	    0.120
6446.519	    0.107
6447.677	    0.115
6448.836	    0.100
6449.994	    0.100
6451.153	    0.104
6452.312	    0.092
6453.471	    0.101
6454.631	    0.113
6455.791	    0.104
6456.950	    0.092
6458.111	    0.058
6459.271	    0.083
6460.431	    0.093
6461.592	    0.112
6462.753	    0.064
6463.914	    0.015
6465.075	    0.076
6466.237	    0.045
6467.399	    0.066
6468.561	    0.062
6469.723	    0.040
6470.885	    0.080
6472.048	    0.100
6473.211	    0.048
6474.374	    0.062
6475.537	    0.067
6476.700	    0.074
6477.864	    0.074
6479.028	    0.052
6480.192	    0.010
6481.356	    0.073
6482.521	    0.033
6483.685	    0.031
6484.850	    0.036
6486.015	    0.021
6487.181	    0.090
6488.346	    0.060
6489.512	    0.079
6490.678	    0.072
6491.844	    0.062
6493.010	    0.068
6494.177	    0.049
6495.344	    0.015
6496.511	    0.031
6497.678	    0.010
6498.845	    0.058
6500.013	    0.067
6501.181	    0.042
6502.349	    0.028
6503.517	    0.052
6504.685	    0.082
6505.854	    0.082
6507.023	    0.094
6508.192	    0.120
6509.361	    0.093
6510.531	    0.044
6511.700	    0.061
6512.870	    0.060
6514.041	    0.028
6515.211	    0.043
6516.381	    0.021
6517.552	    0.062
6518.723	    0.053
6519.894	    0.042
6521.066	    0.042
6522.237	    0.042
6523.409	    0.021
6524.581	    0.043
6525.753	    0.029
6526.926	    0.059
6528.099	    0.035
6529.271	    0.018
6530.445	    0.101
6531.618	    0.151
6532.791	    0.100
6533.965	    0.036
6535.139	    0.025
6536.313	    0.074
6537.487	    0.059
6538.662	    0.109
6539.837	    0.095
6541.012	    0.052
6542.187	    0.053
6543.362	    0.086
6544.538	    0.084
6545.714	    0.055
6546.890	    0.071
6548.066	    0.035
6549.243	    0.073
6550.419	    0.095
6551.596	    0.089
6552.773	    0.073
6553.950	    0.042
6555.128	    0.035
6556.306	    0.064
6557.484	    0.049
6558.662	    0.076
6559.840	    0.058
6561.019	    0.021
6562.198	    0.063
6563.377	    0.064
6564.556	    0.079
6565.735	    0.085
6566.915	    0.081
6568.095	    0.078
6569.275	    0.075
6570.455	    0.071
6571.635	    0.068
6572.816	    0.065
6573.997	    0.061
6575.178	    0.057
6576.359	    0.053
6577.541	    0.048
6578.723	    0.043
6579.905	    0.038
6581.087	    0.029
6582.269	    0.021
6583.452	    0.010
6584.635	    0.023
6585.818	    0.033
6587.001	    0.040
6588.184	    0.048
6589.368	    0.053
6590.552	    0.083
6591.736	    0.086
6592.920	    0.071
6594.105	    0.100
6595.290	    0.085
6596.475	    0.067
6597.660	    0.055
6598.845	    0.063
6600.031	    0.068
6601.216	    0.076
6602.402	    0.105
6603.589	    0.106
6604.775	    0.106
6605.962	    0.129
6607.149	    0.125
6608.336	    0.153
6609.523	    0.240
6610.710	    0.320
6611.898	    0.344
6613.086	    0.330
6614.274	    0.235
6615.463	    0.186
6616.651	    0.154
6617.840	    0.133
6619.029	    0.102
6620.218	    0.100
6621.408	    0.081
6622.597	    0.175
6623.787	    0.423
6624.977	    0.681
6626.167	    0.839
6627.358	    0.816
6628.549	    0.614
6629.740	    0.383
6630.931	    0.229
6632.122	    0.171
6633.314	    0.132
6634.505	    0.132
6635.697	    0.131
6636.890	    0.124
6638.082	    0.130
6639.275	    0.116
6640.467	    0.115
6641.660	    0.132
6642.854	    0.156
6644.047	    0.256
6645.241	    0.404
6646.435	    0.555
6647.629	    0.609
6648.823	    0.550
6650.018	    0.419
6651.213	    0.289
6652.408	    0.196
6653.603	    0.157
6654.798	    0.152
6655.994	    0.138
6657.190	    0.108
6658.386	    0.091
6659.582	    0.095
6660.779	    0.092
6661.975	    0.100
6663.172	    0.101
6664.369	    0.118
6665.567	    0.135
6666.764	    0.140
6667.962	    0.134
6669.160	    0.110
6670.358	    0.080
6671.557	    0.074
6672.755	    0.108
6673.954	    0.088
6675.153	    0.073
6676.353	    0.113
6677.552	    0.114
6678.752	    0.109
6679.952	    0.122
6681.152	    0.143
6682.352	    0.145
6683.553	    0.135
6684.754	    0.114
6685.955	    0.119
6687.156	    0.128
6688.357	    0.116
6689.559	    0.106
6690.761	    0.097
6691.963	    0.109
6693.165	    0.093
6694.368	    0.070
6695.571	    0.066
6696.774	    0.088
6697.977	    0.079
6699.180	    0.083
6700.384	    0.097
6701.588	    0.102
6702.792	    0.086
6703.996	    0.053
6705.200	    0.078
6706.405	    0.101
6707.610	    0.104
6708.815	    0.081
6710.020	    0.097
6711.226	    0.083
6712.432	    0.074
6713.638	    0.078
6714.844	    0.069
6716.050	    0.091
6717.257	    0.101
6718.464	    0.104
6719.671	    0.112
6720.878	    0.085
6722.086	    0.066
6723.293	    0.086
6730.544	    0.077
6731.754	    0.042
6732.963	    0.083
6734.173	    0.114
6735.383	    0.090
6736.593	    0.048
6737.803	    0.072
6739.014	    0.097
6740.224	    0.079
6741.435	    0.073
6742.647	    0.093
6743.858	    0.105
6745.070	    0.083
6746.281	    0.091
6747.494	    0.065
6748.706	    0.052
6749.918	    0.048
6751.131	    0.082
6752.344	    0.086
6753.557	    0.050
6754.771	    0.053
6755.984	    0.068
6757.198	    0.073
6758.412	    0.059
6759.626	    0.063
6760.841	    0.057
6762.055	    0.021
6763.270	    0.055
6764.485	    0.085
6765.701	    0.072
6766.916	    0.089
6768.132	    0.067
6769.348	    0.029
6770.564	    0.082
6771.781	    0.098
6772.997	    0.059
6774.214	    0.036
6775.431	    0.077
6776.649	    0.073
6777.866	    0.099
6779.084	    0.199
6780.302	    0.312
6781.520	    0.376
6782.738	    0.350
6783.957	    0.268
6785.176	    0.176
6786.395	    0.101
6787.614	    0.029
6788.834	    0.010
6790.053	    0.078
6791.273	    0.095
6792.494	    0.124
6793.714	    0.191
6794.935	    0.266
6796.155	    0.307
6797.376	    0.295
6798.598	    0.215
6799.819	    0.143
6801.041	    0.076
6802.263	    0.047
6803.485	    0.021
6804.707	    0.015
6805.930	    0.033
6807.153	    0.045
6808.376	    0.071
6809.599	    0.060
6810.822	    0.044
6812.046	    0.048
6813.270	    0.055
6814.494	    0.062
6815.718	    0.035
6816.943	    0.021
6818.168	    0.025
6819.392	    0.054
6820.618	    0.090
6821.843	    0.057
6823.069	    0.077
6824.295	    0.076
6825.521	    0.047
6826.747	    0.070
6827.974	    0.098
6829.200	    0.081
6830.427	    0.082
6831.654	    0.048
6832.882	    0.064
6834.109	    0.085
6835.337	    0.081
6836.565	    0.076
6837.794	    0.074
6839.022	    0.040
6840.251	    0.040
6841.480	    0.070
6842.709	    0.066
6843.938	    0.047
6845.168	    0.065
6846.398	    0.064
6847.628	    0.043
6848.858	    0.045
6850.089	    0.042
6851.319	    0.062
6852.550	    0.079
6853.782	    0.058
6855.013	    0.023
6856.245	    0.036
6857.476	    0.036
6858.708	    0.052
6859.941	    0.062
6861.173	    0.052
6862.406	    0.018
6863.639	    0.075
6864.872	    0.043
6866.105	    0.114
6867.339	    0.161
6868.573	    0.178
6869.807	    0.183
6871.041	    0.187
6872.276	    0.177
6873.510	    0.169
6874.745	    0.157
6875.980	    0.152
6877.216	    0.149
6878.451	    0.121
6879.687	    0.095
6880.923	    0.081
6882.159	    0.028
6883.396	    0.059
6884.633	    0.074
6885.870	    0.100
6887.107	    0.124
6888.344	    0.129
6889.582	    0.117
6890.820	    0.116
6892.058	    0.114
6893.296	    0.116
6894.534	    0.112
6895.773	    0.104
6897.012	    0.093
6898.251	    0.088
6899.490	    0.097
6900.730	    0.087
6901.970	    0.091
6903.210	    0.104
6904.450	    0.080
6905.691	    0.083
6906.931	    0.089
6908.172	    0.109
6909.413	    0.104
6910.655	    0.081
6911.896	    0.075
6913.138	    0.079
6914.380	    0.055
6915.623	    0.048
6916.865	    0.066
6918.108	    0.065
6919.351	    0.039
6920.594	    0.036
6921.837	    0.010
6923.081	    0.060
6924.325	    0.092
6925.569	    0.107
6926.813	    0.101
6928.058	    0.085
6929.302	    0.102
6930.547	    0.076
6931.792	    0.066
6933.038	    0.067
6934.284	    0.088
6935.529	    0.029
6936.775	    0.052
6938.022	    0.062
6939.268	    0.086
6940.515	    0.103
6941.762	    0.069
6943.009	    0.015
6944.257	    0.067
6945.504	    0.075
6946.752	    0.049
6948.000	    0.067
6949.248	    0.063
6950.497	    0.049
6951.746	    0.070
6952.995	    0.071
6954.244	    0.015
6955.493	    0.015
6956.743	    0.045
6957.993	    0.036
6959.243	    0.044
6960.493	    0.043
6961.744	    0.038
6962.995	    0.031
6964.246	    0.035
6965.497	    0.035
6966.748	    0.045
6968.000	    0.082
6969.252	    0.099
6970.504	    0.081
6971.756	    0.067
6973.009	    0.069
6974.262	    0.085
6975.515	    0.076
6976.768	    0.023
6978.022	    0.023
6979.275	    0.023
6980.529	    0.035
6981.783	    0.028
6983.038	    0.018
6984.292	    0.063
6985.547	    0.092
6986.802	    0.015
6988.058	    0.010
6989.313	    0.061
6990.569	    0.058
6991.825	    0.070
6993.081	    0.049
6994.337	    0.039
6995.594	    0.023
6996.851	    0.025
6998.108	    0.056
6999.365	    0.049
7000.623	    0.039
7001.881	    0.045
7003.139	    0.031
7004.397	    0.076
7005.655	    0.070
7006.914	    0.047
7008.173	    0.044
7009.432	    0.053
7010.691	    0.069
7011.951	    0.052
7013.211	    0.077
7014.471	    0.083
7015.731	    0.071
7016.991	    0.055
7018.252	    0.058
7019.513	    0.039
7020.774	    0.065
7022.036	    0.082
7023.297	    0.082
7024.559	    0.076
7025.821	    0.051
7027.083	    0.062
7028.346	    0.094
7029.609	    0.081
7030.872	    0.049
7032.135	    0.076
7033.398	    0.062
7034.662	    0.010
7035.926	    0.031
7037.190	    0.050
7038.454	    0.089
7039.719	    0.050
7040.984	    0.067
7042.249	    0.048
7043.514	    0.071
7044.779	    0.094
7046.045	    0.074
7047.311	    0.073
7048.577	    0.040
7049.844	    0.062
7051.110	    0.068
7052.377	    0.031
7053.644	    0.074
7054.911	    0.129
7056.179	    0.085
7057.447	    0.057
7058.715	    0.060
7059.983	    0.021
7061.251	    0.057
7062.520	    0.064
7063.789	    0.010
7065.058	    0.018
7066.327	    0.052
7067.597	    0.015
7068.867	    0.067
7070.137	    0.055
7071.407	    0.035
7072.677	    0.029
7073.948	    0.043
7075.219	    0.010
7076.490	    0.079
7077.762	    0.073
7079.033	    0.090
7080.305	    0.086
7081.577	    0.090
7082.850	    0.083
7084.122	    0.043
7085.395	    0.047
7086.668	    0.071
7087.941	    0.070
7089.214	    0.079
7090.488	    0.080
7091.762	    0.070
7093.036	    0.083
7094.311	    0.057
7095.585	    0.040
7096.860	    0.029
7098.135	    0.061
7099.410	    0.031
7100.686	    0.069
7101.962	    0.106
7103.238	    0.113
7104.514	    0.071
7105.790	    0.051
7107.067	    0.039
7108.344	    0.067
7109.621	    0.087
7110.898	    0.023
7112.176	    0.081
7113.454	    0.072
7114.732	    0.064
7116.010	    0.040
7117.288	    0.054
7118.567	    0.074
7119.846	    0.042
7121.125	    0.064
7122.405	    0.042
7123.684	    0.069
7124.964	    0.099
7126.244	    0.116
7127.525	    0.087
7128.805	    0.078
7130.086	    0.085
7131.367	    0.079
7132.648	    0.077
7133.930	    0.068
7135.212	    0.074
7136.494	    0.095
7137.776	    0.093
7139.058	    0.040
7140.341	    0.036
7141.624	    0.062
7142.907	    0.025
7144.190	    0.080
7145.474	    0.090
7146.757	    0.055
7148.041	    0.031
7149.326	    0.056
7150.610	    0.045
7151.895	    0.015
7153.180	    0.069
7154.465	    0.099
7155.750	    0.094
7157.036	    0.094
7158.322	    0.072
7159.608	    0.088
7160.894	    0.102
7162.181	    0.122
7163.468	    0.122
7164.755	    0.115
7166.042	    0.118
7167.329	    0.107
7168.617	    0.116
7169.905	    0.108
7171.193	    0.122
7172.482	    0.136
7173.770	    0.121
7175.059	    0.127
7176.348	    0.154
7177.638	    0.145
7178.927	    0.125
7180.217	    0.139
7181.507	    0.155
7182.797	    0.167
7184.088	    0.168
7185.379	    0.182
7186.670	    0.166
7187.961	    0.150
7189.252	    0.161
7190.544	    0.164
7191.836	    0.165
7193.128	    0.158
7194.420	    0.144
7195.713	    0.142
7197.006	    0.135
7198.299	    0.150
7199.592	    0.168
7200.885	    0.152
7202.179	    0.144
7203.473	    0.138
7204.767	    0.146
7206.062	    0.141
7207.356	    0.133
7208.651	    0.107
7209.947	    0.110
7211.242	    0.124
7212.538	    0.091
7213.833	    0.113
7215.129	    0.127
7216.426	    0.108
7217.722	    0.097
7219.019	    0.095
7220.316	    0.090
7221.613	    0.102
7222.911	    0.115
7224.208	    0.118
7225.506	    0.115
7226.805	    0.131
7228.103	    0.111
7229.402	    0.110
7230.700	    0.138
7232.000	    0.158
7233.299	    0.161
7234.599	    0.150
7235.898	    0.125
7237.198	    0.114
7238.499	    0.120
7239.799	    0.147
7241.100	    0.135
7242.401	    0.117
7243.702	    0.107
7245.003	    0.125
7246.305	    0.125
7247.607	    0.116
7248.909	    0.119
7250.212	    0.131
7251.514	    0.128
7252.817	    0.128
7254.120	    0.129
7255.423	    0.123
7256.727	    0.126
7258.031	    0.122
7259.335	    0.120
7260.639	    0.129
7261.943	    0.141
7263.248	    0.142
7264.553	    0.131
7265.858	    0.126
7267.164	    0.106
7268.469	    0.107
7269.775	    0.124
7271.081	    0.145
7272.388	    0.155
7273.694	    0.097
7275.001	    0.117
7276.308	    0.127
7277.616	    0.173
7278.923	    0.165
7280.231	    0.123
7281.539	    0.069
7282.847	    0.029
7284.156	    0.098
7285.464	    0.137
7286.773	    0.137
7288.082	    0.133
7289.392	    0.153
7290.701	    0.170
7292.011	    0.165
7293.321	    0.153
7294.632	    0.131
7295.942	    0.118
7297.253	    0.120
7298.564	    0.119
7299.876	    0.116
7301.187	    0.141
7302.499	    0.139
7303.811	    0.127
7305.123	    0.105
7306.436	    0.110
7307.748	    0.116
7309.061	    0.130
7310.374	    0.134
7311.688	    0.087
7313.002	    0.093
7314.315	    0.102
7315.630	    0.138
7316.944	    0.103
7318.259	    0.137
7319.573	    0.128
7320.888	    0.103
7322.204	    0.127
7323.519	    0.116
7324.835	    0.128
7326.151	    0.107
7327.467	    0.067
7328.784	    0.042
7330.101	    0.093
