1 1 1081.76 1086.45
44.9229 
0.5474 
name    flux    f_err    vel    sig
Hgamma      	   1.64075	      0.13	 2901.6145	     14.42
Hbeta       	   4.13558	      0.12	 2901.6145	     14.42
Halpha      	  24.23618	      0.10	 2901.6145	     14.42
[SII]6716   	   5.09259	      0.11	 2911.5880	     49.17
[SII]6731   	   3.57250	      0.11	 2911.5880	     49.17
[OIII]5007_d	   1.54964	      0.16	 2911.5880	     49.17
[OI]6300_d  	   2.65435	      0.14	 2911.5880	     49.17
[NII]6583_d 	  18.86852	      0.14	 2911.5880	     49.17
