WV      	 Sigma   
4259.984	    0.109
4260.688	    0.102
4261.392	    0.105
4262.096	    0.113
4262.800	    0.129
4263.505	    0.144
4264.209	    0.153
4264.914	    0.159
4265.618	    0.162
4266.323	    0.160
4267.028	    0.152
4267.733	    0.140
4268.439	    0.121
4269.144	    0.090
4269.849	    0.018
4270.555	    0.079
4271.261	    0.103
4271.966	    0.079
4272.672	    0.100
4273.378	    0.087
4274.084	    0.059
4274.791	    0.079
4275.497	    0.112
4276.204	    0.085
4276.910	    0.056
4277.617	    0.083
4278.324	    0.109
4279.031	    0.118
4279.738	    0.125
4280.445	    0.133
4281.152	    0.108
4281.860	    0.119
4282.567	    0.106
4283.275	    0.075
4283.983	    0.071
4284.691	    0.085
4285.399	    0.064
4286.107	    0.035
4286.815	    0.056
4287.523	    0.079
4288.232	    0.066
4288.940	    0.025
4289.649	    0.066
4290.358	    0.018
4291.067	    0.075
4291.776	    0.087
4292.485	    0.077
4293.194	    0.040
4293.904	    0.031
4294.613	    0.087
4295.323	    0.109
4296.033	    0.103
4296.743	    0.018
4297.453	    0.090
4298.163	    0.109
4298.873	    0.103
4299.583	    0.053
4300.294	    0.047
4301.004	    0.071
4301.715	    0.103
4302.426	    0.141
4303.137	    0.131
4303.848	    0.100
4304.559	    0.061
4305.270	    0.050
4305.982	    0.075
4306.693	    0.035
4307.405	    0.031
4308.117	    0.079
4308.829	    0.147
4309.541	    0.137
4310.253	    0.119
4310.965	    0.089
4311.677	    0.031
4312.390	    0.109
4313.102	    0.095
4313.815	    0.083
4314.528	    0.081
4315.241	    0.106
4315.954	    0.064
4316.667	    0.018
4317.380	    0.064
4318.094	    0.123
4318.807	    0.165
4319.521	    0.161
4320.235	    0.134
4320.949	    0.066
4321.663	    0.043
4322.377	    0.053
4323.091	    0.077
4323.805	    0.087
4324.520	    0.056
4325.234	    0.025
4325.949	    0.025
4326.664	    0.018
4327.379	    0.035
4328.094	    0.069
4328.809	    0.097
4329.524	    0.069
4330.240	    0.059
4330.955	    0.081
4331.671	    0.040
4332.387	    0.061
4333.103	    0.083
4333.819	    0.099
4334.535	    0.085
4335.251	    0.079
4335.968	    0.071
4336.684	    0.064
4337.401	    0.085
4338.117	    0.105
4338.834	    0.083
4339.551	    0.083
4340.268	    0.108
4340.985	    0.105
4341.703	    0.059
4342.420	    0.018
4343.138	    0.053
4343.855	    0.081
4344.573	    0.069
4345.291	    0.085
4346.009	    0.125
4346.727	    0.140
4347.445	    0.125
4348.164	    0.087
4348.882	    0.103
4349.601	    0.119
4350.320	    0.102
4351.039	    0.113
4351.758	    0.106
4352.477	    0.105
4353.196	    0.111
4353.915	    0.138
4354.635	    0.119
4355.354	    0.113
4356.074	    0.111
4356.794	    0.108
4357.514	    0.121
4358.234	    0.153
4358.954	    0.175
4359.674	    0.188
4360.394	    0.185
4361.115	    0.151
4361.836	    0.152
4362.556	    0.156
4363.277	    0.154
4363.998	    0.025
4364.719	    0.056
4365.441	    0.056
4366.162	    0.035
4366.883	    0.053
4367.605	    0.083
4368.327	    0.064
4369.049	    0.089
4369.771	    0.119
4370.493	    0.135
4371.215	    0.141
4371.937	    0.134
4372.660	    0.115
4373.382	    0.092
4374.105	    0.090
4374.828	    0.059
4375.550	    0.050
4376.273	    0.064
4376.997	    0.079
4377.720	    0.053
4378.443	    0.059
4379.167	    0.069
4379.890	    0.083
4380.614	    0.095
4381.338	    0.112
4382.062	    0.111
4382.786	    0.121
4383.510	    0.142
4390.034	    0.174
4390.759	    0.155
4391.485	    0.137
4392.210	    0.090
4392.936	    0.031
4393.662	    0.047
4394.388	    0.059
4395.114	    0.128
4395.840	    0.141
4396.567	    0.116
4397.293	    0.116
4398.020	    0.059
4398.747	    0.137
4399.473	    0.152
4400.200	    0.140
4400.928	    0.097
4401.655	    0.127
4402.382	    0.129
4403.110	    0.119
4403.837	    0.103
4404.565	    0.095
4405.293	    0.097
4406.021	    0.085
4406.749	    0.083
4407.477	    0.083
4408.205	    0.050
4408.934	    0.066
4409.662	    0.079
4410.391	    0.094
4411.119	    0.106
4411.848	    0.109
4412.577	    0.100
4413.307	    0.095
4414.036	    0.073
4414.765	    0.043
4415.495	    0.087
4416.224	    0.025
4416.954	    0.071
4417.684	    0.094
4418.414	    0.095
4419.144	    0.103
4419.874	    0.092
4420.605	    0.085
4421.335	    0.090
4422.066	    0.108
4422.796	    0.112
4423.527	    0.035
4424.258	    0.077
4424.989	    0.089
4425.720	    0.064
4426.452	    0.018
4427.183	    0.018
4427.915	    0.025
4428.646	    0.025
4429.378	    0.085
4430.110	    0.134
4430.842	    0.120
4431.574	    0.095
4432.307	    0.073
4433.039	    0.077
4433.772	    0.035
4434.504	    0.066
4435.237	    0.099
4435.970	    0.115
4436.703	    0.090
4437.436	    0.116
4438.169	    0.115
4438.903	    0.100
4439.636	    0.071
4440.370	    0.031
4441.103	    0.018
4441.837	    0.075
4442.571	    0.100
4443.305	    0.103
4444.040	    0.031
4444.774	    0.075
4445.508	    0.040
4446.243	    0.047
4446.978	    0.031
4447.713	    0.064
4448.447	    0.064
4449.183	    0.035
4449.918	    0.053
4450.653	    0.077
4451.388	    0.040
4452.124	    0.069
4452.860	    0.090
4453.596	    0.105
4454.331	    0.118
4455.067	    0.120
4455.804	    0.089
4456.540	    0.061
4457.276	    0.040
4458.013	    0.047
4458.750	    0.035
4459.486	    0.056
4460.223	    0.075
4460.960	    0.047
4461.697	    0.073
4462.435	    0.090
4463.172	    0.100
4463.909	    0.118
4464.647	    0.116
4465.385	    0.085
4466.123	    0.087
4466.861	    0.094
4467.599	    0.095
4468.337	    0.090
4469.075	    0.079
4469.814	    0.040
4470.552	    0.089
4471.291	    0.079
4472.030	    0.061
4472.769	    0.043
4473.508	    0.025
4474.247	    0.035
4474.987	    0.043
4475.726	    0.085
4476.466	    0.106
4477.205	    0.089
4477.945	    0.047
4478.685	    0.050
4479.425	    0.050
4480.165	    0.043
4480.906	    0.066
4481.646	    0.115
4482.387	    0.113
4483.127	    0.079
4483.868	    0.018
4484.609	    0.077
4485.350	    0.073
4486.091	    0.105
4486.833	    0.112
4487.574	    0.112
4488.316	    0.118
4489.057	    0.097
4489.799	    0.056
4490.541	    0.085
4491.283	    0.083
4492.025	    0.066
4492.767	    0.050
4493.510	    0.035
4494.252	    0.035
4494.995	    0.040
4495.738	    0.056
4496.481	    0.025
4497.224	    0.125
4497.967	    0.134
4498.710	    0.108
4499.453	    0.018
4500.197	    0.094
4500.940	    0.071
4501.684	    0.018
4502.428	    0.056
4503.172	    0.059
4503.916	    0.064
4504.660	    0.108
4505.405	    0.121
4506.149	    0.123
4506.894	    0.111
4507.639	    0.085
4508.383	    0.094
4509.128	    0.115
4509.873	    0.102
4510.619	    0.064
4511.364	    0.047
4512.109	    0.050
4512.855	    0.050
4513.601	    0.031
4514.347	    0.050
4515.093	    0.071
4515.839	    0.079
4516.585	    0.053
4517.331	    0.066
4518.078	    0.077
4518.824	    0.031
4519.571	    0.099
4520.318	    0.064
4521.065	    0.056
4521.812	    0.061
4522.559	    0.064
4523.306	    0.056
4524.054	    0.061
4524.801	    0.079
4525.549	    0.089
4526.297	    0.095
4527.045	    0.097
4527.793	    0.087
4528.541	    0.071
4529.289	    0.059
4530.038	    0.025
4530.786	    0.050
4531.535	    0.064
4532.284	    0.050
4533.033	    0.069
4533.782	    0.056
4534.531	    0.047
4535.280	    0.064
4536.030	    0.050
4536.779	    0.059
4537.529	    0.066
4538.279	    0.064
4539.028	    0.047
4539.779	    0.018
4540.529	    0.079
4541.279	    0.089
4542.029	    0.099
4542.780	    0.105
4543.531	    0.105
4544.281	    0.097
4545.032	    0.073
4545.783	    0.069
4546.534	    0.064
4547.286	    0.056
4548.037	    0.040
4548.789	    0.094
4549.540	    0.123
4550.292	    0.131
4551.044	    0.120
4551.796	    0.097
4552.548	    0.099
4553.300	    0.113
4554.053	    0.112
4554.805	    0.109
4555.558	    0.108
4556.311	    0.097
4557.064	    0.100
4557.817	    0.118
4558.570	    0.123
4559.323	    0.125
4560.076	    0.136
4560.830	    0.133
4561.584	    0.103
4562.337	    0.083
4563.091	    0.079
4563.845	    0.089
4564.599	    0.099
4565.354	    0.118
4566.108	    0.140
4566.863	    0.121
4567.617	    0.077
4568.372	    0.031
4569.127	    0.043
4569.882	    0.077
4570.637	    0.112
4571.392	    0.119
4572.148	    0.103
4572.903	    0.099
4573.659	    0.099
4574.415	    0.073
4575.170	    0.018
4575.926	    0.066
4576.683	    0.040
4577.439	    0.056
4578.195	    0.064
4578.952	    0.079
4579.708	    0.059
4580.465	    0.056
4581.222	    0.111
4581.979	    0.090
4582.736	    0.087
4583.493	    0.115
4584.251	    0.119
4585.008	    0.085
4585.766	    0.085
4586.524	    0.018
4587.282	    0.018
4588.040	    0.018
4588.798	    0.035
4589.556	    0.047
4590.314	    0.018
4591.073	    0.043
4591.832	    0.018
4592.590	    0.071
4593.349	    0.097
4594.108	    0.102
4594.867	    0.053
4595.627	    0.092
4596.386	    0.106
4597.146	    0.106
4597.905	    0.097
4598.665	    0.099
4599.425	    0.090
4600.185	    0.064
4600.945	    0.075
4601.705	    0.089
4602.466	    0.081
4603.226	    0.043
4603.987	    0.064
4604.748	    0.066
4605.508	    0.064
4606.269	    0.071
4607.031	    0.089
4607.792	    0.118
4608.553	    0.102
4609.315	    0.081
4610.076	    0.077
4610.838	    0.081
4611.600	    0.064
4612.362	    0.079
4613.124	    0.106
4613.887	    0.087
4614.649	    0.043
4615.412	    0.043
4616.174	    0.073
4616.937	    0.079
4617.700	    0.073
4618.463	    0.089
4619.226	    0.105
4619.989	    0.108
4620.753	    0.092
4621.516	    0.064
4622.280	    0.025
4623.044	    0.059
4623.808	    0.040
4624.572	    0.079
4625.336	    0.089
4626.100	    0.043
4626.865	    0.053
4627.629	    0.059
4628.394	    0.073
4629.159	    0.097
4629.924	    0.090
4630.689	    0.090
4631.454	    0.061
4632.219	    0.097
4632.985	    0.079
4633.750	    0.064
4634.516	    0.113
4635.282	    0.071
4636.048	    0.018
4636.814	    0.050
4637.580	    0.056
4638.346	    0.031
4639.113	    0.040
4639.879	    0.059
4640.646	    0.071
4641.413	    0.059
4642.180	    0.035
4642.947	    0.035
4643.714	    0.059
4644.481	    0.059
4645.249	    0.040
4646.016	    0.040
4646.784	    0.018
4647.552	    0.043
4648.320	    0.071
4649.088	    0.025
4649.856	    0.050
4650.625	    0.061
4651.393	    0.066
4652.162	    0.059
4652.930	    0.047
4653.699	    0.103
4654.468	    0.090
4655.237	    0.035
4656.007	    0.047
4656.776	    0.025
4657.546	    0.061
4658.315	    0.064
4659.085	    0.059
4659.855	    0.069
4660.625	    0.095
4661.395	    0.116
4662.165	    0.108
4662.936	    0.079
4663.706	    0.071
4664.477	    0.097
4665.247	    0.103
4666.018	    0.085
4666.789	    0.043
4667.561	    0.018
4668.332	    0.043
4669.103	    0.050
4669.875	    0.050
4670.646	    0.047
4671.418	    0.075
4672.190	    0.071
4672.962	    0.056
4673.734	    0.064
4674.507	    0.066
4675.279	    0.061
4676.052	    0.053
4676.824	    0.035
4677.597	    0.079
4678.370	    0.056
4679.143	    0.081
4679.916	    0.073
4680.690	    0.061
4681.463	    0.059
4682.237	    0.047
4683.010	    0.056
4683.784	    0.061
4684.558	    0.056
4685.332	    0.047
4686.106	    0.040
4686.881	    0.035
4687.655	    0.043
4688.430	    0.061
4689.205	    0.069
4689.979	    0.035
4690.754	    0.092
4691.529	    0.112
4692.305	    0.073
4693.080	    0.035
4693.856	    0.066
4694.631	    0.077
4695.407	    0.056
4696.183	    0.075
4696.959	    0.111
4697.735	    0.112
4698.511	    0.077
4699.288	    0.031
4700.064	    0.079
4700.841	    0.106
4701.618	    0.118
4702.394	    0.094
4703.171	    0.066
4703.949	    0.059
4704.726	    0.040
4705.503	    0.047
4706.281	    0.071
4707.059	    0.031
4707.836	    0.025
4708.614	    0.035
4709.392	    0.056
4710.171	    0.075
4710.949	    0.092
4711.727	    0.085
4712.506	    0.056
4713.285	    0.085
4714.063	    0.077
4714.842	    0.064
4715.621	    0.064
4716.401	    0.047
4717.180	    0.059
4717.960	    0.056
4718.739	    0.031
4719.519	    0.075
4720.299	    0.094
4721.079	    0.097
4721.859	    0.064
4722.639	    0.031
4723.419	    0.043
4724.200	    0.069
4724.981	    0.069
4725.761	    0.018
4726.542	    0.085
4727.323	    0.069
4728.104	    0.064
4728.886	    0.040
4729.667	    0.040
4730.449	    0.040
4731.230	    0.059
4732.012	    0.069
4732.794	    0.061
4733.576	    0.031
4734.358	    0.025
4735.141	    0.025
4735.923	    0.043
4736.706	    0.035
4737.488	    0.031
4738.271	    0.047
4739.054	    0.071
4739.837	    0.059
4740.620	    0.043
4741.404	    0.056
4742.187	    0.040
4742.971	    0.035
4743.755	    0.047
4744.538	    0.066
4745.322	    0.061
4746.107	    0.050
4746.891	    0.087
4747.675	    0.094
4748.460	    0.066
4749.244	    0.025
4750.029	    0.064
4750.814	    0.075
4751.599	    0.066
4752.384	    0.056
4753.170	    0.106
4753.955	    0.081
4754.741	    0.089
4755.526	    0.111
4756.312	    0.112
4757.098	    0.090
4757.884	    0.066
4758.670	    0.085
4759.457	    0.040
4760.243	    0.035
4761.030	    0.081
4761.816	    0.109
4762.603	    0.111
4763.390	    0.081
4764.177	    0.025
4764.965	    0.025
4765.752	    0.040
4766.539	    0.025
4767.327	    0.035
4768.115	    0.047
4768.903	    0.040
4769.691	    0.043
4770.479	    0.047
4771.267	    0.053
4772.056	    0.025
4772.844	    0.018
4773.633	    0.018
4774.422	    0.035
4775.211	    0.050
4776.000	    0.050
4776.789	    0.079
4777.578	    0.079
4778.368	    0.064
4779.157	    0.047
4779.947	    0.047
4780.737	    0.064
4781.527	    0.025
4782.317	    0.099
4783.107	    0.120
4783.897	    0.102
4784.688	    0.035
4785.479	    0.066
4786.269	    0.059
4787.060	    0.031
4787.851	    0.031
4788.642	    0.025
4789.434	    0.043
4790.225	    0.040
4791.017	    0.064
4791.808	    0.083
4792.600	    0.043
4793.392	    0.040
4794.184	    0.047
4794.976	    0.018
4795.769	    0.053
4796.561	    0.079
4797.354	    0.113
4798.146	    0.064
4798.939	    0.056
4799.732	    0.050
4800.525	    0.108
4801.319	    0.109
4802.112	    0.056
4802.906	    0.064
4803.699	    0.059
4804.493	    0.118
4805.287	    0.102
4806.081	    0.056
4806.875	    0.031
4807.669	    0.056
4808.464	    0.031
4809.258	    0.035
4810.053	    0.071
4810.848	    0.095
4811.643	    0.066
4812.438	    0.043
4813.233	    0.064
4814.028	    0.031
4814.824	    0.031
4815.620	    0.050
4816.415	    0.056
4817.211	    0.066
4818.007	    0.018
4818.803	    0.069
4819.600	    0.073
4820.396	    0.053
4821.192	    0.040
4821.989	    0.079
4822.786	    0.064
4823.583	    0.047
4824.380	    0.056
4825.177	    0.018
4825.974	    0.040
4826.772	    0.079
4827.569	    0.066
4828.367	    0.040
4829.165	    0.079
4829.963	    0.100
4830.761	    0.106
4831.559	    0.095
4832.358	    0.085
4833.156	    0.102
4833.955	    0.112
4834.754	    0.115
4835.553	    0.112
4836.352	    0.118
4837.151	    0.127
4837.950	    0.130
4838.750	    0.136
4839.549	    0.127
4840.349	    0.100
4841.149	    0.085
4841.949	    0.085
4842.749	    0.099
4843.549	    0.108
4844.349	    0.083
4845.150	    0.066
4845.950	    0.061
4846.751	    0.077
4847.552	    0.119
4848.353	    0.116
4849.154	    0.099
4849.955	    0.102
4850.757	    0.123
4851.558	    0.136
4852.360	    0.097
4853.162	    0.018
4853.964	    0.043
4854.766	    0.031
4855.568	    0.018
4856.370	    0.035
4857.173	    0.053
4857.976	    0.059
4858.778	    0.018
4859.581	    0.050
4860.384	    0.040
4861.187	    0.066
4861.991	    0.066
4862.794	    0.061
4863.598	    0.040
4864.401	    0.018
4865.205	    0.025
4866.009	    0.056
4866.813	    0.061
4867.617	    0.064
4868.422	    0.081
4869.226	    0.094
4870.031	    0.035
4870.835	    0.116
4871.640	    0.130
4872.445	    0.123
4873.250	    0.069
4874.056	    0.053
4874.861	    0.056
4875.667	    0.050
4876.472	    0.099
4877.278	    0.069
4878.084	    0.115
4878.890	    0.035
4879.696	    0.089
4880.503	    0.056
4881.309	    0.090
4882.116	    0.102
4882.922	    0.018
4883.729	    0.056
4884.536	    0.018
4885.343	    0.025
4886.151	    0.050
4886.958	    0.050
4887.766	    0.050
4888.573	    0.071
4889.381	    0.089
4890.189	    0.047
4890.997	    0.040
4891.805	    0.040
4892.613	    0.061
4893.422	    0.071
4894.231	    0.069
4895.039	    0.056
4895.848	    0.040
4896.657	    0.087
4897.466	    0.043
4898.276	    0.053
4899.085	    0.083
4899.894	    0.083
4900.704	    0.079
4901.514	    0.094
4902.324	    0.102
4903.134	    0.066
4903.944	    0.059
4904.754	    0.043
4905.565	    0.047
4906.376	    0.069
4907.186	    0.085
4907.997	    0.100
4908.808	    0.128
4909.619	    0.163
4910.431	    0.230
4911.242	    0.316
4912.054	    0.395
4912.865	    0.458
4913.677	    0.486
4914.489	    0.479
4915.301	    0.444
4916.113	    0.387
4916.926	    0.306
4917.738	    0.216
4918.551	    0.138
4919.363	    0.069
4920.176	    0.043
4920.989	    0.075
4921.803	    0.090
4922.616	    0.087
4923.429	    0.059
4924.243	    0.053
4925.057	    0.047
4925.870	    0.025
4926.684	    0.056
4927.498	    0.075
4928.313	    0.081
4929.127	    0.087
4929.941	    0.081
4930.756	    0.025
4931.571	    0.071
4932.386	    0.050
4933.201	    0.071
4934.016	    0.100
4934.831	    0.124
4935.647	    0.127
4936.462	    0.103
4937.278	    0.077
4938.094	    0.094
4938.910	    0.120
4939.726	    0.106
4940.542	    0.083
4941.359	    0.025
4942.175	    0.092
4942.992	    0.115
4943.809	    0.115
4944.625	    0.083
4945.443	    0.018
4946.260	    0.053
4947.077	    0.081
4947.895	    0.064
4948.712	    0.073
4949.530	    0.077
4950.348	    0.069
4951.166	    0.075
4951.984	    0.103
4952.802	    0.089
4953.621	    0.050
4954.439	    0.075
4955.258	    0.040
4956.077	    0.050
4956.896	    0.040
4957.715	    0.089
4958.534	    0.087
4959.353	    0.073
4960.173	    0.079
4960.992	    0.035
4961.812	    0.066
4962.632	    0.103
4963.452	    0.097
4964.272	    0.073
4965.093	    0.040
4965.913	    0.087
4966.734	    0.064
4967.554	    0.025
4968.375	    0.035
4969.196	    0.064
4970.017	    0.031
4970.838	    0.061
4971.660	    0.081
4972.481	    0.089
4973.303	    0.089
4974.125	    0.071
4974.947	    0.061
4975.769	    0.081
4976.591	    0.066
4977.413	    0.050
4978.236	    0.018
4979.058	    0.050
4979.881	    0.081
4980.704	    0.079
4981.527	    0.047
4982.350	    0.095
4983.174	    0.095
4983.997	    0.090
4984.821	    0.079
4985.644	    0.095
4986.468	    0.095
4987.292	    0.059
4988.116	    0.025
4988.940	    0.061
4989.765	    0.092
4990.589	    0.103
4991.414	    0.079
4992.239	    0.079
4993.064	    0.092
4993.889	    0.094
4994.714	    0.031
4995.539	    0.077
4996.365	    0.095
4997.190	    0.087
5003.800	    0.095
5004.627	    0.087
5005.454	    0.059
5006.281	    0.025
5007.108	    0.043
5007.936	    0.056
5008.763	    0.050
5009.591	    0.115
5010.419	    0.160
5011.247	    0.172
5012.075	    0.159
5012.903	    0.149
5013.731	    0.147
5014.560	    0.121
5015.388	    0.035
5016.217	    0.073
5017.046	    0.025
5017.875	    0.018
5018.704	    0.031
5019.533	    0.018
5020.363	    0.025
5021.192	    0.040
5022.022	    0.075
5022.852	    0.066
5023.682	    0.053
5024.512	    0.043
5025.342	    0.031
5026.173	    0.087
5027.003	    0.087
5027.834	    0.081
5028.665	    0.095
5029.496	    0.097
5030.327	    0.073
5031.158	    0.031
5031.989	    0.040
5032.821	    0.064
5033.653	    0.018
5034.484	    0.035
5035.316	    0.040
5036.148	    0.040
5036.980	    0.061
5037.813	    0.025
5038.645	    0.105
5039.478	    0.134
5040.311	    0.111
5041.143	    0.115
5041.976	    0.115
5042.810	    0.090
5043.643	    0.025
5044.476	    0.059
5045.310	    0.064
5046.144	    0.040
5046.977	    0.047
5047.811	    0.047
5048.645	    0.097
5049.480	    0.095
5050.314	    0.075
5051.149	    0.097
5051.983	    0.085
5052.818	    0.043
5053.653	    0.047
5054.488	    0.053
5055.323	    0.053
5056.159	    0.053
5056.994	    0.031
5057.830	    0.113
5058.666	    0.172
5059.501	    0.221
5060.337	    0.259
5061.174	    0.273
5062.010	    0.245
5062.846	    0.198
5063.683	    0.153
5064.520	    0.127
5065.357	    0.119
5066.194	    0.105
5067.031	    0.066
5067.868	    0.083
5068.706	    0.085
5069.543	    0.087
5070.381	    0.087
5071.219	    0.025
5072.057	    0.059
5072.895	    0.094
5073.733	    0.099
5074.571	    0.079
5075.410	    0.047
5076.249	    0.040
5077.087	    0.056
5077.926	    0.073
5078.765	    0.079
5079.605	    0.102
5080.444	    0.069
5081.283	    0.050
5082.123	    0.089
5082.963	    0.085
5083.803	    0.053
5084.643	    0.031
5085.483	    0.047
5086.323	    0.025
5087.164	    0.047
5088.004	    0.064
5088.845	    0.047
5089.686	    0.066
5090.527	    0.102
5091.368	    0.123
5092.210	    0.108
5093.051	    0.092
5093.893	    0.109
5094.734	    0.130
5095.576	    0.119
5096.418	    0.050
5097.260	    0.087
5098.103	    0.097
5098.945	    0.092
5099.788	    0.077
5100.630	    0.059
5101.473	    0.056
5102.316	    0.064
5103.159	    0.031
5104.003	    0.071
5104.846	    0.089
5105.689	    0.090
5106.533	    0.106
5107.377	    0.106
5108.221	    0.064
5109.065	    0.043
5109.909	    0.035
5110.754	    0.059
5111.598	    0.097
5112.443	    0.102
5113.288	    0.085
5114.132	    0.053
5114.978	    0.050
5115.823	    0.066
5116.668	    0.025
5117.514	    0.047
5118.359	    0.099
5119.205	    0.151
5120.051	    0.147
5120.897	    0.133
5121.743	    0.108
5122.589	    0.061
5123.436	    0.040
5124.283	    0.079
5125.129	    0.102
5125.976	    0.083
5126.823	    0.040
5127.670	    0.075
5128.518	    0.075
5129.365	    0.081
5130.213	    0.115
5131.060	    0.097
5131.908	    0.018
5132.756	    0.081
5133.604	    0.095
5134.453	    0.111
5135.301	    0.129
5136.150	    0.127
5136.998	    0.090
5137.847	    0.043
5138.696	    0.059
5139.545	    0.059
5140.395	    0.031
5141.244	    0.043
5142.094	    0.031
5142.943	    0.073
5143.793	    0.075
5144.643	    0.025
5145.493	    0.071
5146.343	    0.064
5147.194	    0.025
5148.044	    0.035
5148.895	    0.043
5149.746	    0.050
5150.597	    0.047
5151.448	    0.083
5152.299	    0.115
5153.151	    0.097
5154.002	    0.069
5154.854	    0.079
5155.706	    0.050
5156.557	    0.025
5157.410	    0.018
5158.262	    0.056
5159.114	    0.083
5159.967	    0.040
5160.819	    0.073
5161.672	    0.097
5162.525	    0.111
5163.378	    0.099
5164.231	    0.097
5165.085	    0.050
5165.938	    0.035
5166.792	    0.059
5167.645	    0.075
5168.499	    0.066
5169.353	    0.071
5170.208	    0.050
5171.062	    0.071
5171.916	    0.064
5172.771	    0.035
5173.626	    0.069
5174.481	    0.077
5175.336	    0.075
5176.191	    0.040
5177.046	    0.085
5177.902	    0.092
5178.757	    0.103
5179.613	    0.071
5180.469	    0.053
5181.325	    0.075
5182.181	    0.059
5183.037	    0.056
5183.894	    0.099
5184.751	    0.115
5185.607	    0.111
5186.464	    0.112
5187.321	    0.087
5188.178	    0.090
5189.036	    0.108
5189.893	    0.059
5190.751	    0.059
5191.608	    0.056
5192.466	    0.064
5193.324	    0.053
5194.182	    0.031
5195.041	    0.040
5195.899	    0.018
5196.758	    0.025
5197.616	    0.035
5198.475	    0.050
5199.334	    0.066
5200.194	    0.077
5201.053	    0.081
5201.912	    0.083
5202.772	    0.087
5203.632	    0.094
5204.491	    0.099
5205.351	    0.097
5206.212	    0.094
5207.072	    0.090
5207.932	    0.092
5208.793	    0.102
5209.654	    0.119
5210.514	    0.137
5211.375	    0.154
5212.236	    0.168
5213.098	    0.177
5213.959	    0.182
5214.821	    0.184
5215.682	    0.183
5216.544	    0.179
5217.406	    0.173
5218.268	    0.162
5219.131	    0.145
5219.993	    0.113
5220.856	    0.056
5221.718	    0.043
5222.581	    0.040
5223.444	    0.069
5224.307	    0.066
5225.171	    0.018
5226.034	    0.040
5226.898	    0.066
5227.761	    0.069
5228.625	    0.047
5229.489	    0.089
5230.353	    0.095
5231.218	    0.125
5232.082	    0.131
5232.947	    0.128
5233.811	    0.124
5234.676	    0.130
5235.541	    0.135
5236.406	    0.112
5237.271	    0.053
5238.137	    0.090
5239.002	    0.129
5239.868	    0.100
5240.734	    0.047
5241.600	    0.050
5242.466	    0.092
5243.332	    0.119
5244.199	    0.130
5245.065	    0.120
5245.932	    0.106
5246.799	    0.040
5247.666	    0.061
5248.533	    0.025
5249.400	    0.066
5250.268	    0.059
5251.135	    0.073
5252.003	    0.081
5252.871	    0.031
5253.739	    0.111
5254.607	    0.150
5255.475	    0.174
5256.344	    0.170
5257.212	    0.162
5258.081	    0.129
5258.950	    0.108
5259.819	    0.090
5260.688	    0.053
5261.557	    0.043
5262.427	    0.089
5263.296	    0.094
5264.166	    0.018
5265.036	    0.106
5265.906	    0.124
5266.776	    0.118
5267.646	    0.125
5268.517	    0.128
5269.387	    0.127
5270.258	    0.105
5271.129	    0.089
5272.000	    0.120
5272.871	    0.108
5273.742	    0.123
5274.614	    0.168
5275.485	    0.123
5276.357	    0.135
5277.229	    0.145
5278.101	    0.127
5278.973	    0.140
5279.845	    0.031
5280.718	    0.081
5281.591	    0.053
5282.463	    0.053
5283.336	    0.035
5284.209	    0.118
5285.082	    0.135
5285.956	    0.111
5286.829	    0.083
5287.703	    0.064
5288.577	    0.069
5289.450	    0.031
5290.324	    0.040
5291.199	    0.064
5292.073	    0.120
5292.947	    0.129
5293.822	    0.128
5294.697	    0.119
5295.572	    0.121
5296.447	    0.134
5297.322	    0.115
5298.197	    0.105
5299.073	    0.102
5299.948	    0.083
5300.824	    0.059
5301.700	    0.061
5302.576	    0.103
5303.452	    0.075
5304.329	    0.018
5305.205	    0.097
5306.082	    0.103
5306.959	    0.103
5307.836	    0.094
5308.713	    0.081
5309.590	    0.099
5310.467	    0.099
5311.345	    0.075
5312.222	    0.118
5313.100	    0.129
5313.978	    0.100
5314.856	    0.081
5315.734	    0.106
5316.613	    0.138
5317.491	    0.119
5318.370	    0.053
5319.249	    0.077
5320.128	    0.112
5321.007	    0.083
5321.886	    0.069
5322.766	    0.111
5323.645	    0.115
5324.525	    0.133
5325.405	    0.075
5326.285	    0.047
5327.165	    0.103
5328.045	    0.106
5328.925	    0.092
5329.806	    0.160
5330.687	    0.152
5331.568	    0.103
5332.449	    0.085
5333.330	    0.134
5334.211	    0.170
5335.092	    0.157
5335.974	    0.134
5336.856	    0.111
5337.738	    0.085
5338.620	    0.031
5339.502	    0.053
5340.384	    0.075
5341.267	    0.097
5342.149	    0.118
5343.032	    0.115
5343.915	    0.112
5344.798	    0.095
5345.681	    0.128
5346.564	    0.094
5347.448	    0.147
5348.331	    0.047
5349.215	    0.103
5350.099	    0.056
5350.983	    0.092
5351.867	    0.124
5352.752	    0.119
5353.636	    0.100
5354.521	    0.069
5355.406	    0.100
5356.291	    0.071
5357.176	    0.135
5358.061	    0.138
5358.946	    0.115
5359.832	    0.111
5360.718	    0.131
5361.603	    0.141
5362.489	    0.121
5363.375	    0.120
5364.262	    0.123
5365.148	    0.125
5366.035	    0.130
5366.921	    0.040
5367.808	    0.109
5368.695	    0.105
5369.582	    0.135
5370.470	    0.047
5371.357	    0.095
5372.245	    0.047
5373.132	    0.127
5374.020	    0.102
5374.908	    0.125
5375.796	    0.090
5376.685	    0.097
5377.573	    0.047
5378.462	    0.157
5379.350	    0.256
5380.239	    0.274
5381.128	    0.194
5382.018	    0.040
5382.907	    0.105
5383.796	    0.105
5384.686	    0.102
5385.576	    0.109
5386.466	    0.109
5387.356	    0.121
5388.246	    0.142
5389.136	    0.133
5390.027	    0.116
5390.918	    0.111
5391.808	    0.118
5392.699	    0.092
5393.590	    0.155
5394.482	    0.138
5395.373	    0.112
5396.265	    0.109
5397.156	    0.118
5398.048	    0.125
5398.940	    0.148
5399.832	    0.151
5400.724	    0.141
5401.617	    0.151
5402.509	    0.158
5403.402	    0.138
5404.295	    0.151
5405.188	    0.120
5406.081	    0.140
5406.975	    0.116
5407.868	    0.109
5408.762	    0.113
5409.655	    0.156
5410.549	    0.142
5411.443	    0.125
5412.338	    0.143
5413.232	    0.142
5414.126	    0.138
5415.021	    0.140
5415.916	    0.149
5416.811	    0.149
5417.706	    0.128
5418.601	    0.135
5419.496	    0.152
5420.392	    0.134
5421.288	    0.106
5422.183	    0.120
5423.079	    0.162
5423.976	    0.149
5424.872	    0.133
5425.768	    0.146
5426.665	    0.133
5427.561	    0.073
5428.458	    0.102
5429.355	    0.134
5430.253	    0.050
5431.150	    0.095
5432.047	    0.133
5432.945	    0.150
5433.843	    0.156
5434.741	    0.159
5435.639	    0.134
5436.537	    0.108
5437.435	    0.146
5438.334	    0.108
5439.232	    0.130
5440.131	    0.133
5441.030	    0.123
5441.929	    0.115
5442.828	    0.151
5443.728	    0.135
5444.627	    0.141
5445.527	    0.148
5446.427	    0.144
5447.327	    0.137
5448.227	    0.108
5449.127	    0.103
5450.028	    0.130
5450.928	    0.135
5451.829	    0.128
5452.730	    0.135
5453.631	    0.115
5454.532	    0.087
5455.433	    0.118
5456.335	    0.135
5457.236	    0.140
5458.138	    0.148
5459.040	    0.144
5459.942	    0.138
5460.844	    0.099
5461.747	    0.061
5462.649	    0.085
5463.552	    0.031
5464.455	    0.087
5465.358	    0.119
5466.261	    0.138
5467.164	    0.127
5468.067	    0.094
5468.971	    0.134
5469.875	    0.141
5470.778	    0.116
5471.682	    0.125
5472.587	    0.123
5473.491	    0.113
5474.395	    0.133
5475.300	    0.131
5476.205	    0.120
5477.110	    0.121
5478.015	    0.134
5478.920	    0.133
5479.825	    0.127
5480.731	    0.123
5481.636	    0.106
5482.542	    0.127
5483.448	    0.153
5484.354	    0.160
5485.260	    0.153
5486.167	    0.124
5487.073	    0.077
5487.980	    0.090
5488.887	    0.116
5489.794	    0.135
5490.701	    0.106
5491.608	    0.102
5492.516	    0.090
5493.423	    0.133
5494.331	    0.145
5495.239	    0.138
5496.147	    0.141
5497.055	    0.152
5497.964	    0.149
5498.872	    0.129
5499.781	    0.123
5500.689	    0.129
5501.598	    0.150
5502.507	    0.156
5503.417	    0.141
5504.326	    0.131
5505.236	    0.124
5506.145	    0.128
5507.055	    0.153
5507.965	    0.167
5508.875	    0.171
5509.786	    0.175
5510.696	    0.178
5511.607	    0.159
5512.517	    0.127
5513.428	    0.115
5514.339	    0.112
5515.251	    0.109
5516.162	    0.131
5517.073	    0.152
5517.985	    0.151
5518.897	    0.147
5519.809	    0.142
5520.721	    0.128
5521.633	    0.128
5522.546	    0.131
5523.458	    0.144
5524.371	    0.157
5525.284	    0.150
5526.197	    0.144
5527.110	    0.145
5528.023	    0.135
5528.937	    0.137
5529.850	    0.154
5530.764	    0.172
5531.678	    0.174
5532.592	    0.156
5533.506	    0.148
5534.421	    0.142
5535.335	    0.127
5536.250	    0.129
5537.165	    0.143
5538.080	    0.160
5538.995	    0.167
5539.910	    0.141
5540.825	    0.146
5541.741	    0.164
5542.657	    0.166
5543.573	    0.164
5544.489	    0.165
5545.405	    0.176
5546.321	    0.186
5547.238	    0.191
5548.154	    0.200
5549.071	    0.193
5549.988	    0.181
5550.905	    0.176
5551.822	    0.170
5552.740	    0.168
5553.657	    0.159
5554.575	    0.171
5555.493	    0.174
5556.411	    0.158
5557.329	    0.145
5558.247	    0.157
5559.166	    0.154
5560.084	    0.138
5561.003	    0.165
5561.922	    0.180
5562.841	    0.153
5563.760	    0.147
5564.680	    0.167
5565.599	    0.173
5566.519	    0.161
5567.439	    0.168
5568.359	    0.175
5569.279	    0.170
5570.199	    0.179
5571.119	    0.174
5572.040	    0.160
5572.961	    0.162
5573.882	    0.165
5583.099	    0.188
5584.021	    0.186
5584.944	    0.179
5585.867	    0.174
5586.790	    0.167
5587.713	    0.173
5588.637	    0.177
5589.560	    0.182
5590.484	    0.188
5591.407	    0.182
5592.331	    0.192
5593.255	    0.196
5594.180	    0.189
5595.104	    0.195
5596.029	    0.201
5596.953	    0.200
5597.878	    0.205
5598.803	    0.208
5599.728	    0.204
5600.654	    0.192
5601.579	    0.176
5602.505	    0.175
5603.431	    0.182
5604.356	    0.180
5605.283	    0.189
5606.209	    0.207
5607.135	    0.210
5608.062	    0.212
5608.988	    0.216
5609.915	    0.211
5610.842	    0.196
5611.769	    0.188
5612.697	    0.196
5613.624	    0.200
5614.552	    0.201
5615.479	    0.209
5616.407	    0.213
5617.335	    0.210
5618.264	    0.200
5619.192	    0.194
5620.121	    0.193
5621.049	    0.198
5621.978	    0.203
5622.907	    0.194
5623.836	    0.192
5624.765	    0.198
5625.695	    0.195
5626.625	    0.192
5627.554	    0.179
5628.484	    0.184
5629.414	    0.196
5630.344	    0.202
5631.275	    0.206
5632.205	    0.210
5633.136	    0.213
5634.067	    0.213
5634.998	    0.200
5635.929	    0.197
5636.860	    0.210
5637.792	    0.209
5638.723	    0.198
5639.655	    0.200
5640.587	    0.203
5641.519	    0.202
5642.451	    0.200
5643.384	    0.213
5644.316	    0.223
5645.249	    0.223
5646.182	    0.215
5647.115	    0.197
5648.048	    0.199
5648.981	    0.192
5649.915	    0.196
5650.848	    0.197
5651.782	    0.216
5652.716	    0.222
5653.650	    0.221
5654.584	    0.219
5655.518	    0.221
5656.453	    0.224
5657.388	    0.210
5658.322	    0.229
5659.257	    0.224
5660.193	    0.242
5661.128	    0.228
5662.063	    0.209
5662.999	    0.204
5663.935	    0.212
5664.871	    0.219
5665.807	    0.222
5666.743	    0.218
5667.679	    0.224
5668.616	    0.219
5669.553	    0.213
5670.489	    0.222
5671.426	    0.213
5672.364	    0.225
5673.301	    0.230
5674.238	    0.224
5675.176	    0.212
5676.114	    0.220
5677.052	    0.218
5677.990	    0.213
5678.928	    0.217
5679.866	    0.218
5680.805	    0.217
5681.744	    0.215
5682.683	    0.214
5683.622	    0.223
5684.561	    0.221
5685.500	    0.209
5686.440	    0.208
5687.379	    0.221
5688.319	    0.220
5689.259	    0.223
5690.199	    0.227
5691.139	    0.218
5692.080	    0.225
5693.020	    0.225
5693.961	    0.203
5694.902	    0.204
5695.843	    0.219
5696.784	    0.233
5697.725	    0.233
5698.667	    0.245
5699.609	    0.238
5700.550	    0.208
5701.492	    0.218
5702.435	    0.229
5703.377	    0.233
5704.319	    0.232
5705.262	    0.234
5706.205	    0.235
5707.147	    0.240
5708.091	    0.244
5709.034	    0.242
5709.977	    0.233
5710.921	    0.239
5711.864	    0.218
5712.808	    0.230
5713.752	    0.234
5714.696	    0.229
5715.641	    0.234
5716.585	    0.228
5717.530	    0.213
5718.475	    0.208
5719.419	    0.212
5720.365	    0.226
5721.310	    0.232
5722.255	    0.219
5723.201	    0.218
5724.146	    0.230
5725.092	    0.240
5726.038	    0.244
5726.985	    0.244
5727.931	    0.239
5728.877	    0.237
5729.824	    0.228
5730.771	    0.238
5731.718	    0.236
5732.665	    0.245
5733.612	    0.251
5734.560	    0.230
5735.507	    0.242
5736.455	    0.232
5737.403	    0.241
5738.351	    0.237
5739.299	    0.234
5740.247	    0.230
5741.196	    0.234
5742.145	    0.236
5743.094	    0.245
5744.043	    0.238
5744.992	    0.227
5745.941	    0.223
5746.890	    0.230
5747.840	    0.228
5748.790	    0.232
5749.740	    0.228
5750.690	    0.222
5751.640	    0.225
5752.591	    0.232
5753.541	    0.226
5754.492	    0.214
5755.443	    0.209
5756.394	    0.207
5757.345	    0.218
5758.296	    0.216
5759.248	    0.202
5760.200	    0.206
5761.151	    0.220
5762.103	    0.229
5763.055	    0.232
5764.008	    0.212
5764.960	    0.226
5765.913	    0.205
5766.866	    0.228
5767.819	    0.231
5768.772	    0.220
5769.725	    0.199
5770.678	    0.200
5771.632	    0.200
5772.586	    0.206
5773.539	    0.227
5774.493	    0.228
5775.448	    0.218
5776.402	    0.211
5777.357	    0.220
5778.311	    0.228
5779.266	    0.213
5780.221	    0.225
5781.176	    0.221
5782.131	    0.227
5783.087	    0.218
5784.042	    0.210
5784.998	    0.221
5785.954	    0.211
5786.910	    0.199
5787.866	    0.190
5788.823	    0.216
5789.779	    0.207
5790.736	    0.190
5791.693	    0.182
5792.650	    0.211
5793.607	    0.213
5794.565	    0.185
5795.522	    0.218
5796.480	    0.232
5797.438	    0.221
5798.396	    0.194
5799.354	    0.188
5800.312	    0.175
5801.270	    0.167
5802.229	    0.174
5803.188	    0.196
5804.147	    0.213
5805.106	    0.218
5806.065	    0.203
5807.024	    0.192
5807.984	    0.208
5808.944	    0.200
5809.904	    0.204
5810.864	    0.205
5811.824	    0.182
5812.784	    0.163
5813.745	    0.171
5814.705	    0.128
5815.666	    0.142
5816.627	    0.159
5817.588	    0.158
5818.550	    0.176
5819.511	    0.169
5820.473	    0.181
5821.435	    0.175
5822.397	    0.180
5823.359	    0.188
5824.321	    0.179
5825.283	    0.150
5826.246	    0.158
5827.209	    0.184
5828.172	    0.176
5829.135	    0.164
5830.098	    0.182
5831.061	    0.174
5832.025	    0.174
5832.988	    0.197
5833.952	    0.172
5834.916	    0.186
5835.880	    0.200
5836.845	    0.172
5837.809	    0.172
5838.774	    0.185
5839.739	    0.208
5840.704	    0.187
5841.669	    0.177
5842.634	    0.175
5843.600	    0.190
5844.565	    0.179
5845.531	    0.159
5846.497	    0.148
5847.463	    0.138
5848.429	    0.133
5849.396	    0.131
5850.362	    0.151
5851.329	    0.123
5852.296	    0.124
5853.263	    0.137
5854.230	    0.120
5855.197	    0.144
5856.165	    0.142
5857.133	    0.147
5858.100	    0.164
5859.068	    0.165
5860.037	    0.135
5861.005	    0.112
5861.973	    0.128
5862.942	    0.133
5863.911	    0.125
5864.880	    0.061
5865.849	    0.043
5866.818	    0.040
5867.788	    0.103
5868.757	    0.094
5869.727	    0.069
5870.697	    0.119
5871.667	    0.064
5872.637	    0.087
5873.608	    0.094
5874.578	    0.102
5875.549	    0.120
5876.520	    0.113
5877.491	    0.099
5878.462	    0.123
5879.434	    0.116
5880.405	    0.102
5881.377	    0.094
5882.349	    0.118
5883.321	    0.143
5901.819	    0.099
5902.795	    0.097
5903.770	    0.092
5904.746	    0.047
5905.721	    0.053
5906.697	    0.040
5907.673	    0.073
5908.649	    0.066
5909.626	    0.081
5910.602	    0.097
5911.579	    0.097
5912.556	    0.059
5913.533	    0.059
5914.510	    0.071
5915.487	    0.102
5916.465	    0.083
5917.442	    0.066
5918.420	    0.043
5919.398	    0.031
5920.376	    0.025
5921.355	    0.025
5922.333	    0.061
5923.312	    0.025
5924.290	    0.061
5925.269	    0.073
5926.248	    0.025
5927.228	    0.047
5928.207	    0.056
5929.187	    0.035
5930.166	    0.043
5931.146	    0.069
5932.126	    0.069
5933.107	    0.077
5934.087	    0.124
5935.068	    0.138
5936.048	    0.145
5937.029	    0.157
5938.010	    0.138
5938.992	    0.152
5939.973	    0.145
5940.954	    0.095
5941.936	    0.071
5942.918	    0.035
5943.900	    0.056
5944.882	    0.018
5945.865	    0.109
5946.847	    0.174
5947.830	    0.199
5948.813	    0.237
5949.796	    0.293
5950.779	    0.327
5951.762	    0.347
5952.745	    0.334
5953.729	    0.338
5954.713	    0.350
5955.697	    0.352
5956.681	    0.353
5957.665	    0.354
5958.650	    0.344
5959.634	    0.334
5960.619	    0.316
5961.604	    0.288
5962.589	    0.251
5963.574	    0.177
5964.560	    0.174
5965.546	    0.158
5966.531	    0.103
5967.517	    0.115
5968.503	    0.207
5969.490	    0.290
5970.476	    0.092
5971.463	    0.112
5972.449	    0.085
5973.436	    0.106
5974.423	    0.152
5975.410	    0.153
5976.398	    0.081
5977.385	    0.105
5978.373	    0.071
5979.361	    0.085
5980.349	    0.073
5981.337	    0.073
5982.326	    0.136
5983.314	    0.128
5984.303	    0.111
5985.292	    0.081
5986.281	    0.108
5987.270	    0.130
5988.259	    0.119
5989.249	    0.112
5990.238	    0.123
5991.228	    0.151
5992.218	    0.174
5993.208	    0.161
5994.199	    0.111
5995.189	    0.064
5996.180	    0.108
5997.171	    0.128
5998.162	    0.142
5999.153	    0.116
6000.144	    0.128
6001.136	    0.121
6002.127	    0.121
6003.119	    0.094
6004.111	    0.056
6005.103	    0.031
6006.095	    0.066
6007.088	    0.111
6008.081	    0.134
6009.073	    0.134
6010.066	    0.142
6011.059	    0.161
6012.053	    0.147
6013.046	    0.135
6014.040	    0.120
6015.033	    0.145
6016.027	    0.136
6017.022	    0.141
6018.016	    0.143
6019.010	    0.141
6020.005	    0.125
6021.000	    0.099
6021.994	    0.099
6022.990	    0.133
6023.985	    0.153
6024.980	    0.144
6025.976	    0.143
6026.972	    0.155
6027.967	    0.145
6028.964	    0.118
6029.960	    0.123
6030.956	    0.092
6031.953	    0.129
6032.949	    0.131
6033.946	    0.125
6034.943	    0.108
6035.941	    0.040
6036.938	    0.050
6037.936	    0.103
6038.933	    0.108
6039.931	    0.103
6040.929	    0.102
6041.927	    0.097
6042.926	    0.106
6043.924	    0.125
6044.923	    0.127
6045.922	    0.102
6046.921	    0.095
6047.920	    0.105
6048.920	    0.113
6049.919	    0.106
6050.919	    0.089
6051.919	    0.109
6052.919	    0.099
6053.919	    0.031
6054.919	    0.085
6055.920	    0.120
6056.920	    0.112
6057.921	    0.108
6058.922	    0.115
6059.924	    0.119
6060.925	    0.090
6061.926	    0.059
6062.928	    0.094
6063.930	    0.071
6064.932	    0.025
6065.934	    0.035
6066.937	    0.103
6067.939	    0.115
6068.942	    0.043
6069.945	    0.050
6070.948	    0.018
6071.951	    0.053
6072.954	    0.056
6073.958	    0.025
6074.961	    0.064
6075.965	    0.053
6076.969	    0.043
6077.973	    0.061
6078.978	    0.073
6079.982	    0.035
6080.987	    0.018
6081.992	    0.056
6082.997	    0.031
6084.002	    0.035
6085.007	    0.092
6086.013	    0.103
6087.018	    0.097
6088.024	    0.059
6089.030	    0.047
6090.036	    0.113
6091.043	    0.100
6092.049	    0.099
6093.056	    0.128
6094.063	    0.116
6095.070	    0.081
6096.077	    0.111
6097.084	    0.102
6098.092	    0.149
6099.099	    0.119
6100.107	    0.121
6101.115	    0.142
6102.123	    0.136
6103.132	    0.121
6104.140	    0.140
6105.149	    0.111
6106.157	    0.099
6107.166	    0.162
6108.176	    0.188
6109.185	    0.153
6110.194	    0.158
6111.204	    0.123
6112.214	    0.119
6113.224	    0.138
6114.234	    0.153
6115.244	    0.162
6116.255	    0.164
6117.266	    0.170
6118.276	    0.166
6119.287	    0.168
6120.299	    0.175
6121.310	    0.190
6122.321	    0.196
6123.333	    0.167
6124.345	    0.158
6125.357	    0.158
6126.369	    0.143
6127.381	    0.166
6128.394	    0.192
6129.407	    0.210
6130.419	    0.213
6131.432	    0.203
6132.446	    0.208
6133.459	    0.213
6134.472	    0.193
6135.486	    0.188
6136.500	    0.210
6137.514	    0.218
6138.528	    0.212
6139.542	    0.210
6140.557	    0.218
6141.572	    0.223
6142.586	    0.221
6143.601	    0.221
6144.617	    0.218
6145.632	    0.226
6146.648	    0.217
6147.663	    0.225
6148.679	    0.221
6149.695	    0.209
6150.711	    0.210
6151.728	    0.208
6152.744	    0.195
6153.761	    0.194
6154.778	    0.200
6155.795	    0.236
6156.812	    0.244
6157.829	    0.240
6158.847	    0.236
6159.865	    0.232
6160.882	    0.229
6161.900	    0.228
6162.919	    0.227
6163.937	    0.227
6164.956	    0.230
6165.974	    0.239
6166.993	    0.251
6168.012	    0.259
6169.031	    0.256
6170.051	    0.246
6171.070	    0.235
6172.090	    0.229
6173.110	    0.227
6174.130	    0.226
6175.150	    0.224
6176.171	    0.223
6177.191	    0.221
6178.212	    0.219
6179.233	    0.216
6180.254	    0.216
6181.275	    0.227
6182.296	    0.243
6183.318	    0.246
6184.340	    0.241
6185.362	    0.234
6186.384	    0.228
6187.406	    0.219
6188.428	    0.232
6189.451	    0.243
6190.474	    0.241
6191.497	    0.234
6192.520	    0.234
6193.543	    0.228
6194.567	    0.227
6195.590	    0.238
6196.614	    0.230
6197.638	    0.228
6198.662	    0.238
6199.686	    0.257
6200.711	    0.254
6201.735	    0.260
6202.760	    0.276
6203.785	    0.255
6204.810	    0.258
6205.835	    0.232
6206.861	    0.238
6207.887	    0.249
6208.912	    0.243
6209.938	    0.240
6210.964	    0.240
6211.991	    0.221
6213.017	    0.242
6214.044	    0.251
6215.071	    0.254
6216.098	    0.261
6217.125	    0.249
6218.152	    0.229
6219.180	    0.232
6220.207	    0.234
6221.235	    0.265
6222.263	    0.253
6223.291	    0.231
6224.320	    0.216
6225.348	    0.219
6226.377	    0.236
6227.406	    0.236
6228.435	    0.212
6229.464	    0.193
6230.493	    0.199
6231.523	    0.200
6232.553	    0.213
6233.583	    0.240
6234.613	    0.277
6235.643	    0.312
6236.673	    0.327
6237.704	    0.304
6238.734	    0.294
6239.765	    0.283
6240.796	    0.263
6241.828	    0.252
6242.859	    0.259
6243.891	    0.262
6244.922	    0.247
6245.954	    0.238
6246.986	    0.234
6248.019	    0.239
6249.051	    0.233
6250.084	    0.219
6251.117	    0.220
6252.149	    0.236
6253.183	    0.239
6254.216	    0.232
6255.249	    0.241
6256.283	    0.274
6257.317	    0.306
6258.351	    0.310
6259.385	    0.299
6260.419	    0.283
6261.454	    0.266
6262.488	    0.242
6263.523	    0.234
6264.558	    0.246
6265.593	    0.257
6266.629	    0.255
6267.664	    0.244
6268.700	    0.228
6269.736	    0.215
6270.772	    0.213
6271.808	    0.223
6272.844	    0.216
6273.881	    0.219
6274.918	    0.223
6275.954	    0.218
6276.991	    0.213
6278.029	    0.188
6279.066	    0.169
6280.104	    0.171
6281.141	    0.175
6282.179	    0.177
6283.217	    0.169
6284.256	    0.162
6285.294	    0.188
6286.333	    0.225
6287.371	    0.254
6288.410	    0.262
6289.449	    0.267
6290.489	    0.264
6291.528	    0.252
6292.568	    0.226
6293.608	    0.219
6294.648	    0.214
6295.688	    0.216
6306.099	    0.249
6307.141	    0.278
6308.183	    0.273
6309.225	    0.282
6310.268	    0.272
6311.310	    0.232
6312.353	    0.207
6313.396	    0.227
6314.440	    0.226
6315.483	    0.201
6316.527	    0.197
6317.570	    0.223
6318.614	    0.234
6319.658	    0.249
6320.703	    0.254
6321.747	    0.245
6322.792	    0.249
6323.837	    0.263
6324.882	    0.267
6325.927	    0.242
6326.972	    0.235
6328.017	    0.237
6329.063	    0.255
6330.109	    0.273
6331.155	    0.276
6332.201	    0.277
6333.247	    0.264
6334.294	    0.241
6335.341	    0.220
6336.388	    0.203
6337.435	    0.194
6338.482	    0.203
6339.529	    0.217
6340.577	    0.232
6341.624	    0.240
6342.672	    0.221
6343.720	    0.204
6344.769	    0.212
6345.817	    0.217
6346.866	    0.216
6347.914	    0.211
6348.963	    0.215
6350.012	    0.218
6351.062	    0.184
6352.111	    0.160
6353.161	    0.133
6354.211	    0.152
6355.261	    0.201
6356.311	    0.232
6357.361	    0.247
6358.412	    0.259
6359.462	    0.261
6360.513	    0.249
6361.564	    0.291
6362.615	    0.433
6363.667	    0.523
6364.718	    0.539
6365.770	    0.550
6366.822	    0.541
6367.874	    0.470
6368.926	    0.367
6369.979	    0.320
6371.031	    0.290
6372.084	    0.266
6373.137	    0.240
6374.190	    0.192
6375.243	    0.188
6376.297	    0.200
6377.350	    0.206
6378.404	    0.213
6379.458	    0.249
6380.512	    0.216
6381.567	    0.206
6382.621	    0.199
6383.676	    0.216
6384.731	    0.216
6385.786	    0.236
6386.841	    0.236
6387.896	    0.230
6388.952	    0.244
6390.008	    0.230
6391.063	    0.221
6392.120	    0.216
6393.176	    0.221
6394.232	    0.226
6395.289	    0.254
6396.346	    0.250
6397.403	    0.240
6398.460	    0.227
6399.517	    0.226
6400.574	    0.226
6401.632	    0.233
6402.690	    0.229
6403.748	    0.215
6404.806	    0.225
6405.864	    0.230
6406.923	    0.218
6407.982	    0.203
6409.040	    0.188
6410.099	    0.191
6411.159	    0.202
6412.218	    0.215
6413.278	    0.209
6414.337	    0.200
6415.397	    0.206
6416.457	    0.210
6417.518	    0.209
6418.578	    0.190
6419.639	    0.190
6420.700	    0.207
6421.760	    0.223
6422.822	    0.223
6423.883	    0.223
6424.944	    0.236
6426.006	    0.218
6427.068	    0.204
6428.130	    0.208
6429.192	    0.213
6430.255	    0.230
6431.317	    0.236
6432.380	    0.240
6433.443	    0.245
6434.506	    0.229
6435.569	    0.216
6436.632	    0.210
6437.696	    0.221
6438.760	    0.228
6439.824	    0.217
6440.888	    0.202
6441.952	    0.193
6443.017	    0.209
6444.081	    0.207
6445.146	    0.212
6446.211	    0.224
6447.276	    0.217
6448.342	    0.218
6449.407	    0.226
6450.473	    0.236
6451.539	    0.245
6452.605	    0.231
6453.671	    0.217
6454.738	    0.210
6455.804	    0.224
6456.871	    0.239
6457.938	    0.236
6459.005	    0.228
6460.072	    0.208
6461.140	    0.200
6462.207	    0.223
6463.275	    0.244
6464.343	    0.238
6465.411	    0.259
6466.480	    0.283
6467.548	    0.278
6468.617	    0.288
6469.686	    0.274
6470.755	    0.269
6471.824	    0.265
6472.894	    0.249
6473.963	    0.222
6475.033	    0.219
6476.103	    0.208
6477.173	    0.204
6478.243	    0.216
6479.314	    0.204
6480.385	    0.198
6481.455	    0.205
6482.526	    0.193
6483.598	    0.182
6484.669	    0.179
6485.740	    0.166
6486.812	    0.172
6487.884	    0.200
6488.956	    0.212
6490.028	    0.202
6491.101	    0.192
6492.173	    0.196
6493.246	    0.186
6494.319	    0.175
6495.392	    0.192
6496.466	    0.216
6497.539	    0.244
6498.613	    0.277
6499.687	    0.282
6500.761	    0.274
6501.835	    0.260
6502.909	    0.226
6503.984	    0.213
6505.058	    0.232
6506.133	    0.244
6507.208	    0.238
6508.284	    0.238
6509.359	    0.216
6510.435	    0.192
6511.511	    0.190
6512.587	    0.192
6513.663	    0.182
6514.739	    0.196
6515.816	    0.196
6516.892	    0.191
6517.969	    0.187
6519.046	    0.180
6520.123	    0.172
6521.201	    0.174
6522.278	    0.192
6523.356	    0.197
6524.434	    0.188
6525.512	    0.165
6526.590	    0.159
6527.669	    0.165
6528.748	    0.174
6529.826	    0.177
6530.905	    0.182
6531.985	    0.230
6533.064	    0.240
6534.143	    0.246
6535.223	    0.255
6536.303	    0.225
6537.383	    0.185
6538.463	    0.182
6539.544	    0.200
6540.624	    0.182
6541.705	    0.174
6542.786	    0.197
6543.867	    0.208
6544.949	    0.205
6546.030	    0.174
6547.112	    0.186
6548.194	    0.192
6549.276	    0.197
6550.358	    0.194
6551.440	    0.197
6552.523	    0.232
6553.606	    0.263
6554.689	    0.266
6555.772	    0.260
6556.855	    0.254
6557.938	    0.221
6559.022	    0.188
6560.106	    0.160
6561.190	    0.190
6562.274	    0.240
6563.358	    0.246
6564.443	    0.246
6565.528	    0.243
6566.613	    0.222
6567.698	    0.206
6568.783	    0.193
6569.868	    0.194
6570.954	    0.190
6572.040	    0.164
6573.126	    0.161
6574.212	    0.169
6575.298	    0.182
6576.385	    0.221
6577.471	    0.225
6578.558	    0.221
6579.645	    0.225
6580.733	    0.212
6581.820	    0.187
6582.908	    0.186
6583.995	    0.192
6585.083	    0.207
6586.171	    0.200
6587.260	    0.176
6588.348	    0.165
6589.437	    0.155
6590.526	    0.146
6591.615	    0.142
6592.704	    0.133
6593.793	    0.136
6594.883	    0.136
6595.973	    0.164
6597.063	    0.192
6598.153	    0.181
6599.243	    0.158
6600.334	    0.163
6601.424	    0.157
6602.515	    0.179
6603.606	    0.198
6604.697	    0.220
6605.789	    0.215
6606.880	    0.182
6607.972	    0.161
6609.064	    0.180
6610.156	    0.178
6611.248	    0.177
6612.341	    0.192
6613.433	    0.216
6614.526	    0.266
6615.619	    0.351
6616.712	    0.476
6617.806	    0.614
6618.899	    0.678
6619.993	    0.651
6621.087	    0.548
6622.181	    0.410
6623.275	    0.285
6624.370	    0.233
6625.464	    0.220
6626.559	    0.247
6627.654	    0.293
6628.749	    0.391
6629.844	    0.617
6630.940	    0.950
6632.036	    1.347
6633.132	    1.664
6634.228	    1.759
6635.324	    1.566
6636.420	    1.201
6637.517	    0.788
6638.614	    0.457
6639.711	    0.260
6640.808	    0.170
6641.905	    0.195
6643.003	    0.212
6644.100	    0.207
6645.198	    0.200
6646.296	    0.212
6647.395	    0.221
6648.493	    0.237
6649.592	    0.314
6650.691	    0.437
6651.789	    0.648
6652.889	    0.905
6653.988	    1.098
6655.087	    1.158
6656.187	    1.060
6657.287	    0.805
6658.387	    0.508
6659.487	    0.304
6660.588	    0.198
6661.688	    0.152
6662.789	    0.189
6663.890	    0.192
6664.991	    0.166
6666.093	    0.134
6667.194	    0.135
6668.296	    0.145
6669.398	    0.123
6670.500	    0.142
6671.602	    0.138
6672.705	    0.123
6673.807	    0.118
6674.910	    0.121
6676.013	    0.099
6677.116	    0.095
6678.219	    0.089
6679.323	    0.112
6680.427	    0.128
6681.530	    0.109
6682.635	    0.064
6683.739	    0.064
6684.843	    0.100
6685.948	    0.103
6687.053	    0.092
6688.158	    0.105
6689.263	    0.133
6690.368	    0.109
6691.474	    0.050
6692.579	    0.089
6693.685	    0.109
6694.791	    0.108
6695.898	    0.123
6697.004	    0.121
6698.111	    0.079
6699.217	    0.079
6700.324	    0.120
6701.432	    0.124
6702.539	    0.097
6703.647	    0.071
6704.754	    0.025
6705.862	    0.031
6706.970	    0.069
6708.079	    0.047
6709.187	    0.053
6710.296	    0.025
6711.404	    0.043
6712.513	    0.087
6713.623	    0.040
6714.732	    0.047
6715.842	    0.056
6716.951	    0.025
6718.061	    0.069
6719.171	    0.047
6720.282	    0.031
6721.392	    0.077
6722.503	    0.069
6723.614	    0.081
6724.725	    0.053
6725.836	    0.043
6726.947	    0.105
6728.059	    0.095
6729.171	    0.047
6730.283	    0.035
6731.395	    0.031
6732.507	    0.040
6733.619	    0.071
6734.732	    0.089
6735.845	    0.092
6736.958	    0.085
6738.071	    0.083
6739.185	    0.040
6740.298	    0.025
6741.412	    0.047
6742.526	    0.083
6743.640	    0.085
6744.754	    0.035
6745.869	    0.071
6746.984	    0.031
6748.099	    0.094
6749.214	    0.064
6750.329	    0.077
6751.444	    0.089
6752.560	    0.089
6753.676	    0.075
6754.792	    0.087
6755.908	    0.121
6757.024	    0.130
6758.141	    0.094
6759.258	    0.069
6760.374	    0.081
6761.492	    0.083
6762.609	    0.050
6763.726	    0.061
6764.844	    0.087
6765.962	    0.103
6767.080	    0.123
6768.198	    0.136
6769.316	    0.145
6770.435	    0.134
6771.554	    0.128
6772.673	    0.133
6773.792	    0.109
6774.911	    0.081
6776.031	    0.087
6777.150	    0.121
6778.270	    0.134
6779.390	    0.131
6780.510	    0.075
6781.631	    0.119
6782.752	    0.120
6783.872	    0.064
6784.993	    0.153
6786.114	    0.271
6787.236	    0.429
6788.357	    0.544
6789.479	    0.581
6790.601	    0.516
6791.723	    0.349
6792.845	    0.177
6793.968	    0.040
6795.090	    0.103
6796.213	    0.109
6797.336	    0.061
6798.459	    0.040
6799.583	    0.125
6800.706	    0.234
6801.830	    0.392
6802.954	    0.485
6804.078	    0.504
6805.203	    0.448
6806.327	    0.312
6807.452	    0.134
6808.577	    0.095
6809.702	    0.141
6810.827	    0.133
6811.952	    0.164
6813.078	    0.162
6814.204	    0.140
6815.330	    0.145
6816.456	    0.165
6817.582	    0.146
6818.709	    0.156
6819.836	    0.170
6820.963	    0.156
6822.090	    0.149
6823.217	    0.149
6824.344	    0.159
6839.019	    0.124
6840.149	    0.142
6841.279	    0.154
6842.410	    0.127
6843.540	    0.105
6844.671	    0.128
6845.802	    0.160
6846.933	    0.188
6848.065	    0.196
6849.196	    0.179
6850.328	    0.156
6851.460	    0.146
6852.592	    0.148
6853.724	    0.163
6854.857	    0.170
6855.990	    0.163
6857.123	    0.169
6858.256	    0.167
6859.389	    0.157
6860.522	    0.167
6861.656	    0.127
6862.790	    0.162
6863.924	    0.232
6865.058	    0.246
6866.193	    0.187
6867.327	    0.170
6868.462	    0.304
6869.597	    0.362
6870.732	    0.387
6871.867	    0.384
6873.003	    0.368
6874.139	    0.356
6875.274	    0.338
6876.411	    0.316
6877.547	    0.305
6878.683	    0.294
6879.820	    0.260
6880.957	    0.230
6882.094	    0.216
6883.231	    0.192
6884.368	    0.200
6885.506	    0.251
6886.644	    0.270
6887.782	    0.257
6888.920	    0.259
6890.058	    0.243
6891.197	    0.263
6892.335	    0.278
6893.474	    0.273
6894.613	    0.269
6895.753	    0.290
6896.892	    0.269
6898.032	    0.257
6899.172	    0.263
6900.312	    0.258
6901.452	    0.238
6902.592	    0.239
6903.733	    0.247
6904.874	    0.257
6906.015	    0.254
6907.156	    0.254
6908.297	    0.252
6909.439	    0.244
6910.580	    0.224
6911.722	    0.200
6912.864	    0.188
6914.007	    0.169
6915.149	    0.170
6916.292	    0.216
6917.435	    0.242
6918.578	    0.238
6919.721	    0.223
6920.865	    0.186
6922.008	    0.113
6923.152	    0.025
6924.296	    0.050
6925.440	    0.053
6926.584	    0.129
6927.729	    0.212
6928.874	    0.219
6930.019	    0.209
6931.164	    0.230
6932.309	    0.206
6933.455	    0.188
6934.600	    0.204
6935.746	    0.225
6936.892	    0.198
6938.039	    0.169
6939.185	    0.131
6940.332	    0.108
6941.479	    0.047
6942.626	    0.064
6943.773	    0.124
6944.920	    0.179
6946.068	    0.201
6947.216	    0.089
6948.364	    0.128
6949.512	    0.113
6950.660	    0.087
6951.809	    0.083
6952.957	    0.140
6954.106	    0.193
6955.255	    0.198
6956.405	    0.188
6957.554	    0.178
6958.704	    0.191
6959.854	    0.192
6961.004	    0.198
6962.154	    0.195
6963.304	    0.190
6964.455	    0.198
6965.606	    0.191
6966.757	    0.192
6967.908	    0.184
6969.059	    0.157
6970.211	    0.143
6971.363	    0.154
6972.515	    0.155
6973.667	    0.171
6974.819	    0.200
6975.972	    0.196
6977.125	    0.137
6978.277	    0.085
6979.431	    0.081
6980.584	    0.061
6981.737	    0.105
6982.891	    0.174
6984.045	    0.201
6985.199	    0.207
6986.353	    0.216
6987.508	    0.228
6988.662	    0.223
6989.817	    0.222
6990.972	    0.217
6992.127	    0.212
6993.283	    0.207
6994.438	    0.232
6995.594	    0.218
6996.750	    0.218
6997.906	    0.226
6999.063	    0.221
7000.219	    0.235
7001.376	    0.249
7002.533	    0.234
7003.690	    0.226
7004.847	    0.218
7006.005	    0.196
7007.162	    0.194
7008.320	    0.210
7009.478	    0.214
7010.636	    0.202
7011.795	    0.188
7012.954	    0.198
7014.112	    0.216
7015.271	    0.240
7016.431	    0.260
7017.590	    0.253
7018.750	    0.238
7019.909	    0.227
7021.069	    0.240
7022.230	    0.253
7023.390	    0.249
7024.551	    0.244
7025.711	    0.240
7026.872	    0.248
7028.033	    0.249
7029.195	    0.261
7030.356	    0.257
7031.518	    0.241
7032.680	    0.248
7033.842	    0.251
7035.004	    0.238
7036.167	    0.242
7037.329	    0.241
7038.492	    0.251
7039.655	    0.254
7040.819	    0.240
7041.982	    0.224
7043.146	    0.234
7044.309	    0.241
7045.473	    0.247
7046.638	    0.234
7047.802	    0.218
7048.967	    0.220
7050.131	    0.213
7051.296	    0.212
7052.462	    0.222
7053.627	    0.234
7054.792	    0.251
7055.958	    0.249
7057.124	    0.256
7058.290	    0.257
7059.457	    0.266
7060.623	    0.263
7061.790	    0.246
7062.957	    0.241
7064.124	    0.243
7065.291	    0.249
7066.459	    0.250
7067.626	    0.252
7068.794	    0.253
7069.962	    0.251
7071.130	    0.247
7072.299	    0.245
7073.468	    0.229
7074.636	    0.234
7075.805	    0.250
7076.975	    0.245
7078.144	    0.251
7079.314	    0.252
7080.483	    0.247
7081.653	    0.243
7082.824	    0.237
7083.994	    0.256
7085.165	    0.262
7086.335	    0.267
7087.506	    0.249
7088.677	    0.252
7089.849	    0.256
7091.020	    0.243
7092.192	    0.246
7093.364	    0.252
7094.536	    0.262
7095.708	    0.271
7096.881	    0.256
7098.054	    0.246
7099.227	    0.252
7100.400	    0.254
7101.573	    0.257
7102.746	    0.257
7103.920	    0.251
7105.094	    0.254
7106.268	    0.265
7107.442	    0.266
7108.617	    0.268
7109.791	    0.260
7110.966	    0.245
7112.141	    0.249
7113.316	    0.248
7114.492	    0.257
7115.667	    0.263
7116.843	    0.263
7118.019	    0.261
