WV      	 Sigma   
4184.326	    0.051
4185.077	    0.045
4185.828	    0.032
4186.580	    0.023
4187.331	    0.015
4188.083	    0.031
4188.835	    0.019
4189.586	    0.045
4190.339	    0.029
4191.091	    0.030
4191.843	    0.022
4192.595	    0.023
4193.348	    0.040
4194.101	    0.050
4194.853	    0.048
4195.606	    0.018
4196.359	    0.063
4197.113	    0.068
4197.866	    0.063
4198.620	    0.034
4199.373	    0.040
4200.127	    0.010
4200.881	    0.040
4201.635	    0.054
4202.389	    0.058
4203.143	    0.060
4203.898	    0.063
4204.652	    0.069
4205.407	    0.061
4206.162	    0.060
4206.917	    0.059
4207.672	    0.057
4208.427	    0.077
4209.183	    0.054
4209.938	    0.024
4210.694	    0.048
4211.450	    0.030
4212.206	    0.013
4212.962	    0.040
4213.718	    0.048
4214.474	    0.032
4215.231	    0.044
4215.987	    0.067
4216.744	    0.065
4217.501	    0.024
4218.258	    0.016
4219.015	    0.023
4219.773	    0.036
4220.530	    0.040
4221.288	    0.044
4222.045	    0.046
4222.803	    0.045
4223.561	    0.037
4224.319	    0.038
4225.077	    0.045
4225.836	    0.057
4226.594	    0.050
4227.353	    0.034
4228.112	    0.027
4228.871	    0.045
4229.630	    0.067
4230.389	    0.073
4231.148	    0.078
4231.908	    0.081
4232.667	    0.042
4233.427	    0.030
4234.187	    0.050
4234.947	    0.084
4235.707	    0.032
4236.468	    0.015
4237.228	    0.021
4237.989	    0.031
4238.749	    0.098
4239.510	    0.061
4240.271	    0.051
4241.032	    0.076
4241.793	    0.036
4242.555	    0.045
4243.316	    0.042
4244.078	    0.032
4244.840	    0.043
4245.602	    0.041
4246.364	    0.053
4247.126	    0.066
4247.888	    0.055
4248.651	    0.047
4249.413	    0.048
4250.176	    0.053
4250.939	    0.059
4251.702	    0.071
4252.465	    0.080
4253.229	    0.084
4253.992	    0.080
4254.756	    0.046
4255.519	    0.016
4256.283	    0.013
4257.047	    0.044
4257.811	    0.068
4258.575	    0.063
4259.340	    0.063
4260.104	    0.082
4260.869	    0.065
4261.634	    0.061
4262.399	    0.051
4263.164	    0.007
4263.929	    0.021
4264.695	    0.029
4265.460	    0.030
4266.226	    0.022
4266.991	    0.042
4267.757	    0.013
4268.523	    0.018
4269.290	    0.015
4270.056	    0.042
4270.822	    0.051
4271.589	    0.074
4272.356	    0.081
4273.123	    0.040
4273.890	    0.073
4274.657	    0.072
4275.424	    0.064
4276.191	    0.052
4276.959	    0.021
4277.727	    0.010
4278.494	    0.026
4279.262	    0.057
4280.031	    0.070
4280.799	    0.051
4281.567	    0.038
4282.336	    0.045
4283.104	    0.068
4283.873	    0.071
4284.642	    0.072
4285.411	    0.071
4286.180	    0.065
4286.950	    0.076
4287.719	    0.074
4288.489	    0.066
4289.259	    0.066
4290.029	    0.062
4290.799	    0.044
4291.569	    0.036
4292.339	    0.068
4293.110	    0.059
4293.880	    0.062
4294.651	    0.061
4295.422	    0.053
4296.193	    0.036
4296.964	    0.030
4297.735	    0.049
4298.507	    0.059
4299.278	    0.078
4300.050	    0.056
4300.822	    0.040
4301.594	    0.041
4302.366	    0.081
4303.138	    0.074
4303.910	    0.071
4304.683	    0.063
4305.456	    0.026
4306.229	    0.056
4307.001	    0.081
4307.775	    0.083
4308.548	    0.062
4309.321	    0.088
4310.095	    0.071
4310.868	    0.071
4311.642	    0.078
4312.416	    0.065
4313.190	    0.044
4313.964	    0.055
4314.739	    0.041
4315.513	    0.047
4316.288	    0.027
4317.062	    0.042
4317.837	    0.049
4318.612	    0.047
4319.388	    0.064
4320.163	    0.067
4320.938	    0.065
4321.714	    0.058
4322.490	    0.042
4323.266	    0.070
4324.042	    0.078
4324.818	    0.076
4325.594	    0.057
4326.370	    0.035
4327.147	    0.053
4327.924	    0.067
4328.700	    0.076
4329.477	    0.079
4330.255	    0.079
4331.032	    0.071
4331.809	    0.058
4332.587	    0.049
4333.364	    0.070
4334.142	    0.064
4334.920	    0.057
4335.698	    0.061
4336.477	    0.079
4337.255	    0.061
4338.034	    0.058
4338.812	    0.070
4339.591	    0.049
4340.370	    0.028
4341.149	    0.030
4341.928	    0.028
4342.708	    0.068
4343.487	    0.035
4344.267	    0.038
4345.046	    0.057
4345.826	    0.079
4346.606	    0.065
4347.387	    0.063
4348.167	    0.055
4348.947	    0.043
4349.728	    0.037
4350.509	    0.064
4351.290	    0.038
4352.071	    0.021
4352.852	    0.035
4353.633	    0.065
4354.415	    0.070
4355.196	    0.077
4355.978	    0.086
4356.760	    0.098
4357.542	    0.086
4358.324	    0.079
4359.106	    0.076
4359.889	    0.075
4360.671	    0.077
4361.454	    0.071
4362.237	    0.068
4363.020	    0.068
4363.803	    0.075
4364.587	    0.063
4365.370	    0.067
4366.153	    0.071
4366.937	    0.064
4367.721	    0.052
4368.505	    0.061
4369.289	    0.079
4370.073	    0.095
4370.858	    0.078
4371.642	    0.066
4372.427	    0.075
4373.212	    0.087
4373.997	    0.092
4374.782	    0.081
4375.567	    0.076
4387.363	    0.086
4388.151	    0.097
4388.938	    0.074
4389.726	    0.077
4390.514	    0.085
4391.302	    0.090
4392.090	    0.080
4392.879	    0.082
4393.667	    0.084
4394.456	    0.084
4395.245	    0.079
4396.033	    0.071
4396.823	    0.071
4397.612	    0.063
4398.401	    0.060
4399.191	    0.076
4399.980	    0.083
4400.770	    0.078
4401.560	    0.084
4402.350	    0.092
4403.140	    0.081
4403.931	    0.069
4404.721	    0.084
4405.512	    0.091
4406.302	    0.081
4407.093	    0.079
4407.884	    0.052
4408.676	    0.035
4409.467	    0.035
4410.258	    0.053
4411.050	    0.031
4411.842	    0.058
4412.634	    0.060
4413.426	    0.050
4414.218	    0.072
4415.010	    0.061
4415.803	    0.049
4416.595	    0.038
4417.388	    0.028
4418.181	    0.028
4418.974	    0.026
4419.767	    0.043
4420.561	    0.055
4421.354	    0.057
4422.148	    0.051
4422.941	    0.068
4423.735	    0.068
4424.529	    0.056
4425.324	    0.046
4426.118	    0.031
4426.912	    0.023
4427.707	    0.013
4428.502	    0.048
4429.297	    0.061
4430.092	    0.059
4430.887	    0.055
4431.682	    0.049
4432.478	    0.040
4433.273	    0.007
4434.069	    0.013
4434.865	    0.018
4435.661	    0.013
4436.457	    0.051
4437.253	    0.023
4438.050	    0.037
4438.847	    0.045
4439.643	    0.043
4440.440	    0.044
4441.237	    0.056
4442.034	    0.058
4442.832	    0.060
4443.629	    0.061
4444.427	    0.070
4445.225	    0.073
4446.023	    0.059
4446.821	    0.036
4447.619	    0.010
4448.417	    0.067
4449.216	    0.092
4450.014	    0.087
4450.813	    0.070
4451.612	    0.053
4452.411	    0.052
4453.210	    0.058
4454.009	    0.053
4454.809	    0.040
4455.609	    0.028
4456.408	    0.047
4457.208	    0.057
4458.008	    0.054
4458.808	    0.039
4459.609	    0.016
4460.409	    0.015
4461.210	    0.018
4462.011	    0.029
4462.812	    0.033
4463.613	    0.029
4464.414	    0.013
4465.215	    0.021
4466.017	    0.015
4466.818	    0.016
4467.620	    0.024
4468.422	    0.027
4469.224	    0.034
4470.026	    0.041
4470.829	    0.048
4471.631	    0.041
4472.434	    0.016
4473.237	    0.038
4474.039	    0.044
4474.843	    0.042
4475.646	    0.040
4476.449	    0.040
4477.253	    0.044
4478.056	    0.048
4478.860	    0.051
4479.664	    0.049
4480.468	    0.047
4481.272	    0.044
4482.077	    0.040
4482.881	    0.036
4483.686	    0.031
4484.491	    0.028
4485.296	    0.024
4486.101	    0.021
4486.906	    0.018
4487.711	    0.013
4488.517	    0.010
4489.322	    0.007
4490.128	    0.007
4490.934	    0.010
4491.740	    0.019
4492.547	    0.026
4493.353	    0.031
4494.160	    0.035
4494.966	    0.031
4495.773	    0.052
4496.580	    0.023
4497.387	    0.021
4498.194	    0.039
4499.002	    0.061
4499.809	    0.055
4500.617	    0.044
4501.425	    0.029
4502.233	    0.010
4503.041	    0.029
4503.849	    0.031
4504.658	    0.035
4505.466	    0.040
4506.275	    0.043
4507.084	    0.041
4507.893	    0.015
4508.702	    0.027
4509.511	    0.045
4510.321	    0.056
4511.130	    0.054
4511.940	    0.036
4512.750	    0.044
4513.560	    0.059
4514.370	    0.070
4515.180	    0.072
4515.991	    0.058
4516.802	    0.033
4517.612	    0.013
4518.423	    0.027
4519.234	    0.049
4520.045	    0.067
4520.857	    0.060
4521.668	    0.047
4522.480	    0.039
4523.292	    0.042
4524.103	    0.049
4524.916	    0.044
4525.728	    0.032
4526.540	    0.019
4527.353	    0.007
4528.165	    0.013
4528.978	    0.013
4529.791	    0.018
4530.604	    0.018
4531.417	    0.018
4532.231	    0.028
4533.044	    0.049
4533.858	    0.045
4534.672	    0.015
4535.486	    0.042
4536.300	    0.053
4537.114	    0.036
4537.928	    0.018
4538.743	    0.027
4539.558	    0.038
4540.372	    0.044
4541.187	    0.035
4542.002	    0.007
4542.818	    0.024
4543.633	    0.023
4544.449	    0.007
4545.264	    0.015
4546.080	    0.032
4546.896	    0.038
4547.712	    0.042
4548.529	    0.045
4549.345	    0.045
4550.162	    0.041
4550.979	    0.039
4551.795	    0.045
4552.612	    0.053
4553.430	    0.056
4554.247	    0.027
4555.064	    0.039
4555.882	    0.035
4556.700	    0.021
4557.518	    0.051
4558.336	    0.055
4559.154	    0.051
4559.972	    0.061
4560.791	    0.071
4561.609	    0.072
4562.428	    0.054
4563.247	    0.010
4564.066	    0.019
4564.885	    0.039
4565.705	    0.048
4566.524	    0.040
4567.344	    0.015
4568.164	    0.018
4568.984	    0.022
4569.804	    0.013
4570.624	    0.029
4571.445	    0.048
4572.265	    0.050
4573.086	    0.044
4573.907	    0.031
4574.728	    0.015
4575.549	    0.010
4576.370	    0.023
4577.192	    0.038
4578.013	    0.044
4578.835	    0.042
4579.657	    0.028
4580.479	    0.034
4581.301	    0.036
4582.123	    0.013
4582.946	    0.037
4583.768	    0.051
4584.591	    0.055
4585.414	    0.040
4586.237	    0.019
4587.060	    0.007
4587.884	    0.021
4588.707	    0.037
4589.531	    0.028
4590.355	    0.029
4591.179	    0.033
4592.003	    0.015
4592.827	    0.038
4593.651	    0.054
4594.476	    0.053
4595.301	    0.031
4596.125	    0.027
4596.950	    0.032
4597.776	    0.029
4598.601	    0.062
4599.426	    0.057
4600.252	    0.038
4601.078	    0.015
4601.903	    0.010
4602.730	    0.010
4603.556	    0.032
4604.382	    0.044
4605.208	    0.048
4606.035	    0.044
4606.862	    0.033
4607.689	    0.013
4608.516	    0.007
4609.343	    0.022
4610.170	    0.029
4610.998	    0.027
4611.826	    0.015
4612.653	    0.038
4613.481	    0.040
4614.309	    0.037
4615.138	    0.029
4615.966	    0.019
4616.795	    0.016
4617.623	    0.029
4618.452	    0.035
4619.281	    0.036
4620.110	    0.034
4620.940	    0.021
4621.769	    0.031
4622.599	    0.043
4623.428	    0.045
4624.258	    0.039
4625.088	    0.024
4625.918	    0.022
4626.749	    0.018
4627.579	    0.041
4628.410	    0.042
4629.241	    0.029
4630.072	    0.013
4630.903	    0.030
4631.734	    0.057
4632.565	    0.049
4633.397	    0.019
4634.229	    0.035
4635.060	    0.027
4635.892	    0.042
4636.724	    0.045
4637.557	    0.036
4638.389	    0.030
4639.222	    0.035
4640.054	    0.042
4640.887	    0.038
4641.720	    0.019
4642.553	    0.028
4643.387	    0.040
4644.220	    0.041
4645.054	    0.029
4645.888	    0.029
4646.722	    0.042
4647.556	    0.042
4648.390	    0.033
4649.224	    0.007
4650.059	    0.024
4650.893	    0.010
4651.728	    0.021
4652.563	    0.013
4653.398	    0.032
4654.234	    0.038
4655.069	    0.023
4655.905	    0.016
4656.740	    0.010
4657.576	    0.028
4658.412	    0.045
4659.248	    0.055
4660.085	    0.056
4660.921	    0.047
4661.758	    0.034
4662.594	    0.015
4663.431	    0.023
4664.268	    0.035
4665.106	    0.043
4665.943	    0.037
4666.781	    0.018
4667.618	    0.021
4668.456	    0.024
4669.294	    0.015
4670.132	    0.026
4670.970	    0.035
4671.809	    0.033
4672.647	    0.019
4673.486	    0.023
4674.325	    0.027
4675.164	    0.007
4676.003	    0.007
4676.843	    0.018
4677.682	    0.028
4678.522	    0.033
4679.361	    0.035
4680.201	    0.034
4681.041	    0.027
4681.882	    0.007
4682.722	    0.028
4683.563	    0.034
4684.403	    0.030
4685.244	    0.019
4686.085	    0.029
4686.926	    0.037
4687.767	    0.038
4688.609	    0.035
4689.450	    0.039
4690.292	    0.026
4691.134	    0.030
4691.976	    0.040
4692.818	    0.061
4693.661	    0.061
4694.503	    0.046
4695.346	    0.032
4696.189	    0.064
4697.032	    0.054
4697.875	    0.026
4698.718	    0.022
4699.561	    0.019
4700.405	    0.023
4701.249	    0.016
4702.092	    0.031
4702.936	    0.021
4703.781	    0.010
4704.625	    0.044
4705.469	    0.028
4706.314	    0.023
4707.159	    0.022
4708.004	    0.029
4708.849	    0.033
4709.694	    0.032
4710.539	    0.048
4711.385	    0.029
4712.231	    0.035
4713.076	    0.024
4713.922	    0.018
4714.768	    0.034
4715.615	    0.042
4716.461	    0.028
4717.308	    0.019
4718.154	    0.007
4719.001	    0.026
4719.848	    0.032
4720.696	    0.032
4721.543	    0.015
4722.390	    0.040
4723.238	    0.031
4724.086	    0.029
4724.934	    0.035
4725.782	    0.032
4726.630	    0.022
4727.479	    0.018
4728.327	    0.023
4729.176	    0.038
4730.025	    0.040
4730.874	    0.013
4731.723	    0.015
4732.572	    0.056
4733.422	    0.040
4734.271	    0.055
4735.121	    0.050
4735.971	    0.024
4736.821	    0.062
4737.671	    0.038
4738.522	    0.038
4739.372	    0.023
4740.223	    0.038
4741.074	    0.052
4741.925	    0.041
4742.776	    0.057
4743.627	    0.042
4744.479	    0.029
4745.330	    0.101
4746.182	    0.100
4747.034	    0.053
4747.886	    0.060
4748.738	    0.022
4749.591	    0.035
4750.443	    0.010
4751.296	    0.039
4752.149	    0.049
4753.002	    0.053
4753.855	    0.074
4754.708	    0.029
4755.562	    0.042
4756.415	    0.024
4757.269	    0.031
4758.123	    0.042
4758.977	    0.038
4759.831	    0.018
4760.686	    0.048
4761.540	    0.040
4762.395	    0.035
4763.250	    0.042
4764.105	    0.045
4764.960	    0.027
4765.815	    0.019
4766.671	    0.029
4767.526	    0.038
4768.382	    0.040
4769.238	    0.029
4770.094	    0.036
4770.950	    0.038
4771.807	    0.039
4772.663	    0.010
4773.520	    0.029
4774.377	    0.051
4775.234	    0.049
4776.091	    0.027
4776.948	    0.058
4777.805	    0.066
4778.663	    0.058
4779.521	    0.045
4780.379	    0.041
4781.237	    0.048
4782.095	    0.031
4782.953	    0.035
4783.812	    0.064
4784.670	    0.053
4785.529	    0.033
4786.388	    0.039
4787.247	    0.060
4788.107	    0.039
4788.966	    0.036
4789.826	    0.033
4790.686	    0.037
4791.545	    0.047
4792.405	    0.041
4793.266	    0.046
4794.126	    0.045
4794.987	    0.054
4795.847	    0.016
4796.708	    0.050
4797.569	    0.024
4798.430	    0.061
4799.292	    0.038
4800.153	    0.059
4801.015	    0.052
4801.876	    0.022
4802.738	    0.016
4803.600	    0.048
4804.463	    0.069
4805.325	    0.063
4806.188	    0.007
4807.050	    0.038
4807.913	    0.054
4808.776	    0.018
4809.639	    0.056
4810.503	    0.055
4811.366	    0.027
4812.230	    0.059
4813.093	    0.029
4813.957	    0.021
4814.821	    0.019
4815.686	    0.026
4816.550	    0.026
4817.415	    0.018
4818.279	    0.056
4819.144	    0.036
4820.009	    0.016
4820.874	    0.013
4821.740	    0.018
4822.605	    0.053
4823.471	    0.016
4824.337	    0.045
4825.203	    0.052
4826.069	    0.051
4826.935	    0.035
4827.801	    0.010
4828.668	    0.019
4829.535	    0.007
4830.401	    0.053
4831.269	    0.054
4832.136	    0.040
4833.003	    0.039
4833.871	    0.038
4834.738	    0.038
4835.606	    0.044
4836.474	    0.023
4837.342	    0.027
4838.210	    0.044
4839.079	    0.051
4839.947	    0.046
4840.816	    0.030
4841.685	    0.007
4842.554	    0.023
4843.423	    0.038
4844.293	    0.036
4845.162	    0.035
4846.032	    0.040
4846.902	    0.010
4847.772	    0.013
4848.642	    0.040
4849.512	    0.022
4850.383	    0.013
4851.253	    0.016
4852.124	    0.028
4852.995	    0.037
4853.866	    0.029
4854.737	    0.051
4855.609	    0.018
4856.480	    0.045
4857.352	    0.028
4858.224	    0.044
4859.096	    0.031
4859.968	    0.035
4860.841	    0.056
4861.713	    0.010
4862.586	    0.035
4863.459	    0.021
4864.332	    0.037
4865.205	    0.027
4866.078	    0.018
4866.951	    0.032
4867.825	    0.060
4868.699	    0.035
4869.573	    0.030
4870.447	    0.026
4871.321	    0.047
4872.195	    0.046
4873.070	    0.018
4873.945	    0.032
4874.819	    0.047
4875.694	    0.037
4876.570	    0.038
4877.445	    0.045
4878.320	    0.049
4879.196	    0.054
4880.072	    0.057
4880.948	    0.034
4881.824	    0.026
4882.700	    0.042
4883.577	    0.056
4884.453	    0.060
4885.330	    0.052
4886.207	    0.033
4887.084	    0.010
4887.961	    0.047
4888.838	    0.035
4889.716	    0.013
4890.594	    0.029
4891.472	    0.045
4892.350	    0.042
4893.228	    0.026
4894.106	    0.032
4894.984	    0.032
4895.863	    0.040
4896.742	    0.028
4897.621	    0.019
4898.500	    0.030
4899.379	    0.043
4900.259	    0.044
4901.138	    0.018
4902.018	    0.054
4902.898	    0.074
4903.778	    0.106
4904.658	    0.158
4905.538	    0.217
4906.419	    0.274
4907.300	    0.317
4908.180	    0.334
4909.061	    0.307
4909.943	    0.234
4910.824	    0.171
4911.705	    0.120
4912.587	    0.086
4913.469	    0.068
4914.351	    0.052
4915.233	    0.013
4916.115	    0.042
4916.998	    0.036
4917.880	    0.038
4918.763	    0.028
4919.646	    0.013
4920.529	    0.022
4921.412	    0.040
4922.295	    0.047
4923.179	    0.051
4924.063	    0.042
4924.947	    0.040
4925.831	    0.044
4926.715	    0.038
4927.599	    0.013
4928.484	    0.010
4929.368	    0.053
4930.253	    0.018
4931.138	    0.039
4932.023	    0.060
4932.908	    0.028
4933.794	    0.035
4934.679	    0.061
4935.565	    0.071
4936.451	    0.072
4937.337	    0.075
4938.223	    0.060
4939.110	    0.046
4939.996	    0.043
4940.883	    0.033
4941.770	    0.052
4942.657	    0.063
4943.544	    0.038
4944.431	    0.047
4945.319	    0.035
4946.207	    0.056
4947.094	    0.065
4947.982	    0.077
4948.871	    0.075
4949.759	    0.059
4950.647	    0.042
4951.536	    0.049
4952.425	    0.046
4953.314	    0.027
4954.203	    0.058
4955.092	    0.033
4955.981	    0.013
4956.871	    0.048
4957.761	    0.063
4958.651	    0.045
4959.541	    0.038
4960.431	    0.034
4961.321	    0.013
4962.212	    0.015
4963.103	    0.047
4963.993	    0.060
4964.884	    0.063
4965.776	    0.064
4966.667	    0.068
4967.558	    0.070
4968.450	    0.064
4969.342	    0.069
4970.234	    0.058
4971.126	    0.056
4972.018	    0.054
4972.911	    0.048
4973.803	    0.054
4974.696	    0.070
4975.589	    0.058
4976.482	    0.029
4977.375	    0.036
4978.269	    0.016
4979.162	    0.049
4980.056	    0.059
4980.950	    0.059
4981.844	    0.058
4982.738	    0.058
4983.633	    0.044
4984.527	    0.052
4985.422	    0.047
4986.317	    0.045
4987.212	    0.052
4988.107	    0.049
4989.002	    0.038
4989.898	    0.038
4990.794	    0.035
4991.689	    0.031
4992.585	    0.047
4993.482	    0.054
4994.378	    0.057
4995.274	    0.059
4996.171	    0.059
4997.068	    0.055
4997.965	    0.038
4998.862	    0.038
4999.759	    0.050
5000.657	    0.058
5001.554	    0.055
5002.452	    0.035
5003.350	    0.035
5004.248	    0.055
5005.146	    0.058
5006.045	    0.038
5006.943	    0.021
5007.842	    0.051
5008.741	    0.045
5009.640	    0.040
5010.539	    0.041
5011.438	    0.050
5012.338	    0.054
5013.238	    0.052
5014.137	    0.053
5015.037	    0.058
5015.938	    0.032
5016.838	    0.024
5017.738	    0.055
5018.639	    0.047
5019.540	    0.049
5020.441	    0.038
5021.342	    0.029
5022.243	    0.040
5023.145	    0.051
5024.046	    0.077
5024.948	    0.078
5025.850	    0.081
5026.752	    0.070
5027.655	    0.076
5028.557	    0.060
5029.460	    0.045
5030.362	    0.052
5031.265	    0.064
5032.168	    0.079
5033.072	    0.037
5033.975	    0.051
5034.879	    0.052
5035.782	    0.063
5036.686	    0.042
5037.590	    0.030
5038.495	    0.040
5039.399	    0.042
5040.304	    0.045
5041.208	    0.070
5042.113	    0.040
5043.018	    0.071
5043.923	    0.076
5044.829	    0.038
5045.734	    0.036
5046.640	    0.026
5047.546	    0.060
5048.452	    0.065
5049.358	    0.059
5050.264	    0.051
5051.171	    0.048
5052.078	    0.040
5052.984	    0.058
5053.891	    0.091
5054.799	    0.108
5055.706	    0.104
5056.613	    0.085
5057.521	    0.061
5058.429	    0.040
5059.337	    0.052
5060.245	    0.063
5061.153	    0.061
5062.062	    0.028
5062.970	    0.036
5063.879	    0.018
5064.788	    0.039
5065.697	    0.042
5066.606	    0.037
5067.516	    0.045
5068.425	    0.016
5069.335	    0.037
5070.245	    0.046
5071.155	    0.042
5072.065	    0.044
5072.976	    0.032
5073.886	    0.023
5074.797	    0.040
5075.708	    0.055
5076.619	    0.053
5077.530	    0.052
5078.442	    0.063
5079.353	    0.062
5080.265	    0.051
5081.177	    0.031
5082.089	    0.029
5083.001	    0.046
5083.914	    0.046
5084.826	    0.034
5085.739	    0.031
5086.652	    0.040
5087.565	    0.046
5088.478	    0.045
5089.391	    0.056
5090.305	    0.048
5091.219	    0.037
5092.132	    0.041
5093.046	    0.033
5093.961	    0.023
5094.875	    0.024
5095.789	    0.015
5096.704	    0.016
5097.619	    0.045
5098.534	    0.045
5099.449	    0.015
5100.364	    0.015
5101.280	    0.035
5102.196	    0.042
5103.111	    0.042
5104.027	    0.030
5104.944	    0.013
5105.860	    0.023
5106.776	    0.039
5107.693	    0.035
5108.610	    0.022
5109.527	    0.021
5110.444	    0.010
5111.361	    0.010
5112.279	    0.028
5113.196	    0.033
5114.114	    0.013
5115.032	    0.035
5115.950	    0.007
5116.868	    0.035
5117.787	    0.041
5118.706	    0.040
5119.624	    0.040
5120.543	    0.049
5121.462	    0.041
5122.382	    0.046
5123.301	    0.013
5124.221	    0.034
5125.141	    0.018
5126.060	    0.024
5126.981	    0.030
5127.901	    0.027
5128.821	    0.058
5129.742	    0.032
5130.663	    0.052
5131.584	    0.035
5132.505	    0.042
5133.426	    0.019
5134.347	    0.019
5135.269	    0.033
5136.191	    0.021
5137.113	    0.027
5138.035	    0.038
5138.957	    0.013
5139.879	    0.022
5140.802	    0.019
5141.725	    0.016
5142.648	    0.040
5143.571	    0.019
5144.494	    0.021
5145.417	    0.022
5146.341	    0.042
5147.265	    0.045
5148.189	    0.052
5149.113	    0.064
5150.037	    0.032
5150.961	    0.029
5151.886	    0.049
5152.811	    0.013
5153.736	    0.023
5154.661	    0.029
5155.586	    0.037
5156.511	    0.054
5157.437	    0.057
5158.363	    0.043
5159.289	    0.029
5160.215	    0.026
5161.141	    0.035
5162.067	    0.029
5162.994	    0.007
5163.921	    0.047
5164.848	    0.038
5165.775	    0.047
5166.702	    0.045
5167.629	    0.027
5168.557	    0.015
5169.485	    0.026
5170.412	    0.043
5171.341	    0.031
5172.269	    0.019
5173.197	    0.040
5174.126	    0.057
5175.054	    0.056
5175.983	    0.062
5176.912	    0.053
5177.842	    0.047
5178.771	    0.042
5179.701	    0.047
5180.630	    0.051
5181.560	    0.044
5182.490	    0.029
5183.421	    0.018
5184.351	    0.030
5185.282	    0.035
5186.212	    0.051
5187.143	    0.042
5188.074	    0.021
5189.006	    0.015
5189.937	    0.035
5190.868	    0.045
5191.800	    0.040
5192.732	    0.031
5193.664	    0.031
5194.596	    0.036
5195.529	    0.042
5196.461	    0.040
5197.394	    0.039
5198.327	    0.037
5199.260	    0.035
5200.193	    0.036
5201.127	    0.038
5202.060	    0.042
5202.994	    0.046
5203.928	    0.050
5204.862	    0.055
5205.796	    0.059
5206.731	    0.063
5207.665	    0.066
5208.600	    0.068
5209.535	    0.068
5210.470	    0.065
5211.405	    0.060
5212.341	    0.051
5213.276	    0.040
5214.212	    0.024
5215.148	    0.018
5216.084	    0.033
5217.021	    0.043
5217.957	    0.049
5218.894	    0.052
5219.830	    0.052
5220.767	    0.046
5221.704	    0.036
5222.642	    0.018
5223.579	    0.026
5224.517	    0.038
5225.454	    0.045
5226.392	    0.048
5227.331	    0.048
5228.269	    0.044
5229.207	    0.037
5230.146	    0.029
5231.085	    0.038
5232.024	    0.056
5232.963	    0.068
5233.902	    0.066
5234.842	    0.048
5235.781	    0.015
5236.721	    0.018
5237.661	    0.035
5238.601	    0.021
5239.541	    0.026
5240.482	    0.040
5241.423	    0.016
5242.363	    0.035
5243.304	    0.015
5244.245	    0.035
5245.187	    0.045
5246.128	    0.044
5247.070	    0.043
5248.012	    0.058
5248.954	    0.074
5249.896	    0.082
5250.838	    0.064
5251.781	    0.057
5252.723	    0.079
5253.666	    0.035
5254.609	    0.038
5255.552	    0.023
5256.496	    0.036
5257.439	    0.036
5258.383	    0.042
5259.327	    0.026
5260.271	    0.036
5261.215	    0.040
5262.159	    0.023
5263.104	    0.035
5264.049	    0.028
5264.994	    0.010
5265.939	    0.061
5266.884	    0.010
5267.829	    0.027
5268.775	    0.053
5269.721	    0.027
5270.666	    0.019
5271.612	    0.026
5272.559	    0.016
5273.505	    0.035
5274.452	    0.054
5275.398	    0.045
5276.345	    0.013
5277.292	    0.019
5278.240	    0.040
5279.187	    0.040
5280.135	    0.028
5281.082	    0.037
5282.030	    0.037
5282.979	    0.053
5283.927	    0.055
5284.875	    0.034
5285.824	    0.021
5286.773	    0.035
5287.722	    0.030
5288.671	    0.036
5289.620	    0.036
5290.569	    0.027
5291.519	    0.030
5292.469	    0.035
5293.419	    0.046
5294.369	    0.032
5295.319	    0.018
5296.270	    0.013
5297.220	    0.021
5298.171	    0.038
5299.122	    0.040
5300.073	    0.063
5301.025	    0.051
5301.976	    0.045
5302.928	    0.035
5303.880	    0.015
5304.832	    0.010
5305.784	    0.023
5306.736	    0.038
5307.689	    0.021
5308.642	    0.044
5309.595	    0.040
5310.548	    0.029
5311.501	    0.021
5312.454	    0.045
5313.408	    0.049
5314.362	    0.021
5315.315	    0.022
5316.270	    0.030
5317.224	    0.034
5318.178	    0.047
5319.133	    0.033
5320.088	    0.022
5321.043	    0.033
5321.998	    0.013
5322.953	    0.037
5323.908	    0.041
5324.864	    0.038
5325.820	    0.019
5326.776	    0.033
5327.732	    0.032
5328.688	    0.028
5329.645	    0.043
5330.601	    0.037
5331.558	    0.022
5332.515	    0.031
5333.472	    0.029
5334.430	    0.007
5335.387	    0.026
5336.345	    0.023
5337.303	    0.027
5338.261	    0.048
5339.219	    0.050
5340.177	    0.039
5341.136	    0.022
5342.094	    0.015
5343.053	    0.028
5344.012	    0.019
5344.972	    0.019
5345.931	    0.023
5346.891	    0.029
5347.850	    0.035
5348.810	    0.021
5349.770	    0.021
5350.731	    0.021
5351.691	    0.028
5352.652	    0.034
5353.612	    0.035
5354.573	    0.016
5355.535	    0.030
5356.496	    0.013
5357.457	    0.021
5358.419	    0.029
5359.381	    0.038
5360.343	    0.038
5361.305	    0.026
5362.267	    0.026
5363.230	    0.018
5364.192	    0.007
5365.155	    0.018
5366.118	    0.018
5367.081	    0.016
5368.045	    0.013
5369.008	    0.010
5369.972	    0.027
5370.936	    0.023
5371.900	    0.010
5372.864	    0.022
5373.829	    0.045
5374.793	    0.043
5375.758	    0.043
5376.723	    0.043
5377.688	    0.007
5378.653	    0.044
5379.619	    0.065
5380.584	    0.058
5381.550	    0.054
5382.516	    0.034
5383.482	    0.010
5384.449	    0.029
5385.415	    0.048
5386.382	    0.045
5387.349	    0.070
5388.316	    0.089
5389.283	    0.085
5390.250	    0.077
5391.218	    0.074
5392.185	    0.064
5393.153	    0.047
5394.121	    0.038
5395.090	    0.041
5396.058	    0.048
5397.027	    0.054
5397.995	    0.042
5398.964	    0.053
5399.933	    0.042
5400.903	    0.021
5401.872	    0.033
5402.842	    0.034
5403.811	    0.038
5404.781	    0.043
5405.751	    0.026
5406.722	    0.019
5407.692	    0.039
5408.663	    0.035
5409.634	    0.035
5410.605	    0.029
5411.576	    0.032
5412.547	    0.024
5413.519	    0.021
5414.491	    0.036
5415.462	    0.051
5416.434	    0.049
5417.407	    0.044
5418.379	    0.047
5419.352	    0.045
5420.324	    0.040
5421.297	    0.038
5422.270	    0.049
5423.244	    0.056
5424.217	    0.049
5425.191	    0.007
5426.165	    0.038
5427.139	    0.037
5428.113	    0.049
5429.087	    0.007
5430.062	    0.027
5431.036	    0.054
5432.011	    0.058
5432.986	    0.040
5433.961	    0.047
5434.937	    0.065
5435.912	    0.039
5436.888	    0.033
5437.864	    0.018
5438.840	    0.028
5439.816	    0.032
5440.793	    0.048
5441.769	    0.052
5442.746	    0.049
5443.723	    0.060
5444.700	    0.053
5445.677	    0.013
5446.655	    0.023
5447.632	    0.029
5448.610	    0.038
5449.588	    0.026
5450.566	    0.029
5451.545	    0.030
5452.523	    0.027
5453.502	    0.016
5454.481	    0.047
5455.460	    0.050
5456.439	    0.048
5457.419	    0.058
5458.398	    0.052
5459.378	    0.055
5460.358	    0.046
5461.338	    0.031
5462.318	    0.037
5463.299	    0.044
5464.279	    0.035
5465.260	    0.030
5466.241	    0.039
5467.222	    0.043
5468.204	    0.045
5469.185	    0.007
5470.167	    0.026
5471.149	    0.040
5472.131	    0.049
5473.113	    0.040
5474.096	    0.041
5475.078	    0.042
5476.061	    0.042
5477.044	    0.037
5478.027	    0.039
5479.010	    0.057
5479.994	    0.047
5480.977	    0.042
5481.961	    0.051
5482.945	    0.045
5483.929	    0.007
5484.914	    0.027
5485.898	    0.052
5486.883	    0.052
5487.868	    0.035
5488.853	    0.038
5489.838	    0.007
5490.823	    0.028
5491.809	    0.032
5492.795	    0.024
5493.781	    0.035
5494.767	    0.053
5495.753	    0.015
5496.740	    0.039
5497.726	    0.036
5498.713	    0.047
5499.700	    0.068
5500.687	    0.054
5501.675	    0.027
5502.662	    0.021
5503.650	    0.007
5504.638	    0.007
5505.626	    0.021
5506.614	    0.055
5507.602	    0.023
5508.591	    0.033
5509.580	    0.033
5510.569	    0.047
5511.558	    0.031
5512.547	    0.013
5513.537	    0.067
5514.526	    0.013
5515.516	    0.055
5516.506	    0.045
5517.496	    0.007
5518.487	    0.038
5519.477	    0.034
5520.468	    0.040
5521.459	    0.048
5522.450	    0.045
5523.441	    0.037
5524.433	    0.031
5525.424	    0.041
5526.416	    0.043
5527.408	    0.052
5528.400	    0.048
5529.392	    0.044
5530.385	    0.035
5531.378	    0.035
5532.370	    0.013
5533.363	    0.023
5534.357	    0.024
5535.350	    0.010
5536.344	    0.007
5537.337	    0.034
5538.331	    0.038
5539.325	    0.038
5540.320	    0.037
5541.314	    0.034
5542.309	    0.037
5543.304	    0.048
5544.299	    0.028
5545.294	    0.029
5546.289	    0.029
5547.285	    0.053
5548.280	    0.038
5549.276	    0.038
5550.272	    0.047
5551.269	    0.047
5552.265	    0.067
5553.262	    0.027
5554.259	    0.042
5555.255	    0.021
5556.253	    0.029
5557.250	    0.045
5558.247	    0.033
5559.245	    0.018
5560.243	    0.013
5561.241	    0.043
5562.239	    0.040
5563.238	    0.023
5564.236	    0.040
5565.235	    0.052
5566.234	    0.035
5567.233	    0.045
5568.232	    0.055
5569.232	    0.058
5570.231	    0.061
5571.231	    0.064
5572.231	    0.066
5573.232	    0.066
5574.232	    0.065
5575.232	    0.063
5576.233	    0.059
5577.234	    0.056
5578.235	    0.054
5579.236	    0.053
5580.238	    0.052
5581.240	    0.052
5582.241	    0.051
5583.243	    0.049
5584.246	    0.049
5585.248	    0.049
5586.250	    0.051
5587.253	    0.050
5588.256	    0.047
5589.259	    0.057
5590.262	    0.059
5591.266	    0.061
5592.269	    0.050
5593.273	    0.068
5594.277	    0.035
5595.281	    0.038
5596.286	    0.010
5597.290	    0.019
5598.295	    0.034
5599.300	    0.049
5600.305	    0.055
5601.310	    0.018
5602.315	    0.015
5603.321	    0.052
5604.327	    0.052
5605.333	    0.036
5606.339	    0.026
5607.345	    0.031
5608.352	    0.080
5609.358	    0.060
5610.365	    0.058
5611.372	    0.051
5612.379	    0.069
5613.387	    0.062
5614.394	    0.027
5615.402	    0.030
5616.410	    0.079
5617.418	    0.007
5618.427	    0.048
5619.435	    0.041
5620.444	    0.071
5621.453	    0.064
5622.462	    0.039
5623.471	    0.053
5624.480	    0.057
5625.490	    0.074
5626.499	    0.054
5627.509	    0.052
5628.520	    0.060
5629.530	    0.063
5630.540	    0.071
5631.551	    0.076
5632.562	    0.070
5633.573	    0.066
5634.584	    0.047
5635.595	    0.074
5636.607	    0.088
5637.619	    0.065
5638.631	    0.064
5639.643	    0.068
5640.655	    0.058
5641.668	    0.064
5642.680	    0.062
5643.693	    0.051
5644.706	    0.082
5645.719	    0.071
5646.733	    0.070
5647.746	    0.049
5648.760	    0.064
5649.774	    0.041
5650.788	    0.056
5651.802	    0.067
5652.817	    0.077
5653.831	    0.071
5654.846	    0.087
5655.861	    0.081
5656.876	    0.089
5657.892	    0.073
5658.907	    0.074
5659.923	    0.068
5660.939	    0.071
5661.955	    0.061
5662.972	    0.077
5663.988	    0.087
5665.005	    0.075
5666.022	    0.058
5667.039	    0.068
5668.056	    0.072
5669.073	    0.076
5670.091	    0.092
5671.109	    0.088
5672.126	    0.087
5673.145	    0.066
5674.163	    0.081
5675.181	    0.090
5676.200	    0.076
5677.219	    0.073
5678.238	    0.086
5679.257	    0.073
5680.277	    0.087
5681.296	    0.084
5682.316	    0.080
5683.336	    0.081
5684.356	    0.087
5685.376	    0.085
5686.397	    0.071
5687.418	    0.080
5688.438	    0.091
5689.459	    0.099
5690.481	    0.093
5691.502	    0.092
5692.524	    0.091
5693.545	    0.085
5694.567	    0.085
5695.590	    0.093
5696.612	    0.081
5697.634	    0.077
5698.657	    0.084
5699.680	    0.077
5700.703	    0.071
5701.726	    0.086
5702.750	    0.095
5703.773	    0.090
5704.797	    0.090
5705.821	    0.088
5706.845	    0.087
5707.870	    0.095
5708.894	    0.092
5709.919	    0.085
5710.944	    0.084
5711.969	    0.081
5712.994	    0.081
5714.020	    0.078
5715.045	    0.092
5716.071	    0.096
5717.097	    0.101
5718.123	    0.093
5719.150	    0.084
5720.176	    0.088
5721.203	    0.083
5722.230	    0.089
5723.257	    0.099
5724.284	    0.093
5725.312	    0.081
5726.340	    0.078
5727.367	    0.086
5728.396	    0.098
5729.424	    0.099
5730.452	    0.098
5731.481	    0.091
5732.510	    0.089
5733.538	    0.097
5734.568	    0.096
5735.597	    0.087
5736.626	    0.082
5737.656	    0.094
5738.686	    0.094
5739.716	    0.095
5740.746	    0.095
5741.777	    0.100
5742.807	    0.102
5743.838	    0.101
5744.869	    0.097
5745.900	    0.088
5746.932	    0.089
5747.963	    0.088
5748.995	    0.094
5750.027	    0.093
5751.059	    0.095
5752.091	    0.100
5753.124	    0.101
5754.157	    0.095
5755.189	    0.100
5756.222	    0.104
5757.256	    0.097
5758.289	    0.093
5759.323	    0.090
5760.356	    0.089
5761.390	    0.093
5762.425	    0.101
5763.459	    0.094
5764.493	    0.092
5765.528	    0.093
5766.563	    0.094
5767.598	    0.102
5768.633	    0.112
5769.669	    0.108
5770.704	    0.098
5771.740	    0.092
5772.776	    0.101
5773.812	    0.101
5774.849	    0.107
5775.885	    0.099
5776.922	    0.095
5777.959	    0.089
5778.996	    0.090
5780.033	    0.088
5781.071	    0.087
5782.109	    0.096
5783.146	    0.096
5784.185	    0.093
5785.223	    0.094
5786.261	    0.092
5787.300	    0.087
5788.339	    0.093
5789.378	    0.097
5790.417	    0.097
5791.456	    0.102
5792.496	    0.106
5793.535	    0.100
5794.575	    0.094
5795.615	    0.098
5796.656	    0.098
5797.696	    0.097
5798.737	    0.090
5799.778	    0.094
5800.819	    0.100
5801.860	    0.097
5802.901	    0.092
5803.943	    0.092
5804.985	    0.093
5806.027	    0.092
5807.069	    0.097
5808.111	    0.101
5809.154	    0.091
5810.196	    0.079
5811.239	    0.082
5812.282	    0.085
5813.326	    0.094
5814.369	    0.096
5815.413	    0.090
5816.457	    0.091
5817.501	    0.096
5818.545	    0.099
5819.589	    0.096
5820.634	    0.095
5821.679	    0.094
5822.724	    0.088
5823.769	    0.086
5824.814	    0.096
5825.860	    0.096
5826.905	    0.089
5827.951	    0.097
5828.997	    0.099
5830.044	    0.087
5831.090	    0.078
5832.137	    0.082
5833.184	    0.094
5834.231	    0.100
5835.278	    0.095
5836.325	    0.102
5837.373	    0.097
5838.421	    0.086
5839.469	    0.095
5840.517	    0.092
5841.565	    0.080
5842.614	    0.079
5843.663	    0.077
5844.711	    0.071
5845.761	    0.077
5846.810	    0.087
5847.859	    0.087
5848.909	    0.090
5849.959	    0.093
5851.009	    0.083
5852.059	    0.075
5853.110	    0.086
5854.160	    0.088
5855.211	    0.087
5856.262	    0.090
5857.313	    0.084
5858.364	    0.075
5859.416	    0.065
5860.468	    0.072
5861.520	    0.080
5862.572	    0.080
5863.624	    0.071
5864.677	    0.068
5865.729	    0.074
5866.782	    0.074
5867.835	    0.081
5868.888	    0.083
5869.942	    0.077
5870.996	    0.067
5872.049	    0.069
5873.103	    0.077
5874.158	    0.080
5875.212	    0.076
5876.267	    0.058
5877.321	    0.058
5878.376	    0.058
5879.431	    0.071
5880.487	    0.074
5881.542	    0.082
5882.598	    0.063
5883.654	    0.049
5884.710	    0.056
5885.766	    0.068
5886.823	    0.065
5887.879	    0.071
5888.936	    0.078
5889.993	    0.083
5891.051	    0.084
5892.108	    0.088
5893.166	    0.097
5894.223	    0.098
5895.281	    0.086
5896.340	    0.063
5897.398	    0.054
5898.456	    0.045
5899.515	    0.059
5900.574	    0.078
5901.633	    0.047
5902.693	    0.058
5903.752	    0.063
5904.812	    0.063
5905.872	    0.019
5906.932	    0.029
5907.992	    0.010
5909.052	    0.037
5910.113	    0.047
5911.174	    0.049
5912.235	    0.062
5913.296	    0.064
5914.358	    0.059
5915.419	    0.052
5916.481	    0.007
5917.543	    0.035
5918.605	    0.037
5919.668	    0.041
5920.730	    0.015
5921.793	    0.042
5922.856	    0.013
5923.919	    0.062
5924.982	    0.031
5926.046	    0.029
5927.109	    0.040
5928.173	    0.057
5929.237	    0.065
5930.302	    0.088
5931.366	    0.092
5932.431	    0.098
5933.496	    0.081
5934.561	    0.044
5935.626	    0.027
5936.691	    0.026
5937.757	    0.047
5938.823	    0.046
5939.889	    0.037
5940.955	    0.068
5942.021	    0.105
5943.088	    0.123
5944.155	    0.146
5945.222	    0.172
5946.289	    0.183
5947.356	    0.177
5948.424	    0.163
5949.491	    0.150
5950.559	    0.157
5951.627	    0.169
5952.696	    0.167
5953.764	    0.154
5954.833	    0.125
5955.902	    0.091
5956.971	    0.066
5958.040	    0.068
5959.109	    0.052
5960.179	    0.040
5961.249	    0.035
5962.319	    0.047
5963.389	    0.056
5964.460	    0.037
5965.530	    0.028
5966.601	    0.051
5967.672	    0.035
5968.743	    0.033
5969.814	    0.036
5970.886	    0.013
5971.958	    0.024
5973.030	    0.032
5974.102	    0.038
5975.174	    0.049
5976.247	    0.034
5977.319	    0.035
5978.392	    0.022
5979.465	    0.036
5980.539	    0.036
5981.612	    0.028
5982.686	    0.032
5983.760	    0.035
5984.834	    0.007
5985.908	    0.047
5986.982	    0.046
5988.057	    0.040
5989.132	    0.021
5990.207	    0.018
5991.282	    0.018
5992.358	    0.016
5993.433	    0.027
5994.509	    0.036
5995.585	    0.049
5996.661	    0.007
5997.738	    0.032
5998.814	    0.049
5999.891	    0.029
6000.968	    0.027
6002.045	    0.045
6003.122	    0.045
6004.200	    0.031
6005.278	    0.024
6006.356	    0.029
6007.434	    0.038
6008.512	    0.049
6009.590	    0.058
6010.669	    0.049
6011.748	    0.034
6012.827	    0.038
6013.906	    0.048
6014.986	    0.036
6016.066	    0.023
6017.145	    0.032
6018.225	    0.018
6019.306	    0.024
6020.386	    0.035
6021.467	    0.039
6022.548	    0.038
6023.629	    0.035
6024.710	    0.037
6025.791	    0.047
6026.873	    0.054
6027.955	    0.048
6029.037	    0.021
6030.119	    0.029
6031.201	    0.021
6032.284	    0.047
6033.367	    0.044
6034.450	    0.027
6035.533	    0.029
6036.616	    0.052
6037.700	    0.064
6038.783	    0.067
6039.867	    0.070
6040.951	    0.054
6042.036	    0.016
6043.120	    0.029
6044.205	    0.028
6045.290	    0.047
6046.375	    0.051
6047.460	    0.051
6048.546	    0.052
6049.631	    0.051
6050.717	    0.048
6051.803	    0.041
6052.890	    0.049
6053.976	    0.066
6055.063	    0.064
6056.150	    0.054
6057.237	    0.055
6058.324	    0.069
6059.411	    0.072
6060.499	    0.066
6061.587	    0.059
6062.675	    0.056
6063.763	    0.062
6064.852	    0.070
6065.940	    0.067
6067.029	    0.058
6068.118	    0.047
6069.207	    0.042
6070.297	    0.042
6071.386	    0.054
6072.476	    0.063
6073.566	    0.058
6074.656	    0.047
6075.747	    0.045
6076.837	    0.056
6077.928	    0.071
6079.019	    0.078
6080.110	    0.069
6081.201	    0.062
6082.293	    0.063
6083.385	    0.063
6084.477	    0.063
6085.569	    0.070
6086.661	    0.076
6087.754	    0.074
6088.846	    0.072
6089.939	    0.072
6091.032	    0.078
6092.126	    0.080
6093.219	    0.079
6094.313	    0.072
6095.407	    0.064
6096.501	    0.068
6097.595	    0.076
6098.690	    0.081
6099.784	    0.075
6100.879	    0.069
6101.974	    0.078
6103.070	    0.088
6104.165	    0.086
6105.261	    0.074
6106.357	    0.063
6107.453	    0.072
6108.549	    0.083
6109.646	    0.089
6110.742	    0.084
6111.839	    0.077
6112.936	    0.067
6114.033	    0.077
6115.131	    0.072
6116.228	    0.068
6117.326	    0.078
6118.424	    0.099
6119.523	    0.088
6120.621	    0.059
6121.720	    0.084
6122.818	    0.083
6123.917	    0.083
6125.017	    0.082
6126.116	    0.082
6127.216	    0.081
6128.315	    0.080
6129.415	    0.080
6130.516	    0.081
6131.616	    0.083
6132.717	    0.085
6133.817	    0.088
6134.918	    0.091
6136.020	    0.094
6137.121	    0.096
6138.223	    0.098
6139.324	    0.100
6140.426	    0.101
6141.529	    0.102
6142.631	    0.104
6143.734	    0.105
6144.836	    0.106
6145.939	    0.107
6147.042	    0.108
6148.146	    0.108
6149.249	    0.108
6150.353	    0.108
6151.457	    0.108
6152.561	    0.108
6153.666	    0.109
6154.770	    0.111
6155.875	    0.113
6156.980	    0.115
6158.085	    0.117
6159.190	    0.109
6160.296	    0.094
6161.402	    0.090
6162.508	    0.091
6163.614	    0.092
6164.720	    0.089
6165.827	    0.091
6166.933	    0.100
6168.040	    0.103
6169.148	    0.097
6170.255	    0.090
6171.362	    0.088
6172.470	    0.088
6173.578	    0.086
6174.686	    0.085
6175.795	    0.090
6176.903	    0.102
6178.012	    0.107
6179.121	    0.096
6180.230	    0.087
6181.339	    0.091
6182.449	    0.094
6183.558	    0.094
6184.668	    0.097
6185.778	    0.097
6186.889	    0.086
6187.999	    0.074
6189.110	    0.086
6190.221	    0.100
6191.332	    0.105
6192.443	    0.107
6193.555	    0.110
6194.667	    0.105
6195.779	    0.093
6196.891	    0.082
6198.003	    0.081
6199.116	    0.096
6200.228	    0.113
6201.341	    0.113
6202.454	    0.107
6203.568	    0.104
6204.681	    0.103
6205.795	    0.100
6206.909	    0.091
6208.023	    0.084
6209.137	    0.085
6210.252	    0.096
6211.366	    0.100
6212.481	    0.098
6213.596	    0.095
6214.712	    0.094
6215.827	    0.094
6216.943	    0.100
6218.059	    0.106
6219.175	    0.096
6220.291	    0.081
6221.408	    0.078
6222.525	    0.085
6223.641	    0.096
6224.759	    0.096
6225.876	    0.085
6226.993	    0.087
6228.111	    0.101
6229.229	    0.110
6230.347	    0.107
6231.466	    0.105
6232.584	    0.102
6233.703	    0.091
6234.822	    0.084
6235.941	    0.092
6237.060	    0.100
6238.180	    0.100
6239.299	    0.098
6240.419	    0.096
6241.539	    0.092
6242.660	    0.091
6243.780	    0.092
6244.901	    0.094
6246.022	    0.095
6247.143	    0.098
6248.264	    0.100
6249.386	    0.089
6250.508	    0.074
6251.630	    0.084
6252.752	    0.105
6253.874	    0.115
6254.997	    0.112
6256.119	    0.100
6257.242	    0.091
6258.366	    0.088
6259.489	    0.087
6260.612	    0.085
6261.736	    0.083
6262.860	    0.081
6263.984	    0.079
6265.109	    0.078
6266.233	    0.078
6267.358	    0.079
6268.483	    0.081
6269.608	    0.084
6270.734	    0.087
6271.859	    0.088
6272.985	    0.090
6274.111	    0.091
6275.237	    0.092
6276.363	    0.092
6277.490	    0.092
6278.617	    0.091
6279.744	    0.088
6280.871	    0.086
6281.998	    0.085
6283.126	    0.085
6284.254	    0.086
6285.382	    0.087
6286.510	    0.088
6287.638	    0.088
6288.767	    0.087
6289.896	    0.084
6291.025	    0.082
6292.154	    0.081
6293.283	    0.080
6294.413	    0.080
6295.543	    0.080
6296.673	    0.080
6297.803	    0.081
6298.933	    0.072
6300.064	    0.019
6301.195	    0.022
6302.326	    0.048
6303.457	    0.040
6304.589	    0.041
6305.720	    0.044
6306.852	    0.056
6307.984	    0.065
6309.117	    0.074
6310.249	    0.094
6311.382	    0.097
6312.514	    0.101
6313.648	    0.096
6314.781	    0.099
6315.914	    0.088
6317.048	    0.089
6318.182	    0.082
6319.316	    0.086
6320.450	    0.097
6321.585	    0.094
6322.719	    0.085
6323.854	    0.088
6324.989	    0.101
6326.125	    0.114
6327.260	    0.106
6328.396	    0.090
6329.532	    0.075
6330.668	    0.079
6331.804	    0.085
6332.941	    0.093
6334.078	    0.084
6335.215	    0.070
6336.352	    0.085
6337.489	    0.097
6338.627	    0.095
6339.764	    0.091
6340.902	    0.092
6342.041	    0.085
6343.179	    0.073
6344.317	    0.065
6345.456	    0.053
6346.595	    0.059
6347.734	    0.073
6348.874	    0.082
6350.013	    0.086
6351.153	    0.092
6352.293	    0.099
6353.433	    0.104
6354.574	    0.097
6355.714	    0.090
6356.855	    0.099
6357.996	    0.118
6359.138	    0.146
6360.279	    0.161
6361.421	    0.151
6362.563	    0.130
6363.705	    0.106
6364.847	    0.092
6365.989	    0.079
6367.132	    0.074
6368.275	    0.073
6369.418	    0.082
6370.561	    0.082
6371.705	    0.080
6372.848	    0.090
6373.992	    0.093
6375.136	    0.077
6376.281	    0.072
6377.425	    0.079
6378.570	    0.085
6379.715	    0.088
6380.860	    0.086
6382.005	    0.094
6383.151	    0.088
6384.297	    0.079
6385.443	    0.086
6386.589	    0.080
6387.735	    0.082
6388.882	    0.079
6390.028	    0.079
6391.175	    0.080
6392.323	    0.092
6393.470	    0.088
6394.618	    0.081
6395.765	    0.072
6396.913	    0.074
6398.062	    0.081
6399.210	    0.083
6400.359	    0.081
6401.508	    0.078
6402.657	    0.073
6403.806	    0.069
6404.955	    0.070
6406.105	    0.089
6407.255	    0.085
6408.405	    0.072
6409.555	    0.076
6410.706	    0.076
6411.856	    0.075
6413.007	    0.076
6414.158	    0.072
6415.310	    0.071
6416.461	    0.064
6417.613	    0.073
6418.765	    0.071
6419.917	    0.077
6421.069	    0.077
6422.222	    0.069
6423.375	    0.067
6424.528	    0.078
6425.681	    0.089
6426.834	    0.098
6427.988	    0.086
6429.142	    0.068
6430.296	    0.059
6431.450	    0.063
6432.604	    0.077
6433.759	    0.083
6434.914	    0.067
6436.069	    0.063
6437.224	    0.069
6438.380	    0.078
6439.535	    0.081
6440.691	    0.081
6441.847	    0.080
6443.003	    0.084
6444.160	    0.081
6445.317	    0.075
6446.474	    0.077
6447.631	    0.078
6448.788	    0.070
6449.945	    0.064
6451.103	    0.067
6452.261	    0.064
6453.419	    0.057
6454.578	    0.057
6455.736	    0.064
6456.895	    0.057
6458.054	    0.064
6459.213	    0.079
6460.373	    0.076
6461.532	    0.060
6462.692	    0.059
6463.852	    0.053
6465.012	    0.065
6466.173	    0.068
6467.333	    0.073
6468.494	    0.064
6469.655	    0.029
6470.817	    0.032
6471.978	    0.032
6473.140	    0.029
6474.302	    0.007
6475.464	    0.036
6476.626	    0.059
6477.789	    0.056
6478.951	    0.044
6480.114	    0.053
6481.277	    0.065
6482.441	    0.013
6483.604	    0.023
6484.768	    0.047
6485.932	    0.055
6487.096	    0.051
6488.261	    0.031
6489.425	    0.056
6490.590	    0.042
6491.755	    0.048
6492.921	    0.068
6494.086	    0.058
6495.252	    0.069
6496.418	    0.047
6497.584	    0.049
6498.750	    0.042
6499.916	    0.035
6501.083	    0.038
6502.250	    0.024
6503.417	    0.048
6504.584	    0.018
6505.752	    0.007
6506.920	    0.023
6508.088	    0.044
6509.256	    0.046
6510.424	    0.016
6511.593	    0.033
6512.762	    0.023
6513.931	    0.035
6515.100	    0.035
6516.269	    0.036
6517.439	    0.032
6518.609	    0.055
6519.779	    0.066
6520.949	    0.051
6522.120	    0.041
6523.290	    0.044
6524.461	    0.022
6525.632	    0.010
6526.804	    0.061
6527.975	    0.069
6529.147	    0.057
6530.319	    0.056
6531.491	    0.058
6532.664	    0.052
6533.836	    0.038
6535.009	    0.038
6536.182	    0.051
6537.355	    0.056
6538.529	    0.063
6539.702	    0.069
6540.876	    0.057
6542.050	    0.051
6543.224	    0.052
6544.399	    0.049
6545.574	    0.046
6546.748	    0.015
6547.924	    0.048
6549.099	    0.073
6550.274	    0.071
6551.450	    0.059
6552.626	    0.039
6553.802	    0.050
6554.979	    0.052
6556.155	    0.072
6557.332	    0.066
6558.509	    0.061
6559.686	    0.066
6560.864	    0.044
6562.041	    0.028
6563.219	    0.028
6564.397	    0.029
6565.576	    0.010
6566.754	    0.031
6567.933	    0.030
6569.112	    0.059
6570.291	    0.055
6571.470	    0.063
6572.650	    0.060
6573.830	    0.065
6575.010	    0.066
6576.190	    0.067
6577.370	    0.067
6578.551	    0.066
6579.732	    0.064
6580.913	    0.063
6582.094	    0.061
6583.275	    0.060
6584.457	    0.059
6585.639	    0.058
6586.821	    0.056
6588.003	    0.055
6589.186	    0.052
6590.368	    0.063
6591.551	    0.073
6592.735	    0.075
6593.918	    0.076
6595.102	    0.073
6596.285	    0.066
6597.469	    0.058
6598.654	    0.055
6599.838	    0.063
6601.023	    0.084
6602.207	    0.089
6603.393	    0.074
6604.578	    0.081
6605.763	    0.096
6606.949	    0.114
6608.135	    0.161
6609.321	    0.246
6610.507	    0.314
6611.694	    0.338
6612.881	    0.308
6614.068	    0.240
6615.255	    0.171
6616.442	    0.126
6617.630	    0.117
6618.818	    0.132
6620.006	    0.165
6621.194	    0.225
6622.383	    0.355
6623.571	    0.539
6624.760	    0.750
6625.949	    0.891
6627.139	    0.876
6628.328	    0.696
6629.518	    0.455
6630.708	    0.291
6631.898	    0.187
6633.089	    0.134
6634.279	    0.128
6635.470	    0.108
6636.661	    0.109
6637.852	    0.101
6639.044	    0.108
6640.235	    0.123
6641.427	    0.149
6642.619	    0.195
6643.812	    0.285
6645.004	    0.416
6646.197	    0.545
6647.390	    0.599
6648.583	    0.533
6649.777	    0.400
6650.970	    0.301
6652.164	    0.303
6653.358	    0.338
6654.552	    0.477
6655.747	    0.520
6656.941	    0.372
6658.136	    0.186
6659.331	    0.093
6660.527	    0.088
6667.703	    0.087
6668.900	    0.090
6670.097	    0.085
6671.294	    0.071
6672.492	    0.068
6673.689	    0.074
6674.887	    0.068
6676.086	    0.069
6677.284	    0.069
6678.482	    0.068
6679.681	    0.071
6680.880	    0.065
6682.079	    0.084
6683.279	    0.084
6684.478	    0.078
6685.678	    0.076
6686.878	    0.069
6688.079	    0.075
6689.279	    0.073
6690.480	    0.084
6691.681	    0.083
6692.882	    0.083
6694.083	    0.092
6695.285	    0.082
6696.486	    0.071
6697.688	    0.068
6698.891	    0.055
6700.093	    0.068
6701.296	    0.077
6702.499	    0.074
6703.702	    0.067
6704.905	    0.061
6706.108	    0.071
6707.312	    0.076
6708.516	    0.077
6709.720	    0.082
6710.925	    0.087
6712.129	    0.076
6713.334	    0.067
6714.539	    0.069
6715.744	    0.076
6716.950	    0.070
6718.155	    0.063
6719.361	    0.057
6720.567	    0.068
6721.774	    0.073
6722.980	    0.082
6724.187	    0.063
6725.394	    0.058
6726.601	    0.058
6727.808	    0.057
6729.016	    0.050
6730.224	    0.059
6731.432	    0.061
6732.640	    0.067
6733.849	    0.074
6735.057	    0.063
6736.266	    0.063
6737.475	    0.062
6738.685	    0.067
6739.894	    0.075
6741.104	    0.088
6742.314	    0.100
6743.524	    0.099
6744.735	    0.092
6745.945	    0.090
6747.156	    0.090
6748.367	    0.068
6749.579	    0.078
6750.790	    0.073
6752.002	    0.051
6753.214	    0.042
6754.426	    0.054
6755.638	    0.071
6756.851	    0.062
6758.064	    0.055
6759.277	    0.055
6760.490	    0.049
6761.704	    0.063
6762.917	    0.077
6764.131	    0.059
6765.345	    0.057
6766.560	    0.067
6767.774	    0.056
6768.989	    0.067
6770.204	    0.069
6771.419	    0.064
6772.635	    0.060
6773.851	    0.078
6775.066	    0.094
6776.282	    0.095
6777.499	    0.131
6778.715	    0.186
6779.932	    0.247
6781.149	    0.298
6782.366	    0.297
6783.584	    0.238
6784.801	    0.160
6786.019	    0.119
6787.237	    0.094
6788.455	    0.076
6789.674	    0.075
6790.893	    0.092
6792.112	    0.121
6793.331	    0.170
6794.550	    0.230
6795.770	    0.277
6796.990	    0.263
6798.210	    0.207
6799.430	    0.143
6800.650	    0.093
6801.871	    0.052
6803.092	    0.035
6804.313	    0.058
6805.534	    0.063
6806.756	    0.048
6807.978	    0.037
6809.200	    0.038
6810.422	    0.062
6811.644	    0.074
6812.867	    0.064
6814.090	    0.066
6815.313	    0.060
6816.536	    0.055
6817.760	    0.051
6818.984	    0.048
6820.208	    0.038
6821.432	    0.042
6822.656	    0.062
6823.881	    0.081
6825.106	    0.077
6826.331	    0.070
6827.556	    0.059
6828.782	    0.067
6830.007	    0.068
6831.233	    0.038
6832.460	    0.023
6833.686	    0.019
6834.913	    0.019
6836.139	    0.038
6837.366	    0.045
6838.594	    0.036
6839.821	    0.036
6841.049	    0.044
6842.277	    0.051
6843.505	    0.058
6844.733	    0.049
6845.962	    0.049
6847.191	    0.057
6848.420	    0.055
6849.649	    0.043
6850.879	    0.058
6852.108	    0.038
6853.338	    0.027
6854.568	    0.043
6855.799	    0.048
6857.029	    0.066
6858.260	    0.089
6859.491	    0.097
6860.722	    0.076
6861.954	    0.083
6863.186	    0.139
6864.418	    0.158
6865.650	    0.156
6866.882	    0.145
6868.115	    0.134
6869.347	    0.130
6870.580	    0.123
6871.814	    0.109
6873.047	    0.098
6874.281	    0.088
6875.515	    0.063
6876.749	    0.007
6877.983	    0.034
6879.218	    0.045
6880.453	    0.066
6881.688	    0.065
6882.923	    0.068
6884.158	    0.070
6885.394	    0.070
6886.630	    0.084
6887.866	    0.085
6889.102	    0.076
6890.339	    0.072
6891.576	    0.084
6892.813	    0.074
6894.050	    0.076
6895.287	    0.071
6896.525	    0.065
6897.763	    0.064
6899.001	    0.079
6900.239	    0.092
6901.478	    0.072
6902.717	    0.049
6903.956	    0.062
6905.195	    0.053
6906.434	    0.032
6907.674	    0.038
6908.914	    0.044
6910.154	    0.062
6911.395	    0.023
6912.635	    0.029
6913.876	    0.048
6915.117	    0.054
6916.358	    0.023
6917.600	    0.059
6918.841	    0.067
6920.083	    0.041
6921.325	    0.043
6922.568	    0.055
6923.810	    0.051
6925.053	    0.040
6926.296	    0.051
6927.539	    0.063
6928.783	    0.029
6930.026	    0.022
6931.270	    0.016
6932.514	    0.052
6933.759	    0.065
6935.003	    0.069
6936.248	    0.064
6937.493	    0.032
6938.739	    0.028
6939.984	    0.044
6941.230	    0.030
6942.476	    0.056
6943.722	    0.068
6944.968	    0.076
6946.215	    0.061
6947.462	    0.036
6948.709	    0.035
6949.956	    0.048
6951.203	    0.048
6952.451	    0.040
6953.699	    0.032
6954.947	    0.023
6956.196	    0.044
6957.444	    0.042
6958.693	    0.040
6959.942	    0.049
6961.191	    0.061
6962.441	    0.032
6963.691	    0.013
6964.941	    0.053
6966.191	    0.041
6967.441	    0.033
6968.692	    0.031
6969.943	    0.050
6971.194	    0.042
6972.445	    0.058
6973.696	    0.066
6974.948	    0.067
6976.200	    0.044
6977.452	    0.021
6978.705	    0.013
6979.957	    0.010
6981.210	    0.029
6982.463	    0.048
6983.717	    0.037
6984.970	    0.027
6986.224	    0.042
6987.478	    0.047
6988.732	    0.029
6989.987	    0.034
6991.241	    0.027
6992.496	    0.029
6993.751	    0.049
6995.007	    0.042
6996.262	    0.019
6997.518	    0.010
6998.774	    0.018
7000.030	    0.019
7001.287	    0.015
7002.544	    0.016
7003.801	    0.042
7005.058	    0.018
7006.315	    0.064
7007.573	    0.042
7008.831	    0.028
7010.089	    0.018
7011.347	    0.038
7012.605	    0.010
7013.864	    0.026
7015.123	    0.021
7016.382	    0.019
7017.642	    0.015
7018.901	    0.042
7020.161	    0.049
7021.421	    0.053
7022.682	    0.038
7023.942	    0.007
7025.203	    0.033
7026.464	    0.037
7027.725	    0.055
7028.987	    0.054
7030.248	    0.035
7031.510	    0.026
7032.772	    0.042
7034.035	    0.007
7035.297	    0.010
7036.560	    0.039
7037.823	    0.037
7039.086	    0.030
7040.350	    0.045
7041.614	    0.059
7042.877	    0.053
7044.142	    0.032
7045.406	    0.035
7046.671	    0.029
7047.936	    0.033
7049.201	    0.030
7050.466	    0.062
7051.731	    0.058
7052.997	    0.027
7054.263	    0.016
7055.529	    0.027
7056.796	    0.031
7058.062	    0.048
7059.329	    0.045
7060.596	    0.019
7061.864	    0.021
7063.131	    0.007
7064.399	    0.035
7065.667	    0.051
7066.936	    0.042
7068.204	    0.022
7069.473	    0.040
7070.742	    0.035
7072.011	    0.035
7073.280	    0.035
7074.550	    0.035
7075.820	    0.051
7077.090	    0.048
7078.360	    0.054
7079.631	    0.035
7080.901	    0.054
7082.172	    0.013
7083.444	    0.052
7084.715	    0.059
7085.987	    0.042
7087.259	    0.038
7088.531	    0.029
7089.803	    0.039
7091.076	    0.045
7092.349	    0.019
7093.622	    0.030
7094.895	    0.015
7096.168	    0.035
7097.442	    0.038
7098.716	    0.007
7099.990	    0.015
7101.265	    0.018
7102.539	    0.042
7103.814	    0.068
7105.089	    0.046
7106.365	    0.022
7107.640	    0.007
7108.916	    0.019
7110.192	    0.016
7111.468	    0.038
7112.745	    0.042
7114.021	    0.032
7115.298	    0.010
7116.576	    0.016
7117.853	    0.033
7119.131	    0.015
7120.408	    0.027
7121.687	    0.045
7122.965	    0.040
7124.243	    0.050
7125.522	    0.048
7126.801	    0.048
7128.080	    0.028
7129.360	    0.013
7130.640	    0.044
7131.919	    0.059
7133.200	    0.033
7134.480	    0.049
7135.761	    0.045
7137.041	    0.030
7138.323	    0.055
7139.604	    0.045
7140.885	    0.029
7142.167	    0.044
7143.449	    0.022
7144.731	    0.041
7146.014	    0.015
7147.296	    0.022
7148.579	    0.027
7149.863	    0.030
7151.146	    0.045
7152.430	    0.036
7153.713	    0.022
7154.997	    0.028
7156.282	    0.007
7157.566	    0.007
7158.851	    0.021
7160.136	    0.010
7161.421	    0.023
7162.707	    0.034
7163.992	    0.035
7165.278	    0.035
7166.564	    0.029
7167.851	    0.038
7169.137	    0.047
7170.424	    0.040
7171.711	    0.037
7172.998	    0.038
7174.286	    0.049
7175.574	    0.047
7176.862	    0.054
7178.150	    0.066
7179.438	    0.077
7180.727	    0.101
7182.016	    0.099
7183.305	    0.078
7184.595	    0.050
7185.884	    0.053
7187.174	    0.076
7188.464	    0.084
7189.754	    0.063
7191.045	    0.056
7192.336	    0.018
7193.627	    0.046
7194.918	    0.071
7196.209	    0.075
7197.501	    0.086
7198.793	    0.057
7200.085	    0.056
7201.377	    0.047
7202.670	    0.042
7203.963	    0.052
7205.256	    0.018
7206.549	    0.024
7207.843	    0.024
7209.137	    0.029
7210.431	    0.007
7211.725	    0.016
7213.019	    0.047
7214.314	    0.049
7215.609	    0.054
7216.904	    0.068
7218.200	    0.072
7219.495	    0.066
7220.791	    0.058
7222.087	    0.051
7223.384	    0.038
7224.680	    0.019
7225.977	    0.032
7227.274	    0.052
7228.571	    0.072
7229.869	    0.076
7231.166	    0.052
7232.464	    0.018
7233.763	    0.060
7235.061	    0.074
7236.360	    0.035
7237.659	    0.037
7238.958	    0.010
7240.257	    0.040
7241.557	    0.045
7242.857	    0.082
7244.157	    0.105
7245.457	    0.117
7246.757	    0.108
7248.058	    0.102
7249.359	    0.094
7250.660	    0.087
7251.962	    0.079
7253.264	    0.060
7254.566	    0.071
7255.868	    0.058
7257.170	    0.056
7258.473	    0.070
7259.776	    0.081
7261.079	    0.087
7262.382	    0.071
7263.686	    0.063
7264.989	    0.059
7266.293	    0.068
7267.598	    0.058
7268.902	    0.047
7270.207	    0.097
7271.512	    0.096
7272.817	    0.060
7274.123	    0.078
7275.428	    0.094
7276.734	    0.092
7278.040	    0.084
7279.347	    0.061
7280.653	    0.059
7281.960	    0.086
7283.267	    0.101
7284.575	    0.094
7285.882	    0.079
7287.190	    0.078
7288.498	    0.070
7289.806	    0.047
7291.115	    0.061
7292.423	    0.072
7293.732	    0.079
7295.042	    0.087
7296.351	    0.071
7297.661	    0.068
7298.971	    0.041
7300.281	    0.015
7301.591	    0.013
7302.902	    0.048
7304.212	    0.063
7305.524	    0.064
7306.835	    0.054
7308.146	    0.049
7309.458	    0.035
7310.770	    0.082
7312.082	    0.062
7313.395	    0.058
7314.708	    0.087
7316.021	    0.081
7317.334	    0.077
7318.647	    0.079
7319.961	    0.076
7321.275	    0.078
7322.589	    0.055
7323.903	    0.022
7325.218	    0.029
7326.533	    0.064
7327.848	    0.082
7329.163	    0.080
7330.479	    0.070
7331.795	    0.077
7333.111	    0.042
7334.427	    0.093
7335.743	    0.110
7337.060	    0.070
7338.377	    0.072
7339.694	    0.085
