wlen 	 newgal_spectrum 
  4184.326 	      0.011
  4185.077 	      0.006
  4185.828 	      0.008
  4186.580 	      0.021
  4187.331 	      0.025
  4188.083 	      0.011
  4188.835 	      0.006
  4189.586 	      0.011
  4190.339 	     -0.017
  4191.091 	     -0.026
  4191.843 	     -0.040
  4192.595 	     -0.064
  4193.348 	     -0.071
  4194.101 	     -0.075
  4194.853 	     -0.070
  4195.606 	     -0.052
  4196.359 	     -0.062
  4197.113 	     -0.035
  4197.866 	      0.003
  4198.620 	      0.060
  4199.373 	      0.052
  4200.127 	      0.031
  4200.881 	     -0.000
  4201.635 	     -0.051
  4202.389 	     -0.094
  4203.143 	     -0.036
  4203.898 	      0.026
  4204.652 	      0.066
  4205.407 	      0.063
  4206.162 	      0.024
  4206.917 	     -0.003
  4207.672 	      0.014
  4208.427 	     -0.025
  4209.183 	      0.026
  4209.938 	      0.036
  4210.694 	     -0.097
  4211.450 	      0.027
  4212.206 	      0.019
  4212.962 	      0.019
  4213.718 	      0.090
  4214.474 	      0.082
  4215.231 	      0.065
  4215.987 	      0.052
  4216.744 	      0.047
  4217.501 	      0.013
  4218.258 	      0.033
  4219.015 	      0.046
  4219.773 	      0.024
  4220.530 	      0.023
  4221.288 	      0.016
  4222.045 	      0.005
  4222.803 	     -0.014
  4223.561 	      0.072
  4224.319 	      0.060
  4225.077 	      0.035
  4225.836 	      0.006
  4226.594 	      0.023
  4227.353 	      0.055
  4228.112 	      0.057
  4228.871 	      0.004
  4229.630 	      0.093
  4230.389 	      0.067
  4231.148 	      0.060
  4231.908 	      0.094
  4232.667 	      0.099
  4233.427 	      0.097
  4234.187 	      0.064
  4234.947 	     -0.011
  4235.707 	      0.044
  4236.468 	      0.038
  4237.228 	      0.060
  4237.989 	      0.114
  4238.749 	     -0.071
  4239.510 	      0.042
  4240.271 	      0.066
  4241.032 	      0.005
  4241.793 	     -0.012
  4242.555 	      0.081
  4243.316 	      0.095
  4244.078 	      0.055
  4244.840 	      0.081
  4245.602 	      0.034
  4246.364 	      0.012
  4247.126 	      0.007
  4247.888 	      0.041
  4248.651 	      0.073
  4249.413 	      0.095
  4250.176 	      0.106
  4250.939 	      0.080
  4251.702 	      0.074
  4252.465 	      0.057
  4253.229 	      0.043
  4253.992 	      0.055
  4254.756 	      0.049
  4255.519 	      0.031
  4256.283 	      0.019
  4257.047 	      0.040
  4257.811 	      0.048
  4258.575 	      0.044
  4259.340 	      0.048
  4260.104 	      0.073
  4260.869 	      0.055
  4261.634 	      0.059
  4262.399 	      0.069
  4263.164 	      0.086
  4263.929 	      0.001
  4264.695 	      0.003
  4265.460 	     -0.005
  4266.226 	     -0.028
  4266.991 	     -0.005
  4267.757 	      0.055
  4268.523 	      0.045
  4269.290 	      0.002
  4270.056 	      0.108
  4270.822 	      0.052
  4271.589 	     -0.000
  4272.356 	     -0.034
  4273.123 	      0.016
  4273.890 	      0.101
  4274.657 	      0.093
  4275.424 	      0.071
  4276.191 	      0.087
  4276.959 	      0.089
  4277.727 	      0.116
  4278.494 	      0.111
  4279.262 	      0.037
  4280.031 	      0.001
  4280.799 	      0.022
  4281.567 	      0.045
  4282.336 	      0.065
  4283.104 	      0.064
  4283.873 	      0.048
  4284.642 	      0.029
  4285.411 	      0.015
  4286.180 	      0.066
  4286.950 	      0.055
  4287.719 	      0.034
  4288.489 	      0.009
  4289.259 	     -0.017
  4290.029 	      0.034
  4290.799 	      0.062
  4291.569 	      0.076
  4292.339 	      0.078
  4293.110 	      0.042
  4293.880 	      0.013
  4294.651 	     -0.003
  4295.422 	     -0.004
  4296.193 	     -0.019
  4296.964 	      0.012
  4297.735 	      0.046
  4298.507 	      0.080
  4299.278 	      0.062
  4300.050 	      0.040
  4300.822 	      0.077
  4301.594 	      0.118
  4302.366 	      0.072
  4303.138 	      0.105
  4303.910 	      0.081
  4304.683 	      0.060
  4305.456 	      0.073
  4306.229 	      0.085
  4307.001 	      0.043
  4307.775 	      0.032
  4308.548 	      0.061
  4309.321 	      0.106
  4310.095 	      0.109
  4310.868 	      0.125
  4311.642 	      0.129
  4312.416 	      0.010
  4313.190 	      0.013
  4313.964 	      0.038
  4314.739 	      0.060
  4315.513 	      0.056
  4316.288 	      0.032
  4317.062 	      0.031
  4317.837 	      0.031
  4318.612 	      0.031
  4319.388 	      0.082
  4320.163 	      0.127
  4320.938 	      0.135
  4321.714 	      0.109
  4322.490 	      0.036
  4323.266 	      0.051
  4324.042 	      0.077
  4324.818 	      0.100
  4325.594 	      0.102
  4326.370 	      0.136
  4327.147 	      0.138
  4327.924 	      0.112
  4328.700 	      0.060
  4329.477 	      0.041
  4330.255 	      0.073
  4331.032 	      0.083
  4331.809 	      0.082
  4332.587 	      0.115
  4333.364 	      0.154
  4334.142 	      0.138
  4334.920 	      0.110
  4335.698 	      0.078
  4336.477 	      0.044
  4337.255 	      0.111
  4338.034 	      0.125
  4338.812 	      0.081
  4339.591 	      0.023
  4340.370 	      0.021
  4341.149 	     -0.024
  4341.928 	     -0.057
  4342.708 	      0.016
  4343.487 	      0.060
  4344.267 	      0.084
  4345.046 	      0.081
  4345.826 	      0.048
  4346.606 	      0.053
  4347.387 	      0.032
  4348.167 	      0.037
  4348.947 	      0.056
  4349.728 	      0.077
  4350.509 	      0.086
  4351.290 	      0.113
  4352.071 	      0.123
  4352.852 	      0.098
  4353.633 	      0.125
  4354.415 	      0.124
  4355.196 	      0.129
  4355.978 	      0.128
  4356.760 	      0.059
  4357.542 	      0.079
  4358.324 	      0.081
  4359.106 	      0.082
  4359.889 	      0.087
  4360.671 	      0.100
  4361.454 	      0.117
  4362.237 	      0.104
  4363.020 	      0.067
  4363.803 	      0.045
  4364.587 	      0.009
  4365.370 	     -0.004
  4366.153 	     -0.004
  4366.937 	      0.011
  4367.721 	      0.061
  4368.505 	      0.067
  4369.289 	      0.077
  4370.073 	      0.100
  4370.858 	      0.156
  4371.642 	      0.075
  4372.427 	      0.058
  4373.212 	      0.080
  4373.997 	      0.143
  4374.782 	      0.089
  4375.567 	      0.100
  4376.353 	      0.105
  4377.138 	      0.104
  4377.924 	      0.097
  4387.363 	      0.057
  4388.151 	      0.098
  4388.938 	      0.066
  4389.726 	      0.077
  4390.514 	      0.088
  4391.302 	      0.089
  4392.090 	      0.052
  4392.879 	      0.057
  4393.667 	      0.063
  4394.456 	      0.056
  4395.245 	      0.041
  4396.033 	      0.071
  4396.823 	      0.073
  4397.612 	      0.066
  4398.401 	      0.070
  4399.191 	      0.108
  4399.980 	      0.156
  4400.770 	      0.093
  4401.560 	      0.081
  4402.350 	      0.115
  4403.140 	      0.165
  4403.931 	      0.116
  4404.721 	      0.099
  4405.512 	      0.091
  4406.302 	      0.085
  4407.093 	      0.005
  4407.884 	      0.047
  4408.676 	      0.058
  4409.467 	      0.052
  4410.258 	      0.035
  4411.050 	      0.081
  4411.842 	      0.114
  4412.634 	      0.106
  4413.426 	      0.066
  4414.218 	      0.041
  4415.010 	     -0.020
  4415.803 	      0.018
  4416.595 	      0.050
  4417.388 	      0.040
  4418.181 	      0.069
  4418.974 	      0.047
  4419.767 	      0.081
  4420.561 	      0.113
  4421.354 	      0.071
  4422.148 	      0.054
  4422.941 	     -0.003
  4423.735 	     -0.004
  4424.529 	      0.032
  4425.324 	      0.024
  4426.118 	      0.072
  4426.912 	      0.049
  4427.707 	      0.025
  4428.502 	      0.021
  4429.297 	      0.078
  4430.092 	      0.086
  4430.887 	      0.084
  4431.682 	      0.085
  4432.478 	      0.097
  4433.273 	      0.077
  4434.069 	      0.054
  4434.865 	      0.062
  4435.661 	      0.060
  4436.457 	     -0.027
  4437.253 	     -0.046
  4438.050 	      0.006
  4438.847 	      0.033
  4439.643 	      0.035
  4440.440 	      0.034
  4441.237 	      0.050
  4442.034 	      0.050
  4442.832 	      0.042
  4443.629 	      0.027
  4444.427 	      0.028
  4445.225 	      0.039
  4446.023 	      0.039
  4446.821 	      0.030
  4447.619 	      0.015
  4448.417 	      0.011
  4449.216 	      0.027
  4450.014 	      0.046
  4450.813 	      0.059
  4451.612 	      0.057
  4452.411 	      0.020
  4453.210 	     -0.012
  4454.009 	     -0.015
  4454.809 	     -0.000
  4455.609 	      0.015
  4456.408 	     -0.018
  4457.208 	     -0.025
  4458.008 	     -0.006
  4458.808 	      0.031
  4459.609 	      0.066
  4460.409 	      0.058
  4461.210 	      0.024
  4462.011 	     -0.014
  4462.812 	     -0.048
  4463.613 	     -0.064
  4464.414 	     -0.042
  4465.215 	     -0.012
  4466.017 	      0.014
  4466.818 	      0.031
  4467.620 	      0.032
  4468.422 	      0.022
  4469.224 	      0.019
  4470.026 	      0.022
  4470.829 	      0.029
  4471.631 	      0.031
  4472.434 	      0.022
  4473.237 	      0.009
  4474.039 	     -0.003
  4474.843 	     -0.010
  4475.646 	     -0.002
  4476.449 	      0.017
  4477.253 	      0.030
  4478.056 	      0.034
  4478.860 	      0.028
  4479.664 	      0.021
  4480.468 	      0.013
  4481.272 	      0.008
  4482.077 	      0.008
  4482.881 	      0.013
  4483.686 	      0.022
  4484.491 	      0.032
  4485.296 	      0.037
  4486.101 	      0.037
  4486.906 	      0.032
  4487.711 	      0.027
  4488.517 	      0.022
  4489.322 	      0.021
  4490.128 	      0.021
  4490.934 	      0.023
  4491.740 	      0.026
  4492.547 	      0.004
  4493.353 	     -0.001
  4494.160 	     -0.021
  4494.966 	     -0.076
  4495.773 	      0.008
  4496.580 	      0.025
  4497.387 	      0.017
  4498.194 	     -0.020
  4499.002 	     -0.087
  4499.809 	      0.017
  4500.617 	      0.041
  4501.425 	      0.026
  4502.233 	      0.003
  4503.041 	     -0.005
  4503.849 	      0.037
  4504.658 	      0.053
  4505.466 	      0.048
  4506.275 	      0.036
  4507.084 	      0.025
  4507.893 	      0.013
  4508.702 	     -0.002
  4509.511 	     -0.012
  4510.321 	     -0.014
  4511.130 	     -0.004
  4511.940 	      0.022
  4512.750 	      0.045
  4513.560 	      0.056
  4514.370 	      0.053
  4515.180 	      0.039
  4515.991 	      0.031
  4516.802 	      0.041
  4517.612 	      0.050
  4518.423 	      0.050
  4519.234 	      0.037
  4520.045 	      0.004
  4520.857 	     -0.033
  4521.668 	     -0.052
  4522.480 	     -0.053
  4523.292 	     -0.040
  4524.103 	     -0.006
  4524.916 	      0.048
  4525.728 	      0.059
  4526.540 	      0.037
  4527.353 	     -0.002
  4528.165 	     -0.034
  4528.978 	     -0.010
  4529.791 	      0.019
  4530.604 	      0.032
  4531.417 	      0.030
  4532.231 	      0.019
  4533.044 	      0.007
  4533.858 	      0.006
  4534.672 	      0.002
  4535.486 	     -0.006
  4536.300 	     -0.020
  4537.114 	     -0.051
  4537.928 	     -0.051
  4538.743 	     -0.024
  4539.558 	      0.010
  4540.372 	      0.042
  4541.187 	      0.065
  4542.002 	      0.069
  4542.818 	      0.056
  4543.633 	      0.037
  4544.449 	      0.013
  4545.264 	     -0.019
  4546.080 	     -0.024
  4546.896 	     -0.011
  4547.712 	      0.009
  4548.529 	      0.027
  4549.345 	      0.034
  4550.162 	      0.031
  4550.979 	      0.015
  4551.795 	     -0.002
  4552.612 	     -0.014
  4553.430 	     -0.018
  4554.247 	     -0.010
  4555.064 	     -0.006
  4555.882 	     -0.012
  4556.700 	     -0.018
  4557.518 	     -0.016
  4558.336 	      0.009
  4559.154 	      0.029
  4559.972 	      0.025
  4560.791 	      0.009
  4561.609 	     -0.008
  4562.428 	     -0.009
  4563.247 	      0.012
  4564.066 	      0.033
  4564.885 	      0.043
  4565.705 	      0.038
  4566.524 	      0.011
  4567.344 	     -0.024
  4568.164 	     -0.027
  4568.984 	     -0.015
  4569.804 	     -0.001
  4570.624 	      0.009
  4571.445 	      0.004
  4572.265 	     -0.021
  4573.086 	     -0.040
  4573.907 	     -0.048
  4574.728 	     -0.042
  4575.549 	     -0.019
  4576.370 	      0.017
  4577.192 	      0.015
  4578.013 	     -0.012
  4578.835 	     -0.044
  4579.657 	     -0.058
  4580.479 	     -0.030
  4581.301 	      0.002
  4582.123 	      0.018
  4582.946 	      0.017
  4583.768 	     -0.000
  4584.591 	     -0.031
  4585.414 	     -0.021
  4586.237 	      0.010
  4587.060 	      0.015
  4587.884 	     -0.002
  4588.707 	     -0.032
  4589.531 	     -0.027
  4590.355 	      0.000
  4591.179 	     -0.005
  4592.003 	     -0.026
  4592.827 	     -0.050
  4593.651 	     -0.046
  4594.476 	     -0.014
  4595.301 	     -0.002
  4596.125 	     -0.003
  4596.950 	     -0.012
  4597.776 	     -0.026
  4598.601 	     -0.032
  4599.426 	     -0.015
  4600.252 	     -0.000
  4601.078 	      0.009
  4601.903 	      0.013
  4602.730 	      0.013
  4603.556 	      0.019
  4604.382 	      0.016
  4605.208 	      0.012
  4606.035 	      0.007
  4606.862 	      0.003
  4607.689 	      0.001
  4608.516 	      0.012
  4609.343 	      0.021
  4610.170 	      0.019
  4610.998 	      0.003
  4611.826 	     -0.023
  4612.653 	     -0.030
  4613.481 	     -0.008
  4614.309 	      0.013
  4615.138 	      0.022
  4615.966 	      0.013
  4616.795 	     -0.007
  4617.623 	     -0.012
  4618.452 	     -0.014
  4619.281 	     -0.013
  4620.110 	     -0.010
  4620.940 	     -0.007
  4621.769 	     -0.017
  4622.599 	     -0.028
  4623.428 	     -0.038
  4624.258 	     -0.043
  4625.088 	     -0.041
  4625.918 	     -0.030
  4626.749 	     -0.019
  4627.579 	     -0.020
  4628.410 	     -0.023
  4629.241 	     -0.026
  4630.072 	     -0.025
  4630.903 	     -0.007
  4631.734 	      0.013
  4632.565 	      0.025
  4633.397 	      0.028
  4634.229 	      0.018
  4635.060 	     -0.004
  4635.892 	     -0.017
  4636.724 	     -0.023
  4637.557 	     -0.031
  4638.389 	     -0.032
  4639.222 	     -0.027
  4640.054 	     -0.018
  4640.887 	     -0.036
  4641.720 	     -0.051
  4642.553 	     -0.060
  4643.387 	     -0.060
  4644.220 	     -0.050
  4645.054 	     -0.027
  4645.888 	     -0.003
  4646.722 	      0.001
  4647.556 	     -0.003
  4648.390 	     -0.007
  4649.224 	     -0.007
  4650.059 	     -0.006
  4650.893 	     -0.007
  4651.728 	     -0.010
  4652.563 	     -0.012
  4653.398 	     -0.014
  4654.234 	     -0.019
  4655.069 	     -0.033
  4655.905 	     -0.033
  4656.740 	     -0.018
  4657.576 	      0.000
  4658.412 	      0.014
  4659.248 	      0.018
  4660.085 	     -0.000
  4660.921 	     -0.024
  4661.758 	     -0.027
  4662.594 	     -0.016
  4663.431 	      0.001
  4664.268 	      0.009
  4665.106 	      0.003
  4665.943 	      0.017
  4666.781 	      0.038
  4667.618 	      0.045
  4668.456 	      0.032
  4669.294 	      0.003
  4670.132 	     -0.014
  4670.970 	     -0.014
  4671.809 	     -0.011
  4672.647 	     -0.008
  4673.486 	     -0.005
  4674.325 	     -0.003
  4675.164 	     -0.003
  4676.003 	     -0.004
  4676.843 	     -0.000
  4677.682 	      0.003
  4678.522 	      0.004
  4679.361 	      0.001
  4680.201 	     -0.007
  4681.041 	     -0.014
  4681.882 	     -0.029
  4682.722 	     -0.040
  4683.563 	     -0.038
  4684.403 	     -0.011
  4685.244 	      0.010
  4686.085 	     -0.007
  4686.926 	     -0.029
  4687.767 	     -0.035
  4688.609 	     -0.013
  4689.450 	      0.045
  4690.292 	     -0.027
  4691.134 	     -0.050
  4691.976 	     -0.035
  4692.818 	     -0.038
  4693.661 	     -0.049
  4694.503 	     -0.012
  4695.346 	     -0.027
  4696.189 	      0.045
  4697.032 	      0.041
  4697.875 	      0.022
  4698.718 	      0.014
  4699.561 	      0.021
  4700.405 	      0.003
  4701.249 	      0.043
  4702.092 	      0.058
  4702.936 	      0.052
  4703.781 	      0.031
  4704.625 	      0.008
  4705.469 	      0.033
  4706.314 	      0.012
  4707.159 	     -0.017
  4708.004 	     -0.035
  4708.849 	     -0.050
  4709.694 	     -0.066
  4710.539 	     -0.056
  4711.385 	     -0.026
  4712.231 	     -0.045
  4713.076 	     -0.047
  4713.922 	     -0.030
  4714.768 	     -0.003
  4715.615 	      0.012
  4716.461 	     -0.007
  4717.308 	     -0.031
  4718.154 	     -0.026
  4719.001 	     -0.028
  4719.848 	     -0.033
  4720.696 	      0.011
  4721.543 	      0.065
  4722.390 	      0.035
  4723.238 	      0.029
  4724.086 	      0.013
  4724.934 	     -0.012
  4725.782 	     -0.023
  4726.630 	     -0.033
  4727.479 	      0.008
  4728.327 	      0.014
  4729.176 	      0.000
  4730.025 	     -0.016
  4730.874 	     -0.019
  4731.723 	     -0.012
  4732.572 	     -0.032
  4733.422 	      0.020
  4734.271 	      0.021
  4735.121 	      0.005
  4735.971 	      0.001
  4736.821 	      0.013
  4737.671 	      0.015
  4738.522 	     -0.050
  4739.372 	     -0.065
  4740.223 	     -0.043
  4741.074 	     -0.024
  4741.925 	     -0.041
  4742.776 	     -0.014
  4743.627 	      0.061
  4744.479 	     -0.036
  4745.330 	     -0.065
  4746.182 	     -0.049
  4747.034 	     -0.035
  4747.886 	     -0.027
  4748.738 	     -0.001
  4749.591 	     -0.021
  4750.443 	     -0.027
  4751.296 	     -0.043
  4752.149 	     -0.059
  4753.002 	     -0.048
  4753.855 	     -0.004
  4754.708 	      0.041
  4755.562 	      0.002
  4756.415 	      0.000
  4757.269 	      0.005
  4758.123 	     -0.007
  4758.977 	     -0.000
  4759.831 	      0.041
  4760.686 	      0.040
  4761.540 	      0.018
  4762.395 	      0.008
  4763.250 	     -0.001
  4764.105 	     -0.031
  4764.960 	     -0.040
  4765.815 	     -0.024
  4766.671 	      0.011
  4767.526 	      0.006
  4768.382 	     -0.030
  4769.238 	     -0.061
  4770.094 	     -0.040
  4770.950 	     -0.038
  4771.807 	     -0.012
  4772.663 	     -0.010
  4773.520 	     -0.029
  4774.377 	     -0.039
  4775.234 	     -0.022
  4776.091 	     -0.007
  4776.948 	      0.013
  4777.805 	      0.005
  4778.663 	     -0.006
  4779.521 	     -0.005
  4780.379 	      0.007
  4781.237 	      0.022
  4782.095 	     -0.002
  4782.953 	      0.011
  4783.812 	      0.012
  4784.670 	     -0.010
  4785.529 	     -0.013
  4786.388 	      0.007
  4787.247 	      0.020
  4788.107 	     -0.002
  4788.966 	     -0.017
  4789.826 	     -0.016
  4790.686 	     -0.010
  4791.545 	     -0.006
  4792.405 	     -0.009
  4793.266 	     -0.020
  4794.126 	      0.086
  4794.987 	      0.006
  4795.847 	      0.012
  4796.708 	     -0.006
  4797.569 	     -0.025
  4798.430 	     -0.022
  4799.292 	     -0.032
  4800.153 	     -0.026
  4801.015 	     -0.048
  4801.876 	     -0.018
  4802.738 	      0.010
  4803.600 	      0.011
  4804.463 	     -0.022
  4805.325 	     -0.073
  4806.188 	     -0.038
  4807.050 	     -0.063
  4807.913 	     -0.045
  4808.776 	     -0.029
  4809.639 	     -0.051
  4810.503 	     -0.085
  4821.740 	     -0.005
  4822.605 	     -0.025
  4823.471 	     -0.011
  4824.337 	     -0.010
  4825.203 	     -0.043
  4826.069 	     -0.041
  4826.935 	     -0.011
  4827.801 	      0.009
  4828.668 	     -0.010
  4829.535 	     -0.058
  4830.401 	     -0.067
  4831.269 	     -0.065
  4832.136 	     -0.033
  4833.003 	     -0.002
  4833.871 	     -0.004
  4834.738 	     -0.035
  4835.606 	     -0.050
  4836.474 	      0.007
  4837.342 	      0.010
  4838.210 	      0.018
  4839.079 	      0.021
  4839.947 	      0.008
  4840.816 	     -0.021
  4841.685 	     -0.054
  4842.554 	     -0.040
  4843.423 	     -0.019
  4844.293 	     -0.015
  4845.162 	     -0.027
  4846.032 	     -0.031
  4846.902 	     -0.024
  4847.772 	     -0.015
  4848.642 	     -0.010
  4849.512 	     -0.049
  4850.383 	     -0.009
  4851.253 	     -0.001
  4852.124 	     -0.025
  4852.995 	     -0.038
  4853.866 	     -0.015
  4854.737 	      0.009
  4855.609 	      0.006
  4856.480 	     -0.006
  4857.352 	      0.007
  4858.224 	     -0.015
  4859.096 	     -0.047
  4859.968 	     -0.042
  4860.841 	      0.022
  4861.713 	      0.016
  4862.586 	     -0.071
  4863.459 	     -0.015
  4864.332 	      0.000
  4865.205 	      0.007
  4866.078 	      0.003
  4866.951 	     -0.019
  4867.825 	     -0.018
  4868.699 	     -0.037
  4869.573 	     -0.064
  4870.447 	     -0.048
  4871.321 	     -0.040
  4872.195 	     -0.034
  4873.070 	     -0.019
  4873.945 	     -0.004
  4874.819 	     -0.020
  4875.694 	     -0.058
  4876.570 	     -0.046
  4877.445 	     -0.007
  4878.320 	     -0.021
  4879.196 	     -0.051
  4880.072 	     -0.051
  4880.948 	     -0.072
  4881.824 	     -0.086
  4882.700 	     -0.089
  4883.577 	     -0.096
  4884.453 	     -0.073
  4885.330 	     -0.060
  4886.207 	     -0.065
  4887.084 	     -0.061
  4887.961 	     -0.029
  4888.838 	     -0.049
  4889.716 	     -0.031
  4890.594 	     -0.026
  4891.472 	     -0.032
  4892.350 	     -0.054
  4893.228 	     -0.070
  4894.106 	     -0.050
  4894.984 	     -0.044
  4895.863 	     -0.081
  4896.742 	     -0.098
  4897.621 	     -0.107
  4898.500 	     -0.099
  4899.379 	     -0.078
  4900.259 	     -0.061
  4901.138 	     -0.065
  4902.018 	     -0.028
  4902.898 	      0.069
  4903.778 	      0.296
  4904.658 	      0.729
  4905.538 	      1.260
  4906.419 	      1.701
  4907.300 	      1.835
  4908.180 	      1.519
  4909.061 	      0.890
  4909.943 	      0.427
  4910.824 	      0.182
  4911.705 	      0.036
  4912.587 	     -0.023
  4913.469 	     -0.038
  4914.351 	     -0.056
  4915.233 	     -0.084
  4916.115 	     -0.104
  4916.998 	     -0.098
  4917.880 	     -0.073
  4918.763 	     -0.065
  4919.646 	     -0.068
  4920.529 	     -0.072
  4921.412 	     -0.073
  4922.295 	     -0.073
  4923.179 	     -0.059
  4924.063 	     -0.040
  4924.947 	     -0.066
  4925.831 	     -0.072
  4926.715 	     -0.066
  4927.599 	     -0.057
  4928.484 	     -0.061
  4929.368 	     -0.097
  4930.253 	     -0.113
  4931.138 	     -0.082
  4932.023 	     -0.086
  4932.908 	     -0.116
  4933.794 	     -0.090
  4934.679 	     -0.081
  4935.565 	     -0.090
  4936.451 	     -0.031
  4937.337 	     -0.045
  4938.223 	     -0.069
  4939.110 	     -0.060
  4939.996 	     -0.045
  4940.883 	     -0.052
  4941.770 	     -0.061
  4942.657 	     -0.052
  4943.544 	     -0.034
  4944.431 	     -0.035
  4945.319 	     -0.030
  4946.207 	     -0.074
  4947.094 	     -0.036
  4947.982 	     -0.057
  4948.871 	     -0.053
  4949.759 	     -0.045
  4950.647 	     -0.059
  4951.536 	     -0.033
  4952.425 	     -0.019
  4953.314 	     -0.067
  4954.203 	     -0.101
  4955.092 	     -0.096
  4955.981 	     -0.086
  4956.871 	     -0.084
  4957.761 	     -0.073
  4958.651 	     -0.046
  4959.541 	     -0.065
  4960.431 	     -0.063
  4961.321 	     -0.067
  4962.212 	     -0.082
  4963.103 	     -0.075
  4963.993 	     -0.067
  4964.884 	     -0.063
  4965.776 	     -0.054
  4966.667 	     -0.041
  4967.558 	     -0.035
  4968.450 	     -0.025
  4969.342 	     -0.050
  4970.234 	     -0.036
  4971.126 	     -0.042
  4972.018 	     -0.057
  4972.911 	     -0.059
  4973.803 	     -0.041
  4974.696 	     -0.020
  4975.589 	     -0.022
  4976.482 	     -0.058
  4977.375 	     -0.072
  4978.269 	     -0.059
  4979.162 	     -0.072
  4980.056 	     -0.085
  4980.950 	     -0.072
  4981.844 	     -0.057
  4982.738 	     -0.075
  4983.633 	     -0.042
  4984.527 	     -0.006
  4985.422 	     -0.027
  4986.317 	     -0.037
  4987.212 	     -0.041
  4988.107 	     -0.058
  4989.002 	     -0.073
  4989.898 	     -0.060
  4990.794 	     -0.042
  4991.689 	     -0.069
  4992.585 	     -0.057
  4993.482 	     -0.031
  4994.378 	     -0.029
  4995.274 	     -0.033
  4996.171 	     -0.046
  4997.068 	     -0.066
  4997.965 	     -0.072
  4998.862 	     -0.034
  4999.759 	     -0.020
  5000.657 	     -0.084
  5001.554 	     -0.052
  5002.452 	     -0.029
  5003.350 	      0.014
  5004.248 	      0.056
  5005.146 	      0.082
  5006.045 	      0.086
  5006.943 	      0.019
  5007.842 	     -0.004
  5008.741 	     -0.037
  5009.640 	     -0.092
  5010.539 	     -0.067
  5011.438 	     -0.050
  5012.338 	     -0.035
  5013.238 	     -0.014
  5014.137 	     -0.020
  5015.037 	     -0.070
  5015.938 	     -0.054
  5016.838 	     -0.082
  5017.738 	     -0.053
  5018.639 	     -0.063
  5019.540 	     -0.063
  5020.441 	     -0.061
  5021.342 	     -0.054
  5022.243 	     -0.063
  5023.145 	     -0.102
  5024.046 	     -0.054
  5024.948 	     -0.114
  5025.850 	     -0.015
  5026.752 	     -0.078
  5027.655 	     -0.073
  5028.557 	     -0.072
  5029.460 	     -0.081
  5030.362 	     -0.061
  5031.265 	     -0.017
  5032.168 	     -0.024
  5033.072 	     -0.023
  5033.975 	      0.017
  5034.879 	     -0.053
  5035.782 	     -0.050
  5036.686 	     -0.023
  5037.590 	     -0.039
  5038.495 	     -0.067
  5039.399 	     -0.072
  5040.304 	     -0.061
  5041.208 	     -0.020
  5042.113 	     -0.056
  5043.018 	     -0.073
  5043.923 	     -0.051
  5044.829 	     -0.027
  5045.734 	     -0.029
  5046.640 	     -0.044
  5047.546 	     -0.072
  5048.452 	     -0.081
  5049.358 	     -0.028
  5050.264 	      0.028
  5051.171 	      0.078
  5052.078 	      0.121
  5052.984 	      0.171
  5053.891 	      0.185
  5054.799 	      0.180
  5055.706 	      0.108
  5056.613 	      0.039
  5057.521 	      0.023
  5058.429 	     -0.003
  5059.337 	     -0.037
  5060.245 	     -0.083
  5061.153 	     -0.075
  5062.062 	     -0.027
  5062.970 	     -0.016
  5063.879 	     -0.009
  5064.788 	     -0.028
  5065.697 	     -0.044
  5066.606 	     -0.041
  5067.516 	     -0.038
  5068.425 	     -0.017
  5069.335 	     -0.042
  5070.245 	     -0.041
  5071.155 	     -0.014
  5072.065 	     -0.024
  5072.976 	     -0.019
  5073.886 	     -0.016
  5074.797 	     -0.026
  5075.708 	     -0.040
  5076.619 	     -0.049
  5077.530 	     -0.043
  5078.442 	     -0.021
  5079.353 	     -0.041
  5080.265 	     -0.064
  5081.177 	     -0.076
  5082.089 	     -0.061
  5083.001 	     -0.027
  5083.914 	      0.005
  5084.826 	      0.011
  5085.739 	     -0.012
  5086.652 	     -0.031
  5087.565 	     -0.036
  5088.478 	     -0.019
  5089.391 	      0.014
  5090.305 	     -0.014
  5091.219 	     -0.021
  5092.132 	     -0.031
  5093.046 	     -0.041
  5093.961 	     -0.040
  5094.875 	     -0.033
  5095.789 	     -0.034
  5096.704 	     -0.035
  5097.619 	     -0.001
  5098.534 	     -0.008
  5099.449 	     -0.070
  5100.364 	     -0.052
  5101.280 	     -0.052
  5102.196 	     -0.035
  5103.111 	     -0.018
  5104.027 	     -0.010
  5104.944 	     -0.026
  5105.860 	     -0.048
  5106.776 	     -0.027
  5107.693 	     -0.048
  5108.610 	     -0.020
  5109.527 	      0.012
  5110.444 	     -0.018
  5111.361 	     -0.028
  5112.279 	     -0.032
  5113.196 	     -0.042
  5114.114 	     -0.048
  5115.032 	     -0.043
  5115.950 	     -0.027
  5116.868 	     -0.004
  5117.787 	     -0.020
  5118.706 	     -0.015
  5119.624 	     -0.014
  5120.543 	      0.014
  5121.462 	     -0.011
  5122.382 	     -0.006
  5123.301 	     -0.030
  5124.221 	     -0.043
  5125.141 	     -0.012
  5126.060 	     -0.003
  5126.981 	     -0.061
  5127.901 	     -0.036
  5128.821 	     -0.079
  5129.742 	      0.028
  5130.663 	     -0.024
  5131.584 	     -0.021
  5132.505 	     -0.044
  5133.426 	     -0.010
  5134.347 	      0.028
  5135.269 	      0.012
  5136.191 	     -0.012
  5137.113 	      0.021
  5138.035 	      0.048
  5138.957 	     -0.029
  5139.879 	      0.032
  5140.802 	     -0.010
  5141.725 	     -0.006
  5142.648 	      0.020
  5143.571 	      0.017
  5144.494 	     -0.034
  5145.417 	     -0.051
  5146.341 	     -0.044
  5147.265 	     -0.048
  5148.189 	     -0.053
  5149.113 	     -0.060
  5150.037 	     -0.017
  5150.961 	     -0.019
  5151.886 	     -0.046
  5152.811 	     -0.041
  5153.736 	     -0.017
  5154.661 	      0.005
  5155.586 	      0.009
  5156.511 	     -0.002
  5157.437 	     -0.002
  5158.363 	      0.007
  5159.289 	      0.012
  5160.215 	      0.031
  5161.141 	      0.026
  5162.067 	     -0.028
  5162.994 	     -0.019
  5163.921 	     -0.023
  5164.848 	     -0.028
  5165.775 	      0.001
  5166.702 	      0.006
  5167.629 	     -0.012
  5168.557 	     -0.032
  5169.485 	     -0.063
  5170.412 	     -0.075
  5171.341 	     -0.036
  5172.269 	     -0.036
  5173.197 	     -0.033
  5174.126 	     -0.030
  5175.054 	     -0.041
  5175.983 	     -0.060
  5176.912 	     -0.067
  5177.842 	     -0.069
  5178.771 	     -0.045
  5179.701 	     -0.037
  5180.630 	     -0.031
  5181.560 	     -0.024
  5182.490 	     -0.038
  5183.421 	     -0.059
  5184.351 	     -0.055
  5185.282 	     -0.049
  5186.212 	     -0.022
  5187.143 	      0.014
  5188.074 	     -0.003
  5189.006 	     -0.018
  5189.937 	     -0.022
  5190.868 	     -0.022
  5191.800 	     -0.021
  5192.732 	     -0.022
  5193.664 	     -0.024
  5194.596 	     -0.026
  5195.529 	     -0.026
  5196.461 	     -0.027
  5197.394 	     -0.029
  5198.327 	     -0.030
  5199.260 	     -0.030
  5200.193 	     -0.029
  5201.127 	     -0.027
  5202.060 	     -0.027
  5202.994 	     -0.031
  5203.928 	     -0.038
  5204.862 	     -0.048
  5205.796 	     -0.059
  5206.731 	     -0.068
  5207.665 	     -0.074
  5208.600 	     -0.077
  5209.535 	     -0.077
  5210.470 	     -0.074
  5211.405 	     -0.069
  5212.341 	     -0.060
  5213.276 	     -0.047
  5214.212 	     -0.026
  5215.148 	      0.002
  5216.084 	      0.028
  5217.021 	      0.044
  5217.957 	      0.043
  5218.894 	      0.034
  5219.830 	      0.027
  5220.767 	      0.028
  5221.704 	      0.030
  5222.642 	      0.021
  5223.579 	     -0.001
  5224.517 	     -0.030
  5225.454 	     -0.053
  5226.392 	     -0.067
  5227.331 	     -0.073
  5228.269 	     -0.073
  5229.207 	     -0.066
  5230.146 	     -0.051
  5231.085 	     -0.028
  5232.024 	     -0.003
  5232.963 	      0.012
  5233.902 	      0.007
  5234.842 	     -0.017
  5235.781 	     -0.046
  5236.721 	     -0.069
  5237.661 	     -0.080
  5238.601 	      0.008
  5239.541 	      0.064
  5240.482 	      0.001
  5241.423 	      0.001
  5242.363 	      0.002
  5243.304 	      0.013
  5244.245 	      0.029
  5245.187 	      0.086
  5246.128 	      0.133
  5247.070 	      0.161
  5248.012 	      0.160
  5248.954 	      0.067
  5249.896 	      0.051
  5250.838 	      0.017
  5251.781 	     -0.015
  5252.723 	     -0.025
  5253.666 	     -0.003
  5254.609 	      0.015
  5255.552 	     -0.011
  5256.496 	      0.003
  5257.439 	      0.009
  5258.383 	      0.009
  5259.327 	      0.057
  5260.271 	      0.034
  5261.215 	     -0.041
  5262.159 	     -0.056
  5263.104 	     -0.041
  5264.049 	     -0.019
  5264.994 	     -0.025
  5265.939 	     -0.026
  5266.884 	     -0.031
  5267.829 	     -0.071
  5268.775 	      0.003
  5269.721 	     -0.011
  5270.666 	     -0.023
  5271.612 	     -0.016
  5272.559 	      0.014
  5273.505 	     -0.032
  5274.452 	     -0.040
  5275.398 	     -0.027
  5276.345 	     -0.010
  5277.292 	      0.003
  5278.240 	     -0.012
  5279.187 	     -0.003
  5280.135 	     -0.035
  5281.082 	     -0.071
  5282.030 	     -0.042
  5282.979 	     -0.009
  5283.927 	     -0.012
  5284.875 	      0.003
  5285.824 	      0.056
  5286.773 	      0.003
  5287.722 	     -0.006
  5288.671 	     -0.000
  5289.620 	     -0.014
  5290.569 	     -0.007
  5291.519 	      0.002
  5292.469 	     -0.016
  5293.419 	     -0.025
  5294.369 	     -0.013
  5295.319 	     -0.026
  5296.270 	     -0.025
  5297.220 	     -0.013
  5298.171 	     -0.023
  5299.122 	      0.001
  5300.073 	     -0.011
  5301.025 	     -0.017
  5301.976 	     -0.021
  5302.928 	      0.016
  5303.880 	     -0.006
  5304.832 	      0.033
  5305.784 	      0.021
  5306.736 	     -0.011
  5307.689 	     -0.022
  5308.642 	     -0.017
  5309.595 	     -0.014
  5310.548 	     -0.021
  5311.501 	     -0.043
  5312.454 	     -0.066
  5313.408 	     -0.060
  5314.362 	     -0.066
  5315.315 	     -0.040
  5316.270 	     -0.051
  5317.224 	      0.008
  5318.178 	     -0.043
  5319.133 	     -0.022
  5320.088 	     -0.006
  5321.043 	     -0.015
  5321.998 	     -0.038
  5322.953 	     -0.048
  5323.908 	     -0.038
  5324.864 	     -0.011
  5325.820 	      0.018
  5326.776 	      0.027
  5327.732 	     -0.002
  5328.688 	     -0.033
  5329.645 	     -0.029
  5330.601 	     -0.039
  5331.558 	     -0.048
  5332.515 	     -0.029
  5333.472 	     -0.006
  5334.430 	     -0.011
  5335.387 	     -0.011
  5336.345 	     -0.009
  5337.303 	      0.002
  5338.261 	      0.016
  5339.219 	     -0.005
  5340.177 	     -0.037
  5341.136 	     -0.042
  5342.094 	     -0.031
  5343.053 	     -0.029
  5344.012 	     -0.022
  5344.972 	     -0.033
  5345.931 	     -0.048
  5346.891 	     -0.033
  5347.850 	     -0.008
  5348.810 	      0.011
  5349.770 	      0.018
  5350.731 	     -0.007
  5351.691 	     -0.034
  5352.652 	     -0.005
  5353.612 	      0.007
  5354.573 	     -0.031
  5355.535 	     -0.068
  5356.496 	     -0.037
  5357.457 	     -0.008
  5358.419 	     -0.009
  5359.381 	     -0.044
  5360.343 	     -0.045
  5361.305 	     -0.039
  5362.267 	     -0.010
  5363.230 	     -0.003
  5364.192 	     -0.016
  5365.155 	     -0.009
  5366.118 	      0.010
  5367.081 	      0.013
  5368.045 	     -0.004
  5369.008 	     -0.023
  5369.972 	     -0.019
  5370.936 	     -0.007
  5371.900 	     -0.017
  5372.864 	     -0.041
  5373.829 	     -0.065
  5374.793 	     -0.050
  5375.758 	     -0.028
  5376.723 	     -0.030
  5377.688 	     -0.022
  5378.653 	     -0.019
  5379.619 	      0.015
  5380.584 	     -0.004
  5381.550 	     -0.019
  5382.516 	     -0.031
  5383.482 	     -0.004
  5384.449 	      0.002
  5385.415 	     -0.047
  5386.382 	     -0.077
  5387.349 	     -0.157
  5388.316 	     -0.204
  5389.283 	     -0.157
  5390.250 	     -0.103
  5391.218 	     -0.066
  5392.185 	     -0.038
  5393.153 	     -0.041
  5394.121 	     -0.044
  5395.090 	     -0.041
  5396.058 	     -0.022
  5397.027 	     -0.019
  5397.995 	     -0.013
  5398.964 	     -0.039
  5399.933 	     -0.054
  5400.903 	     -0.023
  5401.872 	     -0.022
  5402.842 	      0.002
  5403.811 	      0.027
  5404.781 	      0.022
  5405.751 	      0.006
  5406.722 	     -0.008
  5407.692 	     -0.007
  5408.663 	      0.005
  5409.634 	      0.009
  5410.605 	     -0.004
  5411.576 	     -0.025
  5412.547 	     -0.025
  5413.519 	     -0.009
  5414.491 	     -0.028
  5415.462 	     -0.049
  5416.434 	     -0.035
  5417.407 	     -0.034
  5418.379 	     -0.054
  5419.352 	     -0.052
  5420.324 	     -0.045
  5421.297 	     -0.035
  5422.270 	     -0.004
  5423.244 	     -0.004
  5424.217 	     -0.031
  5425.191 	     -0.039
  5426.165 	     -0.050
  5427.139 	     -0.035
  5428.113 	     -0.017
  5429.087 	     -0.020
  5430.062 	     -0.019
  5431.036 	     -0.020
  5432.011 	      0.035
  5432.986 	      0.003
  5433.961 	     -0.034
  5434.937 	     -0.032
  5435.912 	     -0.016
  5436.888 	     -0.010
  5437.864 	     -0.043
  5438.840 	     -0.054
  5439.816 	     -0.026
  5440.793 	      0.000
  5441.769 	     -0.018
  5442.746 	     -0.038
  5443.723 	     -0.040
  5444.700 	     -0.049
  5445.677 	     -0.050
  5446.655 	     -0.035
  5447.632 	     -0.029
  5448.610 	     -0.026
  5449.588 	     -0.030
  5450.566 	     -0.037
  5451.545 	     -0.034
  5452.523 	     -0.047
  5453.502 	     -0.052
  5454.481 	     -0.053
  5455.460 	     -0.050
  5456.439 	     -0.009
  5457.419 	     -0.041
  5458.398 	     -0.043
  5459.378 	     -0.063
  5460.358 	     -0.010
  5461.338 	      0.040
  5462.318 	     -0.002
  5463.299 	      0.010
  5464.279 	     -0.005
  5465.260 	     -0.006
  5466.241 	     -0.032
  5467.222 	     -0.028
  5468.204 	     -0.015
  5469.185 	     -0.036
  5470.167 	     -0.026
  5471.149 	     -0.046
  5472.131 	     -0.026
  5473.113 	     -0.007
  5474.096 	     -0.018
  5475.078 	     -0.010
  5476.061 	     -0.010
  5477.044 	     -0.031
  5478.027 	     -0.046
  5479.010 	     -0.006
  5479.994 	      0.031
  5480.977 	      0.009
  5481.961 	     -0.009
  5482.945 	     -0.000
  5483.929 	     -0.008
  5484.914 	     -0.007
  5485.898 	      0.022
  5486.883 	      0.020
  5487.868 	      0.011
  5488.853 	      0.005
  5489.838 	      0.007
  5490.823 	      0.042
  5491.809 	      0.045
  5492.795 	      0.042
  5493.781 	     -0.029
  5494.767 	     -0.023
  5495.753 	     -0.037
  5496.740 	     -0.060
  5497.726 	     -0.027
  5498.713 	      0.006
  5499.700 	     -0.019
  5500.687 	     -0.020
  5501.675 	      0.023
  5502.662 	     -0.049
  5503.650 	     -0.011
  5504.638 	     -0.025
  5505.626 	     -0.060
  5506.614 	      0.017
  5507.602 	      0.029
  5508.591 	      0.059
  5509.580 	      0.024
  5510.569 	      0.001
  5511.558 	     -0.012
  5512.547 	     -0.021
  5513.537 	      0.049
  5514.526 	      0.011
  5515.516 	     -0.010
  5516.506 	      0.010
  5517.496 	      0.031
  5518.487 	      0.019
  5519.477 	     -0.053
  5520.468 	     -0.018
  5521.459 	     -0.008
  5522.450 	     -0.028
  5523.441 	     -0.023
  5524.433 	     -0.030
  5525.424 	     -0.018
  5526.416 	     -0.002
  5527.408 	      0.010
  5528.400 	      0.009
  5529.392 	     -0.017
  5530.385 	     -0.003
  5531.378 	      0.009
  5532.370 	     -0.001
  5533.363 	      0.003
  5534.357 	     -0.006
  5535.350 	     -0.012
  5536.344 	      0.001
  5537.337 	      0.012
  5538.331 	      0.012
  5539.325 	     -0.002
  5540.320 	     -0.034
  5541.314 	     -0.059
  5542.309 	     -0.040
  5543.304 	     -0.017
  5544.299 	     -0.039
  5545.294 	     -0.050
  5546.289 	     -0.008
  5547.285 	     -0.004
  5548.280 	     -0.032
  5549.276 	     -0.030
  5550.272 	     -0.049
  5551.269 	     -0.016
  5552.265 	     -0.029
  5553.262 	     -0.041
  5554.259 	     -0.034
  5555.255 	     -0.040
  5556.253 	     -0.006
  5557.250 	      0.001
  5558.247 	     -0.010
  5559.245 	      0.011
  5560.243 	     -0.032
  5561.241 	     -0.049
  5562.239 	      0.005
  5563.238 	     -0.008
  5564.236 	     -0.004
  5565.235 	     -0.001
  5566.234 	     -0.002
  5567.233 	     -0.009
  5568.232 	     -0.019
  5569.232 	     -0.031
  5570.231 	     -0.042
  5571.231 	     -0.051
  5572.231 	     -0.056
  5573.232 	     -0.058
  5574.232 	     -0.058
  5575.232 	     -0.058
  5576.233 	     -0.057
  5577.234 	     -0.054
  5578.235 	     -0.046
  5579.236 	     -0.037
  5580.238 	     -0.029
  5581.240 	     -0.029
  5582.241 	     -0.038
  5583.243 	     -0.050
  5584.246 	     -0.059
  5585.248 	     -0.062
  5586.250 	     -0.061
  5587.253 	     -0.059
  5588.256 	     -0.060
  5589.259 	     -0.064
  5590.262 	     -0.041
  5591.266 	      0.027
  5592.269 	     -0.040
  5593.273 	     -0.049
  5594.277 	     -0.059
  5595.281 	     -0.049
  5596.286 	     -0.023
  5597.290 	     -0.001
  5598.295 	     -0.004
  5599.300 	     -0.024
  5600.305 	     -0.059
  5601.310 	     -0.045
  5602.315 	     -0.052
  5603.321 	     -0.084
  5604.327 	     -0.011
  5605.333 	     -0.022
  5606.339 	      0.001
  5607.345 	     -0.010
  5608.352 	     -0.028
  5609.358 	     -0.010
  5610.365 	     -0.022
  5611.372 	     -0.041
  5612.379 	     -0.047
  5613.387 	     -0.086
  5614.394 	     -0.096
  5615.402 	     -0.082
  5616.410 	      0.000
  5617.418 	     -0.025
  5618.427 	     -0.017
  5619.435 	     -0.065
  5620.444 	     -0.041
  5621.453 	     -0.041
  5622.462 	     -0.052
  5623.471 	     -0.017
  5624.480 	      0.017
  5625.490 	     -0.036
  5626.499 	     -0.029
  5627.509 	     -0.053
  5628.520 	     -0.068
  5629.530 	     -0.062
  5630.540 	     -0.053
  5631.551 	     -0.018
  5632.562 	     -0.060
  5633.573 	     -0.062
  5634.584 	     -0.059
  5635.595 	     -0.070
  5636.607 	     -0.058
  5637.619 	     -0.100
  5638.631 	     -0.074
  5639.643 	     -0.107
  5640.655 	     -0.069
  5641.668 	     -0.039
  5642.680 	     -0.069
  5643.693 	     -0.047
  5644.706 	     -0.097
  5645.719 	     -0.115
  5646.733 	     -0.088
  5647.746 	     -0.106
  5648.760 	     -0.047
  5649.774 	     -0.088
  5650.788 	     -0.098
  5651.802 	     -0.088
  5652.817 	     -0.100
  5653.831 	     -0.112
  5654.846 	     -0.028
  5655.861 	     -0.071
  5656.876 	     -0.089
  5657.892 	     -0.085
  5658.907 	     -0.043
  5659.923 	     -0.029
  5660.939 	     -0.092
  5661.955 	     -0.088
  5662.972 	     -0.049
  5663.988 	     -0.052
  5665.005 	     -0.045
  5666.022 	     -0.084
  5667.039 	     -0.132
  5668.056 	     -0.087
  5669.073 	     -0.057
  5670.091 	     -0.067
  5671.109 	     -0.051
  5672.126 	     -0.088
  5673.145 	     -0.100
  5674.163 	     -0.096
  5675.181 	     -0.095
  5676.200 	     -0.104
  5677.219 	     -0.086
  5678.238 	     -0.085
  5679.257 	     -0.090
  5680.277 	     -0.106
  5681.296 	     -0.092
  5682.316 	     -0.088
  5683.336 	     -0.078
  5684.356 	     -0.111
  5685.376 	     -0.118
  5686.397 	     -0.095
  5687.418 	     -0.099
  5688.438 	     -0.151
  5689.459 	     -0.128
  5690.481 	     -0.087
  5691.502 	     -0.114
  5692.524 	     -0.115
  5693.545 	     -0.112
  5694.567 	     -0.126
  5695.590 	     -0.104
  5696.612 	     -0.097
  5697.634 	     -0.107
  5698.657 	     -0.121
  5699.680 	     -0.124
  5700.703 	     -0.112
  5701.726 	     -0.109
  5702.750 	     -0.106
  5703.773 	     -0.091
  5704.797 	     -0.101
  5705.821 	     -0.118
  5706.845 	     -0.114
  5707.870 	     -0.163
  5708.894 	     -0.167
  5709.919 	     -0.175
  5710.944 	     -0.165
  5711.969 	     -0.137
  5712.994 	     -0.126
  5714.020 	     -0.130
  5715.045 	     -0.114
  5716.071 	     -0.167
  5717.097 	     -0.187
  5718.123 	     -0.170
  5719.150 	     -0.136
  5720.176 	     -0.160
  5721.203 	     -0.136
  5722.230 	     -0.127
  5723.257 	     -0.123
  5724.284 	     -0.130
  5725.312 	     -0.170
  5726.340 	     -0.171
  5727.367 	     -0.153
  5728.396 	     -0.165
  5729.424 	     -0.151
  5730.452 	     -0.129
  5731.481 	     -0.164
  5732.510 	     -0.165
  5733.538 	     -0.160
  5734.568 	     -0.159
  5735.597 	     -0.166
  5736.626 	     -0.189
  5737.656 	     -0.148
  5738.686 	     -0.158
  5739.716 	     -0.151
  5740.746 	     -0.138
  5741.777 	     -0.169
  5742.807 	     -0.144
  5743.838 	     -0.130
  5744.869 	     -0.160
  5745.900 	     -0.184
  5746.932 	     -0.153
  5747.963 	     -0.146
  5748.995 	     -0.163
  5750.027 	     -0.166
  5751.059 	     -0.165
  5752.091 	     -0.169
  5753.124 	     -0.196
  5754.157 	     -0.199
  5755.189 	     -0.162
  5756.222 	     -0.159
  5757.256 	     -0.167
  5758.289 	     -0.166
  5759.323 	     -0.177
  5760.356 	     -0.193
  5761.390 	     -0.202
  5762.425 	     -0.197
  5763.459 	     -0.185
  5764.493 	     -0.174
  5765.528 	     -0.163
  5766.563 	     -0.201
  5767.598 	     -0.193
  5768.633 	     -0.149
  5769.669 	     -0.164
  5770.704 	     -0.159
  5771.740 	     -0.162
  5772.776 	     -0.179
  5773.812 	     -0.193
  5774.849 	     -0.185
  5775.885 	     -0.192
  5776.922 	     -0.196
  5777.959 	     -0.187
  5778.996 	     -0.150
  5780.033 	     -0.140
  5781.071 	     -0.132
  5782.109 	     -0.151
  5783.146 	     -0.166
  5784.185 	     -0.173
  5785.223 	     -0.172
  5786.261 	     -0.143
  5787.300 	     -0.153
  5788.339 	     -0.164
  5789.378 	     -0.175
  5790.417 	     -0.180
  5791.456 	     -0.165
  5792.496 	     -0.171
  5793.535 	     -0.176
  5794.575 	     -0.178
  5795.615 	     -0.176
  5796.656 	     -0.158
  5797.696 	     -0.154
  5798.737 	     -0.174
  5799.778 	     -0.191
  5800.819 	     -0.174
  5801.860 	     -0.168
  5802.901 	     -0.165
  5803.943 	     -0.181
  5804.985 	     -0.186
  5806.027 	     -0.175
  5807.069 	     -0.166
  5808.111 	     -0.135
  5809.154 	     -0.102
  5810.196 	     -0.121
  5811.239 	     -0.143
  5812.282 	     -0.140
  5813.326 	     -0.125
  5814.369 	     -0.116
  5815.413 	     -0.131
  5816.457 	     -0.156
  5817.501 	     -0.163
  5818.545 	     -0.159
  5819.589 	     -0.155
  5820.634 	     -0.155
  5821.679 	     -0.140
  5822.724 	     -0.134
  5823.769 	     -0.154
  5824.814 	     -0.167
  5825.860 	     -0.151
  5826.905 	     -0.148
  5827.951 	     -0.175
  5828.997 	     -0.164
  5830.044 	     -0.155
  5831.090 	     -0.163
  5832.137 	     -0.167
  5833.184 	     -0.185
  5834.231 	     -0.198
  5835.278 	     -0.212
  5836.325 	     -0.218
  5837.373 	     -0.190
  5838.421 	     -0.139
  5839.469 	     -0.126
  5840.517 	     -0.144
  5841.565 	     -0.139
  5842.614 	     -0.118
  5843.663 	     -0.129
  5844.711 	     -0.153
  5845.761 	     -0.146
  5846.810 	     -0.124
  5847.859 	     -0.119
  5848.909 	     -0.096
  5849.959 	     -0.101
  5851.009 	     -0.131
  5852.059 	     -0.133
  5853.110 	     -0.128
  5854.160 	     -0.136
  5855.211 	     -0.169
  5856.262 	     -0.133
  5857.313 	     -0.095
  5858.364 	     -0.072
  5859.416 	     -0.089
  5860.468 	     -0.122
  5861.520 	     -0.085
  5862.572 	     -0.064
  5863.624 	     -0.059
  5864.677 	     -0.109
  5865.729 	     -0.143
  5866.782 	     -0.105
  5867.835 	     -0.101
  5868.888 	     -0.125
  5869.942 	     -0.112
  5870.996 	     -0.095
  5872.049 	     -0.075
  5873.103 	     -0.086
  5874.158 	     -0.089
  5875.212 	     -0.066
  5876.267 	     -0.059
  5877.321 	     -0.039
  5878.376 	     -0.065
  5879.431 	     -0.071
  5880.487 	     -0.097
  5881.542 	     -0.082
  5882.598 	     -0.038
  5883.654 	     -0.038
  5884.710 	     -0.045
  5885.766 	     -0.061
  5886.823 	     -0.056
  5887.879 	     -0.084
  5888.936 	     -0.119
  5889.993 	     -0.122
  5891.051 	     -0.118
  5892.108 	     -0.106
  5893.166 	     -0.091
  5894.223 	     -0.090
  5895.281 	     -0.093
  5896.340 	     -0.104
  5897.398 	     -0.134
  5898.456 	     -0.096
  5899.515 	     -0.108
  5900.574 	     -0.044
  5901.633 	     -0.042
  5902.693 	     -0.059
  5903.752 	     -0.043
  5904.812 	     -0.078
  5905.872 	     -0.040
  5906.932 	     -0.042
  5907.992 	     -0.047
  5909.052 	     -0.066
  5910.113 	     -0.083
  5911.174 	     -0.042
  5912.235 	     -0.005
  5913.296 	     -0.017
  5914.358 	     -0.030
  5915.419 	     -0.057
  5916.481 	     -0.082
  5917.543 	     -0.062
  5918.605 	     -0.024
  5919.668 	     -0.020
  5920.730 	      0.016
  5921.793 	      0.015
  5922.856 	     -0.009
  5923.919 	      0.026
  5924.982 	      0.003
  5926.046 	      0.008
  5927.109 	      0.002
  5958.040 	     -0.006
  5959.109 	     -0.009
  5960.179 	      0.001
  5961.249 	      0.003
  5962.319 	     -0.000
  5963.389 	     -0.010
  5964.460 	      0.020
  5965.530 	      0.043
  5966.601 	      0.017
  5967.672 	     -0.014
  5968.743 	      0.014
  5969.814 	      0.003
  5970.886 	     -0.009
  5971.958 	      0.034
  5973.030 	      0.037
  5974.102 	      0.003
  5975.174 	      0.017
  5976.247 	     -0.003
  5977.319 	     -0.019
  5978.392 	      0.010
  5979.465 	      0.005
  5980.539 	     -0.028
  5981.612 	     -0.031
  5982.686 	     -0.046
  5983.760 	     -0.043
  5984.834 	      0.022
  5985.908 	      0.020
  5986.982 	     -0.021
  5988.057 	     -0.024
  5989.132 	      0.041
  5990.207 	      0.045
  5991.282 	     -0.005
  5992.358 	     -0.014
  5993.433 	     -0.001
  5994.509 	      0.012
  5995.585 	      0.030
  5996.661 	      0.061
  5997.738 	      0.054
  5998.814 	      0.035
  5999.891 	      0.024
  6000.968 	      0.026
  6002.045 	      0.010
  6003.122 	      0.009
  6004.200 	      0.035
  6005.278 	      0.013
  6006.356 	     -0.020
  6007.434 	     -0.014
  6008.512 	      0.010
  6009.590 	      0.025
  6010.669 	      0.040
  6011.748 	      0.052
  6012.827 	      0.047
  6013.906 	      0.037
  6014.986 	      0.039
  6016.066 	      0.045
  6017.145 	      0.043
  6018.225 	      0.032
  6019.306 	      0.016
  6020.386 	     -0.002
  6021.467 	     -0.010
  6022.548 	      0.006
  6023.629 	      0.027
  6024.710 	      0.016
  6025.791 	     -0.006
  6026.873 	      0.011
  6027.955 	      0.050
  6029.037 	      0.049
  6030.119 	      0.014
  6031.201 	     -0.003
  6032.284 	      0.015
  6033.367 	      0.048
  6034.450 	      0.056
  6035.533 	      0.027
  6036.616 	      0.021
  6037.700 	      0.050
  6038.783 	      0.048
  6039.867 	      0.005
  6040.951 	      0.010
  6042.036 	      0.045
  6043.120 	      0.047
  6044.205 	      0.024
  6045.290 	      0.022
  6046.375 	      0.044
  6047.460 	      0.057
  6048.546 	      0.062
  6049.631 	      0.071
  6050.717 	      0.058
  6051.803 	      0.033
  6052.890 	      0.016
  6053.976 	      0.025
  6055.063 	      0.026
  6056.150 	      0.012
  6057.237 	      0.007
  6058.324 	      0.022
  6059.411 	      0.045
  6060.499 	      0.056
  6061.587 	      0.052
  6062.675 	      0.051
  6063.763 	      0.050
  6064.852 	      0.045
  6065.940 	      0.017
  6067.029 	      0.024
  6068.118 	      0.075
  6069.207 	      0.089
  6070.297 	      0.054
  6071.386 	      0.019
  6072.476 	      0.021
  6073.566 	      0.046
  6074.656 	      0.065
  6075.747 	      0.061
  6076.837 	      0.070
  6077.928 	      0.105
  6079.019 	      0.118
  6080.110 	      0.084
  6081.201 	      0.051
  6082.293 	      0.054
  6083.385 	      0.074
  6084.477 	      0.090
  6085.569 	      0.091
  6086.661 	      0.084
  6087.754 	      0.080
  6088.846 	      0.083
  6089.939 	      0.083
  6091.032 	      0.091
  6092.126 	      0.104
  6093.219 	      0.120
  6094.313 	      0.101
  6095.407 	      0.102
  6096.501 	      0.107
  6097.595 	      0.108
  6098.690 	      0.095
  6099.784 	      0.106
  6100.879 	      0.125
  6101.974 	      0.125
  6103.070 	      0.122
  6104.165 	      0.128
  6105.261 	      0.134
  6106.357 	      0.116
  6107.453 	      0.095
  6108.549 	      0.079
  6109.646 	      0.091
  6110.742 	      0.110
  6111.839 	      0.118
  6112.936 	      0.097
  6114.033 	      0.105
  6115.131 	      0.089
  6116.228 	      0.085
  6117.326 	      0.111
  6118.424 	      0.113
  6119.523 	      0.117
  6120.621 	      0.125
  6121.720 	      0.135
  6122.818 	      0.142
  6123.917 	      0.140
  6125.017 	      0.130
  6126.116 	      0.118
  6127.216 	      0.111
  6128.315 	      0.109
  6129.415 	      0.109
  6130.516 	      0.110
  6131.616 	      0.112
  6132.717 	      0.115
  6133.817 	      0.119
  6134.918 	      0.127
  6136.020 	      0.134
  6137.121 	      0.141
  6138.223 	      0.145
  6139.324 	      0.148
  6140.426 	      0.150
  6141.529 	      0.150
  6142.631 	      0.150
  6143.734 	      0.149
  6144.836 	      0.147
  6145.939 	      0.148
  6147.042 	      0.151
  6148.146 	      0.156
  6149.249 	      0.159
  6150.353 	      0.159
  6151.457 	      0.155
  6152.561 	      0.151
  6153.666 	      0.148
  6154.770 	      0.148
  6155.875 	      0.147
  6156.980 	      0.147
  6158.085 	      0.152
  6159.190 	      0.167
  6160.296 	      0.185
  6161.402 	      0.194
  6162.508 	      0.187
  6163.614 	      0.173
  6164.720 	      0.179
  6165.827 	      0.152
  6166.933 	      0.153
  6168.040 	      0.164
  6169.148 	      0.164
  6170.255 	      0.161
  6171.362 	      0.155
  6172.470 	      0.146
  6173.578 	      0.134
  6174.686 	      0.141
  6175.795 	      0.147
  6176.903 	      0.122
  6178.012 	      0.102
  6179.121 	      0.125
  6180.230 	      0.153
  6181.339 	      0.149
  6182.449 	      0.130
  6183.558 	      0.118
  6184.668 	      0.128
  6185.778 	      0.152
  6186.889 	      0.189
  6187.999 	      0.198
  6189.110 	      0.172
  6190.221 	      0.132
  6191.332 	      0.116
  6192.443 	      0.130
  6193.555 	      0.153
  6194.667 	      0.166
  6195.779 	      0.147
  6196.891 	      0.132
  6198.003 	      0.141
  6199.116 	      0.148
  6200.228 	      0.145
  6201.341 	      0.149
  6202.454 	      0.146
  6203.568 	      0.153
  6204.681 	      0.157
  6205.795 	      0.146
  6206.909 	      0.149
  6208.023 	      0.158
  6209.137 	      0.176
  6210.252 	      0.157
  6211.366 	      0.102
  6212.481 	      0.083
  6213.596 	      0.140
  6214.712 	      0.176
  6215.827 	      0.143
  6216.943 	      0.117
  6218.059 	      0.144
  6219.175 	      0.170
  6220.291 	      0.186
  6221.408 	      0.171
  6222.525 	      0.148
  6223.641 	      0.144
  6224.759 	      0.135
  6225.876 	      0.110
  6226.993 	      0.095
  6228.111 	      0.111
  6229.229 	      0.151
  6230.347 	      0.193
  6231.466 	      0.202
  6232.584 	      0.195
  6233.703 	      0.172
  6234.822 	      0.143
  6235.941 	      0.121
  6237.060 	      0.126
  6238.180 	      0.147
  6239.299 	      0.136
  6240.419 	      0.110
  6241.539 	      0.114
  6242.660 	      0.130
  6243.780 	      0.134
  6244.901 	      0.118
  6246.022 	      0.117
  6247.143 	      0.144
  6248.264 	      0.178
  6249.386 	      0.184
  6250.508 	      0.161
  6251.630 	      0.156
  6252.752 	      0.170
  6253.874 	      0.173
  6254.997 	      0.164
  6256.119 	      0.161
  6257.242 	      0.165
  6258.366 	      0.171
  6259.489 	      0.172
  6260.612 	      0.166
  6261.736 	      0.155
  6262.860 	      0.148
  6263.984 	      0.144
  6265.109 	      0.141
  6266.233 	      0.139
  6267.358 	      0.138
  6268.483 	      0.139
  6269.608 	      0.142
  6270.734 	      0.150
  6271.859 	      0.161
  6272.985 	      0.173
  6274.111 	      0.179
  6275.237 	      0.177
  6276.363 	      0.169
  6277.490 	      0.164
  6278.617 	      0.164
  6279.744 	      0.163
  6280.871 	      0.158
  6281.998 	      0.151
  6283.126 	      0.145
  6284.254 	      0.141
  6285.382 	      0.138
  6286.510 	      0.137
  6287.638 	      0.142
  6288.767 	      0.153
  6289.896 	      0.165
  6291.025 	      0.166
  6292.154 	      0.154
  6293.283 	      0.136
  6294.413 	      0.119
  6295.543 	      0.112
  6296.673 	      0.115
  6297.803 	      0.123
  6298.933 	      0.130
  6300.064 	      0.155
  6301.195 	      0.156
  6302.326 	      0.157
  6303.457 	      0.157
  6304.589 	      0.154
  6305.720 	      0.147
  6306.852 	      0.137
  6307.984 	      0.126
  6309.117 	      0.119
  6310.249 	      0.102
  6311.382 	      0.075
  6312.514 	      0.103
  6313.648 	      0.091
  6314.781 	      0.108
  6315.914 	      0.156
  6317.048 	      0.175
  6318.182 	      0.149
  6319.316 	      0.129
  6320.450 	      0.126
  6321.585 	      0.120
  6322.719 	      0.149
  6323.854 	      0.176
  6324.989 	      0.136
  6326.125 	      0.178
  6327.260 	      0.166
  6328.396 	      0.142
  6329.532 	      0.139
  6330.668 	      0.126
  6331.804 	      0.112
  6332.941 	      0.122
  6334.078 	      0.121
  6335.215 	      0.110
  6336.352 	      0.119
  6337.489 	      0.127
  6338.627 	      0.092
  6339.764 	      0.052
  6340.902 	      0.058
  6342.041 	      0.066
  6343.179 	      0.019
  6344.317 	     -0.006
  6345.456 	     -0.011
  6346.595 	      0.016
  6347.734 	      0.041
  6348.874 	      0.064
  6350.013 	      0.110
  6351.153 	      0.173
  6352.293 	      0.144
  6353.433 	      0.098
  6354.574 	      0.110
  6355.714 	      0.165
  6356.855 	      0.236
  6357.996 	      0.363
  6359.138 	      0.515
  6360.279 	      0.550
  6361.421 	      0.379
  6362.563 	      0.204
  6363.705 	      0.136
  6364.847 	      0.117
  6365.989 	      0.091
  6367.132 	      0.084
  6368.275 	      0.087
  6369.418 	      0.065
  6370.561 	      0.102
  6371.705 	      0.114
  6372.848 	      0.117
  6373.992 	      0.135
  6375.136 	      0.116
  6376.281 	      0.121
  6377.425 	      0.105
  6378.570 	      0.069
  6379.715 	      0.097
  6380.860 	      0.125
  6382.005 	      0.125
  6383.151 	      0.114
  6384.297 	      0.085
  6385.443 	      0.116
  6386.589 	      0.108
  6387.735 	      0.093
  6388.882 	      0.129
  6390.028 	      0.133
  6391.175 	      0.113
  6392.323 	      0.116
  6393.470 	      0.113
  6394.618 	      0.131
  6395.765 	      0.143
  6396.913 	      0.118
  6398.062 	      0.091
  6399.210 	      0.117
  6400.359 	      0.094
  6401.508 	      0.058
  6402.657 	      0.098
  6403.806 	      0.104
  6404.955 	      0.128
  6406.105 	      0.097
  6407.255 	      0.082
  6408.405 	      0.098
  6409.555 	      0.089
  6410.706 	      0.120
  6411.856 	      0.095
  6413.007 	      0.096
  6414.158 	      0.097
  6415.310 	      0.107
  6416.461 	      0.087
  6417.613 	      0.104
  6418.765 	      0.067
  6419.917 	      0.063
  6421.069 	      0.101
  6422.222 	      0.159
  6423.375 	      0.154
  6424.528 	      0.116
  6425.681 	      0.126
  6426.834 	      0.134
  6427.988 	      0.068
  6429.142 	      0.052
  6430.296 	      0.083
  6431.450 	      0.107
  6432.604 	      0.131
  6433.759 	      0.115
  6434.914 	      0.067
  6436.069 	      0.052
  6437.224 	      0.064
  6438.380 	      0.085
  6439.535 	      0.072
  6440.691 	      0.043
  6441.847 	      0.067
  6443.003 	      0.112
  6444.160 	      0.102
  6445.317 	      0.104
  6446.474 	      0.090
  6447.631 	      0.065
  6448.788 	      0.087
  6449.945 	      0.077
  6451.103 	      0.070
  6452.261 	      0.058
  6453.419 	      0.034
  6454.578 	      0.048
  6455.736 	      0.075
  6456.895 	      0.091
  6458.054 	      0.061
  6459.213 	      0.052
  6460.373 	      0.098
  6461.532 	      0.102
  6462.692 	      0.063
  6463.852 	      0.052
  6465.012 	      0.037
  6466.173 	      0.039
  6467.333 	      0.058
  6468.494 	      0.040
  6469.655 	      0.012
  6470.817 	      0.006
  6471.978 	      0.015
  6473.140 	     -0.006
  6474.302 	      0.056
  6475.464 	      0.028
  6476.626 	      0.011
  6477.789 	     -0.008
  6478.951 	      0.018
  6480.114 	      0.024
  6481.277 	      0.040
  6482.441 	      0.079
  6483.604 	      0.046
  6484.768 	      0.051
  6485.932 	      0.033
  6487.096 	     -0.007
  6488.261 	      0.022
  6489.425 	     -0.006
  6490.590 	      0.031
  6491.755 	      0.027
  6492.921 	      0.051
  6494.086 	      0.102
  6495.252 	      0.099
  6496.418 	      0.003
  6497.584 	     -0.034
  6498.750 	     -0.025
  6499.916 	     -0.016
  6501.083 	      0.032
  6502.250 	      0.053
  6503.417 	     -0.001
  6504.584 	     -0.010
  6505.752 	     -0.034
  6506.920 	     -0.040
  6508.088 	      0.000
  6509.256 	      0.032
  6510.424 	      0.018
  6511.593 	     -0.021
  6512.762 	     -0.008
  6513.931 	     -0.016
  6515.100 	     -0.014
  6516.269 	      0.023
  6517.439 	      0.023
  6518.609 	      0.039
  6519.779 	      0.025
  6520.949 	     -0.002
  6522.120 	      0.017
  6523.290 	      0.030
  6524.461 	      0.041
  6525.632 	      0.035
  6526.804 	      0.051
  6527.975 	      0.093
  6529.147 	      0.074
  6530.319 	      0.035
  6531.491 	     -0.011
  6532.664 	     -0.020
  6533.836 	      0.033
  6535.009 	      0.054
  6536.182 	      0.052
  6537.355 	      0.031
  6538.529 	      0.012
  6539.702 	      0.031
  6540.876 	      0.022
  6542.050 	      0.032
  6543.224 	      0.048
  6544.399 	      0.039
  6545.574 	      0.037
  6546.748 	      0.052
  6547.924 	      0.074
  6549.099 	      0.061
  6550.274 	      0.039
  6551.450 	     -0.006
  6552.626 	     -0.010
  6553.802 	     -0.015
  6554.979 	     -0.038
  6556.155 	     -0.002
  6557.332 	      0.019
  6558.509 	      0.063
  6559.686 	      0.087
  6560.864 	     -0.027
  6562.041 	      0.012
  6563.219 	      0.004
  6564.397 	     -0.021
  6565.576 	      0.015
  6566.754 	      0.015
  6567.933 	      0.005
  6569.112 	      0.011
  6570.291 	      0.019
  6571.470 	      0.075
  6572.650 	      0.109
  6573.830 	      0.059
  6575.010 	      0.048
  6576.190 	      0.050
  6577.370 	      0.056
  6578.551 	      0.061
  6579.732 	      0.063
  6580.913 	      0.057
  6582.094 	      0.046
  6583.275 	      0.034
  6584.457 	      0.026
  6585.639 	      0.021
  6586.821 	      0.020
  6588.003 	      0.021
  6589.186 	      0.016
  6590.368 	      0.013
  6591.551 	      0.028
  6592.735 	      0.050
  6593.918 	      0.054
  6595.102 	      0.065
  6596.285 	      0.069
  6597.469 	      0.047
  6598.654 	      0.055
  6599.838 	      0.081
  6601.023 	      0.084
  6602.207 	      0.076
  6603.393 	      0.071
  6604.578 	      0.086
  6605.763 	      0.173
  6606.949 	      0.411
  6608.135 	      1.008
  6609.321 	      1.811
  6610.507 	      2.032
  6611.694 	      1.617
  6612.881 	      0.933
  6614.068 	      0.413
  6615.255 	      0.205
  6616.442 	      0.194
  6617.630 	      0.190
  6618.818 	      0.271
  6620.006 	      0.575
  6621.194 	      1.414
  6622.383 	      4.342
  6623.571 	      9.414
  6624.760 	     13.732
  6625.949 	     13.377
  6627.139 	      8.604
  6628.328 	      3.519
  6629.518 	      1.166
  6630.708 	      0.471
  6631.898 	      0.222
  6633.089 	      0.168
  6634.279 	      0.152
  6635.470 	      0.171
  6636.661 	      0.177
  6637.852 	      0.193
  6639.044 	      0.207
  6640.235 	      0.330
  6641.427 	      0.544
  6642.619 	      1.354
  6643.812 	      3.216
  6645.004 	      5.491
  6646.197 	      6.486
  6647.390 	      5.244
  6648.583 	      2.590
  6649.777 	      1.102
  6650.970 	      0.491
  6652.164 	      0.246
  6653.358 	      0.153
  6654.552 	      0.138
  6655.747 	      0.127
  6656.941 	      0.133
  6658.136 	      0.095
  6659.331 	      0.078
  6660.527 	      0.076
  6661.722 	      0.074
  6662.918 	      0.091
  6664.114 	      0.084
  6665.310 	      0.076
  6666.507 	      0.073
  6667.703 	      0.095
  6668.900 	      0.088
  6670.097 	      0.092
  6671.294 	      0.121
  6672.492 	      0.139
  6673.689 	      0.103
  6674.887 	      0.066
  6676.086 	      0.050
  6677.284 	      0.083
  6678.482 	      0.105
  6679.681 	      0.088
  6680.880 	      0.082
  6682.079 	      0.092
  6683.279 	      0.068
  6684.478 	      0.079
  6685.678 	      0.086
  6686.878 	      0.090
  6688.079 	      0.085
  6689.279 	      0.075
  6690.480 	      0.094
  6691.681 	      0.061
  6692.882 	      0.058
  6694.083 	      0.050
  6695.285 	      0.068
  6696.486 	      0.076
  6697.688 	      0.059
  6698.891 	      0.057
  6700.093 	      0.076
  6701.296 	      0.068
  6702.499 	      0.042
  6703.702 	      0.066
  6704.905 	      0.110
  6706.108 	      0.096
  6707.312 	      0.072
  6708.516 	      0.090
  6709.720 	      0.108
  6710.925 	      0.088
  6712.129 	      0.048
  6713.334 	      0.084
  6714.539 	      0.069
  6715.744 	      0.067
  6716.950 	      0.092
  6718.155 	      0.078
  6719.361 	      0.076
  6720.567 	      0.051
  6721.774 	      0.033
  6722.980 	      0.061
  6724.187 	      0.086
  6725.394 	      0.102
  6726.601 	      0.122
  6727.808 	      0.110
  6729.016 	      0.071
  6730.224 	      0.076
  6731.432 	      0.054
  6732.640 	      0.053
  6733.849 	      0.052
  6735.057 	      0.037
  6736.266 	      0.053
  6737.475 	      0.091
  6738.685 	      0.107
  6739.894 	      0.136
  6741.104 	      0.174
  6742.314 	      0.178
  6743.524 	      0.119
  6744.735 	      0.047
  6745.945 	      0.017
  6747.156 	      0.023
  6748.367 	      0.056
  6749.579 	      0.068
  6750.790 	      0.073
  6752.002 	      0.067
  6753.214 	      0.038
  6754.426 	      0.024
  6755.638 	      0.050
  6756.851 	      0.052
  6758.064 	      0.039
  6759.277 	      0.014
  6760.490 	      0.049
  6761.704 	      0.051
  6762.917 	      0.029
  6764.131 	      0.013
  6765.345 	      0.066
  6766.560 	      0.092
  6767.774 	      0.074
  6768.989 	      0.049
  6770.204 	      0.049
  6771.419 	      0.063
  6772.635 	      0.089
  6773.851 	      0.048
  6775.066 	      0.063
  6776.282 	      0.177
  6777.499 	      0.580
  6778.715 	      1.286
  6779.932 	      1.789
  6781.149 	      1.662
  6782.366 	      1.054
  6783.584 	      0.442
  6784.801 	      0.187
  6786.019 	      0.085
  6787.237 	      0.096
  6788.455 	      0.095
  6789.674 	      0.112
  6790.893 	      0.249
  6792.112 	      0.558
  6793.331 	      1.074
  6794.550 	      1.475
  6795.770 	      1.375
  6796.990 	      0.844
  6798.210 	      0.388
  6799.430 	      0.156
  6800.650 	      0.079
  6801.871 	      0.074
  6803.092 	      0.050
  6804.313 	      0.039
  6805.534 	      0.034
  6806.756 	      0.033
  6807.978 	      0.035
  6809.200 	      0.061
  6810.422 	      0.065
  6811.644 	      0.046
  6812.867 	      0.025
  6814.090 	      0.018
  6815.313 	      0.028
  6816.536 	      0.035
  6817.760 	      0.042
  6818.984 	      0.038
  6820.208 	      0.042
  6821.432 	      0.058
  6822.656 	      0.090
  6823.881 	      0.094
  6825.106 	      0.068
  6826.331 	      0.039
  6827.556 	      0.053
  6828.782 	      0.063
  6830.007 	      0.025
  6831.233 	      0.036
  6832.460 	     -0.009
  6833.686 	     -0.056
  6834.913 	     -0.038
  6836.139 	      0.001
  6837.366 	      0.004
  6838.594 	      0.035
  6839.821 	      0.044
  6841.049 	      0.041
  6842.277 	      0.010
  6843.505 	      0.006
  6844.733 	     -0.001
  6845.962 	     -0.000
  6847.191 	      0.006
  6848.420 	      0.050
  6849.649 	      0.054
  6850.879 	      0.020
  6852.108 	      0.037
  6853.338 	      0.049
  6854.568 	      0.055
  6855.799 	      0.036
  6857.029 	      0.056
  6858.260 	      0.112
  6859.491 	      0.102
  6860.722 	      0.051
  6861.954 	     -0.102
  6863.186 	     -0.291
  6864.418 	     -0.378
  6865.650 	     -0.383
  6866.882 	     -0.359
  6868.115 	     -0.329
  6869.347 	     -0.303
  6870.580 	     -0.270
  6871.814 	     -0.231
  6873.047 	     -0.191
  6874.281 	     -0.140
  6875.515 	     -0.104
  6876.749 	     -0.076
  6877.983 	     -0.060
  6879.218 	     -0.065
  6880.453 	     -0.112
  6881.688 	     -0.117
  6882.923 	     -0.119
  6884.158 	     -0.135
  6885.394 	     -0.113
  6886.630 	     -0.125
  6887.866 	     -0.134
  6889.102 	     -0.122
  6890.339 	     -0.118
  6891.576 	     -0.124
  6892.813 	     -0.096
  6894.050 	     -0.085
  6895.287 	     -0.069
  6896.525 	     -0.068
  6897.763 	     -0.070
  6899.001 	     -0.074
  6900.239 	     -0.071
  6901.478 	     -0.071
  6902.717 	     -0.069
  6903.956 	     -0.105
  6905.195 	     -0.103
  6906.434 	     -0.055
  6907.674 	     -0.012
  6908.914 	      0.001
  6910.154 	     -0.038
  6911.395 	     -0.038
  6912.635 	     -0.050
  6913.876 	     -0.053
  6915.117 	     -0.068
  6916.358 	     -0.031
  6917.600 	     -0.004
  6918.841 	      0.023
  6920.083 	     -0.016
  6921.325 	     -0.040
  6922.568 	     -0.048
  6923.810 	     -0.062
  6925.053 	     -0.069
  6926.296 	     -0.049
  6927.539 	     -0.009
  6928.783 	     -0.016
  6930.026 	     -0.035
  6931.270 	     -0.022
  6932.514 	      0.012
  6933.759 	      0.029
  6935.003 	     -0.011
  6936.248 	     -0.001
  6937.493 	     -0.002
  6938.739 	     -0.015
  6939.984 	     -0.022
  6941.230 	     -0.025
  6942.476 	     -0.006
  6943.722 	      0.036
  6944.968 	      0.050
  6946.215 	      0.033
  6947.462 	     -0.004
  6948.709 	     -0.011
  6949.956 	     -0.003
  6951.203 	     -0.009
  6952.451 	     -0.001
  6953.699 	      0.004
  6954.947 	      0.003
  6956.196 	     -0.025
  6957.444 	     -0.023
  6958.693 	      0.002
  6959.942 	      0.063
  6961.191 	      0.039
  6962.441 	      0.015
  6963.691 	      0.009
  6964.941 	      0.034
  6966.191 	      0.052
  6967.441 	      0.022
  6968.692 	      0.032
  6969.943 	      0.023
  6971.194 	      0.042
  6972.445 	      0.106
  6973.696 	      0.096
  6974.948 	      0.065
  6976.200 	     -0.016
  6977.452 	     -0.038
  6978.705 	     -0.006
  6979.957 	     -0.015
  6981.210 	      0.004
  6982.463 	      0.018
  6983.717 	     -0.001
  6984.970 	     -0.012
  6986.224 	     -0.035
  6987.478 	     -0.013
  6988.732 	     -0.023
  6989.987 	     -0.021
  6991.241 	     -0.011
  6992.496 	     -0.006
  6993.751 	     -0.009
  6995.007 	     -0.020
  6996.262 	     -0.035
  6997.518 	     -0.031
  6998.774 	     -0.019
  7000.030 	     -0.003
  7001.287 	      0.017
  7002.544 	     -0.011
  7003.801 	     -0.032
  7005.058 	     -0.017
  7006.315 	      0.034
  7007.573 	      0.033
  7008.831 	     -0.015
  7010.089 	     -0.062
  7011.347 	     -0.069
  7012.605 	     -0.043
  7013.864 	      0.013
  7015.123 	      0.013
  7016.382 	     -0.020
  7017.642 	     -0.007
  7018.901 	     -0.004
  7020.161 	     -0.018
  7021.421 	     -0.026
  7022.682 	     -0.008
  7023.942 	     -0.016
  7025.203 	     -0.014
  7026.464 	      0.030
  7027.725 	      0.021
  7028.987 	      0.021
  7030.248 	      0.013
  7031.510 	     -0.036
  7032.772 	     -0.029
  7034.035 	     -0.016
  7035.297 	     -0.031
  7036.560 	     -0.035
  7037.823 	     -0.013
  7039.086 	     -0.008
  7040.350 	     -0.001
  7041.614 	      0.005
  7042.877 	      0.001
  7044.142 	     -0.000
  7045.406 	      0.006
  7046.671 	      0.012
  7047.936 	      0.001
  7049.201 	     -0.015
  7050.466 	     -0.005
  7051.731 	      0.025
  7052.997 	     -0.004
  7054.263 	     -0.009
  7055.529 	      0.024
  7056.796 	      0.023
  7058.062 	      0.019
  7059.329 	      0.002
  7060.596 	      0.003
  7061.864 	      0.018
  7063.131 	      0.010
  7064.399 	      0.002
  7065.667 	     -0.004
  7066.936 	     -0.024
  7068.204 	     -0.029
  7069.473 	     -0.015
  7070.742 	      0.027
  7072.011 	     -0.022
  7073.280 	     -0.005
  7074.550 	     -0.010
  7075.820 	     -0.009
  7077.090 	      0.024
  7078.360 	     -0.012
  7079.631 	     -0.042
  7080.901 	     -0.014
  7082.172 	      0.042
  7083.444 	      0.003
  7084.715 	      0.002
  7085.987 	     -0.022
  7087.259 	     -0.030
  7088.531 	     -0.045
  7089.803 	     -0.016
  7091.076 	     -0.029
  7092.349 	     -0.019
  7093.622 	     -0.011
  7094.895 	      0.010
  7096.168 	     -0.024
  7097.442 	     -0.008
  7098.716 	     -0.010
  7099.990 	     -0.035
  7101.265 	     -0.024
  7102.539 	      0.009
  7103.814 	      0.023
  7105.089 	     -0.003
  7106.365 	      0.001
  7107.640 	      0.010
  7108.916 	      0.017
  7110.192 	     -0.003
  7111.468 	      0.009
  7112.745 	     -0.012
  7114.021 	     -0.030
  7115.298 	     -0.008
  7116.576 	     -0.021
  7117.853 	     -0.003
  7119.131 	     -0.015
  7120.408 	     -0.029
  7121.687 	     -0.014
  7122.965 	      0.009
  7124.243 	      0.015
  7125.522 	     -0.009
  7126.801 	     -0.009
  7128.080 	     -0.016
  7129.360 	     -0.033
  7130.640 	      0.024
  7131.919 	      0.026
  7133.200 	      0.028
  7134.480 	      0.018
  7135.761 	      0.007
  7137.041 	     -0.014
  7138.323 	      0.001
  7139.604 	     -0.033
  7140.885 	     -0.012
  7142.167 	     -0.049
  7143.449 	     -0.052
  7144.731 	     -0.022
  7146.014 	      0.006
  7147.296 	     -0.007
  7148.579 	     -0.031
  7149.863 	     -0.047
  7151.146 	     -0.012
  7152.430 	     -0.000
  7153.713 	     -0.006
  7154.997 	     -0.003
  7156.282 	     -0.007
  7157.566 	      0.015
  7158.851 	      0.027
  7160.136 	     -0.008
  7161.421 	     -0.046
  7162.707 	     -0.038
  7163.992 	     -0.034
  7165.278 	     -0.043
  7166.564 	     -0.062
  7167.851 	     -0.077
  7169.137 	     -0.088
  7170.424 	     -0.090
  7171.711 	     -0.075
  7172.998 	     -0.068
  7174.286 	     -0.067
  7175.574 	     -0.084
  7176.862 	     -0.057
  7178.150 	     -0.099
  7179.438 	     -0.152
  7180.727 	     -0.147
  7182.016 	     -0.169
  7183.305 	     -0.132
  7184.595 	     -0.069
  7185.884 	     -0.103
  7187.174 	     -0.127
  7188.464 	     -0.107
  7189.754 	     -0.062
  7191.045 	     -0.069
  7192.336 	     -0.082
  7193.627 	     -0.071
  7194.918 	     -0.125
  7196.209 	     -0.150
  7197.501 	     -0.131
  7198.793 	     -0.117
  7200.085 	     -0.133
  7201.377 	     -0.086
  7202.670 	     -0.031
  7203.963 	     -0.050
  7205.256 	     -0.036
  7206.549 	     -0.065
  7207.843 	     -0.104
  7209.137 	     -0.067
  7210.431 	     -0.066
  7211.725 	     -0.097
  7213.019 	     -0.081
  7214.314 	     -0.069
  7215.609 	     -0.062
  7216.904 	     -0.047
  7218.200 	     -0.058
  7219.495 	     -0.064
  7220.791 	     -0.072
  7222.087 	     -0.090
  7223.384 	     -0.072
  7224.680 	     -0.082
  7225.977 	     -0.098
  7227.274 	     -0.123
  7228.571 	     -0.152
  7229.869 	     -0.141
  7231.166 	     -0.103
  7232.464 	     -0.066
  7233.763 	      0.015
  7235.061 	      0.090
  7236.360 	      0.022
  7237.659 	     -0.034
  7238.958 	     -0.016
  7240.257 	     -0.013
  7241.557 	     -0.056
  7242.857 	     -0.160
  7244.157 	     -0.191
  7245.457 	     -0.176
  7246.757 	     -0.154
  7248.058 	     -0.138
  7249.359 	     -0.098
  7250.660 	     -0.093
  7251.962 	     -0.110
  7253.264 	     -0.130
  7254.566 	     -0.133
  7255.868 	     -0.093
  7257.170 	     -0.107
  7258.473 	     -0.094
  7259.776 	     -0.136
  7261.079 	     -0.144
  7262.382 	     -0.122
  7263.686 	     -0.110
  7264.989 	     -0.097
  7266.293 	     -0.092
  7267.598 	     -0.073
  7268.902 	     -0.012
  7270.207 	      0.119
  7271.512 	      0.108
  7272.817 	     -0.010
  7274.123 	     -0.165
  7275.428 	     -0.182
  7276.734 	     -0.137
  7278.040 	     -0.081
  7279.347 	     -0.066
  7280.653 	     -0.114
  7281.960 	     -0.160
  7283.267 	     -0.177
  7284.575 	     -0.149
  7285.882 	     -0.127
  7287.190 	     -0.125
  7288.498 	     -0.097
  7289.806 	     -0.087
  7291.115 	     -0.105
  7292.423 	     -0.110
  7293.732 	     -0.137
  7295.042 	     -0.125
  7296.351 	     -0.128
  7297.661 	     -0.037
  7298.971 	     -0.014
  7300.281 	     -0.037
  7301.591 	     -0.071
  7302.902 	     -0.126
  7304.212 	     -0.104
  7305.524 	     -0.088
  7306.835 	     -0.100
  7308.146 	     -0.092
  7309.458 	      0.024
  7310.770 	      0.135
  7312.082 	      0.050
  7313.395 	     -0.100
  7314.708 	     -0.186
  7316.021 	     -0.165
  7317.334 	     -0.154
  7318.647 	     -0.158
  7319.961 	     -0.149
  7321.275 	     -0.088
  7322.589 	     -0.010
  7323.903 	      0.003
  7325.218 	     -0.023
  7326.533 	     -0.073
  7327.848 	     -0.081
  7329.163 	     -0.091
  7330.479 	     -0.094
  7331.795 	     -0.080
  7333.111 	     -0.023
  7334.427 	      0.084
  7335.743 	      0.100
  7337.060 	      0.029
  7338.377 	     -0.108
  7339.694 	     -0.147
