WV      	 Sigma   
4184.326	    0.024
4185.077	    0.018
4185.828	    0.020
4186.580	    0.033
4187.331	    0.036
4188.083	    0.024
4188.835	    0.018
4189.586	    0.024
4190.339	    0.029
4191.091	    0.036
4191.843	    0.045
4192.595	    0.057
4193.348	    0.060
4194.101	    0.062
4194.853	    0.060
4195.606	    0.052
4196.359	    0.056
4197.113	    0.042
4197.866	    0.012
4198.620	    0.055
4199.373	    0.052
4200.127	    0.040
4200.881	    0.040
4201.635	    0.051
4202.389	    0.069
4203.143	    0.043
4203.898	    0.036
4204.652	    0.058
4205.407	    0.057
4206.162	    0.035
4206.917	    0.012
4207.672	    0.027
4208.427	    0.036
4209.183	    0.036
4209.938	    0.043
4210.694	    0.070
4211.450	    0.037
4212.206	    0.031
4212.962	    0.031
4213.718	    0.068
4214.474	    0.065
4215.231	    0.058
4215.987	    0.052
4216.744	    0.049
4217.501	    0.026
4218.258	    0.041
4219.015	    0.049
4219.773	    0.035
4220.530	    0.034
4221.288	    0.029
4222.045	    0.016
4222.803	    0.027
4223.561	    0.061
4224.319	    0.055
4225.077	    0.042
4225.836	    0.018
4226.594	    0.034
4227.353	    0.053
4228.112	    0.054
4228.871	    0.014
4229.630	    0.069
4230.389	    0.059
4231.148	    0.055
4231.908	    0.069
4232.667	    0.071
4233.427	    0.070
4234.187	    0.057
4234.947	    0.024
4235.707	    0.047
4236.468	    0.044
4237.228	    0.055
4237.989	    0.076
4238.749	    0.060
4239.510	    0.046
4240.271	    0.058
4241.032	    0.016
4241.793	    0.025
4242.555	    0.064
4243.316	    0.070
4244.078	    0.053
4244.840	    0.064
4245.602	    0.042
4246.364	    0.025
4247.126	    0.019
4247.888	    0.046
4248.651	    0.061
4249.413	    0.070
4250.176	    0.074
4250.939	    0.064
4251.702	    0.062
4252.465	    0.054
4253.229	    0.047
4253.992	    0.053
4254.756	    0.050
4255.519	    0.040
4256.283	    0.031
4257.047	    0.045
4257.811	    0.050
4258.575	    0.047
4259.340	    0.050
4260.104	    0.061
4260.869	    0.053
4261.634	    0.055
4262.399	    0.059
4263.164	    0.066
4263.929	    0.007
4264.695	    0.012
4265.460	    0.016
4266.226	    0.038
4266.991	    0.016
4267.757	    0.053
4268.523	    0.048
4269.290	    0.010
4270.056	    0.074
4270.822	    0.052
4271.589	    0.052
4272.356	    0.042
4273.123	    0.029
4273.890	    0.072
4274.657	    0.069
4275.424	    0.060
4276.191	    0.067
4276.959	    0.067
4277.727	    0.077
4278.494	    0.075
4279.262	    0.044
4280.031	    0.007
4280.799	    0.034
4281.567	    0.048
4282.336	    0.058
4283.104	    0.057
4283.873	    0.050
4284.642	    0.039
4285.411	    0.028
4286.180	    0.058
4286.950	    0.053
4287.719	    0.042
4288.489	    0.021
4289.259	    0.029
4290.029	    0.042
4290.799	    0.056
4291.569	    0.062
4292.339	    0.063
4293.110	    0.046
4293.880	    0.026
4294.651	    0.012
4295.422	    0.014
4296.193	    0.031
4296.964	    0.025
4297.735	    0.049
4298.507	    0.064
4299.278	    0.056
4300.050	    0.045
4300.822	    0.063
4301.594	    0.078
4302.366	    0.061
4303.138	    0.073
4303.910	    0.064
4304.683	    0.055
4305.456	    0.061
4306.229	    0.066
4307.001	    0.047
4307.775	    0.040
4308.548	    0.056
4309.321	    0.074
4310.095	    0.075
4310.868	    0.080
4311.642	    0.081
4312.416	    0.023
4313.190	    0.026
4313.964	    0.044
4314.739	    0.055
4315.513	    0.054
4316.288	    0.040
4317.062	    0.040
4317.837	    0.040
4318.612	    0.040
4319.388	    0.065
4320.163	    0.081
4320.938	    0.083
4321.714	    0.075
4322.490	    0.043
4323.266	    0.051
4324.042	    0.063
4324.818	    0.072
4325.594	    0.072
4326.370	    0.083
4327.147	    0.084
4327.924	    0.076
4328.700	    0.055
4329.477	    0.046
4330.255	    0.061
4331.032	    0.065
4331.809	    0.065
4332.587	    0.077
4333.364	    0.089
4334.142	    0.084
4334.920	    0.075
4335.698	    0.063
4336.477	    0.047
4337.255	    0.075
4338.034	    0.080
4338.812	    0.064
4339.591	    0.034
4340.370	    0.033
4341.149	    0.035
4341.928	    0.054
4342.708	    0.029
4343.487	    0.055
4344.267	    0.066
4345.046	    0.064
4345.826	    0.050
4346.606	    0.052
4347.387	    0.040
4348.167	    0.044
4348.947	    0.054
4349.728	    0.063
4350.509	    0.066
4351.290	    0.076
4352.071	    0.079
4352.852	    0.071
4353.633	    0.080
4354.415	    0.080
4355.196	    0.081
4355.978	    0.081
4356.760	    0.055
4357.542	    0.064
4358.324	    0.064
4359.106	    0.065
4359.889	    0.067
4360.671	    0.072
4361.454	    0.077
4362.237	    0.073
4363.020	    0.059
4363.803	    0.048
4364.587	    0.021
4365.370	    0.014
4366.153	    0.014
4366.937	    0.024
4367.721	    0.056
4368.505	    0.059
4369.289	    0.063
4370.073	    0.072
4370.858	    0.089
4371.642	    0.062
4372.427	    0.054
4373.212	    0.064
4373.997	    0.086
4374.782	    0.067
4375.567	    0.072
4376.353	    0.073
4377.138	    0.073
4377.924	    0.070
4387.363	    0.054
4388.151	    0.071
4388.938	    0.058
4389.726	    0.063
4390.514	    0.067
4391.302	    0.067
4392.090	    0.052
4392.879	    0.054
4393.667	    0.057
4394.456	    0.054
4395.245	    0.046
4396.033	    0.060
4396.823	    0.061
4397.612	    0.058
4398.401	    0.060
4399.191	    0.074
4399.980	    0.089
4400.770	    0.069
4401.560	    0.064
4402.350	    0.077
4403.140	    0.092
4403.931	    0.077
4404.721	    0.071
4405.512	    0.068
4406.302	    0.066
4407.093	    0.016
4407.884	    0.049
4408.676	    0.054
4409.467	    0.052
4410.258	    0.042
4411.050	    0.064
4411.842	    0.076
4412.634	    0.074
4413.426	    0.058
4414.218	    0.046
4415.010	    0.032
4415.803	    0.030
4416.595	    0.051
4417.388	    0.045
4418.181	    0.059
4418.974	    0.049
4419.767	    0.064
4420.561	    0.076
4421.354	    0.060
4422.148	    0.053
4422.941	    0.012
4423.735	    0.014
4424.529	    0.040
4425.324	    0.035
4426.118	    0.061
4426.912	    0.050
4427.707	    0.036
4428.502	    0.033
4429.297	    0.063
4430.092	    0.066
4430.887	    0.066
4431.682	    0.066
4432.478	    0.070
4433.273	    0.063
4434.069	    0.053
4434.865	    0.056
4435.661	    0.055
4436.457	    0.037
4437.253	    0.049
4438.050	    0.018
4438.847	    0.041
4439.643	    0.042
4440.440	    0.042
4441.237	    0.051
4442.034	    0.051
4442.832	    0.046
4443.629	    0.037
4444.427	    0.038
4445.225	    0.045
4446.023	    0.045
4446.821	    0.039
4447.619	    0.028
4448.417	    0.024
4449.216	    0.037
4450.014	    0.049
4450.813	    0.055
4451.612	    0.054
4452.411	    0.032
4453.210	    0.025
4454.009	    0.028
4454.809	    0.028
4455.609	    0.028
4456.408	    0.030
4457.208	    0.036
4458.008	    0.018
4458.808	    0.040
4459.609	    0.058
4460.409	    0.054
4461.210	    0.035
4462.011	    0.027
4462.812	    0.050
4463.613	    0.057
4464.414	    0.046
4465.215	    0.025
4466.017	    0.027
4466.818	    0.040
4467.620	    0.040
4468.422	    0.034
4469.224	    0.031
4470.026	    0.034
4470.829	    0.039
4471.631	    0.040
4472.434	    0.034
4473.237	    0.021
4474.039	    0.012
4474.843	    0.023
4475.646	    0.010
4476.449	    0.029
4477.253	    0.039
4478.056	    0.042
4478.860	    0.038
4479.664	    0.033
4480.468	    0.026
4481.272	    0.020
4482.077	    0.020
4482.881	    0.026
4483.686	    0.034
4484.491	    0.040
4485.296	    0.044
4486.101	    0.044
4486.906	    0.040
4487.711	    0.037
4488.517	    0.034
4489.322	    0.033
4490.128	    0.033
4490.934	    0.034
4491.740	    0.036
4492.547	    0.014
4493.353	    0.007
4494.160	    0.033
4494.966	    0.062
4495.773	    0.020
4496.580	    0.036
4497.387	    0.029
4498.194	    0.032
4499.002	    0.067
4499.809	    0.029
4500.617	    0.046
4501.425	    0.036
4502.233	    0.012
4503.041	    0.016
4503.849	    0.044
4504.658	    0.052
4505.466	    0.050
4506.275	    0.043
4507.084	    0.036
4507.893	    0.026
4508.702	    0.010
4509.511	    0.025
4510.321	    0.027
4511.130	    0.014
4511.940	    0.034
4512.750	    0.048
4513.560	    0.054
4514.370	    0.052
4515.180	    0.045
4515.991	    0.040
4516.802	    0.046
4517.612	    0.051
4518.423	    0.051
4519.234	    0.044
4520.045	    0.014
4520.857	    0.041
4521.668	    0.052
4522.480	    0.052
4523.292	    0.045
4524.103	    0.018
4524.916	    0.050
4525.728	    0.055
4526.540	    0.044
4527.353	    0.010
4528.165	    0.042
4528.978	    0.023
4529.791	    0.031
4530.604	    0.040
4531.417	    0.039
4532.231	    0.031
4533.044	    0.019
4533.858	    0.018
4534.672	    0.010
4535.486	    0.018
4536.300	    0.032
4537.114	    0.051
4537.928	    0.051
4538.743	    0.035
4539.558	    0.023
4540.372	    0.046
4541.187	    0.058
4542.002	    0.059
4542.818	    0.054
4543.633	    0.044
4544.449	    0.026
4545.264	    0.031
4546.080	    0.035
4546.896	    0.024
4547.712	    0.021
4548.529	    0.037
4549.345	    0.042
4550.162	    0.040
4550.979	    0.028
4551.795	    0.010
4552.612	    0.027
4553.430	    0.030
4554.247	    0.023
4555.064	    0.018
4555.882	    0.025
4556.700	    0.030
4557.518	    0.029
4558.336	    0.021
4559.154	    0.039
4559.972	    0.036
4560.791	    0.021
4561.609	    0.020
4562.428	    0.021
4563.247	    0.025
4564.066	    0.041
4564.885	    0.047
4565.705	    0.044
4566.524	    0.024
4567.344	    0.035
4568.164	    0.037
4568.984	    0.028
4569.804	    0.007
4570.624	    0.021
4571.445	    0.014
4572.265	    0.033
4573.086	    0.045
4573.907	    0.050
4574.728	    0.046
4575.549	    0.031
4576.370	    0.029
4577.192	    0.028
4578.013	    0.025
4578.835	    0.047
4579.657	    0.054
4580.479	    0.039
4581.301	    0.010
4582.123	    0.030
4582.946	    0.029
4583.768	    0.029
4584.591	    0.040
4585.414	    0.033
4586.237	    0.023
4587.060	    0.028
4587.884	    0.010
4588.707	    0.040
4589.531	    0.037
4590.355	    0.037
4591.179	    0.016
4592.003	    0.036
4592.827	    0.051
4593.651	    0.049
4594.476	    0.027
4595.301	    0.010
4596.125	    0.012
4596.950	    0.025
4597.776	    0.036
4598.601	    0.040
4599.426	    0.028
4600.252	    0.028
4601.078	    0.021
4601.903	    0.026
4602.730	    0.026
4603.556	    0.031
4604.382	    0.029
4605.208	    0.025
4606.035	    0.019
4606.862	    0.012
4607.689	    0.007
4608.516	    0.025
4609.343	    0.033
4610.170	    0.031
4610.998	    0.012
4611.826	    0.034
4612.653	    0.039
4613.481	    0.020
4614.309	    0.026
4615.138	    0.034
4615.966	    0.026
4616.795	    0.019
4617.623	    0.025
4618.452	    0.027
4619.281	    0.026
4620.110	    0.023
4620.940	    0.019
4621.769	    0.029
4622.599	    0.038
4623.428	    0.044
4624.258	    0.047
4625.088	    0.046
4625.918	    0.039
4626.749	    0.031
4627.579	    0.032
4628.410	    0.034
4629.241	    0.036
4630.072	    0.036
4630.903	    0.019
4631.734	    0.026
4632.565	    0.036
4633.397	    0.038
4634.229	    0.030
4635.060	    0.014
4635.892	    0.029
4636.724	    0.034
4637.557	    0.040
4638.389	    0.040
4639.222	    0.037
4640.054	    0.030
4640.887	    0.043
4641.720	    0.051
4642.553	    0.055
4643.387	    0.055
4644.220	    0.051
4645.054	    0.037
4645.888	    0.012
4646.722	    0.007
4647.556	    0.012
4648.390	    0.019
4649.224	    0.019
4650.059	    0.018
4650.893	    0.019
4651.728	    0.023
4652.563	    0.025
4653.398	    0.027
4654.234	    0.031
4655.069	    0.041
4655.905	    0.041
4656.740	    0.030
4657.576	    0.030
4658.412	    0.027
4659.248	    0.030
4660.085	    0.030
4660.921	    0.035
4661.758	    0.037
4662.594	    0.029
4663.431	    0.007
4664.268	    0.021
4665.106	    0.012
4665.943	    0.029
4666.781	    0.044
4667.618	    0.048
4668.456	    0.040
4669.294	    0.012
4670.132	    0.027
4670.970	    0.027
4671.809	    0.024
4672.647	    0.020
4673.486	    0.016
4674.325	    0.012
4675.164	    0.012
4676.003	    0.014
4676.843	    0.014
4677.682	    0.012
4678.522	    0.014
4679.361	    0.007
4680.201	    0.019
4681.041	    0.027
4681.882	    0.039
4682.722	    0.045
4683.563	    0.044
4684.403	    0.024
4685.244	    0.023
4686.085	    0.019
4686.926	    0.039
4687.767	    0.042
4688.609	    0.026
4689.450	    0.048
4690.292	    0.037
4691.134	    0.051
4691.976	    0.042
4692.818	    0.044
4693.661	    0.050
4694.503	    0.025
4695.346	    0.037
4696.189	    0.048
4697.032	    0.046
4697.875	    0.034
4698.718	    0.027
4699.561	    0.033
4700.405	    0.012
4701.249	    0.047
4702.092	    0.054
4702.936	    0.052
4703.781	    0.040
4704.625	    0.020
4705.469	    0.041
4706.314	    0.025
4707.159	    0.029
4708.004	    0.042
4708.849	    0.051
4709.694	    0.058
4710.539	    0.054
4711.385	    0.036
4712.231	    0.048
4713.076	    0.049
4713.922	    0.039
4714.768	    0.012
4715.615	    0.025
4716.461	    0.019
4717.308	    0.040
4718.154	    0.036
4719.001	    0.038
4719.848	    0.041
4720.696	    0.024
4721.543	    0.058
4722.390	    0.042
4723.238	    0.039
4724.086	    0.026
4724.934	    0.025
4725.782	    0.034
4726.630	    0.041
4727.479	    0.020
4728.327	    0.027
4729.176	    0.027
4730.025	    0.029
4730.874	    0.031
4731.723	    0.025
4732.572	    0.040
4733.422	    0.032
4734.271	    0.033
4735.121	    0.016
4735.971	    0.007
4736.821	    0.026
4737.671	    0.028
4738.522	    0.051
4739.372	    0.058
4740.223	    0.047
4741.074	    0.035
4741.925	    0.046
4742.776	    0.027
4743.627	    0.056
4744.479	    0.043
4745.330	    0.058
4746.182	    0.050
4747.034	    0.042
4747.886	    0.037
4748.738	    0.007
4749.591	    0.033
4750.443	    0.037
4751.296	    0.047
4752.149	    0.055
4753.002	    0.050
4753.855	    0.014
4754.708	    0.046
4755.562	    0.010
4756.415	    0.010
4757.269	    0.016
4758.123	    0.019
4758.977	    0.019
4759.831	    0.046
4760.686	    0.045
4761.540	    0.030
4762.395	    0.020
4763.250	    0.007
4764.105	    0.040
4764.960	    0.045
4765.815	    0.035
4766.671	    0.024
4767.526	    0.018
4768.382	    0.039
4769.238	    0.056
4770.094	    0.045
4770.950	    0.044
4771.807	    0.025
4772.663	    0.023
4773.520	    0.039
4774.377	    0.045
4775.234	    0.034
4776.091	    0.019
4776.948	    0.026
4777.805	    0.016
4778.663	    0.018
4779.521	    0.016
4780.379	    0.019
4781.237	    0.034
4782.095	    0.010
4782.953	    0.024
4783.812	    0.025
4784.670	    0.023
4785.529	    0.026
4786.388	    0.019
4787.247	    0.032
4788.107	    0.010
4788.966	    0.029
4789.826	    0.029
4790.686	    0.023
4791.545	    0.018
4792.405	    0.021
4793.266	    0.032
4794.126	    0.066
4794.987	    0.018
4795.847	    0.025
4796.708	    0.018
4797.569	    0.036
4798.430	    0.034
4799.292	    0.040
4800.153	    0.036
4801.015	    0.050
4801.876	    0.030
4802.738	    0.023
4803.600	    0.024
4804.463	    0.034
4805.325	    0.061
4806.188	    0.044
4807.050	    0.057
4807.913	    0.048
4808.776	    0.039
4809.639	    0.051
4810.503	    0.066
4821.740	    0.016
4822.605	    0.036
4823.471	    0.024
4824.337	    0.023
4825.203	    0.047
4826.069	    0.046
4826.935	    0.024
4827.801	    0.021
4828.668	    0.023
4829.535	    0.054
4830.401	    0.059
4831.269	    0.058
4832.136	    0.041
4833.003	    0.010
4833.871	    0.014
4834.738	    0.042
4835.606	    0.051
4836.474	    0.019
4837.342	    0.023
4838.210	    0.030
4839.079	    0.033
4839.947	    0.020
4840.816	    0.033
4841.685	    0.053
4842.554	    0.045
4843.423	    0.031
4844.293	    0.028
4845.162	    0.037
4846.032	    0.040
4846.902	    0.035
4847.772	    0.028
4848.642	    0.023
4849.512	    0.050
4850.383	    0.021
4851.253	    0.007
4852.124	    0.036
4852.995	    0.044
4853.866	    0.028
4854.737	    0.021
4855.609	    0.018
4856.480	    0.018
4857.352	    0.019
4858.224	    0.028
4859.096	    0.049
4859.968	    0.046
4860.841	    0.034
4861.713	    0.029
4862.586	    0.060
4863.459	    0.028
4864.332	    0.028
4865.205	    0.019
4866.078	    0.012
4866.951	    0.031
4867.825	    0.030
4868.699	    0.044
4869.573	    0.057
4870.447	    0.050
4871.321	    0.045
4872.195	    0.042
4873.070	    0.031
4873.945	    0.014
4874.819	    0.032
4875.694	    0.054
4876.570	    0.049
4877.445	    0.019
4878.320	    0.033
4879.196	    0.051
4880.072	    0.051
4880.948	    0.061
4881.824	    0.066
4882.700	    0.067
4883.577	    0.070
4884.453	    0.061
4885.330	    0.055
4886.207	    0.058
4887.084	    0.056
4887.961	    0.039
4888.838	    0.050
4889.716	    0.040
4890.594	    0.036
4891.472	    0.040
4892.350	    0.053
4893.228	    0.060
4894.106	    0.051
4894.984	    0.047
4895.863	    0.064
4896.742	    0.071
4897.621	    0.074
4898.500	    0.071
4899.379	    0.063
4900.259	    0.056
4901.138	    0.058
4902.018	    0.038
4902.898	    0.059
4903.778	    0.123
4904.658	    0.193
4905.538	    0.254
4906.419	    0.295
4907.300	    0.306
4908.180	    0.279
4909.061	    0.213
4909.943	    0.148
4910.824	    0.097
4911.705	    0.043
4912.587	    0.034
4913.469	    0.044
4914.351	    0.054
4915.233	    0.066
4916.115	    0.073
4916.998	    0.071
4917.880	    0.061
4918.763	    0.058
4919.646	    0.059
4920.529	    0.061
4921.412	    0.061
4922.295	    0.061
4923.179	    0.055
4924.063	    0.045
4924.947	    0.058
4925.831	    0.061
4926.715	    0.058
4927.599	    0.054
4928.484	    0.056
4929.368	    0.070
4930.253	    0.076
4931.138	    0.065
4932.023	    0.066
4932.908	    0.077
4933.794	    0.068
4934.679	    0.064
4935.565	    0.068
4936.451	    0.040
4937.337	    0.048
4938.223	    0.059
4939.110	    0.055
4939.996	    0.048
4940.883	    0.052
4941.770	    0.056
4942.657	    0.052
4943.544	    0.042
4944.431	    0.042
4945.319	    0.039
4946.207	    0.062
4947.094	    0.043
4947.982	    0.054
4948.871	    0.052
4949.759	    0.048
4950.647	    0.055
4951.536	    0.041
4952.425	    0.031
4953.314	    0.059
4954.203	    0.072
4955.092	    0.070
4955.981	    0.066
4956.871	    0.066
4957.761	    0.061
4958.651	    0.049
4959.541	    0.058
4960.431	    0.057
4961.321	    0.059
4962.212	    0.065
4963.103	    0.062
4963.993	    0.059
4964.884	    0.057
4965.776	    0.053
4966.667	    0.046
4967.558	    0.042
4968.450	    0.036
4969.342	    0.051
4970.234	    0.043
4971.126	    0.046
4972.018	    0.054
4972.911	    0.055
4973.803	    0.046
4974.696	    0.032
4975.589	    0.034
4976.482	    0.054
4977.375	    0.061
4978.269	    0.055
4979.162	    0.061
4980.056	    0.066
4980.950	    0.061
4981.844	    0.054
4982.738	    0.062
4983.633	    0.046
4984.527	    0.018
4985.422	    0.037
4986.317	    0.044
4987.212	    0.046
4988.107	    0.054
4989.002	    0.061
4989.898	    0.055
4990.794	    0.046
4991.689	    0.059
4992.585	    0.054
4993.482	    0.040
4994.378	    0.039
4995.274	    0.041
4996.171	    0.049
4997.068	    0.058
4997.965	    0.061
4998.862	    0.042
4999.759	    0.032
5000.657	    0.066
5001.554	    0.052
5002.452	    0.039
5003.350	    0.027
5004.248	    0.054
5005.146	    0.065
5006.045	    0.066
5006.943	    0.031
5007.842	    0.014
5008.741	    0.044
5009.640	    0.069
5010.539	    0.059
5011.438	    0.051
5012.338	    0.042
5013.238	    0.027
5014.137	    0.032
5015.037	    0.060
5015.938	    0.053
5016.838	    0.065
5017.738	    0.052
5018.639	    0.057
5019.540	    0.057
5020.441	    0.056
5021.342	    0.053
5022.243	    0.057
5023.145	    0.072
5024.046	    0.053
5024.948	    0.076
5025.850	    0.028
5026.752	    0.063
5027.655	    0.061
5028.557	    0.061
5029.460	    0.064
5030.362	    0.056
5031.265	    0.029
5032.168	    0.035
5033.072	    0.034
5033.975	    0.029
5034.879	    0.052
5035.782	    0.051
5036.686	    0.034
5037.590	    0.045
5038.495	    0.059
5039.399	    0.061
5040.304	    0.056
5041.208	    0.032
5042.113	    0.054
5043.018	    0.061
5043.923	    0.051
5044.829	    0.037
5045.734	    0.039
5046.640	    0.047
5047.546	    0.061
5048.452	    0.064
5049.358	    0.038
5050.264	    0.038
5051.171	    0.063
5052.078	    0.079
5052.984	    0.094
5053.891	    0.097
5054.799	    0.096
5055.706	    0.074
5056.613	    0.045
5057.521	    0.034
5058.429	    0.012
5059.337	    0.044
5060.245	    0.065
5061.153	    0.062
5062.062	    0.037
5062.970	    0.029
5063.879	    0.021
5064.788	    0.038
5065.697	    0.047
5066.606	    0.046
5067.516	    0.044
5068.425	    0.029
5069.335	    0.046
5070.245	    0.046
5071.155	    0.027
5072.065	    0.035
5072.976	    0.031
5073.886	    0.029
5074.797	    0.036
5075.708	    0.045
5076.619	    0.050
5077.530	    0.047
5078.442	    0.033
5079.353	    0.046
5080.265	    0.057
5081.177	    0.062
5082.089	    0.056
5083.001	    0.037
5083.914	    0.016
5084.826	    0.024
5085.739	    0.025
5086.652	    0.040
5087.565	    0.043
5088.478	    0.031
5089.391	    0.027
5090.305	    0.027
5091.219	    0.033
5092.132	    0.040
5093.046	    0.046
5093.961	    0.045
5094.875	    0.041
5095.789	    0.042
5096.704	    0.042
5097.619	    0.007
5098.534	    0.020
5099.449	    0.060
5100.364	    0.052
5101.280	    0.052
5102.196	    0.042
5103.111	    0.030
5104.027	    0.023
5104.944	    0.036
5105.860	    0.050
5106.776	    0.037
5107.693	    0.050
5108.610	    0.032
5109.527	    0.025
5110.444	    0.030
5111.361	    0.038
5112.279	    0.040
5113.196	    0.046
5114.114	    0.050
5115.032	    0.047
5115.950	    0.037
5116.868	    0.014
5117.787	    0.032
5118.706	    0.028
5119.624	    0.027
5120.543	    0.027
5121.462	    0.024
5122.382	    0.018
5123.301	    0.039
5124.221	    0.047
5125.141	    0.025
5126.060	    0.012
5126.981	    0.056
5127.901	    0.043
5128.821	    0.064
5129.742	    0.038
5130.663	    0.035
5131.584	    0.033
5132.505	    0.047
5133.426	    0.023
5134.347	    0.038
5135.269	    0.025
5136.191	    0.025
5137.113	    0.033
5138.035	    0.050
5138.957	    0.039
5139.879	    0.040
5140.802	    0.023
5141.725	    0.018
5142.648	    0.032
5143.571	    0.029
5144.494	    0.042
5145.417	    0.051
5146.341	    0.047
5147.265	    0.050
5148.189	    0.052
5149.113	    0.055
5150.037	    0.029
5150.961	    0.031
5151.886	    0.049
5152.811	    0.046
5153.736	    0.029
5154.661	    0.016
5155.586	    0.021
5156.511	    0.010
5157.437	    0.010
5158.363	    0.019
5159.289	    0.025
5160.215	    0.040
5161.141	    0.036
5162.067	    0.038
5162.994	    0.031
5163.921	    0.034
5164.848	    0.038
5165.775	    0.007
5166.702	    0.018
5167.629	    0.025
5168.557	    0.040
5169.485	    0.057
5170.412	    0.062
5171.341	    0.043
5172.269	    0.043
5173.197	    0.041
5174.126	    0.039
5175.054	    0.046
5175.983	    0.055
5176.912	    0.059
5177.842	    0.059
5178.771	    0.048
5179.701	    0.044
5180.630	    0.040
5181.560	    0.035
5182.490	    0.044
5183.421	    0.055
5184.351	    0.053
5185.282	    0.050
5186.212	    0.034
5187.143	    0.027
5188.074	    0.012
5189.006	    0.030
5189.937	    0.034
5190.868	    0.034
5191.800	    0.033
5192.732	    0.034
5193.664	    0.035
5194.596	    0.036
5195.529	    0.036
5196.461	    0.037
5197.394	    0.039
5198.327	    0.039
5199.260	    0.039
5200.193	    0.039
5201.127	    0.037
5202.060	    0.037
5202.994	    0.040
5203.928	    0.044
5204.862	    0.050
5205.796	    0.055
5206.731	    0.059
5207.665	    0.062
5208.600	    0.063
5209.535	    0.063
5210.470	    0.062
5211.405	    0.059
5212.341	    0.055
5213.276	    0.049
5214.212	    0.036
5215.148	    0.010
5216.084	    0.038
5217.021	    0.047
5217.957	    0.047
5218.894	    0.042
5219.830	    0.037
5220.767	    0.038
5221.704	    0.039
5222.642	    0.033
5223.579	    0.007
5224.517	    0.039
5225.454	    0.052
5226.392	    0.059
5227.331	    0.061
5228.269	    0.061
5229.207	    0.058
5230.146	    0.051
5231.085	    0.038
5232.024	    0.012
5232.963	    0.025
5233.902	    0.019
5234.842	    0.029
5235.781	    0.049
5236.721	    0.059
5237.661	    0.064
5238.601	    0.020
5239.541	    0.057
5240.482	    0.007
5241.423	    0.007
5242.363	    0.010
5243.304	    0.026
5244.245	    0.039
5245.187	    0.066
5246.128	    0.083
5247.070	    0.091
5248.012	    0.090
5248.954	    0.059
5249.896	    0.051
5250.838	    0.029
5251.781	    0.028
5252.723	    0.036
5253.666	    0.012
5254.609	    0.028
5255.552	    0.024
5256.496	    0.012
5257.439	    0.021
5258.383	    0.021
5259.327	    0.054
5260.271	    0.042
5261.215	    0.046
5262.159	    0.054
5263.104	    0.046
5264.049	    0.031
5264.994	    0.036
5265.939	    0.036
5266.884	    0.040
5267.829	    0.060
5268.775	    0.012
5269.721	    0.024
5270.666	    0.034
5271.612	    0.029
5272.559	    0.027
5273.505	    0.040
5274.452	    0.045
5275.398	    0.037
5276.345	    0.023
5277.292	    0.012
5278.240	    0.025
5279.187	    0.012
5280.135	    0.042
5281.082	    0.060
5282.030	    0.046
5282.979	    0.021
5283.927	    0.025
5284.875	    0.012
5285.824	    0.054
5286.773	    0.012
5287.722	    0.018
5288.671	    0.018
5289.620	    0.027
5290.569	    0.019
5291.519	    0.010
5292.469	    0.029
5293.419	    0.036
5294.369	    0.026
5295.319	    0.036
5296.270	    0.036
5297.220	    0.026
5298.171	    0.034
5299.122	    0.007
5300.073	    0.024
5301.025	    0.029
5301.976	    0.033
5302.928	    0.029
5303.880	    0.018
5304.832	    0.041
5305.784	    0.033
5306.736	    0.024
5307.689	    0.034
5308.642	    0.029
5309.595	    0.027
5310.548	    0.033
5311.501	    0.047
5312.454	    0.058
5313.408	    0.055
5314.362	    0.058
5315.315	    0.045
5316.270	    0.051
5317.224	    0.020
5318.178	    0.047
5319.133	    0.034
5320.088	    0.018
5321.043	    0.028
5321.998	    0.044
5322.953	    0.050
5323.908	    0.044
5324.864	    0.024
5325.820	    0.030
5326.776	    0.037
5327.732	    0.010
5328.688	    0.041
5329.645	    0.039
5330.601	    0.045
5331.558	    0.050
5332.515	    0.039
5333.472	    0.018
5334.430	    0.024
5335.387	    0.024
5336.345	    0.021
5337.303	    0.010
5338.261	    0.029
5339.219	    0.016
5340.177	    0.044
5341.136	    0.046
5342.094	    0.040
5343.053	    0.039
5344.012	    0.034
5344.972	    0.041
5345.931	    0.050
5346.891	    0.041
5347.850	    0.020
5348.810	    0.024
5349.770	    0.030
5350.731	    0.019
5351.691	    0.042
5352.652	    0.016
5353.612	    0.019
5354.573	    0.040
5355.535	    0.059
5356.496	    0.044
5357.457	    0.020
5358.419	    0.021
5359.381	    0.047
5360.343	    0.048
5361.305	    0.045
5362.267	    0.023
5363.230	    0.012
5364.192	    0.029
5365.155	    0.021
5366.118	    0.023
5367.081	    0.026
5368.045	    0.014
5369.008	    0.034
5369.972	    0.031
5370.936	    0.019
5371.900	    0.029
5372.864	    0.046
5373.829	    0.058
5374.793	    0.051
5375.758	    0.038
5376.723	    0.039
5377.688	    0.034
5378.653	    0.031
5379.619	    0.028
5380.584	    0.014
5381.550	    0.031
5382.516	    0.040
5383.482	    0.014
5384.449	    0.010
5385.415	    0.049
5386.382	    0.063
5387.349	    0.090
5388.316	    0.102
5389.283	    0.090
5390.250	    0.073
5391.218	    0.058
5392.185	    0.044
5393.153	    0.046
5394.121	    0.047
5395.090	    0.046
5396.058	    0.034
5397.027	    0.031
5397.995	    0.026
5398.964	    0.045
5399.933	    0.053
5400.903	    0.034
5401.872	    0.034
5402.842	    0.010
5403.811	    0.037
5404.781	    0.034
5405.751	    0.018
5406.722	    0.020
5407.692	    0.019
5408.663	    0.016
5409.634	    0.021
5410.605	    0.014
5411.576	    0.036
5412.547	    0.036
5413.519	    0.021
5414.491	    0.038
5415.462	    0.050
5416.434	    0.042
5417.407	    0.042
5418.379	    0.053
5419.352	    0.052
5420.324	    0.048
5421.297	    0.042
5422.270	    0.014
5423.244	    0.014
5424.217	    0.040
5425.191	    0.045
5426.165	    0.051
5427.139	    0.042
5428.113	    0.029
5429.087	    0.032
5430.062	    0.031
5431.036	    0.032
5432.011	    0.042
5432.986	    0.012
5433.961	    0.042
5434.937	    0.040
5435.912	    0.029
5436.888	    0.023
5437.864	    0.047
5438.840	    0.053
5439.816	    0.036
5440.793	    0.036
5441.769	    0.030
5442.746	    0.044
5443.723	    0.045
5444.700	    0.050
5445.677	    0.051
5446.655	    0.042
5447.632	    0.039
5448.610	    0.036
5449.588	    0.039
5450.566	    0.044
5451.545	    0.042
5452.523	    0.049
5453.502	    0.052
5454.481	    0.052
5455.460	    0.051
5456.439	    0.021
5457.419	    0.046
5458.398	    0.047
5459.378	    0.057
5460.358	    0.023
5461.338	    0.045
5462.318	    0.010
5463.299	    0.023
5464.279	    0.016
5465.260	    0.018
5466.241	    0.040
5467.222	    0.038
5468.204	    0.028
5469.185	    0.043
5470.167	    0.036
5471.149	    0.049
5472.131	    0.036
5473.113	    0.019
5474.096	    0.030
5475.078	    0.023
5476.061	    0.023
5477.044	    0.040
5478.027	    0.049
5479.010	    0.018
5479.994	    0.040
5480.977	    0.021
5481.961	    0.021
5482.945	    0.021
5483.929	    0.020
5484.914	    0.019
5485.898	    0.034
5486.883	    0.032
5487.868	    0.024
5488.853	    0.016
5489.838	    0.019
5490.823	    0.046
5491.809	    0.048
5492.795	    0.046
5493.781	    0.039
5494.767	    0.034
5495.753	    0.044
5496.740	    0.055
5497.726	    0.037
5498.713	    0.018
5499.700	    0.031
5500.687	    0.032
5501.675	    0.034
5502.662	    0.050
5503.650	    0.024
5504.638	    0.036
5505.626	    0.055
5506.614	    0.029
5507.602	    0.039
5508.591	    0.055
5509.580	    0.035
5510.569	    0.007
5511.558	    0.025
5512.547	    0.033
5513.537	    0.050
5514.526	    0.024
5515.516	    0.023
5516.506	    0.023
5517.496	    0.040
5518.487	    0.031
5519.477	    0.052
5520.468	    0.030
5521.459	    0.020
5522.450	    0.038
5523.441	    0.034
5524.433	    0.039
5525.424	    0.030
5526.416	    0.010
5527.408	    0.023
5528.400	    0.021
5529.392	    0.029
5530.385	    0.012
5531.378	    0.021
5532.370	    0.007
5533.363	    0.012
5534.357	    0.018
5535.350	    0.025
5536.344	    0.007
5537.337	    0.025
5538.331	    0.025
5539.325	    0.010
5540.320	    0.042
5541.314	    0.055
5542.309	    0.045
5543.304	    0.029
5544.299	    0.045
5545.294	    0.051
5546.289	    0.020
5547.285	    0.014
5548.280	    0.040
5549.276	    0.039
5550.272	    0.050
5551.269	    0.029
5552.265	    0.039
5553.262	    0.046
5554.259	    0.042
5555.255	    0.045
5556.253	    0.018
5557.250	    0.007
5558.247	    0.023
5559.245	    0.024
5560.243	    0.040
5561.241	    0.050
5562.239	    0.016
5563.238	    0.020
5564.236	    0.014
5565.235	    0.007
5566.234	    0.010
5567.233	    0.021
5568.232	    0.031
5569.232	    0.040
5570.231	    0.046
5571.231	    0.051
5572.231	    0.054
5573.232	    0.054
5574.232	    0.054
5575.232	    0.054
5576.233	    0.054
5577.234	    0.053
5578.235	    0.049
5579.236	    0.044
5580.238	    0.039
5581.240	    0.039
5582.241	    0.044
5583.243	    0.051
5584.246	    0.055
5585.248	    0.056
5586.250	    0.056
5587.253	    0.055
5588.256	    0.055
5589.259	    0.057
5590.262	    0.046
5591.266	    0.037
5592.269	    0.045
5593.273	    0.050
5594.277	    0.055
5595.281	    0.050
5596.286	    0.034
5597.290	    0.007
5598.295	    0.014
5599.300	    0.035
5600.305	    0.055
5601.310	    0.048
5602.315	    0.052
5603.321	    0.066
5604.327	    0.024
5605.333	    0.034
5606.339	    0.007
5607.345	    0.023
5608.352	    0.038
5609.358	    0.023
5610.365	    0.034
5611.372	    0.046
5612.379	    0.049
5613.387	    0.066
5614.394	    0.070
5615.402	    0.065
5616.410	    0.065
5617.418	    0.036
5618.427	    0.029
5619.435	    0.058
5620.444	    0.046
5621.453	    0.046
5622.462	    0.052
5623.471	    0.029
5624.480	    0.029
5625.490	    0.043
5626.499	    0.039
5627.509	    0.052
5628.520	    0.059
5629.530	    0.056
5630.540	    0.052
5631.551	    0.030
5632.562	    0.055
5633.573	    0.056
5634.584	    0.055
5635.595	    0.060
5636.607	    0.054
5637.619	    0.072
5638.631	    0.062
5639.643	    0.074
5640.655	    0.059
5641.668	    0.045
5642.680	    0.059
5643.693	    0.049
5644.706	    0.070
5645.719	    0.077
5646.733	    0.067
5647.746	    0.074
5648.760	    0.049
5649.774	    0.067
5650.788	    0.071
5651.802	    0.067
5652.817	    0.072
5653.831	    0.076
5654.846	    0.038
5655.861	    0.060
5656.876	    0.067
5657.892	    0.066
5658.907	    0.047
5659.923	    0.039
5660.939	    0.069
5661.955	    0.067
5662.972	    0.050
5663.988	    0.052
5665.005	    0.048
5666.022	    0.066
5667.039	    0.082
5668.056	    0.067
5669.073	    0.054
5670.091	    0.059
5671.109	    0.051
5672.126	    0.067
5673.145	    0.072
5674.163	    0.070
5675.181	    0.070
5676.200	    0.073
5677.219	    0.066
5678.238	    0.066
5679.257	    0.068
5680.277	    0.074
5681.296	    0.069
5682.316	    0.067
5683.336	    0.063
5684.356	    0.075
5685.376	    0.078
5686.397	    0.070
5687.418	    0.071
5688.438	    0.088
5689.459	    0.081
5690.481	    0.067
5691.502	    0.076
5692.524	    0.077
5693.545	    0.076
5694.567	    0.080
5695.590	    0.073
5696.612	    0.070
5697.634	    0.074
5698.657	    0.079
5699.680	    0.080
5700.703	    0.076
5701.726	    0.075
5702.750	    0.074
5703.773	    0.068
5704.797	    0.072
5705.821	    0.078
5706.845	    0.076
5707.870	    0.091
5708.894	    0.092
5709.919	    0.095
5710.944	    0.092
5711.969	    0.084
5712.994	    0.080
5714.020	    0.082
5715.045	    0.076
5716.071	    0.092
5717.097	    0.098
5718.123	    0.093
5719.150	    0.083
5720.176	    0.090
5721.203	    0.083
5722.230	    0.081
5723.257	    0.079
5724.284	    0.082
5725.312	    0.093
5726.340	    0.094
5727.367	    0.088
5728.396	    0.092
5729.424	    0.088
5730.452	    0.081
5731.481	    0.092
5732.510	    0.092
5733.538	    0.090
5734.568	    0.090
5735.597	    0.092
5736.626	    0.098
5737.656	    0.087
5738.686	    0.090
5739.716	    0.088
5740.746	    0.084
5741.777	    0.093
5742.807	    0.086
5743.838	    0.082
5744.869	    0.090
5745.900	    0.097
5746.932	    0.088
5747.963	    0.086
5748.995	    0.091
5750.027	    0.092
5751.059	    0.092
5752.091	    0.093
5753.124	    0.100
5754.157	    0.101
5755.189	    0.091
5756.222	    0.090
5757.256	    0.092
5758.289	    0.092
5759.323	    0.095
5760.356	    0.099
5761.390	    0.102
5762.425	    0.100
5763.459	    0.097
5764.493	    0.094
5765.528	    0.091
5766.563	    0.101
5767.598	    0.099
5768.633	    0.087
5769.669	    0.092
5770.704	    0.090
5771.740	    0.091
5772.776	    0.096
5773.812	    0.099
5774.849	    0.097
5775.885	    0.099
5776.922	    0.100
5777.959	    0.098
5778.996	    0.088
5780.033	    0.085
5781.071	    0.082
5782.109	    0.088
5783.146	    0.092
5784.185	    0.094
5785.223	    0.094
5786.261	    0.086
5787.300	    0.088
5788.339	    0.092
5789.378	    0.095
5790.417	    0.096
5791.456	    0.092
5792.496	    0.094
5793.535	    0.095
5794.575	    0.095
5795.615	    0.095
5796.656	    0.090
5797.696	    0.089
5798.737	    0.094
5799.778	    0.099
5800.819	    0.094
5801.860	    0.093
5802.901	    0.092
5803.943	    0.096
5804.985	    0.098
5806.027	    0.095
5807.069	    0.092
5808.111	    0.083
5809.154	    0.072
5810.196	    0.079
5811.239	    0.086
5812.282	    0.085
5813.326	    0.080
5814.369	    0.077
5815.413	    0.082
5816.457	    0.089
5817.501	    0.091
5818.545	    0.090
5819.589	    0.089
5820.634	    0.089
5821.679	    0.085
5822.724	    0.083
5823.769	    0.089
5824.814	    0.092
5825.860	    0.088
5826.905	    0.087
5827.951	    0.095
5828.997	    0.092
5830.044	    0.089
5831.090	    0.091
5832.137	    0.092
5833.184	    0.097
5834.231	    0.101
5835.278	    0.104
5836.325	    0.106
5837.373	    0.099
5838.421	    0.084
5839.469	    0.080
5840.517	    0.086
5841.565	    0.084
5842.614	    0.078
5843.663	    0.081
5844.711	    0.088
5845.761	    0.086
5846.810	    0.080
5847.859	    0.078
5848.909	    0.070
5849.959	    0.072
5851.009	    0.082
5852.059	    0.083
5853.110	    0.081
5854.160	    0.083
5855.211	    0.093
5856.262	    0.083
5857.313	    0.070
5858.364	    0.061
5859.416	    0.067
5860.468	    0.079
5861.520	    0.066
5862.572	    0.057
5863.624	    0.055
5864.677	    0.075
5865.729	    0.086
5866.782	    0.073
5867.835	    0.072
5868.888	    0.080
5869.942	    0.076
5870.996	    0.070
5872.049	    0.062
5873.103	    0.066
5874.158	    0.067
5875.212	    0.058
5876.267	    0.055
5877.321	    0.045
5878.376	    0.058
5879.431	    0.060
5880.487	    0.070
5881.542	    0.065
5882.598	    0.044
5883.654	    0.044
5884.710	    0.048
5885.766	    0.056
5886.823	    0.054
5887.879	    0.066
5888.936	    0.078
5889.993	    0.079
5891.051	    0.078
5892.108	    0.074
5893.166	    0.068
5894.223	    0.068
5895.281	    0.069
5896.340	    0.073
5897.398	    0.083
5898.456	    0.070
5899.515	    0.074
5900.574	    0.047
5901.633	    0.046
5902.693	    0.055
5903.752	    0.047
5904.812	    0.063
5905.872	    0.045
5906.932	    0.046
5907.992	    0.049
5909.052	    0.058
5910.113	    0.065
5911.174	    0.046
5912.235	    0.016
5913.296	    0.029
5914.358	    0.039
5915.419	    0.054
5916.481	    0.065
5917.543	    0.056
5918.605	    0.035
5919.668	    0.032
5920.730	    0.029
5921.793	    0.028
5922.856	    0.021
5923.919	    0.036
5924.982	    0.012
5926.046	    0.020
5927.109	    0.010
5958.040	    0.018
5959.109	    0.021
5960.179	    0.007
5961.249	    0.012
5962.319	    0.012
5963.389	    0.023
5964.460	    0.032
5965.530	    0.047
5966.601	    0.029
5967.672	    0.027
5968.743	    0.027
5969.814	    0.012
5970.886	    0.021
5971.958	    0.042
5973.030	    0.044
5974.102	    0.012
5975.174	    0.029
5976.247	    0.012
5977.319	    0.031
5978.392	    0.023
5979.465	    0.016
5980.539	    0.038
5981.612	    0.040
5982.686	    0.049
5983.760	    0.047
5984.834	    0.034
5985.908	    0.032
5986.982	    0.033
5988.057	    0.035
5989.132	    0.046
5990.207	    0.048
5991.282	    0.016
5992.358	    0.027
5993.433	    0.007
5994.509	    0.025
5995.585	    0.039
5996.661	    0.056
5997.738	    0.053
5998.814	    0.042
5999.891	    0.035
6000.968	    0.036
6002.045	    0.023
6003.122	    0.021
6004.200	    0.042
6005.278	    0.026
6006.356	    0.032
6007.434	    0.027
6008.512	    0.023
6009.590	    0.036
6010.669	    0.045
6011.748	    0.052
6012.827	    0.049
6013.906	    0.044
6014.986	    0.045
6016.066	    0.048
6017.145	    0.047
6018.225	    0.040
6019.306	    0.029
6020.386	    0.010
6021.467	    0.023
6022.548	    0.018
6023.629	    0.037
6024.710	    0.029
6025.791	    0.018
6026.873	    0.024
6027.955	    0.051
6029.037	    0.050
6030.119	    0.027
6031.201	    0.012
6032.284	    0.028
6033.367	    0.050
6034.450	    0.054
6035.533	    0.037
6036.616	    0.033
6037.700	    0.051
6038.783	    0.050
6039.867	    0.016
6040.951	    0.023
6042.036	    0.048
6043.120	    0.049
6044.205	    0.035
6045.290	    0.034
6046.375	    0.047
6047.460	    0.054
6048.546	    0.056
6049.631	    0.060
6050.717	    0.054
6051.803	    0.041
6052.890	    0.029
6053.976	    0.036
6055.063	    0.036
6056.150	    0.025
6057.237	    0.019
6058.324	    0.034
6059.411	    0.048
6060.499	    0.054
6061.587	    0.052
6062.675	    0.051
6063.763	    0.051
6064.852	    0.048
6065.940	    0.029
6067.029	    0.035
6068.118	    0.062
6069.207	    0.067
6070.297	    0.053
6071.386	    0.031
6072.476	    0.033
6073.566	    0.049
6074.656	    0.058
6075.747	    0.056
6076.837	    0.060
6077.928	    0.073
6079.019	    0.078
6080.110	    0.066
6081.201	    0.051
6082.293	    0.053
6083.385	    0.062
6084.477	    0.068
6085.569	    0.068
6086.661	    0.066
6087.754	    0.064
6088.846	    0.065
6089.939	    0.065
6091.032	    0.068
6092.126	    0.073
6093.219	    0.078
6094.313	    0.072
6095.407	    0.072
6096.501	    0.074
6097.595	    0.074
6098.690	    0.070
6099.784	    0.074
6100.879	    0.080
6101.974	    0.080
6103.070	    0.079
6104.165	    0.081
6105.261	    0.083
6106.357	    0.077
6107.453	    0.070
6108.549	    0.064
6109.646	    0.068
6110.742	    0.075
6111.839	    0.078
6112.936	    0.070
6114.033	    0.073
6115.131	    0.067
6116.228	    0.066
6117.326	    0.075
6118.424	    0.076
6119.523	    0.077
6120.621	    0.080
6121.720	    0.083
6122.818	    0.085
6123.917	    0.085
6125.017	    0.082
6126.116	    0.078
6127.216	    0.075
6128.315	    0.075
6129.415	    0.075
6130.516	    0.075
6131.616	    0.076
6132.717	    0.077
6133.817	    0.078
6134.918	    0.081
6136.020	    0.083
6137.121	    0.085
6138.223	    0.086
6139.324	    0.087
6140.426	    0.088
6141.529	    0.088
6142.631	    0.088
6143.734	    0.087
6144.836	    0.087
6145.939	    0.087
6147.042	    0.088
6148.146	    0.089
6149.249	    0.090
6150.353	    0.090
6151.457	    0.089
6152.561	    0.088
6153.666	    0.087
6154.770	    0.087
6155.875	    0.087
6156.980	    0.087
6158.085	    0.088
6159.190	    0.092
6160.296	    0.097
6161.402	    0.100
6162.508	    0.098
6163.614	    0.094
6164.720	    0.096
6165.827	    0.088
6166.933	    0.088
6168.040	    0.092
6169.148	    0.092
6170.255	    0.091
6171.362	    0.089
6172.470	    0.086
6173.578	    0.083
6174.686	    0.085
6175.795	    0.087
6176.903	    0.079
6178.012	    0.072
6179.121	    0.080
6180.230	    0.088
6181.339	    0.087
6182.449	    0.082
6183.558	    0.078
6184.668	    0.081
6185.778	    0.088
6186.889	    0.098
6187.999	    0.101
6189.110	    0.094
6190.221	    0.082
6191.332	    0.077
6192.443	    0.082
6193.555	    0.088
6194.667	    0.092
6195.779	    0.087
6196.891	    0.082
6198.003	    0.085
6199.116	    0.087
6200.228	    0.086
6201.341	    0.087
6202.454	    0.086
6203.568	    0.088
6204.681	    0.090
6205.795	    0.086
6206.909	    0.087
6208.023	    0.090
6209.137	    0.095
6210.252	    0.090
6211.366	    0.072
6212.481	    0.065
6213.596	    0.085
6214.712	    0.095
6215.827	    0.086
6216.943	    0.077
6218.059	    0.086
6219.175	    0.093
6220.291	    0.098
6221.408	    0.094
6222.525	    0.087
6223.641	    0.086
6224.759	    0.083
6225.876	    0.075
6226.993	    0.070
6228.111	    0.075
6229.229	    0.088
6230.347	    0.099
6231.466	    0.102
6232.584	    0.100
6233.703	    0.094
6234.822	    0.086
6235.941	    0.079
6237.060	    0.080
6238.180	    0.087
6239.299	    0.083
6240.419	    0.075
6241.539	    0.076
6242.660	    0.082
6243.780	    0.083
6244.901	    0.078
6246.022	    0.077
6247.143	    0.086
6248.264	    0.095
6249.386	    0.097
6250.508	    0.091
6251.630	    0.089
6252.752	    0.093
6253.874	    0.094
6254.997	    0.092
6256.119	    0.091
6257.242	    0.092
6258.366	    0.094
6259.489	    0.094
6260.612	    0.092
6261.736	    0.089
6262.860	    0.087
6263.984	    0.086
6265.109	    0.085
6266.233	    0.084
6267.358	    0.084
6268.483	    0.084
6269.608	    0.085
6270.734	    0.088
6271.859	    0.091
6272.985	    0.094
6274.111	    0.096
6275.237	    0.095
6276.363	    0.093
6277.490	    0.092
6278.617	    0.092
6279.744	    0.091
6280.871	    0.090
6281.998	    0.088
6283.126	    0.086
6284.254	    0.085
6285.382	    0.084
6286.510	    0.084
6287.638	    0.085
6288.767	    0.088
6289.896	    0.092
6291.025	    0.092
6292.154	    0.089
6293.283	    0.083
6294.413	    0.078
6295.543	    0.076
6296.673	    0.077
6297.803	    0.079
6298.933	    0.082
6300.064	    0.089
6301.195	    0.089
6302.326	    0.090
6303.457	    0.090
6304.589	    0.089
6305.720	    0.087
6306.852	    0.084
6307.984	    0.080
6309.117	    0.078
6310.249	    0.072
6311.382	    0.062
6312.514	    0.073
6313.648	    0.068
6314.781	    0.074
6315.914	    0.089
6317.048	    0.095
6318.182	    0.087
6319.316	    0.081
6320.450	    0.080
6321.585	    0.078
6322.719	    0.087
6323.854	    0.095
6324.989	    0.083
6326.125	    0.095
6327.260	    0.092
6328.396	    0.085
6329.532	    0.084
6330.668	    0.080
6331.804	    0.076
6332.941	    0.079
6334.078	    0.079
6335.215	    0.075
6336.352	    0.078
6337.489	    0.081
6338.627	    0.069
6339.764	    0.052
6340.902	    0.054
6342.041	    0.058
6343.179	    0.031
6344.317	    0.018
6345.456	    0.024
6346.595	    0.029
6347.734	    0.046
6348.874	    0.057
6350.013	    0.075
6351.153	    0.094
6352.293	    0.086
6353.433	    0.071
6354.574	    0.075
6355.714	    0.092
6356.855	    0.110
6357.996	    0.136
6359.138	    0.162
6360.279	    0.168
6361.421	    0.139
6362.563	    0.102
6363.705	    0.083
6364.847	    0.077
6365.989	    0.068
6367.132	    0.066
6368.275	    0.067
6369.418	    0.058
6370.561	    0.072
6371.705	    0.076
6372.848	    0.077
6373.992	    0.083
6375.136	    0.077
6376.281	    0.079
6377.425	    0.073
6378.570	    0.059
6379.715	    0.070
6380.860	    0.080
6382.005	    0.080
6383.151	    0.076
6384.297	    0.066
6385.443	    0.077
6386.589	    0.074
6387.735	    0.069
6388.882	    0.081
6390.028	    0.083
6391.175	    0.076
6392.323	    0.077
6393.470	    0.076
6394.618	    0.082
6395.765	    0.086
6396.913	    0.078
6398.062	    0.068
6399.210	    0.077
6400.359	    0.069
6401.508	    0.054
6402.657	    0.071
6403.806	    0.073
6404.955	    0.081
6406.105	    0.070
6407.255	    0.065
6408.405	    0.071
6409.555	    0.067
6410.706	    0.078
6411.856	    0.070
6413.007	    0.070
6414.158	    0.070
6415.310	    0.074
6416.461	    0.067
6417.613	    0.073
6418.765	    0.059
6419.917	    0.057
6421.069	    0.072
6422.222	    0.090
6423.375	    0.089
6424.528	    0.077
6425.681	    0.080
6426.834	    0.083
6427.988	    0.059
6429.142	    0.052
6430.296	    0.065
6431.450	    0.074
6432.604	    0.082
6433.759	    0.077
6434.914	    0.059
6436.069	    0.052
6437.224	    0.057
6438.380	    0.066
6439.535	    0.061
6440.691	    0.047
6441.847	    0.059
6443.003	    0.076
6444.160	    0.072
6445.317	    0.073
6446.474	    0.068
6447.631	    0.058
6448.788	    0.067
6449.945	    0.063
6451.103	    0.060
6452.261	    0.054
6453.419	    0.042
6454.578	    0.050
6455.736	    0.062
6456.895	    0.068
6458.054	    0.056
6459.213	    0.052
6460.373	    0.071
6461.532	    0.072
6462.692	    0.057
6463.852	    0.052
6465.012	    0.044
6466.173	    0.045
6467.333	    0.054
6468.494	    0.045
6469.655	    0.025
6470.817	    0.018
6471.978	    0.028
6473.140	    0.018
6474.302	    0.054
6475.464	    0.038
6476.626	    0.024
6477.789	    0.020
6478.951	    0.030
6480.114	    0.035
6481.277	    0.045
6482.441	    0.064
6483.604	    0.049
6484.768	    0.051
6485.932	    0.041
6487.096	    0.019
6488.261	    0.034
6489.425	    0.018
6490.590	    0.040
6491.755	    0.037
6492.921	    0.051
6494.086	    0.072
6495.252	    0.071
6496.418	    0.012
6497.584	    0.042
6498.750	    0.036
6499.916	    0.029
6501.083	    0.040
6502.250	    0.052
6503.417	    0.007
6504.584	    0.023
6505.752	    0.042
6506.920	    0.045
6508.088	    0.045
6509.256	    0.040
6510.424	    0.030
6511.593	    0.033
6512.762	    0.020
6513.931	    0.029
6515.100	    0.027
6516.269	    0.034
6517.439	    0.034
6518.609	    0.045
6519.779	    0.036
6520.949	    0.010
6522.120	    0.029
6523.290	    0.039
6524.461	    0.046
6525.632	    0.042
6526.804	    0.051
6527.975	    0.069
6529.147	    0.062
6530.319	    0.042
6531.491	    0.024
6532.664	    0.032
6533.836	    0.041
6535.009	    0.053
6536.182	    0.052
6537.355	    0.040
6538.529	    0.025
6539.702	    0.040
6540.876	    0.034
6542.050	    0.040
6543.224	    0.050
6544.399	    0.045
6545.574	    0.044
6546.748	    0.052
6547.924	    0.062
6549.099	    0.056
6550.274	    0.045
6551.450	    0.018
6552.626	    0.023
6553.802	    0.028
6554.979	    0.044
6556.155	    0.010
6557.332	    0.031
6558.509	    0.057
6559.686	    0.067
6560.864	    0.037
6562.041	    0.025
6563.219	    0.014
6564.397	    0.033
6565.576	    0.028
6566.754	    0.028
6567.933	    0.016
6569.112	    0.024
6570.291	    0.031
6571.470	    0.062
6572.650	    0.075
6573.830	    0.055
6575.010	    0.050
6576.190	    0.051
6577.370	    0.054
6578.551	    0.056
6579.732	    0.057
6580.913	    0.054
6582.094	    0.049
6583.275	    0.042
6584.457	    0.036
6585.639	    0.033
6586.821	    0.032
6588.003	    0.033
6589.186	    0.029
6590.368	    0.026
6591.551	    0.038
6592.735	    0.051
6593.918	    0.053
6595.102	    0.058
6596.285	    0.059
6597.469	    0.049
6598.654	    0.053
6599.838	    0.064
6601.023	    0.066
6602.207	    0.062
6603.393	    0.060
6604.578	    0.066
6605.763	    0.094
6606.949	    0.145
6608.135	    0.227
6609.321	    0.304
6610.507	    0.322
6611.694	    0.288
6612.881	    0.219
6614.068	    0.145
6615.255	    0.102
6616.442	    0.100
6617.630	    0.099
6618.818	    0.118
6620.006	    0.172
6621.194	    0.269
6622.383	    0.471
6623.571	    0.694
6624.760	    0.838
6625.949	    0.827
6627.139	    0.664
6628.328	    0.424
6629.518	    0.244
6630.708	    0.155
6631.898	    0.107
6633.089	    0.093
6634.279	    0.088
6635.470	    0.094
6636.661	    0.095
6637.852	    0.099
6639.044	    0.103
6640.235	    0.130
6641.427	    0.167
6642.619	    0.263
6643.812	    0.406
6645.004	    0.530
6646.197	    0.576
6647.390	    0.518
6648.583	    0.364
6649.777	    0.237
6650.970	    0.159
6652.164	    0.112
6653.358	    0.088
6654.552	    0.084
6655.747	    0.081
6656.941	    0.083
6658.136	    0.070
6659.331	    0.063
6660.527	    0.062
6661.722	    0.062
6662.918	    0.068
6664.114	    0.066
6665.310	    0.062
6666.507	    0.061
6667.703	    0.070
6668.900	    0.067
6670.097	    0.069
6671.294	    0.079
6672.492	    0.084
6673.689	    0.073
6674.887	    0.058
6676.086	    0.051
6677.284	    0.065
6678.482	    0.073
6679.681	    0.067
6680.880	    0.065
6682.079	    0.069
6683.279	    0.059
6684.478	    0.064
6685.678	    0.066
6686.878	    0.068
6688.079	    0.066
6689.279	    0.062
6690.480	    0.069
6691.681	    0.056
6692.882	    0.054
6694.083	    0.051
6695.285	    0.059
6696.486	    0.062
6697.688	    0.055
6698.891	    0.054
6700.093	    0.062
6701.296	    0.059
6702.499	    0.046
6703.702	    0.058
6704.905	    0.075
6706.108	    0.070
6707.312	    0.061
6708.516	    0.068
6709.720	    0.074
6710.925	    0.067
6712.129	    0.050
6713.334	    0.066
6714.539	    0.059
6715.744	    0.059
6716.950	    0.069
6718.155	    0.063
6719.361	    0.062
6720.567	    0.051
6721.774	    0.041
6722.980	    0.056
6724.187	    0.066
6725.394	    0.072
6726.601	    0.079
6727.808	    0.075
6729.016	    0.060
6730.224	    0.062
6731.432	    0.053
6732.640	    0.052
6733.849	    0.052
6735.057	    0.044
6736.266	    0.052
6737.475	    0.068
6738.685	    0.074
6739.894	    0.083
6741.104	    0.094
6742.314	    0.095
6743.524	    0.078
6744.735	    0.049
6745.945	    0.029
6747.156	    0.034
6748.367	    0.054
6749.579	    0.059
6750.790	    0.061
6752.002	    0.059
6753.214	    0.044
6754.426	    0.035
6755.638	    0.051
6756.851	    0.052
6758.064	    0.045
6759.277	    0.027
6760.490	    0.050
6761.704	    0.051
6762.917	    0.039
6764.131	    0.026
6765.345	    0.058
6766.560	    0.069
6767.774	    0.062
6768.989	    0.050
6770.204	    0.050
6771.419	    0.057
6772.635	    0.067
6773.851	    0.050
6775.066	    0.057
6776.282	    0.095
6777.499	    0.172
6778.715	    0.257
6779.932	    0.303
6781.149	    0.292
6782.366	    0.232
6783.584	    0.150
6784.801	    0.098
6786.019	    0.066
6787.237	    0.070
6788.455	    0.070
6789.674	    0.076
6790.893	    0.113
6792.112	    0.169
6793.331	    0.234
6794.550	    0.275
6795.770	    0.265
6796.990	    0.208
6798.210	    0.141
6799.430	    0.089
6800.650	    0.064
6801.871	    0.062
6803.092	    0.051
6804.313	    0.045
6805.534	    0.042
6806.756	    0.041
6807.978	    0.042
6809.200	    0.056
6810.422	    0.058
6811.644	    0.049
6812.867	    0.036
6814.090	    0.030
6815.313	    0.038
6816.536	    0.042
6817.760	    0.046
6818.984	    0.044
6820.208	    0.046
6821.432	    0.054
6822.656	    0.068
6823.881	    0.069
6825.106	    0.059
6826.331	    0.045
6827.556	    0.052
6828.782	    0.057
6830.007	    0.036
6831.233	    0.043
6832.460	    0.021
6833.686	    0.054
6834.913	    0.044
6836.139	    0.007
6837.366	    0.014
6838.594	    0.042
6839.821	    0.047
6841.049	    0.046
6842.277	    0.023
6843.505	    0.018
6844.733	    0.007
6845.962	    0.007
6847.191	    0.018
6848.420	    0.051
6849.649	    0.053
6850.879	    0.032
6852.108	    0.044
6853.338	    0.050
6854.568	    0.053
6855.799	    0.043
6857.029	    0.054
6858.260	    0.076
6859.491	    0.072
6860.722	    0.051
6861.954	    0.072
6863.186	    0.122
6864.418	    0.139
6865.650	    0.140
6866.882	    0.136
6868.115	    0.130
6869.347	    0.125
6870.580	    0.118
6871.814	    0.109
6873.047	    0.099
6874.281	    0.085
6875.515	    0.073
6876.749	    0.062
6877.983	    0.055
6879.218	    0.058
6880.453	    0.076
6881.688	    0.077
6882.923	    0.078
6884.158	    0.083
6885.394	    0.076
6886.630	    0.080
6887.866	    0.083
6889.102	    0.079
6890.339	    0.078
6891.576	    0.080
6892.813	    0.070
6894.050	    0.066
6895.287	    0.059
6896.525	    0.059
6897.763	    0.060
6899.001	    0.062
6900.239	    0.060
6901.478	    0.060
6902.717	    0.059
6903.956	    0.073
6905.195	    0.073
6906.434	    0.053
6907.674	    0.025
6908.914	    0.007
6910.154	    0.044
6911.395	    0.044
6912.635	    0.051
6913.876	    0.052
6915.117	    0.059
6916.358	    0.040
6917.600	    0.014
6918.841	    0.034
6920.083	    0.029
6921.325	    0.045
6922.568	    0.050
6923.810	    0.056
6925.053	    0.059
6926.296	    0.050
6927.539	    0.021
6928.783	    0.029
6930.026	    0.042
6931.270	    0.034
6932.514	    0.025
6933.759	    0.039
6935.003	    0.024
6936.248	    0.007
6937.493	    0.010
6938.739	    0.028
6939.984	    0.034
6941.230	    0.036
6942.476	    0.018
6943.722	    0.043
6944.968	    0.051
6946.215	    0.041
6947.462	    0.014
6948.709	    0.024
6949.956	    0.012
6951.203	    0.021
6952.451	    0.007
6953.699	    0.014
6954.947	    0.012
6956.196	    0.036
6957.444	    0.034
6958.693	    0.010
6959.942	    0.057
6961.191	    0.045
6962.441	    0.028
6963.691	    0.021
6964.941	    0.042
6966.191	    0.052
6967.441	    0.034
6968.692	    0.040
6969.943	    0.034
6971.194	    0.046
6972.445	    0.074
6973.696	    0.070
6974.948	    0.058
6976.200	    0.029
6977.452	    0.044
6978.705	    0.018
6979.957	    0.028
6981.210	    0.014
6982.463	    0.030
6983.717	    0.007
6984.970	    0.025
6986.224	    0.042
6987.478	    0.026
6988.732	    0.034
6989.987	    0.033
6991.241	    0.024
6992.496	    0.018
6993.751	    0.021
6995.007	    0.032
6996.262	    0.042
6997.518	    0.040
6998.774	    0.031
7000.030	    0.012
7001.287	    0.029
7002.544	    0.024
7003.801	    0.040
7005.058	    0.029
7006.315	    0.042
7007.573	    0.041
7008.831	    0.028
7010.089	    0.056
7011.347	    0.059
7012.605	    0.047
7013.864	    0.026
7015.123	    0.026
7016.382	    0.032
7017.642	    0.019
7018.901	    0.014
7020.161	    0.030
7021.421	    0.036
7022.682	    0.020
7023.942	    0.029
7025.203	    0.027
7026.464	    0.039
7027.725	    0.033
7028.987	    0.033
7030.248	    0.026
7031.510	    0.043
7032.772	    0.039
7034.035	    0.029
7035.297	    0.040
7036.560	    0.042
7037.823	    0.026
7039.086	    0.020
7040.350	    0.007
7041.614	    0.016
7042.877	    0.007
7044.142	    0.007
7045.406	    0.018
7046.671	    0.025
7047.936	    0.007
7049.201	    0.028
7050.466	    0.016
7051.731	    0.036
7052.997	    0.014
7054.263	    0.021
7055.529	    0.035
7056.796	    0.034
7058.062	    0.031
7059.329	    0.010
7060.596	    0.012
7061.864	    0.030
7063.131	    0.023
7064.399	    0.010
7065.667	    0.014
7066.936	    0.035
7068.204	    0.039
7069.473	    0.028
7070.742	    0.037
7072.011	    0.034
7073.280	    0.016
7074.550	    0.023
7075.820	    0.021
7077.090	    0.035
7078.360	    0.025
7079.631	    0.046
7080.901	    0.027
7082.172	    0.046
7083.444	    0.012
7084.715	    0.010
7085.987	    0.034
7087.259	    0.039
7088.531	    0.048
7089.803	    0.029
7091.076	    0.039
7092.349	    0.031
7093.622	    0.024
7094.895	    0.023
7096.168	    0.035
7097.442	    0.020
7098.716	    0.023
7099.990	    0.042
7101.265	    0.035
7102.539	    0.021
7103.814	    0.034
7105.089	    0.012
7106.365	    0.007
7107.640	    0.023
7108.916	    0.029
7110.192	    0.012
7111.468	    0.021
7112.745	    0.025
7114.021	    0.039
7115.298	    0.020
7116.576	    0.033
7117.853	    0.012
7119.131	    0.028
7120.408	    0.039
7121.687	    0.027
7122.965	    0.021
7124.243	    0.028
7125.522	    0.021
7126.801	    0.021
7128.080	    0.029
7129.360	    0.041
7130.640	    0.035
7131.919	    0.036
7133.200	    0.038
7134.480	    0.030
7135.761	    0.019
7137.041	    0.027
7138.323	    0.007
7139.604	    0.041
7140.885	    0.025
7142.167	    0.050
7143.449	    0.052
7144.731	    0.034
7146.014	    0.018
7147.296	    0.019
7148.579	    0.040
7149.863	    0.049
7151.146	    0.025
7152.430	    0.025
7153.713	    0.018
7154.997	    0.012
7156.282	    0.019
7157.566	    0.028
7158.851	    0.037
7160.136	    0.020
7161.421	    0.049
7162.707	    0.044
7163.992	    0.042
7165.278	    0.047
7166.564	    0.056
7167.851	    0.063
7169.137	    0.067
7170.424	    0.068
7171.711	    0.062
7172.998	    0.059
7174.286	    0.059
7175.574	    0.066
7176.862	    0.054
7178.150	    0.071
7179.438	    0.088
7180.727	    0.087
7182.016	    0.093
7183.305	    0.082
7184.595	    0.059
7185.884	    0.073
7187.174	    0.081
7188.464	    0.074
7189.754	    0.056
7191.045	    0.059
7192.336	    0.065
7193.627	    0.060
7194.918	    0.080
7196.209	    0.088
7197.501	    0.082
7198.793	    0.077
7200.085	    0.083
7201.377	    0.066
7202.670	    0.040
7203.963	    0.051
7205.256	    0.043
7206.549	    0.058
7207.843	    0.073
7209.137	    0.059
7210.431	    0.058
7211.725	    0.070
7213.019	    0.064
7214.314	    0.059
7215.609	    0.056
7216.904	    0.049
7218.200	    0.054
7219.495	    0.057
7220.791	    0.061
7222.087	    0.068
7223.384	    0.061
7224.680	    0.065
7225.977	    0.071
7227.274	    0.079
7228.571	    0.088
7229.869	    0.085
7231.166	    0.073
7232.464	    0.058
7233.763	    0.028
7235.061	    0.068
7236.360	    0.034
7237.659	    0.042
7238.958	    0.029
7240.257	    0.026
7241.557	    0.054
7242.857	    0.090
7244.157	    0.099
7245.457	    0.095
7246.757	    0.089
7248.058	    0.084
7249.359	    0.071
7250.660	    0.069
7251.962	    0.075
7253.264	    0.082
7254.566	    0.083
7255.868	    0.069
7257.170	    0.074
7258.473	    0.069
7259.776	    0.083
7261.079	    0.086
7262.382	    0.079
7263.686	    0.075
7264.989	    0.070
7266.293	    0.069
7267.598	    0.061
7268.902	    0.025
7270.207	    0.078
7271.512	    0.074
7272.817	    0.023
7274.123	    0.092
7275.428	    0.097
7276.734	    0.084
7278.040	    0.064
7279.347	    0.058
7280.653	    0.076
7281.960	    0.090
7283.267	    0.095
7284.575	    0.087
7285.882	    0.081
7287.190	    0.080
7288.498	    0.070
7289.806	    0.067
7291.115	    0.073
7292.423	    0.075
7293.732	    0.084
7295.042	    0.080
7296.351	    0.081
7297.661	    0.044
7298.971	    0.027
7300.281	    0.044
7301.591	    0.060
7302.902	    0.080
7304.212	    0.073
7305.524	    0.067
7306.835	    0.072
7308.146	    0.069
7309.458	    0.035
7310.770	    0.083
7312.082	    0.051
7313.395	    0.072
7314.708	    0.098
7316.021	    0.092
7317.334	    0.089
7318.647	    0.090
7319.961	    0.087
7321.275	    0.067
7322.589	    0.023
7323.903	    0.012
7325.218	    0.034
7326.533	    0.061
7327.848	    0.064
7329.163	    0.068
7330.479	    0.069
7331.795	    0.064
7333.111	    0.034
7334.427	    0.066
7335.743	    0.072
7337.060	    0.039
7338.377	    0.074
7339.694	    0.087
