WV      	 Sigma   
4176.646	    0.096
4177.397	    0.097
4178.147	    0.097
4178.898	    0.097
4179.649	    0.103
4180.400	    0.109
4181.151	    0.116
4181.902	    0.125
4182.653	    0.136
4183.405	    0.144
4184.157	    0.152
4184.908	    0.161
4185.660	    0.174
4186.412	    0.182
4187.164	    0.190
4187.917	    0.201
4188.669	    0.177
4189.422	    0.185
4190.174	    0.185
4190.927	    0.158
4191.680	    0.072
4192.433	    0.102
4193.186	    0.129
4193.940	    0.135
4194.693	    0.145
4195.447	    0.126
4196.201	    0.108
4196.955	    0.106
4197.709	    0.163
4198.463	    0.134
4199.217	    0.105
4199.972	    0.138
4200.726	    0.105
4201.481	    0.124
4202.236	    0.133
4202.991	    0.096
4203.746	    0.117
4204.501	    0.165
4205.257	    0.184
4206.012	    0.125
4206.768	    0.140
4207.524	    0.152
4208.280	    0.153
4209.036	    0.121
4209.792	    0.138
4210.548	    0.152
4211.305	    0.160
4212.061	    0.155
4212.818	    0.143
4213.575	    0.154
4214.332	    0.164
4215.089	    0.162
4215.846	    0.163
4216.604	    0.165
4217.361	    0.165
4218.119	    0.161
4218.877	    0.119
4219.635	    0.108
4220.393	    0.116
4221.151	    0.145
4221.910	    0.116
4222.668	    0.118
4223.427	    0.129
4224.186	    0.151
4224.945	    0.085
4225.704	    0.105
4226.463	    0.114
4227.222	    0.098
4227.982	    0.105
4228.741	    0.119
4229.501	    0.141
4230.261	    0.170
4231.021	    0.153
4231.781	    0.169
4232.542	    0.170
4233.302	    0.153
4234.063	    0.107
4234.823	    0.121
4235.584	    0.133
4236.345	    0.143
4237.106	    0.131
4237.868	    0.121
4238.629	    0.104
4239.390	    0.013
4247.776	    0.229
4248.540	    0.207
4249.303	    0.055
4250.066	    0.103
4250.830	    0.107
4251.594	    0.092
4252.357	    0.023
4253.121	    0.108
4253.886	    0.070
4254.650	    0.030
4255.414	    0.083
4256.179	    0.058
4256.944	    0.121
4257.708	    0.156
4258.473	    0.175
4259.238	    0.045
4260.004	    0.071
4260.769	    0.106
4261.535	    0.139
4262.300	    0.117
4263.066	    0.099
4263.832	    0.073
4264.598	    0.043
4265.364	    0.088
4266.130	    0.167
4266.897	    0.143
4267.664	    0.096
4268.430	    0.161
4269.197	    0.158
4269.964	    0.122
4270.731	    0.081
4271.499	    0.088
4272.266	    0.058
4273.034	    0.080
4273.801	    0.087
4274.569	    0.066
4275.337	    0.039
4276.105	    0.076
4276.874	    0.090
4277.642	    0.092
4278.411	    0.128
4279.179	    0.114
4279.948	    0.103
4280.717	    0.096
4281.486	    0.114
4282.255	    0.135
4283.025	    0.154
4283.794	    0.168
4284.564	    0.168
4285.334	    0.159
4286.104	    0.134
4286.874	    0.110
4287.644	    0.101
4288.414	    0.127
4289.185	    0.148
4289.955	    0.149
4290.726	    0.130
4291.497	    0.142
4292.268	    0.136
4293.039	    0.123
4293.811	    0.110
4294.582	    0.125
4295.354	    0.083
4296.125	    0.111
4296.897	    0.130
4297.669	    0.062
4298.441	    0.107
4299.214	    0.108
4299.986	    0.100
4300.759	    0.082
4301.531	    0.041
4302.304	    0.089
4303.077	    0.098
4303.850	    0.071
4304.623	    0.102
4305.397	    0.118
4306.170	    0.102
4306.944	    0.074
4307.718	    0.086
4308.492	    0.055
4309.266	    0.088
4310.040	    0.112
4310.814	    0.124
4311.589	    0.134
4312.364	    0.110
4313.138	    0.112
4313.913	    0.135
4314.688	    0.081
4315.464	    0.127
4316.239	    0.157
4317.014	    0.169
4317.790	    0.131
4318.566	    0.112
4319.342	    0.129
4320.118	    0.139
4320.894	    0.128
4321.670	    0.097
4322.447	    0.085
4323.223	    0.077
4324.000	    0.074
4324.777	    0.095
4325.554	    0.080
4326.331	    0.087
4327.108	    0.097
4327.886	    0.093
4328.663	    0.128
4329.441	    0.140
4330.219	    0.132
4330.997	    0.100
4331.775	    0.151
4332.553	    0.135
4333.332	    0.120
4334.110	    0.110
4334.889	    0.118
4335.668	    0.049
4336.447	    0.119
4337.226	    0.147
4338.005	    0.091
4338.784	    0.119
4339.564	    0.120
4340.344	    0.120
4341.123	    0.122
4341.903	    0.142
4342.683	    0.165
4343.464	    0.157
4344.244	    0.136
4345.024	    0.108
4345.805	    0.159
4346.586	    0.158
4347.367	    0.139
4348.148	    0.107
4348.929	    0.163
4349.710	    0.170
4350.492	    0.161
4351.274	    0.146
4352.055	    0.141
4352.837	    0.130
4353.619	    0.140
4354.402	    0.150
4355.184	    0.155
4355.966	    0.138
4356.749	    0.085
4357.532	    0.047
4358.315	    0.087
4359.098	    0.055
4359.881	    0.078
4360.664	    0.030
4361.448	    0.061
4362.231	    0.077
4363.015	    0.097
4363.799	    0.086
4364.583	    0.103
4365.367	    0.130
4366.151	    0.157
4366.936	    0.149
4367.720	    0.133
4368.505	    0.131
4369.290	    0.145
4370.075	    0.128
4370.860	    0.089
4371.645	    0.095
4372.431	    0.104
4373.216	    0.047
4374.002	    0.053
4374.788	    0.067
4375.574	    0.067
4376.360	    0.066
4377.146	    0.098
4377.933	    0.123
4378.719	    0.161
4379.506	    0.171
4380.293	    0.164
4381.080	    0.122
4381.867	    0.103
4382.654	    0.063
4383.442	    0.069
4384.229	    0.094
4385.017	    0.019
4385.805	    0.080
4386.593	    0.136
4387.381	    0.181
4388.169	    0.132
4388.958	    0.097
4389.746	    0.086
4390.535	    0.093
4391.324	    0.096
4392.113	    0.137
4392.902	    0.133
4393.691	    0.132
4394.480	    0.143
4395.270	    0.167
4396.059	    0.171
4396.849	    0.155
4397.639	    0.114
4398.429	    0.066
4399.220	    0.019
4400.010	    0.120
4400.801	    0.133
4401.591	    0.118
4402.382	    0.132
4403.173	    0.095
4403.964	    0.109
4404.755	    0.114
4405.547	    0.090
4406.338	    0.055
4407.130	    0.110
4407.922	    0.087
4408.714	    0.052
4409.506	    0.083
4410.298	    0.092
4411.090	    0.048
4411.883	    0.038
4412.675	    0.046
4413.468	    0.019
4414.261	    0.121
4415.054	    0.094
4415.848	    0.074
4416.641	    0.096
4417.434	    0.092
4418.228	    0.107
4419.022	    0.102
4419.816	    0.096
4420.610	    0.108
4421.404	    0.108
4422.199	    0.062
4422.993	    0.032
4423.788	    0.032
4424.583	    0.019
4425.377	    0.113
4426.173	    0.119
4426.968	    0.107
4427.763	    0.096
4428.559	    0.161
4429.354	    0.114
4430.150	    0.104
4430.946	    0.113
4431.742	    0.128
4432.538	    0.116
4433.335	    0.126
4434.131	    0.121
4434.928	    0.110
4435.725	    0.093
4436.522	    0.054
4437.319	    0.072
4438.116	    0.107
4438.913	    0.126
4439.711	    0.093
4440.509	    0.112
4441.306	    0.111
4442.104	    0.113
4442.902	    0.120
4443.701	    0.135
4444.499	    0.145
4445.298	    0.119
4446.096	    0.100
4446.895	    0.108
4447.694	    0.166
4448.493	    0.196
4449.292	    0.187
4450.092	    0.165
4450.891	    0.136
4451.691	    0.092
4452.491	    0.143
4453.291	    0.140
4454.091	    0.116
4454.891	    0.077
4455.691	    0.076
4456.492	    0.034
4457.293	    0.075
4458.093	    0.113
4458.894	    0.138
4459.695	    0.186
4460.497	    0.157
4461.298	    0.145
4462.100	    0.141
4462.901	    0.132
4463.703	    0.119
4464.505	    0.143
4465.307	    0.136
4466.109	    0.110
4466.912	    0.087
4467.714	    0.139
4468.517	    0.145
4469.320	    0.150
4470.123	    0.154
4470.926	    0.151
4471.729	    0.151
4472.533	    0.152
4473.336	    0.154
4474.140	    0.156
4474.944	    0.158
4475.748	    0.159
4476.552	    0.159
4477.356	    0.158
4478.161	    0.158
4478.965	    0.158
4479.770	    0.159
4480.575	    0.158
4481.380	    0.158
4482.185	    0.157
4482.990	    0.157
4483.796	    0.157
4484.601	    0.157
4485.407	    0.157
4486.213	    0.157
4487.019	    0.157
4487.825	    0.157
4488.631	    0.156
4489.438	    0.155
4490.244	    0.154
4491.051	    0.154
4491.858	    0.155
4492.665	    0.158
4493.472	    0.160
4494.280	    0.162
4495.087	    0.162
4495.895	    0.161
4496.702	    0.159
4497.510	    0.157
4498.318	    0.148
4499.127	    0.115
4499.935	    0.177
4500.743	    0.159
4501.552	    0.159
4502.361	    0.171
4503.170	    0.175
4503.979	    0.178
4504.788	    0.150
4505.597	    0.136
4506.407	    0.135
4507.216	    0.137
4508.026	    0.141
4508.836	    0.129
4509.646	    0.141
4510.456	    0.157
4511.267	    0.159
4512.077	    0.131
4512.888	    0.119
4513.699	    0.127
4514.510	    0.146
4515.321	    0.166
4516.132	    0.164
4516.943	    0.131
4517.755	    0.122
4518.567	    0.131
4519.379	    0.147
4520.191	    0.129
4521.003	    0.043
4521.815	    0.037
4522.627	    0.059
4523.440	    0.072
4524.253	    0.103
4525.065	    0.143
4525.878	    0.122
4526.692	    0.099
4527.505	    0.089
4528.318	    0.083
4529.132	    0.053
4529.946	    0.041
4530.759	    0.094
4531.573	    0.132
4532.388	    0.126
4533.202	    0.111
4534.016	    0.130
4534.831	    0.106
4535.646	    0.088
4536.461	    0.135
4537.276	    0.126
4538.091	    0.138
4538.906	    0.104
4539.722	    0.082
4540.537	    0.114
4541.353	    0.127
4542.169	    0.157
4542.985	    0.175
4543.801	    0.161
4544.618	    0.123
4545.434	    0.136
4546.251	    0.140
4547.068	    0.140
4547.885	    0.130
4548.702	    0.102
4549.519	    0.023
4550.336	    0.057
4551.154	    0.088
4551.972	    0.109
4552.789	    0.116
4553.607	    0.106
4554.425	    0.095
4555.244	    0.114
4556.062	    0.126
4556.881	    0.125
4557.699	    0.116
4558.518	    0.125
4559.337	    0.146
4560.156	    0.138
4560.976	    0.122
4561.795	    0.115
4562.615	    0.137
4563.435	    0.159
4564.254	    0.149
4565.074	    0.129
4565.895	    0.112
4566.715	    0.108
4567.535	    0.090
4568.356	    0.102
4569.177	    0.145
4569.998	    0.164
4570.819	    0.161
4571.640	    0.151
4572.461	    0.150
4573.283	    0.164
4574.105	    0.160
4574.926	    0.134
4575.748	    0.077
4576.570	    0.105
4577.393	    0.141
4578.215	    0.166
4579.038	    0.164
4579.860	    0.137
4580.683	    0.124
4581.506	    0.094
4582.329	    0.142
4583.153	    0.143
4583.976	    0.130
4584.800	    0.147
4585.623	    0.157
4586.447	    0.121
4587.271	    0.129
4588.095	    0.138
4588.920	    0.131
4589.744	    0.122
4590.569	    0.122
4591.394	    0.112
4592.219	    0.120
4593.044	    0.135
4593.869	    0.142
4594.694	    0.124
4595.520	    0.135
4596.345	    0.141
4597.171	    0.148
4597.997	    0.151
4609.576	    0.140
4610.404	    0.142
4611.232	    0.140
4612.061	    0.140
4612.890	    0.137
4613.718	    0.139
4614.547	    0.135
4615.376	    0.138
4616.206	    0.144
4617.035	    0.145
4617.864	    0.143
4618.694	    0.142
4619.524	    0.135
4620.354	    0.125
4621.184	    0.116
4622.014	    0.121
4622.845	    0.097
4623.675	    0.131
4624.506	    0.133
4625.337	    0.128
4626.168	    0.133
4626.999	    0.160
4627.830	    0.136
4628.662	    0.110
4629.493	    0.105
4630.325	    0.114
4631.157	    0.121
4631.989	    0.083
4632.821	    0.129
4633.654	    0.126
4634.486	    0.102
4635.319	    0.090
4636.152	    0.141
4636.985	    0.169
4637.818	    0.133
4638.651	    0.114
4639.484	    0.110
4640.318	    0.115
4641.152	    0.120
4641.985	    0.131
4642.819	    0.119
4643.654	    0.122
4644.488	    0.128
4645.322	    0.134
4646.157	    0.157
4646.992	    0.144
4647.827	    0.133
4648.662	    0.128
4649.497	    0.119
4650.332	    0.098
4651.168	    0.093
4652.003	    0.126
4652.839	    0.126
4653.675	    0.108
4654.511	    0.089
4655.347	    0.091
4656.184	    0.127
4657.020	    0.151
4657.857	    0.150
4658.694	    0.143
4659.531	    0.133
4660.368	    0.127
4661.205	    0.144
4662.043	    0.156
4662.881	    0.156
4663.718	    0.142
4664.556	    0.124
4665.394	    0.121
4666.232	    0.132
4667.071	    0.129
4667.909	    0.135
4668.748	    0.138
4669.587	    0.138
4670.426	    0.143
4671.265	    0.153
4672.104	    0.142
4672.944	    0.135
4673.783	    0.126
4674.623	    0.122
4675.463	    0.136
4676.303	    0.137
4677.143	    0.115
4677.983	    0.130
4678.824	    0.150
4679.664	    0.146
4680.505	    0.088
4681.346	    0.102
4682.187	    0.123
4683.028	    0.148
4683.870	    0.162
4684.711	    0.156
4685.553	    0.122
4686.395	    0.100
4687.237	    0.109
4688.079	    0.113
4688.921	    0.092
4689.764	    0.095
4690.606	    0.148
4691.449	    0.151
4692.292	    0.115
4693.135	    0.113
4693.978	    0.121
4694.821	    0.119
4695.665	    0.098
4696.508	    0.041
4697.352	    0.062
4698.196	    0.034
4699.040	    0.096
4699.885	    0.126
4700.729	    0.113
4701.574	    0.044
4702.418	    0.070
4703.263	    0.034
4704.108	    0.032
4704.953	    0.045
4705.799	    0.053
4706.644	    0.087
4707.490	    0.118
4708.335	    0.064
4709.181	    0.062
4710.027	    0.074
4710.874	    0.087
4711.720	    0.106
4712.567	    0.105
4713.413	    0.151
4714.260	    0.136
4715.107	    0.102
4715.954	    0.062
4716.802	    0.038
4717.649	    0.064
4718.497	    0.050
4719.344	    0.053
4720.192	    0.062
4721.040	    0.078
4721.888	    0.095
4722.737	    0.107
4723.585	    0.121
4724.434	    0.133
4725.283	    0.128
4726.132	    0.107
4726.981	    0.078
4727.830	    0.068
4728.680	    0.078
4729.529	    0.105
4730.379	    0.111
4731.229	    0.105
4732.079	    0.094
4732.929	    0.089
4733.779	    0.108
4734.630	    0.085
4735.480	    0.100
4736.331	    0.111
4737.182	    0.118
4738.033	    0.121
4738.885	    0.115
4739.736	    0.110
4740.588	    0.084
4741.439	    0.089
4742.291	    0.107
4743.143	    0.096
4743.995	    0.016
4744.848	    0.155
4745.700	    0.078
4746.553	    0.083
4747.406	    0.095
4748.259	    0.111
4749.112	    0.126
4749.965	    0.123
4750.818	    0.071
4751.672	    0.087
4752.526	    0.093
4753.379	    0.119
4754.233	    0.128
4755.088	    0.105
4755.942	    0.137
4756.796	    0.097
4757.651	    0.105
4758.506	    0.064
4759.361	    0.019
4760.216	    0.064
4761.071	    0.099
4761.926	    0.108
4762.782	    0.071
4763.638	    0.089
4764.494	    0.084
4765.350	    0.070
4766.206	    0.067
4767.062	    0.069
4767.919	    0.123
4768.775	    0.119
4769.632	    0.088
4770.489	    0.058
4771.346	    0.062
4772.203	    0.088
4773.061	    0.097
4773.918	    0.112
4774.776	    0.120
4775.634	    0.102
4776.492	    0.089
4777.350	    0.095
4778.208	    0.103
4779.067	    0.104
4779.925	    0.104
4780.784	    0.107
4781.643	    0.096
4782.502	    0.094
4783.361	    0.106
4784.221	    0.111
4785.080	    0.101
4785.940	    0.105
4786.800	    0.075
4787.660	    0.071
4788.520	    0.074
4789.381	    0.060
4790.241	    0.060
4791.102	    0.069
4791.962	    0.062
4792.823	    0.096
4793.684	    0.103
4794.546	    0.091
4795.407	    0.073
4796.269	    0.053
4797.130	    0.067
4797.992	    0.036
4798.854	    0.045
4799.717	    0.102
4800.579	    0.118
4801.441	    0.074
4802.304	    0.067
4803.167	    0.016
4804.030	    0.111
4804.893	    0.087
4805.756	    0.029
4806.620	    0.072
4807.483	    0.142
4808.347	    0.145
4809.211	    0.095
4810.075	    0.036
4810.939	    0.092
4811.803	    0.102
4812.668	    0.078
4813.533	    0.054
4814.397	    0.085
4815.262	    0.085
4816.128	    0.074
4816.993	    0.096
4817.858	    0.126
4818.724	    0.122
4819.590	    0.068
4820.456	    0.077
4821.322	    0.016
4822.188	    0.070
4823.054	    0.115
4823.921	    0.118
4824.787	    0.121
4825.654	    0.126
4826.521	    0.064
4827.388	    0.039
4828.256	    0.083
4829.123	    0.097
4829.991	    0.122
4830.859	    0.110
4831.727	    0.090
4832.595	    0.069
4833.463	    0.048
4834.331	    0.075
4835.200	    0.075
4836.069	    0.040
4836.937	    0.044
4837.806	    0.090
4838.676	    0.115
4839.545	    0.055
4840.415	    0.068
4841.284	    0.057
4842.154	    0.037
4843.024	    0.016
4843.894	    0.063
4844.764	    0.066
4845.635	    0.083
4846.505	    0.111
4847.376	    0.085
4848.247	    0.090
4849.118	    0.089
4849.989	    0.087
4850.861	    0.094
4851.732	    0.102
4852.604	    0.080
4853.476	    0.071
4854.348	    0.113
4855.220	    0.141
4856.092	    0.140
4856.965	    0.119
4857.837	    0.102
4858.710	    0.102
4859.583	    0.102
4860.456	    0.064
4861.329	    0.056
4862.203	    0.032
4863.076	    0.013
4863.950	    0.068
4864.824	    0.027
4865.698	    0.053
4866.572	    0.072
4867.447	    0.037
4868.321	    0.034
4869.196	    0.027
4870.071	    0.050
4870.946	    0.072
4871.821	    0.112
4872.696	    0.080
4873.571	    0.091
4874.447	    0.110
4875.323	    0.111
4876.199	    0.085
4877.075	    0.046
4877.951	    0.071
4878.827	    0.105
4879.704	    0.081
4880.581	    0.107
4881.458	    0.119
4882.335	    0.127
4883.212	    0.126
4884.089	    0.122
4884.967	    0.133
4885.844	    0.112
4886.722	    0.096
4887.600	    0.106
4888.478	    0.137
4889.356	    0.143
4890.235	    0.131
4891.114	    0.106
4891.992	    0.036
4892.871	    0.133
4893.750	    0.073
4894.630	    0.100
4895.509	    0.096
4896.388	    0.096
4897.268	    0.113
4898.148	    0.136
4899.028	    0.144
4899.908	    0.110
4900.789	    0.084
4901.669	    0.115
4902.550	    0.129
4903.431	    0.130
4904.312	    0.124
4905.193	    0.111
4906.074	    0.076
4906.955	    0.111
4907.837	    0.194
4908.719	    0.222
4909.601	    0.208
4910.483	    0.152
4911.365	    0.025
4912.247	    0.103
4913.130	    0.075
4914.013	    0.037
4914.896	    0.071
4915.779	    0.075
4916.662	    0.048
4917.545	    0.048
4918.429	    0.061
4919.312	    0.034
4920.196	    0.045
4921.080	    0.091
4921.964	    0.149
4922.849	    0.144
4923.733	    0.119
4924.618	    0.102
4925.502	    0.093
4926.387	    0.075
4927.273	    0.055
4928.158	    0.039
4929.043	    0.027
4929.929	    0.073
4930.815	    0.049
4931.700	    0.010
4932.586	    0.010
4933.473	    0.036
4934.359	    0.053
4935.246	    0.019
4936.132	    0.025
4937.019	    0.093
4937.906	    0.093
4938.793	    0.099
4939.681	    0.108
4940.568	    0.102
4941.456	    0.077
4942.344	    0.064
4943.232	    0.080
4944.120	    0.133
4945.008	    0.117
4945.896	    0.098
4946.785	    0.051
4947.674	    0.045
4948.563	    0.096
4949.452	    0.099
4950.341	    0.106
4951.230	    0.078
4952.120	    0.080
4953.010	    0.072
4953.900	    0.094
4954.790	    0.077
4955.680	    0.092
4956.570	    0.122
4957.461	    0.059
4958.351	    0.130
4959.242	    0.117
4960.133	    0.092
4961.024	    0.089
4961.916	    0.064
4962.807	    0.053
4963.699	    0.073
4964.591	    0.072
4965.483	    0.105
4966.375	    0.094
4967.267	    0.118
4968.159	    0.120
4969.052	    0.130
4969.945	    0.135
4970.838	    0.126
4971.731	    0.112
4972.624	    0.115
4973.518	    0.113
4974.411	    0.093
4975.305	    0.084
4976.199	    0.096
4977.093	    0.125
4977.987	    0.146
4978.881	    0.130
4979.776	    0.077
4980.671	    0.080
4981.565	    0.030
4982.460	    0.059
4983.356	    0.056
4984.251	    0.047
4985.146	    0.025
4986.042	    0.080
4986.938	    0.106
4987.834	    0.131
4988.730	    0.157
4989.626	    0.135
4990.523	    0.132
4991.419	    0.101
4992.316	    0.060
4993.213	    0.036
4994.110	    0.084
4995.007	    0.109
4995.905	    0.078
4996.802	    0.078
4997.700	    0.116
4998.598	    0.048
4999.496	    0.077
5000.394	    0.067
5001.293	    0.072
5002.191	    0.064
5003.090	    0.056
5003.989	    0.077
5004.888	    0.110
5005.787	    0.123
5006.687	    0.097
5007.586	    0.039
5008.486	    0.059
5009.386	    0.053
5010.286	    0.060
5011.186	    0.105
5012.086	    0.110
5012.987	    0.088
5013.887	    0.101
5014.788	    0.109
5015.689	    0.110
5016.590	    0.118
5017.492	    0.114
5018.393	    0.107
5019.295	    0.098
5020.197	    0.103
5021.098	    0.100
5022.001	    0.010
5022.903	    0.067
5023.805	    0.010
5024.708	    0.089
5025.611	    0.079
5026.514	    0.088
5027.417	    0.107
5028.320	    0.112
5029.223	    0.113
5030.127	    0.120
5031.031	    0.113
5031.935	    0.092
5032.839	    0.122
5033.743	    0.140
5034.647	    0.131
5035.552	    0.115
5036.456	    0.099
5037.361	    0.076
5038.266	    0.067
5039.172	    0.092
5040.077	    0.105
5040.982	    0.109
5041.888	    0.116
5042.794	    0.129
5043.700	    0.108
5044.606	    0.068
5045.513	    0.079
5046.419	    0.091
5047.326	    0.081
5048.233	    0.082
5049.140	    0.083
5050.047	    0.125
5050.954	    0.133
5051.861	    0.135
5052.769	    0.099
5053.677	    0.085
5054.585	    0.085
5055.493	    0.128
5056.401	    0.114
5057.310	    0.090
5058.218	    0.045
5059.127	    0.062
5060.036	    0.108
5060.945	    0.087
5061.855	    0.106
5062.764	    0.132
5063.674	    0.123
5064.583	    0.103
5065.493	    0.091
5066.403	    0.090
5067.314	    0.107
5068.224	    0.130
5069.135	    0.062
5070.045	    0.058
5070.956	    0.097
5071.867	    0.108
5072.779	    0.096
5073.690	    0.088
5074.602	    0.110
5075.513	    0.129
5076.425	    0.125
5077.337	    0.139
5078.249	    0.068
5079.162	    0.084
5080.074	    0.093
5080.987	    0.071
5081.900	    0.071
5082.813	    0.078
5083.726	    0.074
5084.640	    0.077
5085.553	    0.102
5086.467	    0.118
5087.381	    0.090
5088.295	    0.088
5089.209	    0.062
5090.123	    0.131
5091.038	    0.136
5091.952	    0.131
5092.867	    0.109
5093.782	    0.091
5094.697	    0.082
5095.613	    0.050
5096.528	    0.013
5097.444	    0.070
5098.360	    0.067
5099.276	    0.086
5100.192	    0.086
5101.108	    0.115
5102.025	    0.108
5102.941	    0.079
5103.858	    0.052
5104.775	    0.048
5105.692	    0.069
5106.610	    0.084
5107.527	    0.064
5108.445	    0.045
5109.363	    0.053
5110.281	    0.010
5111.199	    0.043
5112.117	    0.051
5113.036	    0.090
5113.954	    0.109
5114.873	    0.108
5115.792	    0.090
5116.711	    0.086
5117.630	    0.109
5118.550	    0.108
5119.469	    0.048
5120.389	    0.072
5121.309	    0.106
5122.229	    0.114
5123.150	    0.078
5124.070	    0.066
5124.991	    0.097
5125.911	    0.105
5126.832	    0.065
5127.753	    0.029
5128.675	    0.079
5129.596	    0.087
5130.518	    0.093
5131.440	    0.077
5132.362	    0.118
5133.284	    0.128
5134.206	    0.107
5135.128	    0.078
5136.051	    0.047
5136.974	    0.081
5137.897	    0.050
5138.820	    0.087
5139.743	    0.101
5140.666	    0.102
5141.590	    0.078
5142.514	    0.021
5143.438	    0.046
5144.362	    0.084
5145.286	    0.092
5146.211	    0.077
5147.135	    0.078
5148.060	    0.088
5148.985	    0.075
5149.910	    0.082
5150.835	    0.097
5151.761	    0.082
5152.686	    0.013
5153.612	    0.064
5154.538	    0.099
5155.464	    0.092
5156.390	    0.109
5157.317	    0.091
5158.243	    0.102
5159.170	    0.127
5160.097	    0.117
5161.024	    0.127
5161.951	    0.118
5162.879	    0.036
5163.806	    0.032
5164.734	    0.086
5165.662	    0.090
5166.590	    0.023
5167.518	    0.052
5168.447	    0.016
5169.375	    0.050
5170.304	    0.075
5171.233	    0.069
5172.162	    0.103
5173.091	    0.122
5174.021	    0.064
5174.950	    0.069
5175.880	    0.109
5176.810	    0.068
5177.740	    0.157
5178.670	    0.114
5179.601	    0.136
5180.531	    0.125
5181.462	    0.127
5182.393	    0.133
5183.324	    0.110
5184.255	    0.109
5185.187	    0.139
5186.118	    0.120
5187.050	    0.066
5187.982	    0.072
5188.914	    0.086
5189.846	    0.025
5190.779	    0.062
5191.712	    0.064
5192.644	    0.065
5193.577	    0.067
5194.510	    0.071
5195.444	    0.074
5196.377	    0.076
5197.311	    0.078
5198.244	    0.081
5199.178	    0.082
5200.112	    0.081
5201.047	    0.078
5201.981	    0.074
5202.916	    0.070
5203.851	    0.069
5204.786	    0.069
5205.721	    0.067
5206.656	    0.065
5207.591	    0.064
5208.527	    0.065
5209.463	    0.067
5210.399	    0.068
5211.335	    0.069
5212.271	    0.069
5213.208	    0.069
5214.144	    0.067
5215.081	    0.064
5216.018	    0.059
5216.955	    0.059
5217.892	    0.062
5218.830	    0.068
5219.768	    0.074
5220.705	    0.081
5221.643	    0.085
5222.582	    0.088
5223.520	    0.089
5224.458	    0.089
5225.397	    0.088
5226.336	    0.087
5227.275	    0.085
5228.214	    0.081
5229.153	    0.072
5230.093	    0.055
5231.032	    0.013
5231.972	    0.043
5232.912	    0.049
5233.852	    0.041
5234.793	    0.027
5235.733	    0.019
5236.674	    0.025
5237.615	    0.037
5238.556	    0.055
5239.497	    0.054
5240.438	    0.068
5241.380	    0.013
5242.322	    0.013
5243.263	    0.069
5244.205	    0.092
5245.148	    0.063
5246.090	    0.063
5247.033	    0.105
5247.975	    0.114
5248.918	    0.107
5249.861	    0.097
5250.804	    0.087
5251.748	    0.060
5252.691	    0.032
5253.635	    0.040
5254.579	    0.057
5255.523	    0.013
5256.467	    0.016
5257.412	    0.038
5258.356	    0.055
5259.301	    0.077
5260.246	    0.063
5261.191	    0.086
5262.136	    0.050
5263.082	    0.043
5264.027	    0.053
5264.973	    0.072
5265.919	    0.086
5266.865	    0.069
5267.811	    0.058
5268.758	    0.016
5269.704	    0.010
5270.651	    0.095
5271.598	    0.108
5272.545	    0.087
5273.493	    0.055
5274.440	    0.053
5275.388	    0.027
5276.335	    0.086
5277.283	    0.120
5278.232	    0.112
5279.180	    0.093
5280.128	    0.078
5281.077	    0.056
5282.026	    0.053
5282.975	    0.067
5283.924	    0.044
5284.873	    0.053
5285.823	    0.039
5286.773	    0.050
5287.722	    0.044
5288.672	    0.046
5289.623	    0.040
5290.573	    0.050
5291.523	    0.047
5292.474	    0.088
5293.425	    0.089
5294.376	    0.069
5295.327	    0.036
5296.279	    0.059
5297.230	    0.032
5298.182	    0.074
5299.134	    0.074
5300.086	    0.060
5301.038	    0.060
5301.991	    0.055
5302.943	    0.075
5303.896	    0.077
5304.849	    0.107
5305.802	    0.093
5306.755	    0.065
5307.709	    0.040
5308.662	    0.104
5309.616	    0.084
5310.570	    0.030
5311.524	    0.052
5312.478	    0.052
5313.433	    0.069
5314.388	    0.068
5315.342	    0.092
5316.297	    0.088
5317.252	    0.072
5318.208	    0.115
5319.163	    0.133
5320.119	    0.129
5321.075	    0.127
5322.031	    0.053
5322.987	    0.092
5323.943	    0.075
5324.900	    0.116
5325.857	    0.110
5326.813	    0.099
5327.770	    0.098
5328.728	    0.096
5329.685	    0.090
5330.643	    0.032
5331.600	    0.050
5332.558	    0.072
5333.516	    0.037
5334.475	    0.032
5335.433	    0.046
5336.392	    0.084
5337.350	    0.087
5338.309	    0.039
5339.268	    0.070
5340.228	    0.088
5341.187	    0.030
5342.147	    0.037
5343.107	    0.072
5344.067	    0.075
5345.027	    0.076
5345.987	    0.029
5346.947	    0.034
5347.908	    0.029
5348.869	    0.040
5349.830	    0.010
5350.791	    0.048
5351.752	    0.048
5352.714	    0.033
5353.676	    0.062
5354.638	    0.054
5355.600	    0.060
5356.562	    0.078
5357.524	    0.058
5358.487	    0.071
5359.449	    0.056
5360.412	    0.080
5361.375	    0.089
5362.339	    0.103
5363.302	    0.077
5364.266	    0.027
5365.230	    0.039
5366.193	    0.116
5367.158	    0.023
5368.122	    0.064
5369.086	    0.059
5370.051	    0.013
5371.016	    0.075
5371.981	    0.090
5372.946	    0.071
5373.911	    0.065
5374.877	    0.049
5375.842	    0.019
5376.808	    0.053
5394.223	    0.101
5395.192	    0.094
5396.162	    0.079
5397.131	    0.048
5398.101	    0.046
5399.071	    0.029
5400.041	    0.055
5401.011	    0.097
5401.981	    0.095
5402.952	    0.064
5403.923	    0.068
5404.894	    0.043
5405.865	    0.047
5406.836	    0.068
5407.807	    0.077
5408.779	    0.034
5409.751	    0.064
5410.723	    0.029
5411.695	    0.098
5412.667	    0.075
5413.639	    0.103
5414.612	    0.069
5415.585	    0.062
5416.558	    0.094
5417.531	    0.081
5418.504	    0.072
5419.478	    0.072
5420.452	    0.062
5421.426	    0.104
5422.400	    0.094
5423.374	    0.075
5424.348	    0.057
5425.323	    0.075
5426.297	    0.085
5427.272	    0.068
5428.247	    0.039
5429.223	    0.033
5430.198	    0.086
5431.174	    0.075
5432.150	    0.034
5433.126	    0.016
5434.102	    0.052
5435.078	    0.073
5436.055	    0.073
5437.031	    0.021
5438.008	    0.060
5438.985	    0.060
5439.962	    0.045
5440.940	    0.053
5441.917	    0.049
5442.895	    0.033
5443.873	    0.055
5444.851	    0.086
5445.829	    0.063
5446.808	    0.062
5447.786	    0.108
5448.765	    0.078
5449.744	    0.087
5450.723	    0.085
5451.702	    0.032
5452.682	    0.041
5453.661	    0.032
5454.641	    0.027
5455.621	    0.025
5456.601	    0.034
5457.582	    0.071
5458.562	    0.103
5459.543	    0.094
5460.524	    0.086
5461.505	    0.090
5462.486	    0.091
5463.468	    0.089
5464.449	    0.038
5465.431	    0.074
5466.413	    0.057
5467.395	    0.013
5468.377	    0.034
5469.360	    0.047
5470.343	    0.043
5471.325	    0.027
5472.308	    0.010
5473.292	    0.013
5474.275	    0.079
5475.258	    0.058
5476.242	    0.063
5477.226	    0.032
5478.210	    0.070
5479.194	    0.078
5480.179	    0.050
5481.163	    0.050
5482.148	    0.023
5483.133	    0.072
5484.118	    0.019
5485.104	    0.039
5486.089	    0.067
5487.075	    0.093
5488.060	    0.103
5489.047	    0.097
5490.033	    0.072
5491.019	    0.071
5492.006	    0.043
5492.992	    0.040
5493.979	    0.064
5494.966	    0.045
5495.954	    0.077
5496.941	    0.088
5497.929	    0.059
5498.916	    0.052
5499.904	    0.067
5500.892	    0.037
5501.881	    0.025
5502.869	    0.050
5503.858	    0.064
5504.847	    0.059
5505.836	    0.062
5506.825	    0.075
5507.814	    0.091
5508.804	    0.105
5509.794	    0.100
5510.784	    0.083
5511.774	    0.074
5512.764	    0.038
5513.754	    0.025
5514.745	    0.064
5515.736	    0.090
5516.727	    0.101
5517.718	    0.090
5518.709	    0.072
5519.701	    0.085
5520.693	    0.079
5521.684	    0.023
5522.677	    0.037
5523.669	    0.039
5524.661	    0.064
5525.654	    0.062
5526.647	    0.040
5527.639	    0.032
5528.633	    0.021
5529.626	    0.098
5530.619	    0.081
5531.613	    0.016
5532.607	    0.082
5533.601	    0.091
5534.595	    0.088
5535.589	    0.108
5536.584	    0.117
5537.579	    0.086
5538.574	    0.044
5539.569	    0.045
5540.564	    0.036
5541.559	    0.057
5542.555	    0.034
5543.551	    0.053
5544.547	    0.090
5545.543	    0.095
5546.539	    0.089
5547.536	    0.046
5548.533	    0.047
5549.529	    0.054
5550.527	    0.055
5551.524	    0.058
5552.521	    0.067
5553.519	    0.043
5554.517	    0.046
5555.514	    0.040
5556.513	    0.067
5557.511	    0.087
5558.509	    0.082
5559.508	    0.088
5560.507	    0.073
5561.506	    0.080
5562.505	    0.025
5563.505	    0.076
5564.504	    0.064
5565.504	    0.072
5566.504	    0.016
5567.504	    0.013
5568.504	    0.049
5569.505	    0.041
5570.505	    0.055
5571.506	    0.064
5572.507	    0.016
5573.508	    0.088
5574.510	    0.071
5575.511	    0.131
5576.513	    0.086
5577.515	    0.124
5578.517	    0.081
5579.519	    0.055
5580.522	    0.109
5581.524	    0.087
5582.527	    0.065
5583.530	    0.058
5584.533	    0.066
5585.537	    0.052
5586.540	    0.075
5587.544	    0.085
5588.548	    0.090
5589.552	    0.088
5590.556	    0.075
5591.560	    0.080
5592.565	    0.088
5593.570	    0.055
5594.575	    0.054
5595.580	    0.079
5596.585	    0.061
5597.591	    0.072
5598.596	    0.059
5599.602	    0.052
5600.608	    0.078
5601.615	    0.088
5602.621	    0.077
5603.628	    0.074
5604.634	    0.054
5605.641	    0.051
5606.649	    0.033
5607.656	    0.066
5608.663	    0.085
5609.671	    0.098
5610.679	    0.089
5611.687	    0.077
5612.695	    0.097
5613.704	    0.106
5614.712	    0.102
5615.721	    0.108
5616.730	    0.102
5617.739	    0.095
5618.748	    0.118
5619.758	    0.100
5620.767	    0.062
5621.777	    0.027
5622.787	    0.038
5623.798	    0.021
5624.808	    0.092
5625.819	    0.085
5626.829	    0.074
5627.840	    0.093
5628.851	    0.101
5629.863	    0.064
5630.874	    0.023
5631.886	    0.053
5632.898	    0.078
5633.910	    0.079
5634.922	    0.081
5635.934	    0.100
5636.947	    0.056
5637.960	    0.055
5638.973	    0.097
5639.986	    0.120
5640.999	    0.116
5642.013	    0.099
5643.026	    0.116
5644.040	    0.104
5645.054	    0.086
5646.068	    0.121
5647.083	    0.144
5648.097	    0.119
5649.112	    0.122
5650.127	    0.104
5651.142	    0.090
5652.157	    0.118
5653.173	    0.125
5654.189	    0.131
5655.205	    0.112
5656.221	    0.095
5657.237	    0.116
5658.253	    0.084
5659.270	    0.041
5660.287	    0.080
5661.304	    0.115
5662.321	    0.100
5663.338	    0.127
5664.355	    0.104
5665.373	    0.082
5666.391	    0.091
5667.409	    0.133
5668.427	    0.141
5669.446	    0.103
5670.464	    0.019
5671.483	    0.094
5672.502	    0.086
5673.521	    0.109
5674.541	    0.094
5675.560	    0.119
5676.580	    0.093
5677.600	    0.090
5678.620	    0.096
5679.640	    0.108
5680.660	    0.126
5681.681	    0.118
5682.702	    0.098
5683.723	    0.115
5684.744	    0.117
5685.765	    0.089
5686.787	    0.099
5687.809	    0.124
5688.830	    0.121
5689.853	    0.088
5690.875	    0.103
5691.897	    0.112
5692.920	    0.131
5693.943	    0.106
5694.966	    0.091
5695.989	    0.111
5697.012	    0.125
5698.036	    0.128
5699.060	    0.132
5700.084	    0.118
5701.108	    0.101
5702.132	    0.104
5703.156	    0.112
5704.181	    0.106
5705.206	    0.123
5706.231	    0.120
5707.256	    0.107
5708.282	    0.100
5709.307	    0.112
5710.333	    0.125
5711.359	    0.131
5712.385	    0.110
5713.411	    0.123
5714.438	    0.137
5715.464	    0.132
5716.491	    0.149
5717.518	    0.138
5718.546	    0.120
5719.573	    0.110
5720.601	    0.134
5721.628	    0.123
5722.656	    0.108
5723.685	    0.128
5724.713	    0.132
5725.741	    0.159
5726.770	    0.146
5727.799	    0.144
5728.828	    0.158
5729.857	    0.124
5730.887	    0.085
5731.916	    0.124
5732.946	    0.130
5733.976	    0.102
5735.007	    0.098
5736.037	    0.135
5737.067	    0.129
5738.098	    0.131
5739.129	    0.120
5740.160	    0.122
5741.192	    0.114
5742.223	    0.137
5743.255	    0.152
5744.287	    0.130
5745.319	    0.130
5746.351	    0.119
5747.383	    0.107
5748.416	    0.121
5749.449	    0.127
5750.482	    0.132
5751.515	    0.141
5752.548	    0.130
5753.582	    0.121
5754.615	    0.114
5755.649	    0.118
5756.683	    0.121
5757.718	    0.124
5758.752	    0.126
5759.787	    0.126
5760.822	    0.114
5761.857	    0.093
5762.892	    0.129
5763.927	    0.166
5764.963	    0.150
5765.999	    0.131
5767.035	    0.119
5768.071	    0.127
5769.107	    0.129
5770.143	    0.142
5771.180	    0.132
5772.217	    0.119
5773.254	    0.089
5774.291	    0.101
5775.329	    0.096
5776.366	    0.132
5777.404	    0.120
5778.442	    0.085
5779.480	    0.083
5780.519	    0.112
5781.557	    0.108
5782.596	    0.116
5783.635	    0.122
5784.674	    0.102
5785.713	    0.103
5786.753	    0.133
5787.793	    0.136
5788.832	    0.114
5789.873	    0.109
5790.913	    0.092
5791.953	    0.094
5792.994	    0.113
5794.035	    0.126
5795.076	    0.106
5796.117	    0.106
5797.158	    0.094
5798.200	    0.083
5799.241	    0.097
5800.283	    0.081
5801.325	    0.133
5802.368	    0.153
5803.410	    0.135
5804.453	    0.112
5805.496	    0.115
5806.539	    0.137
5807.582	    0.141
5808.625	    0.129
5809.669	    0.108
5810.713	    0.125
5811.757	    0.110
5812.801	    0.118
5813.845	    0.125
5814.890	    0.117
5815.935	    0.116
5816.980	    0.112
5818.025	    0.108
5819.070	    0.138
5820.115	    0.127
5821.161	    0.108
5822.207	    0.108
5823.253	    0.107
5824.299	    0.110
5825.346	    0.071
5826.392	    0.088
5827.439	    0.092
5828.486	    0.106
5829.533	    0.107
5830.581	    0.124
5831.628	    0.128
5832.676	    0.100
5833.724	    0.120
5834.772	    0.116
5835.820	    0.136
5836.869	    0.139
5837.917	    0.130
5838.966	    0.132
5840.015	    0.131
5841.065	    0.119
5842.114	    0.132
5843.164	    0.136
5844.213	    0.121
5845.263	    0.112
5846.314	    0.125
5847.364	    0.132
5848.415	    0.119
5849.465	    0.111
5850.516	    0.096
5851.567	    0.086
5852.619	    0.102
5853.670	    0.104
5854.722	    0.072
5855.774	    0.083
5856.826	    0.105
5857.878	    0.097
5858.931	    0.121
5859.983	    0.128
5861.036	    0.101
5862.089	    0.083
5863.142	    0.109
5864.196	    0.122
5865.249	    0.112
5866.303	    0.090
5867.357	    0.023
5868.411	    0.057
5869.466	    0.061
5870.520	    0.065
5871.575	    0.010
5872.630	    0.078
5873.685	    0.087
5874.740	    0.079
5875.796	    0.087
5876.851	    0.088
5877.907	    0.091
5878.963	    0.101
5880.019	    0.102
5881.076	    0.089
5882.133	    0.075
5883.189	    0.069
5884.246	    0.089
5885.304	    0.094
5886.361	    0.088
5887.419	    0.094
5888.476	    0.092
5889.534	    0.089
5890.592	    0.098
5891.651	    0.085
5892.709	    0.083
5893.768	    0.071
5894.827	    0.071
5895.886	    0.089
5896.945	    0.060
5898.005	    0.067
5899.064	    0.061
5900.124	    0.093
5901.184	    0.087
5902.245	    0.082
5903.305	    0.111
5904.366	    0.069
5905.426	    0.065
5906.487	    0.086
5907.549	    0.104
5908.610	    0.098
5909.671	    0.082
5910.733	    0.102
5911.795	    0.107
5912.857	    0.116
5913.920	    0.105
5914.982	    0.074
5916.045	    0.092
5917.108	    0.087
5918.171	    0.054
5919.234	    0.037
5920.298	    0.087
5921.361	    0.082
5922.425	    0.090
5923.489	    0.062
5924.554	    0.051
5925.618	    0.045
5926.683	    0.059
5927.747	    0.010
5928.812	    0.037
5929.878	    0.030
5930.943	    0.087
5932.009	    0.096
5933.074	    0.077
5934.140	    0.064
5935.206	    0.025
5936.273	    0.064
5937.339	    0.033
5938.406	    0.094
5939.473	    0.088
5940.540	    0.039
5941.607	    0.016
5942.675	    0.032
5943.743	    0.083
5944.811	    0.123
5945.879	    0.129
5946.947	    0.161
5948.015	    0.198
5949.084	    0.211
5950.153	    0.220
5951.222	    0.205
5952.291	    0.184
5953.360	    0.156
5954.430	    0.171
5955.500	    0.215
5956.570	    0.213
5957.640	    0.177
5958.710	    0.138
5959.781	    0.064
5960.852	    0.049
5961.923	    0.021
5962.994	    0.089
5964.065	    0.104
5965.137	    0.071
5966.209	    0.045
5967.280	    0.030
5968.353	    0.055
5969.425	    0.083
5970.497	    0.102
5971.570	    0.110
5972.643	    0.025
5973.716	    0.067
5974.789	    0.060
5975.863	    0.071
5976.936	    0.025
5978.010	    0.050
5979.084	    0.048
5980.158	    0.047
5981.233	    0.034
5982.308	    0.071
5983.382	    0.092
5984.457	    0.023
5985.533	    0.019
5986.608	    0.038
5987.684	    0.038
5988.759	    0.029
5989.835	    0.067
5990.911	    0.085
5991.988	    0.086
5993.064	    0.039
5994.141	    0.032
5995.218	    0.045
5996.295	    0.030
5997.372	    0.034
5998.450	    0.057
5999.528	    0.046
6000.606	    0.092
6001.684	    0.076
6002.762	    0.049
6003.840	    0.051
6004.919	    0.052
6005.998	    0.055
6007.077	    0.067
6008.156	    0.081
6009.236	    0.069
6010.315	    0.058
6011.395	    0.055
6012.475	    0.064
6013.556	    0.092
6014.636	    0.092
6015.717	    0.061
6016.797	    0.058
6017.878	    0.089
6018.960	    0.066
6020.041	    0.072
6021.123	    0.057
6022.204	    0.027
6023.286	    0.029
6024.369	    0.033
6025.451	    0.038
6026.534	    0.032
6027.616	    0.030
6028.699	    0.013
6029.782	    0.043
6030.866	    0.067
6031.949	    0.036
6033.033	    0.037
6034.117	    0.044
6035.201	    0.063
6036.285	    0.039
6037.370	    0.073
6038.455	    0.083
6039.539	    0.084
6040.625	    0.060
6041.710	    0.072
6042.795	    0.096
6043.881	    0.108
6044.967	    0.084
6046.053	    0.072
6047.139	    0.049
6048.226	    0.074
6049.312	    0.077
6050.399	    0.103
6051.486	    0.029
6052.573	    0.019
6053.661	    0.043
6054.749	    0.052
6055.836	    0.077
6056.924	    0.099
6058.013	    0.074
6059.101	    0.060
6060.190	    0.053
6061.278	    0.066
6062.367	    0.063
6063.457	    0.010
6064.546	    0.061
6065.636	    0.064
6066.725	    0.029
6067.815	    0.043
6068.906	    0.054
6069.996	    0.078
6071.086	    0.066
6072.177	    0.027
6073.268	    0.051
6074.359	    0.083
6075.451	    0.037
6076.542	    0.047
6077.634	    0.090
6078.726	    0.062
6079.818	    0.016
6080.910	    0.090
6082.003	    0.030
6083.096	    0.076
6084.189	    0.080
6085.282	    0.032
6086.375	    0.088
6087.468	    0.065
6088.562	    0.118
6089.656	    0.083
6090.750	    0.029
6091.844	    0.080
6092.939	    0.104
6094.034	    0.099
6095.129	    0.094
6096.224	    0.095
6097.319	    0.062
6098.414	    0.023
6099.510	    0.065
6100.606	    0.063
6101.702	    0.079
6102.798	    0.085
6103.895	    0.091
6104.991	    0.112
6106.088	    0.091
6107.185	    0.089
6108.282	    0.097
6109.380	    0.150
6110.478	    0.191
6111.575	    0.171
6112.673	    0.149
6113.772	    0.174
6114.870	    0.196
6115.969	    0.175
6117.068	    0.161
6118.167	    0.178
6119.266	    0.190
6120.365	    0.151
6121.465	    0.140
6122.565	    0.232
6123.665	    0.266
6124.765	    0.259
6125.865	    0.250
6126.966	    0.242
6128.067	    0.233
6129.168	    0.223
6130.269	    0.213
6131.370	    0.202
6132.472	    0.191
6133.574	    0.179
6134.676	    0.168
6135.778	    0.154
6136.880	    0.139
6137.983	    0.121
6139.086	    0.098
6140.189	    0.067
6141.292	    0.010
6142.395	    0.061
6143.499	    0.083
6144.602	    0.102
6145.706	    0.120
6146.811	    0.128
6147.915	    0.109
6149.020	    0.090
6150.124	    0.063
6151.229	    0.078
6152.334	    0.102
6153.440	    0.093
6154.545	    0.081
6155.651	    0.091
6156.757	    0.080
6157.863	    0.102
6158.970	    0.120
6164.504	    0.075
6165.612	    0.082
6166.720	    0.074
6167.828	    0.088
6168.936	    0.121
6170.044	    0.113
6171.153	    0.067
6172.261	    0.055
6173.370	    0.085
6174.479	    0.130
6175.589	    0.110
6176.698	    0.089
6177.808	    0.083
6178.918	    0.066
6180.028	    0.081
6181.138	    0.104
6182.249	    0.116
6183.360	    0.093
6184.471	    0.087
6185.582	    0.068
6186.693	    0.104
6187.805	    0.104
6188.916	    0.118
6190.028	    0.104
6191.140	    0.090
6192.253	    0.056
6193.365	    0.115
6194.478	    0.124
6195.591	    0.082
6196.704	    0.059
6197.817	    0.038
6198.931	    0.064
6200.045	    0.113
6201.159	    0.067
6202.273	    0.085
6203.387	    0.111
6204.502	    0.082
6205.616	    0.124
6206.731	    0.102
6207.846	    0.051
6208.962	    0.098
6210.077	    0.141
6211.193	    0.102
6212.309	    0.077
6213.425	    0.144
6214.541	    0.105
6215.658	    0.095
6216.775	    0.107
6217.892	    0.096
6219.009	    0.064
6220.126	    0.071
6221.244	    0.057
6222.361	    0.062
6223.479	    0.064
6224.597	    0.049
6225.716	    0.061
6226.834	    0.085
6227.953	    0.080
6229.072	    0.064
6230.191	    0.067
6231.310	    0.039
6232.430	    0.047
6233.550	    0.066
6234.670	    0.010
6235.790	    0.055
6236.910	    0.057
6238.031	    0.077
6239.152	    0.076
6240.272	    0.086
6241.394	    0.105
6242.515	    0.098
6243.637	    0.108
6244.758	    0.105
6245.880	    0.118
6247.002	    0.123
6248.125	    0.121
6249.247	    0.104
6250.370	    0.082
6251.493	    0.088
6252.616	    0.079
6253.740	    0.088
6254.863	    0.079
6255.987	    0.079
6257.111	    0.079
6258.235	    0.079
6259.360	    0.077
6260.484	    0.077
6261.609	    0.077
6262.734	    0.081
6263.859	    0.085
6264.985	    0.089
6266.110	    0.094
6267.236	    0.100
6268.362	    0.104
6269.488	    0.104
6270.615	    0.098
6271.741	    0.091
6272.868	    0.087
6273.995	    0.087
6275.122	    0.089
6276.250	    0.093
6277.377	    0.096
6278.505	    0.095
6279.633	    0.092
6280.761	    0.089
6281.890	    0.088
6283.018	    0.088
6284.147	    0.087
6285.276	    0.088
6286.406	    0.089
6287.535	    0.092
6288.665	    0.095
6289.795	    0.099
6290.925	    0.104
6292.055	    0.107
6293.185	    0.107
6294.316	    0.105
6295.447	    0.105
6296.578	    0.105
6297.709	    0.105
6298.841	    0.105
6299.972	    0.103
6301.104	    0.108
6302.236	    0.108
6303.369	    0.108
6304.501	    0.107
6305.634	    0.129
6306.767	    0.098
6307.900	    0.103
6309.033	    0.149
6310.167	    0.147
6311.300	    0.113
6312.434	    0.098
6313.568	    0.107
6314.703	    0.118
6315.837	    0.144
6316.972	    0.140
6318.107	    0.109
6319.242	    0.116
6320.377	    0.123
6321.513	    0.139
6322.649	    0.135
6323.785	    0.113
6324.921	    0.130
6326.057	    0.114
6327.194	    0.117
6328.331	    0.114
6329.468	    0.112
6330.605	    0.125
6331.742	    0.139
6332.880	    0.146
6334.017	    0.144
6335.155	    0.134
6336.294	    0.128
6337.432	    0.125
6338.571	    0.131
6339.710	    0.136
6340.849	    0.120
6341.988	    0.127
6343.127	    0.132
6344.267	    0.100
6345.407	    0.091
6346.547	    0.085
6347.687	    0.120
6348.827	    0.133
6349.968	    0.109
6351.109	    0.077
6357.958	    0.107
6359.101	    0.122
6360.243	    0.151
6361.386	    0.180
6362.529	    0.204
6363.672	    0.182
6364.815	    0.140
6365.959	    0.108
6367.103	    0.074
6368.247	    0.089
6369.391	    0.101
6370.535	    0.112
6371.680	    0.087
6372.824	    0.086
6373.969	    0.095
6375.115	    0.112
6376.260	    0.105
6377.406	    0.105
6378.551	    0.102
6379.697	    0.090
6380.844	    0.090
6381.990	    0.124
6383.137	    0.133
6384.283	    0.132
6385.430	    0.115
6386.578	    0.097
6387.725	    0.101
6388.873	    0.121
6390.021	    0.119
6391.169	    0.112
6392.317	    0.124
6393.465	    0.123
6394.614	    0.116
6395.763	    0.108
6396.912	    0.109
6398.061	    0.101
6399.211	    0.073
6400.361	    0.096
6401.511	    0.102
6402.661	    0.094
6403.811	    0.123
6404.962	    0.120
6406.112	    0.098
6407.263	    0.091
6408.414	    0.115
6409.566	    0.126
6410.717	    0.094
6411.869	    0.081
6413.021	    0.089
6414.173	    0.089
6415.326	    0.048
6416.478	    0.056
6417.631	    0.077
6418.784	    0.048
6419.937	    0.077
6421.091	    0.112
6422.245	    0.112
6423.398	    0.096
6424.552	    0.096
6425.707	    0.125
6426.861	    0.146
6428.016	    0.134
6429.171	    0.111
6430.326	    0.102
6431.481	    0.110
6432.637	    0.088
6433.792	    0.048
6434.948	    0.088
6436.104	    0.135
6437.261	    0.152
6438.417	    0.138
6439.574	    0.120
6440.731	    0.098
6441.888	    0.080
6443.046	    0.086
6444.203	    0.130
6445.361	    0.130
6446.519	    0.102
6447.677	    0.085
6448.836	    0.091
6449.994	    0.084
6451.153	    0.080
6452.312	    0.080
6453.471	    0.101
6454.631	    0.105
6455.791	    0.082
6456.950	    0.058
6458.111	    0.062
6459.271	    0.059
6460.431	    0.075
6461.592	    0.071
6462.753	    0.091
6463.914	    0.058
6465.075	    0.107
6466.237	    0.059
6467.399	    0.097
6468.561	    0.116
6469.723	    0.075
6470.885	    0.084
6472.048	    0.083
6473.211	    0.065
6474.374	    0.077
6475.537	    0.078
6476.700	    0.058
6477.864	    0.093
6479.028	    0.078
6480.192	    0.098
6481.356	    0.105
6482.521	    0.047
6483.685	    0.043
6484.850	    0.039
6486.015	    0.069
6487.181	    0.074
6488.346	    0.095
6489.512	    0.055
6490.678	    0.067
6491.844	    0.067
6493.010	    0.078
6494.177	    0.105
6495.344	    0.079
6496.511	    0.019
6497.678	    0.034
6498.845	    0.067
6500.013	    0.067
6501.181	    0.080
6502.349	    0.095
6503.517	    0.059
6504.685	    0.016
6505.854	    0.034
6507.023	    0.057
6508.192	    0.032
6509.361	    0.025
6510.531	    0.033
6511.700	    0.013
6512.870	    0.052
6514.041	    0.053
6515.211	    0.016
6516.381	    0.054
6517.552	    0.053
6518.723	    0.066
6519.894	    0.078
6521.066	    0.040
6522.237	    0.046
6523.409	    0.078
6524.581	    0.073
6525.753	    0.052
6526.926	    0.013
6528.099	    0.023
6529.271	    0.070
6530.445	    0.129
6531.618	    0.150
6532.791	    0.084
6533.965	    0.090
6535.139	    0.096
6536.313	    0.083
6537.487	    0.038
6538.662	    0.038
6539.837	    0.068
6541.012	    0.081
6542.187	    0.081
6543.362	    0.051
6544.538	    0.048
6545.714	    0.043
6546.890	    0.071
6548.066	    0.066
6549.243	    0.059
6550.419	    0.068
6551.596	    0.087
6552.773	    0.073
6553.950	    0.059
6555.128	    0.064
6556.306	    0.052
6557.484	    0.077
6558.662	    0.055
6559.840	    0.066
6561.019	    0.052
6562.198	    0.030
6563.377	    0.016
6564.556	    0.025
6565.735	    0.027
6566.915	    0.027
6568.095	    0.021
6569.275	    0.016
6570.455	    0.036
6571.635	    0.052
6572.816	    0.067
6573.997	    0.082
6575.178	    0.096
6576.359	    0.105
6577.541	    0.109
6578.723	    0.110
6579.905	    0.108
6581.087	    0.105
6582.269	    0.101
6583.452	    0.097
6584.635	    0.097
6585.818	    0.099
6587.001	    0.103
6588.184	    0.107
6589.368	    0.111
6590.552	    0.113
6591.736	    0.111
6592.920	    0.090
6594.105	    0.098
6595.290	    0.108
6596.475	    0.114
6597.660	    0.100
6598.845	    0.083
6600.031	    0.081
6601.216	    0.101
6602.402	    0.128
6603.589	    0.120
6604.775	    0.136
6605.962	    0.137
6607.149	    0.121
6608.336	    0.143
6609.523	    0.178
6610.710	    0.235
6611.898	    0.274
6613.086	    0.271
6614.274	    0.215
6615.463	    0.174
6616.651	    0.149
6617.840	    0.140
6619.029	    0.101
6620.218	    0.019
6621.408	    0.083
6622.597	    0.130
6623.787	    0.258
6624.977	    0.438
6626.167	    0.570
6627.358	    0.592
6628.549	    0.499
6629.740	    0.348
6630.931	    0.242
6632.122	    0.174
6633.314	    0.101
6634.505	    0.089
6635.697	    0.137
6636.890	    0.144
6638.082	    0.146
6639.275	    0.165
6640.467	    0.170
6641.660	    0.180
6642.854	    0.201
6644.047	    0.243
6645.241	    0.325
6646.435	    0.427
6647.629	    0.487
6648.823	    0.482
6650.018	    0.396
6651.213	    0.283
6652.408	    0.211
6653.603	    0.184
6654.798	    0.171
6655.994	    0.165
6657.190	    0.146
6658.386	    0.124
6659.582	    0.113
6660.779	    0.121
6661.975	    0.132
6663.172	    0.134
6664.369	    0.119
6665.567	    0.106
6666.764	    0.104
6667.962	    0.115
6669.160	    0.120
6670.358	    0.090
6671.557	    0.081
6672.755	    0.122
6673.954	    0.122
6675.153	    0.122
6676.353	    0.095
6677.552	    0.068
6678.752	    0.111
6679.952	    0.097
6681.152	    0.091
6682.352	    0.088
6683.553	    0.093
6684.754	    0.093
6685.955	    0.080
6687.156	    0.078
6688.357	    0.090
6689.559	    0.070
6690.761	    0.039
6691.963	    0.067
6693.165	    0.098
6694.368	    0.085
6695.571	    0.108
6696.774	    0.105
6697.977	    0.107
6699.180	    0.081
6700.384	    0.029
6701.588	    0.048
6702.792	    0.065
6703.996	    0.093
6705.200	    0.108
6706.405	    0.086
6707.610	    0.056
6708.815	    0.041
6710.020	    0.098
6711.226	    0.096
6712.432	    0.083
6713.638	    0.067
6714.844	    0.077
6716.050	    0.083
6717.257	    0.086
6718.464	    0.075
6719.671	    0.074
6720.878	    0.094
6728.127	    0.130
6729.335	    0.070
6730.544	    0.064
6731.754	    0.079
6732.963	    0.094
6734.173	    0.084
6735.383	    0.065
6736.593	    0.057
6737.803	    0.069
6739.014	    0.079
6740.224	    0.070
6741.435	    0.077
6742.647	    0.095
6743.858	    0.087
6745.070	    0.067
6746.281	    0.048
6747.494	    0.039
6748.706	    0.073
6749.918	    0.099
6751.131	    0.082
6752.344	    0.092
6753.557	    0.062
6754.771	    0.010
6755.984	    0.010
6757.198	    0.061
6758.412	    0.100
6759.626	    0.094
6760.841	    0.084
6762.055	    0.092
6763.270	    0.069
6764.485	    0.046
6765.701	    0.025
6766.916	    0.058
6768.132	    0.083
6769.348	    0.047
6770.564	    0.033
6771.781	    0.033
6772.997	    0.069
6774.214	    0.084
6775.431	    0.048
6776.649	    0.040
6777.866	    0.079
6779.084	    0.132
6780.302	    0.220
6781.520	    0.281
6782.738	    0.278
6783.957	    0.228
6785.176	    0.166
6786.395	    0.111
6787.614	    0.053
6788.834	    0.045
6790.053	    0.060
6791.273	    0.071
6792.494	    0.081
6793.714	    0.120
6794.935	    0.186
6796.155	    0.230
6797.376	    0.244
6798.598	    0.199
6799.819	    0.135
6801.041	    0.105
6802.263	    0.111
6803.485	    0.102
6804.707	    0.051
6805.930	    0.069
6807.153	    0.099
6808.376	    0.091
6809.599	    0.049
6810.822	    0.058
6812.046	    0.043
6813.270	    0.039
6814.494	    0.036
6815.718	    0.027
6816.943	    0.058
6818.168	    0.065
6819.392	    0.043
6820.618	    0.059
6821.843	    0.030
6823.069	    0.075
6824.295	    0.102
6825.521	    0.094
6826.747	    0.046
6827.974	    0.037
6829.200	    0.091
6830.427	    0.102
6831.654	    0.077
6832.882	    0.099
6834.109	    0.083
6835.337	    0.030
6836.565	    0.023
6837.794	    0.025
6839.022	    0.061
6840.251	    0.071
6841.480	    0.046
6842.709	    0.068
6843.938	    0.064
6845.168	    0.084
6846.398	    0.099
6847.628	    0.071
6848.858	    0.058
6850.089	    0.073
6851.319	    0.068
6852.550	    0.067
6853.782	    0.059
6855.013	    0.061
6856.245	    0.069
6857.476	    0.068
6858.708	    0.083
6859.941	    0.094
6861.173	    0.098
6862.406	    0.087
6863.639	    0.073
6864.872	    0.039
6866.105	    0.091
6867.339	    0.131
6868.573	    0.139
6869.807	    0.159
6871.041	    0.144
6872.276	    0.148
6873.510	    0.154
6874.745	    0.153
6875.980	    0.126
6877.216	    0.125
6878.451	    0.126
6879.687	    0.113
6880.923	    0.023
6882.159	    0.081
6883.396	    0.027
6884.633	    0.077
6885.870	    0.098
6887.107	    0.114
6888.344	    0.114
6889.582	    0.101
6890.820	    0.098
6892.058	    0.112
6893.296	    0.088
6894.534	    0.079
6895.773	    0.085
6897.012	    0.079
6898.251	    0.058
6899.490	    0.053
6900.730	    0.013
6901.970	    0.044
6903.210	    0.053
6904.450	    0.064
6905.691	    0.062
6906.931	    0.080
6908.172	    0.083
6909.413	    0.087
6910.655	    0.062
6911.896	    0.058
6913.138	    0.060
6914.380	    0.040
6915.623	    0.010
6916.865	    0.059
6918.108	    0.077
6919.351	    0.010
6920.594	    0.062
6921.837	    0.048
6923.081	    0.079
6924.325	    0.062
6925.569	    0.023
6926.813	    0.019
6928.058	    0.027
6929.302	    0.067
6930.547	    0.027
6931.792	    0.010
6933.038	    0.021
6934.284	    0.036
6935.529	    0.054
6936.775	    0.055
6938.022	    0.070
6939.268	    0.029
6940.515	    0.044
6941.762	    0.040
6943.009	    0.056
6944.257	    0.052
6945.504	    0.095
6946.752	    0.032
6948.000	    0.038
6949.248	    0.046
6950.497	    0.023
6951.746	    0.075
6952.995	    0.081
6954.244	    0.029
6955.493	    0.049
6956.743	    0.027
6957.993	    0.016
6959.243	    0.013
6960.493	    0.068
6961.744	    0.074
6962.995	    0.038
6964.246	    0.053
6965.497	    0.032
6966.748	    0.055
6968.000	    0.052
6969.252	    0.041
6970.504	    0.074
6971.756	    0.075
6973.009	    0.048
6974.262	    0.034
6975.515	    0.025
6976.768	    0.032
6978.022	    0.021
6979.275	    0.066
6980.529	    0.039
6981.783	    0.027
6983.038	    0.016
6984.292	    0.025
6985.547	    0.059
6986.802	    0.016
6988.058	    0.019
6989.313	    0.013
6990.569	    0.033
6991.825	    0.064
6993.081	    0.054
6994.337	    0.043
6995.594	    0.038
6996.851	    0.040
6998.108	    0.034
6999.365	    0.039
7000.623	    0.045
7001.881	    0.080
7003.139	    0.077
7004.397	    0.037
7005.655	    0.059
7006.914	    0.034
7008.173	    0.027
7009.432	    0.061
7010.691	    0.047
7011.951	    0.080
7013.211	    0.073
7014.471	    0.033
7015.731	    0.021
7016.991	    0.040
7018.252	    0.075
7019.513	    0.025
7020.774	    0.034
7022.036	    0.027
7023.297	    0.025
7024.559	    0.019
7025.821	    0.023
7027.083	    0.053
7028.346	    0.069
7029.609	    0.040
7030.872	    0.065
7032.135	    0.092
7033.398	    0.075
7034.662	    0.063
7035.926	    0.063
7037.190	    0.087
7038.454	    0.062
7039.719	    0.036
7040.984	    0.048
7042.249	    0.076
7043.514	    0.046
7044.779	    0.087
7046.045	    0.083
7047.311	    0.084
7048.577	    0.078
7049.844	    0.067
7051.110	    0.074
7057.447	    0.010
7058.715	    0.032
7059.983	    0.027
7061.251	    0.044
7062.520	    0.019
7063.789	    0.025
7065.058	    0.021
7066.327	    0.036
7067.597	    0.045
7068.867	    0.025
7070.137	    0.075
7071.407	    0.064
7072.677	    0.048
7073.948	    0.016
7075.219	    0.027
7076.490	    0.027
7077.762	    0.066
7079.033	    0.059
7080.305	    0.034
7081.577	    0.086
7082.850	    0.081
7084.122	    0.027
7085.395	    0.044
7086.668	    0.048
7087.941	    0.060
7089.214	    0.052
7090.488	    0.040
7091.762	    0.010
7093.036	    0.037
7094.311	    0.025
7095.585	    0.070
7096.860	    0.063
7098.135	    0.025
7099.410	    0.046
7100.686	    0.050
7101.962	    0.089
7103.238	    0.080
7104.514	    0.055
7105.790	    0.037
7107.067	    0.067
7119.846	    0.120
7121.125	    0.084
7122.405	    0.078
7123.684	    0.048
7124.964	    0.050
7126.244	    0.053
7127.525	    0.029
7128.805	    0.070
7130.086	    0.101
7131.367	    0.103
7132.648	    0.094
7133.930	    0.092
7135.212	    0.109
7136.494	    0.108
7137.776	    0.090
7139.058	    0.085
7140.341	    0.062
7141.624	    0.049
7142.907	    0.025
7144.190	    0.072
7145.474	    0.025
7146.757	    0.046
7148.041	    0.054
7149.326	    0.070
7150.610	    0.075
7151.895	    0.062
7153.180	    0.052
7154.465	    0.075
7155.750	    0.088
7157.036	    0.105
7158.322	    0.078
7159.608	    0.083
7160.894	    0.064
7162.181	    0.082
7163.468	    0.074
7164.755	    0.064
7166.042	    0.095
7167.329	    0.081
7168.617	    0.109
7169.905	    0.133
7171.193	    0.083
7172.482	    0.097
7173.770	    0.116
7175.059	    0.112
7176.348	    0.096
7177.638	    0.090
7178.927	    0.070
7180.217	    0.073
7181.507	    0.099
7182.797	    0.105
7184.088	    0.135
7185.379	    0.143
7186.670	    0.113
7187.961	    0.097
7189.252	    0.111
7190.544	    0.122
7191.836	    0.129
7193.128	    0.146
7194.420	    0.136
7195.713	    0.136
7197.006	    0.131
7198.299	    0.124
7199.592	    0.133
7200.885	    0.141
7202.179	    0.134
7203.473	    0.135
7204.767	    0.124
7206.062	    0.116
7207.356	    0.120
7208.651	    0.102
7209.947	    0.077
7211.242	    0.088
7212.538	    0.082
7213.833	    0.092
7215.129	    0.108
7216.426	    0.072
7217.722	    0.076
7219.019	    0.097
7220.316	    0.091
7221.613	    0.057
7222.911	    0.057
7224.208	    0.083
7225.506	    0.088
7226.805	    0.085
7228.103	    0.088
7229.402	    0.106
7230.700	    0.110
7232.000	    0.123
7233.299	    0.154
7234.599	    0.150
7235.898	    0.101
7237.198	    0.071
7238.499	    0.076
7239.799	    0.105
7241.100	    0.083
7242.401	    0.121
7243.702	    0.088
7245.003	    0.090
7246.305	    0.107
7247.607	    0.116
7248.909	    0.118
7250.212	    0.124
7251.514	    0.134
7252.817	    0.109
7254.120	    0.111
7255.423	    0.103
7256.727	    0.103
7258.031	    0.121
7259.335	    0.123
7260.639	    0.116
7261.943	    0.142
7263.248	    0.146
7264.553	    0.146
7265.858	    0.122
7267.164	    0.070
7268.469	    0.069
7269.775	    0.095
7271.081	    0.132
7272.388	    0.142
7273.694	    0.072
7275.001	    0.109
7276.308	    0.104
7277.616	    0.152
7278.923	    0.119
7280.231	    0.080
7281.539	    0.055
7282.847	    0.016
7284.156	    0.107
7285.464	    0.128
7286.773	    0.124
7288.082	    0.118
7289.392	    0.120
7290.701	    0.133
7292.011	    0.112
7293.321	    0.088
7294.632	    0.098
7295.942	    0.109
7297.253	    0.102
7298.564	    0.100
7299.876	    0.118
7301.187	    0.128
7302.499	    0.107
7303.811	    0.112
7305.123	    0.088
7306.436	    0.079
7307.748	    0.102
7309.061	    0.120
7310.374	    0.120
7311.688	    0.096
7313.002	    0.082
7314.315	    0.045
7315.630	    0.102
7316.944	    0.144
7318.259	    0.148
7319.573	    0.104
7320.888	    0.106
7322.204	    0.091
7323.519	    0.116
7324.835	    0.118
7326.151	    0.094
7327.467	    0.071
7328.784	    0.062
7330.101	    0.067
