wlen 	 newgal_spectrum 
  4176.646 	     -0.102
  4177.397 	     -0.104
  4178.147 	     -0.104
  4178.898 	     -0.104
  4179.649 	     -0.117
  4180.400 	     -0.131
  4181.151 	     -0.150
  4181.902 	     -0.174
  4182.653 	     -0.206
  4183.405 	     -0.230
  4184.157 	     -0.255
  4184.908 	     -0.286
  4185.660 	     -0.335
  4186.412 	     -0.366
  4187.164 	     -0.401
  4187.917 	     -0.447
  4188.669 	     -0.346
  4189.422 	     -0.379
  4190.174 	     -0.379
  4190.927 	     -0.275
  4191.680 	     -0.057
  4192.433 	     -0.115
  4193.186 	     -0.184
  4193.940 	     -0.203
  4194.693 	     -0.233
  4195.447 	     -0.177
  4196.201 	     -0.130
  4196.955 	     -0.125
  4197.709 	     -0.295
  4198.463 	     -0.200
  4199.217 	     -0.122
  4199.972 	     -0.211
  4200.726 	     -0.122
  4201.481 	     -0.169
  4202.236 	     -0.196
  4202.991 	     -0.101
  4203.746 	     -0.151
  4204.501 	     -0.303
  4205.257 	     -0.375
  4206.012 	     -0.173
  4206.768 	     -0.216
  4207.524 	     -0.256
  4208.280 	     -0.259
  4209.036 	     -0.161
  4209.792 	     -0.210
  4210.548 	     -0.255
  4211.305 	     -0.282
  4212.061 	     -0.265
  4212.818 	     -0.226
  4213.575 	     -0.264
  4214.332 	     -0.297
  4215.089 	     -0.292
  4215.846 	     -0.294
  4216.604 	     -0.302
  4217.361 	     -0.303
  4218.119 	     -0.287
  4218.877 	     -0.157
  4219.635 	     -0.129
  4220.393 	     -0.148
  4221.151 	     -0.234
  4221.910 	     -0.149
  4222.668 	     -0.153
  4223.427 	     -0.185
  4224.186 	     -0.251
  4224.945 	     -0.079
  4225.704 	     -0.121
  4226.463 	     -0.144
  4227.222 	     -0.107
  4227.982 	     -0.121
  4228.741 	     -0.156
  4229.501 	     -0.219
  4230.261 	     -0.319
  4231.021 	     -0.260
  4231.781 	     -0.317
  4232.542 	     -0.320
  4233.302 	     -0.259
  4234.063 	     -0.127
  4234.823 	     -0.163
  4235.584 	     -0.197
  4236.345 	     -0.226
  4237.106 	     -0.190
  4237.868 	     -0.161
  4238.629 	     -0.119
  4239.390 	      0.002
  4247.776 	     -0.581
  4248.540 	     -0.476
  4249.303 	     -0.034
  4250.066 	     -0.118
  4250.830 	     -0.127
  4251.594 	     -0.094
  4252.357 	      0.006
  4253.121 	     -0.130
  4253.886 	     -0.054
  4254.650 	     -0.010
  4255.414 	     -0.076
  4256.179 	     -0.037
  4256.944 	     -0.163
  4257.708 	     -0.269
  4258.473 	     -0.337
  4259.238 	     -0.022
  4260.004 	     -0.055
  4260.769 	     -0.125
  4261.535 	     -0.215
  4262.300 	     -0.151
  4263.066 	     -0.108
  4263.832 	     -0.059
  4264.598 	     -0.020
  4265.364 	     -0.085
  4266.130 	     -0.308
  4266.897 	     -0.226
  4267.664 	     -0.102
  4268.430 	     -0.286
  4269.197 	     -0.276
  4269.964 	     -0.164
  4270.731 	     -0.072
  4271.499 	     -0.086
  4272.266 	     -0.037
  4273.034 	     -0.070
  4273.801 	     -0.083
  4274.569 	     -0.048
  4275.337 	     -0.017
  4276.105 	     -0.064
  4276.874 	     -0.089
  4277.642 	     -0.093
  4278.411 	     -0.182
  4279.179 	     -0.144
  4279.948 	     -0.117
  4280.717 	     -0.103
  4281.486 	     -0.143
  4282.255 	     -0.202
  4283.025 	     -0.264
  4283.794 	     -0.313
  4284.564 	     -0.312
  4285.334 	     -0.280
  4286.104 	     -0.198
  4286.874 	     -0.133
  4287.644 	     -0.113
  4288.414 	     -0.179
  4289.185 	     -0.242
  4289.955 	     -0.245
  4290.726 	     -0.187
  4291.497 	     -0.222
  4292.268 	     -0.204
  4293.039 	     -0.168
  4293.811 	     -0.133
  4294.582 	     -0.172
  4295.354 	     -0.077
  4296.125 	     -0.137
  4296.897 	     -0.186
  4297.669 	     -0.043
  4298.441 	     -0.127
  4299.214 	     -0.130
  4299.986 	     -0.111
  4300.759 	     -0.075
  4301.531 	      0.019
  4302.304 	     -0.087
  4303.077 	     -0.107
  4303.850 	     -0.056
  4304.623 	     -0.115
  4305.397 	     -0.154
  4306.170 	     -0.115
  4306.944 	     -0.060
  4307.718 	     -0.081
  4308.492 	     -0.034
  4309.266 	     -0.085
  4310.040 	     -0.140
  4310.814 	     -0.171
  4311.589 	     -0.200
  4312.364 	     -0.134
  4313.138 	     -0.139
  4313.913 	     -0.203
  4314.688 	     -0.072
  4315.464 	     -0.178
  4316.239 	     -0.271
  4317.014 	     -0.316
  4317.790 	     -0.190
  4318.566 	     -0.138
  4319.342 	     -0.184
  4320.118 	     -0.214
  4320.894 	     -0.181
  4321.670 	     -0.104
  4322.447 	     -0.080
  4323.223 	     -0.066
  4324.000 	     -0.061
  4324.777 	     -0.099
  4325.554 	     -0.070
  4326.331 	     -0.083
  4327.108 	     -0.104
  4327.886 	     -0.096
  4328.663 	     -0.182
  4329.441 	     -0.216
  4330.219 	     -0.194
  4330.997 	     -0.111
  4331.775 	     -0.251
  4332.553 	     -0.203
  4333.332 	     -0.160
  4334.110 	     -0.133
  4334.889 	     -0.153
  4335.668 	     -0.027
  4336.447 	     -0.157
  4337.226 	     -0.239
  4338.005 	     -0.091
  4338.784 	     -0.156
  4339.564 	     -0.159
  4340.344 	     -0.160
  4341.123 	     -0.164
  4341.903 	     -0.224
  4342.683 	     -0.301
  4343.464 	     -0.272
  4344.244 	     -0.204
  4345.024 	     -0.128
  4345.805 	     -0.281
  4346.586 	     -0.276
  4347.367 	     -0.214
  4348.148 	     -0.126
  4348.929 	     -0.294
  4349.710 	     -0.321
  4350.492 	     -0.287
  4351.274 	     -0.235
  4352.055 	     -0.219
  4352.837 	     -0.188
  4353.619 	     -0.217
  4354.402 	     -0.248
  4355.184 	     -0.267
  4355.966 	     -0.212
  4356.749 	     -0.080
  4357.532 	      0.024
  4358.315 	      0.084
  4359.098 	      0.034
  4359.881 	      0.068
  4360.664 	      0.010
  4361.448 	     -0.041
  4362.231 	     -0.065
  4363.015 	     -0.105
  4363.799 	     -0.082
  4364.583 	     -0.118
  4365.367 	     -0.188
  4366.151 	     -0.274
  4366.936 	     -0.245
  4367.720 	     -0.195
  4368.505 	     -0.189
  4369.290 	     -0.234
  4370.075 	     -0.182
  4370.860 	     -0.087
  4371.645 	     -0.099
  4372.431 	     -0.120
  4373.216 	     -0.024
  4374.002 	      0.031
  4374.788 	     -0.049
  4375.574 	     -0.049
  4376.360 	      0.048
  4377.146 	      0.106
  4377.933 	     -0.168
  4378.719 	     -0.287
  4379.506 	     -0.323
  4380.293 	     -0.298
  4381.080 	     -0.164
  4381.867 	     -0.118
  4382.654 	     -0.044
  4383.442 	      0.053
  4384.229 	      0.098
  4385.017 	     -0.004
  4385.805 	      0.070
  4386.593 	      0.206
  4387.381 	      0.363
  4388.169 	      0.192
  4388.958 	      0.105
  4389.746 	      0.081
  4390.535 	      0.095
  4391.324 	      0.101
  4392.113 	      0.208
  4392.902 	      0.195
  4393.691 	      0.193
  4394.480 	      0.226
  4395.270 	      0.308
  4396.059 	      0.324
  4396.849 	      0.265
  4397.639 	      0.145
  4398.429 	     -0.048
  4399.220 	      0.004
  4400.010 	      0.158
  4400.801 	      0.196
  4401.591 	      0.155
  4402.382 	      0.193
  4403.173 	      0.100
  4403.964 	      0.132
  4404.755 	      0.143
  4405.547 	      0.089
  4406.338 	     -0.034
  4407.130 	      0.135
  4407.922 	      0.084
  4408.714 	     -0.030
  4409.506 	     -0.076
  4410.298 	     -0.094
  4411.090 	     -0.025
  4411.883 	      0.016
  4412.675 	      0.023
  4413.468 	     -0.004
  4414.261 	     -0.163
  4415.054 	     -0.097
  4415.848 	     -0.060
  4416.641 	     -0.103
  4417.434 	     -0.094
  4418.228 	     -0.127
  4419.022 	     -0.114
  4419.816 	     -0.103
  4420.610 	     -0.130
  4421.404 	     -0.128
  4422.199 	     -0.042
  4422.993 	     -0.011
  4423.788 	     -0.011
  4424.583 	      0.004
  4425.377 	     -0.142
  4426.173 	     -0.156
  4426.968 	     -0.126
  4427.763 	     -0.103
  4428.559 	     -0.287
  4429.354 	     -0.143
  4430.150 	     -0.119
  4430.946 	     -0.141
  4431.742 	     -0.181
  4432.538 	     -0.149
  4433.335 	     -0.175
  4434.131 	     -0.163
  4434.928 	     -0.134
  4435.725 	     -0.096
  4436.522 	     -0.032
  4437.319 	     -0.057
  4438.116 	     -0.126
  4438.913 	     -0.176
  4439.711 	     -0.096
  4440.509 	     -0.138
  4441.306 	     -0.137
  4442.104 	     -0.142
  4442.902 	     -0.159
  4443.701 	     -0.203
  4444.499 	     -0.234
  4445.298 	     -0.157
  4446.096 	     -0.110
  4446.895 	     -0.129
  4447.694 	     -0.304
  4448.493 	     -0.424
  4449.292 	     -0.388
  4450.092 	     -0.303
  4450.891 	     -0.204
  4451.691 	     -0.094
  4452.491 	     -0.226
  4453.291 	     -0.217
  4454.091 	     -0.149
  4454.891 	     -0.065
  4455.691 	     -0.064
  4456.492 	     -0.013
  4457.293 	     -0.062
  4458.093 	     -0.141
  4458.894 	     -0.210
  4459.695 	     -0.381
  4460.497 	     -0.274
  4461.298 	     -0.233
  4462.100 	     -0.220
  4462.901 	     -0.192
  4463.703 	     -0.156
  4464.505 	     -0.226
  4465.307 	     -0.204
  4466.109 	     -0.135
  4466.912 	     -0.084
  4467.714 	     -0.213
  4468.517 	     -0.233
  4469.320 	     -0.250
  4470.123 	     -0.261
  4470.926 	     -0.253
  4471.729 	     -0.252
  4472.533 	     -0.255
  4473.336 	     -0.262
  4474.140 	     -0.270
  4474.944 	     -0.276
  4475.748 	     -0.279
  4476.552 	     -0.279
  4477.356 	     -0.277
  4478.161 	     -0.277
  4478.965 	     -0.277
  4479.770 	     -0.278
  4480.575 	     -0.277
  4481.380 	     -0.275
  4482.185 	     -0.273
  4482.990 	     -0.272
  4483.796 	     -0.271
  4484.601 	     -0.272
  4485.407 	     -0.271
  4486.213 	     -0.272
  4487.019 	     -0.272
  4487.825 	     -0.272
  4488.631 	     -0.269
  4489.438 	     -0.265
  4490.244 	     -0.261
  4491.051 	     -0.261
  4491.858 	     -0.267
  4492.665 	     -0.275
  4493.472 	     -0.283
  4494.280 	     -0.289
  4495.087 	     -0.291
  4495.895 	     -0.288
  4496.702 	     -0.281
  4497.510 	     -0.272
  4498.318 	     -0.242
  4499.127 	     -0.146
  4499.935 	     -0.346
  4500.743 	     -0.281
  4501.552 	     -0.280
  4502.361 	     -0.323
  4503.170 	     -0.339
  4503.979 	     -0.349
  4504.788 	     -0.248
  4505.597 	     -0.205
  4506.407 	     -0.203
  4507.216 	     -0.208
  4508.026 	     -0.220
  4508.836 	     -0.183
  4509.646 	     -0.221
  4510.456 	     -0.274
  4511.267 	     -0.278
  4512.077 	     -0.190
  4512.888 	     -0.157
  4513.699 	     -0.179
  4514.510 	     -0.236
  4515.321 	     -0.305
  4516.132 	     -0.296
  4516.943 	     -0.191
  4517.755 	     -0.164
  4518.567 	     -0.189
  4519.379 	     -0.239
  4520.191 	     -0.184
  4521.003 	     -0.020
  4521.815 	     -0.015
  4522.627 	     -0.038
  4523.440 	     -0.057
  4524.253 	     -0.117
  4525.065 	     -0.225
  4525.878 	     -0.166
  4526.692 	     -0.109
  4527.505 	     -0.087
  4528.318 	     -0.077
  4529.132 	     -0.031
  4529.946 	     -0.019
  4530.759 	     -0.098
  4531.573 	     -0.194
  4532.388 	     -0.176
  4533.202 	     -0.137
  4534.016 	     -0.187
  4534.831 	     -0.125
  4535.646 	     -0.085
  4536.461 	     -0.203
  4537.276 	     -0.177
  4538.091 	     -0.210
  4538.906 	     -0.120
  4539.722 	     -0.075
  4540.537 	     -0.143
  4541.353 	     -0.179
  4542.169 	     -0.272
  4542.985 	     -0.337
  4543.801 	     -0.286
  4544.618 	     -0.167
  4545.434 	     -0.204
  4546.251 	     -0.218
  4547.068 	     -0.218
  4547.885 	     -0.187
  4548.702 	     -0.115
  4549.519 	      0.006
  4550.336 	     -0.036
  4551.154 	     -0.086
  4551.972 	     -0.132
  4552.789 	     -0.149
  4553.607 	     -0.124
  4554.425 	     -0.099
  4555.244 	     -0.143
  4556.062 	     -0.176
  4556.881 	     -0.174
  4557.699 	     -0.149
  4558.518 	     -0.172
  4559.337 	     -0.236
  4560.156 	     -0.210
  4560.976 	     -0.165
  4561.795 	     -0.146
  4562.615 	     -0.209
  4563.435 	     -0.281
  4564.254 	     -0.245
  4565.074 	     -0.184
  4565.895 	     -0.139
  4566.715 	     -0.128
  4567.535 	     -0.089
  4568.356 	     -0.115
  4569.177 	     -0.234
  4569.998 	     -0.298
  4570.819 	     -0.286
  4571.640 	     -0.251
  4572.461 	     -0.248
  4573.283 	     -0.296
  4574.105 	     -0.282
  4574.926 	     -0.199
  4575.748 	     -0.065
  4576.570 	     -0.121
  4577.393 	     -0.220
  4578.215 	     -0.305
  4579.038 	     -0.298
  4579.860 	     -0.207
  4580.683 	     -0.171
  4581.506 	     -0.097
  4582.329 	     -0.223
  4583.153 	     -0.227
  4583.976 	     -0.186
  4584.800 	     -0.240
  4585.623 	     -0.273
  4586.447 	     -0.161
  4587.271 	     -0.185
  4588.095 	     -0.210
  4588.920 	     -0.189
  4589.744 	     -0.164
  4590.569 	     -0.166
  4591.394 	     -0.138
  4592.219 	     -0.158
  4593.044 	     -0.201
  4593.869 	     -0.222
  4594.694 	     -0.170
  4595.520 	     -0.202
  4596.345 	     -0.221
  4597.171 	     -0.241
  4597.997 	     -0.251
  4609.576 	     -0.217
  4610.404 	     -0.222
  4611.232 	     -0.217
  4612.061 	     -0.216
  4612.890 	     -0.209
  4613.718 	     -0.213
  4614.547 	     -0.203
  4615.376 	     -0.212
  4616.206 	     -0.228
  4617.035 	     -0.233
  4617.864 	     -0.226
  4618.694 	     -0.222
  4619.524 	     -0.202
  4620.354 	     -0.173
  4621.184 	     -0.150
  4622.014 	     -0.161
  4622.845 	     -0.104
  4623.675 	     -0.189
  4624.506 	     -0.195
  4625.337 	     -0.181
  4626.168 	     -0.197
  4626.999 	     -0.283
  4627.830 	     -0.205
  4628.662 	     -0.135
  4629.493 	     -0.121
  4630.325 	     -0.145
  4631.157 	     -0.163
  4631.989 	     -0.076
  4632.821 	     -0.183
  4633.654 	     -0.177
  4634.486 	     -0.114
  4635.319 	     -0.089
  4636.152 	     -0.220
  4636.985 	     -0.316
  4637.818 	     -0.195
  4638.651 	     -0.145
  4639.484 	     -0.135
  4640.318 	     -0.147
  4641.152 	     -0.160
  4641.985 	     -0.191
  4642.819 	     -0.157
  4643.654 	     -0.164
  4644.488 	     -0.180
  4645.322 	     -0.199
  4646.157 	     -0.273
  4646.992 	     -0.230
  4647.827 	     -0.195
  4648.662 	     -0.182
  4649.497 	     -0.156
  4650.332 	     -0.106
  4651.168 	     -0.095
  4652.003 	     -0.177
  4652.839 	     -0.175
  4653.675 	     -0.130
  4654.511 	     -0.087
  4655.347 	     -0.092
  4656.184 	     -0.179
  4657.020 	     -0.253
  4657.857 	     -0.250
  4658.694 	     -0.225
  4659.531 	     -0.196
  4660.368 	     -0.178
  4661.205 	     -0.230
  4662.043 	     -0.270
  4662.881 	     -0.268
  4663.718 	     -0.223
  4664.556 	     -0.170
  4665.394 	     -0.161
  4666.232 	     -0.193
  4667.071 	     -0.184
  4667.909 	     -0.203
  4668.748 	     -0.211
  4669.587 	     -0.211
  4670.426 	     -0.225
  4671.265 	     -0.260
  4672.104 	     -0.224
  4672.944 	     -0.203
  4673.783 	     -0.175
  4674.623 	     -0.164
  4675.463 	     -0.206
  4676.303 	     -0.209
  4677.143 	     -0.146
  4677.983 	     -0.187
  4678.824 	     -0.250
  4679.664 	     -0.236
  4680.505 	     -0.086
  4681.346 	     -0.114
  4682.187 	     -0.167
  4683.028 	     -0.243
  4683.870 	     -0.291
  4684.711 	     -0.269
  4685.553 	     -0.166
  4686.395 	     -0.111
  4687.237 	     -0.131
  4688.079 	     -0.142
  4688.921 	     -0.094
  4689.764 	     -0.100
  4690.606 	     -0.242
  4691.449 	     -0.253
  4692.292 	     -0.146
  4693.135 	     -0.142
  4693.978 	     -0.161
  4694.821 	     -0.157
  4695.665 	     -0.106
  4696.508 	     -0.019
  4697.352 	      0.043
  4698.196 	      0.013
  4699.040 	     -0.101
  4699.885 	     -0.177
  4700.729 	     -0.142
  4701.574 	     -0.021
  4702.418 	     -0.054
  4703.263 	      0.013
  4704.108 	      0.011
  4704.953 	      0.022
  4705.799 	      0.031
  4706.644 	     -0.084
  4707.490 	     -0.154
  4708.335 	     -0.046
  4709.181 	     -0.043
  4710.027 	     -0.061
  4710.874 	     -0.084
  4711.720 	     -0.124
  4712.567 	     -0.123
  4713.413 	     -0.251
  4714.260 	     -0.205
  4715.107 	     -0.115
  4715.954 	     -0.042
  4716.802 	     -0.016
  4717.649 	     -0.046
  4718.497 	     -0.028
  4719.344 	     -0.031
  4720.192 	     -0.043
  4721.040 	     -0.067
  4721.888 	     -0.099
  4722.737 	     -0.127
  4723.585 	     -0.163
  4724.434 	     -0.197
  4725.283 	     -0.181
  4726.132 	     -0.127
  4726.981 	     -0.068
  4727.830 	     -0.051
  4728.680 	     -0.068
  4729.529 	     -0.121
  4730.379 	     -0.137
  4731.229 	     -0.123
  4732.079 	     -0.097
  4732.929 	     -0.087
  4733.779 	     -0.130
  4734.630 	     -0.079
  4735.480 	     -0.111
  4736.331 	     -0.137
  4737.182 	     -0.155
  4738.033 	     -0.162
  4738.885 	     -0.147
  4739.736 	     -0.133
  4740.588 	     -0.078
  4741.439 	     -0.087
  4742.291 	     -0.127
  4743.143 	     -0.103
  4743.995 	     -0.003
  4744.848 	     -0.267
  4745.700 	     -0.067
  4746.553 	     -0.076
  4747.406 	     -0.100
  4748.259 	     -0.137
  4749.112 	     -0.175
  4749.965 	     -0.168
  4750.818 	     -0.055
  4751.672 	     -0.083
  4752.526 	     -0.096
  4753.379 	     -0.156
  4754.233 	     -0.181
  4755.088 	     -0.121
  4755.942 	     -0.208
  4756.796 	     -0.104
  4757.651 	     -0.121
  4758.506 	     -0.045
  4759.361 	     -0.004
  4760.216 	     -0.045
  4761.071 	     -0.109
  4761.926 	     -0.128
  4762.782 	     -0.055
  4763.638 	     -0.087
  4764.494 	     -0.078
  4765.350 	     -0.054
  4766.206 	     -0.050
  4767.062 	     -0.053
  4767.919 	     -0.167
  4768.775 	     -0.156
  4769.632 	     -0.085
  4770.489 	     -0.037
  4771.346 	     -0.042
  4772.203 	     -0.085
  4773.061 	     -0.105
  4773.918 	     -0.140
  4774.776 	     -0.158
  4775.634 	     -0.114
  4776.492 	     -0.087
  4777.350 	     -0.100
  4778.208 	     -0.118
  4779.067 	     -0.119
  4779.925 	     -0.120
  4780.784 	     -0.126
  4781.643 	     -0.102
  4782.502 	     -0.097
  4783.361 	     -0.124
  4784.221 	     -0.136
  4785.080 	     -0.112
  4785.940 	     -0.123
  4786.800 	     -0.062
  4787.660 	     -0.055
  4788.520 	     -0.060
  4789.381 	     -0.040
  4790.241 	     -0.040
  4791.102 	     -0.053
  4791.962 	     -0.042
  4792.823 	     -0.103
  4793.684 	     -0.117
  4794.546 	     -0.091
  4795.407 	     -0.059
  4796.269 	     -0.031
  4797.130 	     -0.049
  4797.992 	     -0.014
  4798.854 	     -0.022
  4799.717 	     -0.114
  4800.579 	     -0.153
  4801.441 	     -0.061
  4802.304 	     -0.050
  4803.167 	      0.003
  4804.030 	     -0.137
  4804.893 	     -0.084
  4805.756 	     -0.009
  4806.620 	     -0.057
  4807.483 	     -0.223
  4808.347 	     -0.233
  4809.211 	     -0.099
  4810.075 	     -0.014
  4810.939 	     -0.093
  4811.803 	     -0.116
  4812.668 	     -0.067
  4813.533 	     -0.032
  4814.397 	     -0.079
  4815.262 	     -0.079
  4816.128 	     -0.060
  4816.993 	     -0.101
  4817.858 	     -0.177
  4818.724 	     -0.166
  4819.590 	     -0.051
  4820.456 	     -0.065
  4821.322 	     -0.003
  4822.188 	      0.054
  4823.054 	      0.146
  4823.921 	      0.154
  4824.787 	      0.162
  4825.654 	      0.177
  4826.521 	      0.045
  4827.388 	      0.017
  4828.256 	      0.077
  4829.123 	     -0.104
  4829.991 	     -0.164
  4830.859 	     -0.133
  4831.727 	     -0.089
  4832.595 	     -0.052
  4833.463 	     -0.026
  4834.331 	     -0.063
  4835.200 	     -0.063
  4836.069 	     -0.018
  4836.937 	     -0.021
  4837.806 	     -0.090
  4838.676 	     -0.146
  4839.545 	     -0.034
  4840.415 	     -0.051
  4841.284 	     -0.036
  4842.154 	      0.015
  4843.024 	     -0.003
  4843.894 	     -0.044
  4844.764 	     -0.048
  4845.635 	     -0.076
  4846.505 	     -0.137
  4847.376 	     -0.080
  4848.247 	     -0.089
  4849.118 	     -0.087
  4849.989 	     -0.084
  4850.861 	     -0.097
  4851.732 	     -0.115
  4852.604 	     -0.071
  4853.476 	     -0.055
  4854.348 	     -0.142
  4855.220 	     -0.220
  4856.092 	     -0.217
  4856.965 	     -0.157
  4857.837 	     -0.115
  4858.710 	     -0.115
  4859.583 	     -0.000
  4860.456 	     -0.046
  4861.329 	     -0.035
  4862.203 	      0.011
  4863.076 	     -0.002
  4863.950 	     -0.051
  4864.824 	      0.008
  4865.698 	     -0.031
  4866.572 	     -0.058
  4867.447 	      0.015
  4868.321 	     -0.013
  4869.196 	      0.008
  4870.071 	      0.028
  4870.946 	     -0.058
  4871.821 	     -0.138
  4872.696 	     -0.070
  4873.571 	     -0.092
  4874.447 	     -0.134
  4875.323 	     -0.137
  4876.199 	     -0.080
  4877.075 	     -0.023
  4877.951 	     -0.056
  4878.827 	     -0.122
  4879.704 	     -0.073
  4880.581 	     -0.126
  4881.458 	     -0.157
  4882.335 	     -0.178
  4883.212 	     -0.175
  4884.089 	     -0.164
  4884.967 	     -0.196
  4885.844 	     -0.139
  4886.722 	     -0.101
  4887.600 	     -0.125
  4888.478 	     -0.207
  4889.356 	     -0.227
  4890.235 	     -0.189
  4891.114 	     -0.124
  4891.992 	      0.014
  4892.871 	      0.196
  4893.750 	     -0.059
  4894.630 	     -0.111
  4895.509 	     -0.103
  4896.388 	     -0.102
  4897.268 	     -0.141
  4898.148 	     -0.204
  4899.028 	     -0.230
  4899.908 	     -0.135
  4900.789 	     -0.078
  4901.669 	     -0.146
  4902.550 	     -0.185
  4903.431 	     -0.188
  4904.312 	     -0.170
  4905.193 	     -0.136
  4906.074 	     -0.064
  4906.955 	      0.137
  4907.837 	      0.417
  4908.719 	      0.547
  4909.601 	      0.477
  4910.483 	      0.254
  4911.365 	      0.007
  4912.247 	     -0.117
  4913.130 	     -0.062
  4914.013 	     -0.015
  4914.896 	     -0.055
  4915.779 	     -0.062
  4916.662 	     -0.026
  4917.545 	      0.026
  4918.429 	      0.041
  4919.312 	      0.013
  4920.196 	      0.022
  4921.080 	      0.091
  4921.964 	      0.245
  4922.849 	      0.229
  4923.733 	      0.156
  4924.618 	      0.116
  4925.502 	      0.096
  4926.387 	      0.062
  4927.273 	      0.034
  4928.158 	      0.017
  4929.043 	     -0.008
  4929.929 	     -0.059
  4930.815 	     -0.027
  4931.700 	     -0.001
  4932.586 	     -0.000
  4933.473 	     -0.014
  4934.359 	     -0.031
  4935.246 	     -0.004
  4936.132 	      0.007
  4937.019 	     -0.095
  4937.906 	     -0.095
  4938.793 	     -0.109
  4939.681 	     -0.129
  4940.568 	     -0.114
  4941.456 	     -0.065
  4942.344 	     -0.046
  4943.232 	     -0.071
  4944.120 	     -0.197
  4945.008 	     -0.151
  4945.896 	     -0.106
  4946.785 	     -0.029
  4947.674 	     -0.022
  4948.563 	     -0.102
  4949.452 	     -0.109
  4950.341 	     -0.124
  4951.230 	     -0.068
  4952.120 	      0.071
  4953.010 	     -0.057
  4953.900 	     -0.098
  4954.790 	     -0.066
  4955.680 	     -0.094
  4956.570 	     -0.165
  4957.461 	     -0.038
  4958.351 	     -0.187
  4959.242 	     -0.152
  4960.133 	     -0.093
  4961.024 	     -0.088
  4961.916 	     -0.045
  4962.807 	     -0.031
  4963.699 	     -0.059
  4964.591 	     -0.058
  4965.483 	     -0.122
  4966.375 	     -0.098
  4967.267 	     -0.153
  4968.159 	     -0.159
  4969.052 	     -0.187
  4969.945 	     -0.202
  4970.838 	     -0.176
  4971.731 	     -0.140
  4972.624 	     -0.146
  4973.518 	     -0.142
  4974.411 	     -0.095
  4975.305 	     -0.078
  4976.199 	     -0.103
  4977.093 	     -0.174
  4977.987 	     -0.236
  4978.881 	     -0.186
  4979.776 	     -0.066
  4980.671 	     -0.070
  4981.565 	      0.010
  4982.460 	     -0.039
  4983.356 	     -0.035
  4984.251 	      0.024
  4985.146 	     -0.007
  4986.042 	     -0.071
  4986.938 	     -0.124
  4987.834 	     -0.190
  4988.730 	     -0.273
  4989.626 	     -0.201
  4990.523 	     -0.193
  4991.419 	     -0.112
  4992.316 	     -0.040
  4993.213 	     -0.014
  4994.110 	     -0.078
  4995.007 	     -0.131
  4995.905 	     -0.067
  4996.802 	      0.067
  4997.700 	      0.149
  4998.598 	     -0.026
  4999.496 	     -0.065
  5000.394 	     -0.050
  5001.293 	     -0.057
  5002.191 	     -0.046
  5003.090 	     -0.035
  5003.989 	     -0.066
  5004.888 	     -0.134
  5005.787 	     -0.167
  5006.687 	     -0.105
  5007.586 	     -0.017
  5008.486 	      0.038
  5009.386 	      0.031
  5010.286 	     -0.040
  5011.186 	     -0.121
  5012.086 	     -0.133
  5012.987 	     -0.085
  5013.887 	     -0.113
  5014.788 	     -0.131
  5015.689 	     -0.133
  5016.590 	     -0.155
  5017.492 	     -0.143
  5018.393 	     -0.127
  5019.295 	     -0.107
  5020.197 	     -0.118
  5021.098 	     -0.111
  5022.001 	     -0.001
  5022.903 	      0.050
  5023.805 	     -0.001
  5024.708 	     -0.087
  5025.611 	     -0.069
  5026.514 	     -0.086
  5027.417 	     -0.126
  5028.320 	     -0.138
  5029.223 	     -0.141
  5030.127 	     -0.160
  5031.031 	     -0.141
  5031.935 	     -0.093
  5032.839 	     -0.165
  5033.743 	     -0.216
  5034.647 	     -0.189
  5035.552 	     -0.147
  5036.456 	     -0.108
  5037.361 	     -0.064
  5038.266 	     -0.050
  5039.172 	     -0.094
  5040.077 	     -0.121
  5040.982 	     -0.132
  5041.888 	     -0.149
  5042.794 	     -0.185
  5043.700 	     -0.128
  5044.606 	     -0.051
  5045.513 	     -0.069
  5046.419 	     -0.091
  5047.326 	     -0.073
  5048.233 	     -0.074
  5049.140 	     -0.077
  5050.047 	     -0.173
  5050.954 	     -0.197
  5051.861 	     -0.202
  5052.769 	     -0.109
  5053.677 	     -0.079
  5054.585 	      0.080
  5055.493 	      0.182
  5056.401 	      0.143
  5057.310 	      0.089
  5058.218 	     -0.022
  5059.127 	     -0.042
  5060.036 	     -0.128
  5060.945 	     -0.084
  5061.855 	     -0.125
  5062.764 	     -0.192
  5063.674 	     -0.168
  5064.583 	     -0.117
  5065.493 	     -0.092
  5066.403 	     -0.090
  5067.314 	     -0.127
  5068.224 	     -0.188
  5069.135 	     -0.042
  5070.045 	     -0.037
  5070.956 	     -0.105
  5071.867 	     -0.128
  5072.779 	     -0.102
  5073.690 	     -0.085
  5074.602 	     -0.133
  5075.513 	     -0.185
  5076.425 	     -0.172
  5077.337 	     -0.213
  5078.249 	     -0.051
  5079.162 	     -0.078
  5080.074 	     -0.096
  5080.987 	     -0.055
  5081.900 	     -0.056
  5082.813 	     -0.067
  5083.726 	     -0.060
  5084.640 	     -0.066
  5085.553 	     -0.116
  5086.467 	     -0.155
  5087.381 	     -0.089
  5088.295 	     -0.086
  5089.209 	     -0.042
  5090.123 	     -0.190
  5091.038 	     -0.204
  5091.952 	     -0.191
  5092.867 	     -0.131
  5093.782 	     -0.091
  5094.697 	     -0.075
  5095.613 	     -0.028
  5096.528 	     -0.002
  5097.444 	     -0.054
  5098.360 	     -0.049
  5099.276 	     -0.082
  5100.192 	     -0.081
  5101.108 	     -0.147
  5102.025 	     -0.128
  5102.941 	     -0.069
  5103.858 	     -0.030
  5104.775 	     -0.026
  5105.692 	     -0.053
  5106.610 	     -0.078
  5107.527 	     -0.046
  5108.445 	     -0.022
  5109.363 	     -0.031
  5110.281 	     -0.001
  5111.199 	      0.020
  5112.117 	     -0.029
  5113.036 	     -0.089
  5113.954 	     -0.131
  5114.873 	     -0.130
  5115.792 	     -0.090
  5116.711 	     -0.082
  5117.630 	     -0.132
  5118.550 	     -0.128
  5119.469 	     -0.026
  5120.389 	     -0.058
  5121.309 	     -0.124
  5122.229 	     -0.143
  5123.150 	     -0.067
  5124.070 	     -0.048
  5124.991 	     -0.105
  5125.911 	     -0.122
  5126.832 	     -0.047
  5127.753 	      0.009
  5128.675 	     -0.069
  5129.596 	     -0.084
  5130.518 	     -0.095
  5131.440 	     -0.066
  5132.362 	     -0.155
  5133.284 	     -0.181
  5134.206 	     -0.126
  5135.128 	     -0.068
  5136.051 	      0.024
  5136.974 	      0.073
  5137.897 	     -0.028
  5138.820 	     -0.083
  5139.743 	     -0.113
  5140.666 	     -0.116
  5141.590 	     -0.068
  5142.514 	      0.005
  5143.438 	     -0.023
  5144.362 	     -0.078
  5145.286 	     -0.094
  5146.211 	     -0.065
  5147.135 	     -0.067
  5148.060 	     -0.086
  5148.985 	     -0.063
  5149.910 	     -0.075
  5150.835 	     -0.104
  5151.761 	     -0.074
  5152.686 	     -0.002
  5153.612 	     -0.046
  5154.538 	     -0.109
  5155.464 	     -0.094
  5156.390 	     -0.131
  5157.317 	     -0.092
  5158.243 	     -0.116
  5159.170 	     -0.179
  5160.097 	     -0.152
  5161.024 	     -0.179
  5161.951 	     -0.155
  5162.879 	     -0.014
  5163.806 	      0.011
  5164.734 	     -0.081
  5165.662 	     -0.090
  5166.590 	     -0.006
  5167.518 	     -0.030
  5168.447 	      0.003
  5169.375 	     -0.028
  5170.304 	     -0.063
  5171.233 	     -0.053
  5172.162 	     -0.118
  5173.091 	     -0.166
  5174.021 	     -0.046
  5174.950 	     -0.052
  5175.880 	     -0.131
  5176.810 	     -0.051
  5177.740 	     -0.271
  5178.670 	     -0.143
  5179.601 	     -0.205
  5180.531 	     -0.173
  5181.462 	     -0.178
  5182.393 	     -0.197
  5183.324 	     -0.135
  5184.255 	     -0.131
  5185.187 	     -0.213
  5186.118 	     -0.159
  5187.050 	     -0.048
  5187.982 	     -0.057
  5188.914 	      0.081
  5189.846 	     -0.007
  5190.779 	     -0.042
  5191.712 	     -0.046
  5192.644 	     -0.047
  5193.577 	     -0.050
  5194.510 	     -0.055
  5195.444 	     -0.060
  5196.377 	     -0.064
  5197.311 	     -0.068
  5198.244 	     -0.072
  5199.178 	     -0.074
  5200.112 	     -0.073
  5201.047 	     -0.067
  5201.981 	     -0.060
  5202.916 	     -0.054
  5203.851 	     -0.052
  5204.786 	     -0.052
  5205.721 	     -0.050
  5206.656 	     -0.047
  5207.591 	     -0.045
  5208.527 	     -0.047
  5209.463 	     -0.050
  5210.399 	     -0.051
  5211.335 	     -0.052
  5212.271 	     -0.053
  5213.208 	     -0.053
  5214.144 	     -0.050
  5215.081 	     -0.045
  5216.018 	     -0.039
  5216.955 	     -0.039
  5217.892 	     -0.043
  5218.830 	     -0.051
  5219.768 	     -0.061
  5220.705 	     -0.072
  5221.643 	     -0.080
  5222.582 	     -0.085
  5223.520 	     -0.088
  5224.458 	     -0.088
  5225.397 	     -0.086
  5226.336 	     -0.083
  5227.275 	     -0.080
  5228.214 	     -0.073
  5229.153 	     -0.058
  5230.093 	     -0.033
  5231.032 	     -0.002
  5231.972 	      0.020
  5232.912 	      0.027
  5233.852 	      0.019
  5234.793 	      0.008
  5235.733 	      0.004
  5236.674 	      0.007
  5237.615 	      0.015
  5238.556 	      0.034
  5239.497 	      0.032
  5240.438 	      0.051
  5241.380 	     -0.002
  5242.322 	      0.000
  5243.263 	     -0.053
  5244.205 	     -0.093
  5245.148 	     -0.044
  5246.090 	      0.044
  5247.033 	      0.121
  5247.975 	      0.144
  5248.918 	      0.126
  5249.861 	      0.104
  5250.804 	      0.084
  5251.748 	      0.040
  5252.691 	     -0.011
  5253.635 	      0.018
  5254.579 	      0.036
  5255.523 	     -0.002
  5256.467 	     -0.003
  5257.412 	     -0.016
  5258.356 	     -0.034
  5259.301 	     -0.066
  5260.246 	      0.044
  5261.191 	      0.081
  5262.136 	      0.028
  5263.082 	      0.020
  5264.027 	      0.031
  5264.973 	      0.057
  5265.919 	      0.081
  5266.865 	      0.053
  5267.811 	      0.037
  5268.758 	     -0.003
  5269.704 	     -0.001
  5270.651 	      0.099
  5271.598 	      0.128
  5272.545 	      0.083
  5273.493 	      0.034
  5274.440 	      0.031
  5275.388 	      0.008
  5276.335 	     -0.081
  5277.283 	     -0.160
  5278.232 	     -0.138
  5279.180 	     -0.095
  5280.128 	     -0.068
  5281.077 	     -0.035
  5282.026 	     -0.031
  5282.975 	     -0.050
  5283.924 	     -0.021
  5284.873 	     -0.031
  5285.823 	     -0.017
  5286.773 	      0.028
  5287.722 	      0.021
  5288.672 	     -0.023
  5289.623 	     -0.018
  5290.573 	      0.028
  5291.523 	      0.024
  5292.474 	      0.086
  5293.425 	      0.088
  5294.376 	      0.053
  5295.327 	      0.014
  5296.279 	     -0.038
  5297.230 	     -0.011
  5298.182 	      0.060
  5299.134 	      0.061
  5300.086 	      0.040
  5301.038 	     -0.000
  5301.991 	     -0.033
  5302.943 	     -0.063
  5303.896 	     -0.065
  5304.849 	     -0.127
  5305.802 	     -0.095
  5306.755 	     -0.047
  5307.709 	     -0.018
  5308.662 	     -0.120
  5309.616 	     -0.078
  5310.570 	     -0.010
  5311.524 	      0.030
  5312.478 	     -0.030
  5313.433 	     -0.053
  5314.388 	     -0.051
  5315.342 	     -0.093
  5316.297 	     -0.085
  5317.252 	     -0.057
  5318.208 	     -0.146
  5319.163 	     -0.196
  5320.119 	     -0.185
  5321.075 	     -0.178
  5322.031 	     -0.031
  5322.987 	     -0.094
  5323.943 	     -0.062
  5324.900 	     -0.148
  5325.857 	     -0.135
  5326.813 	     -0.109
  5327.770 	     -0.107
  5328.728 	     -0.102
  5329.685 	     -0.090
  5330.643 	     -0.011
  5331.600 	     -0.028
  5332.558 	     -0.057
  5333.516 	     -0.015
  5334.475 	      0.011
  5335.433 	     -0.023
  5336.392 	     -0.078
  5337.350 	     -0.083
  5338.309 	     -0.017
  5339.268 	     -0.054
  5340.228 	     -0.085
  5341.187 	      0.010
  5342.147 	      0.015
  5343.107 	      0.058
  5344.067 	     -0.063
  5345.027 	     -0.064
  5345.987 	     -0.009
  5346.947 	      0.013
  5347.908 	      0.009
  5348.869 	     -0.018
  5349.830 	     -0.001
  5350.791 	      0.025
  5351.752 	      0.025
  5352.714 	     -0.012
  5353.676 	     -0.043
  5354.638 	     -0.032
  5355.600 	      0.040
  5356.562 	      0.067
  5357.524 	     -0.037
  5358.487 	     -0.056
  5359.449 	      0.035
  5360.412 	      0.070
  5361.375 	      0.087
  5362.339 	      0.117
  5363.302 	      0.066
  5364.266 	      0.008
  5365.230 	      0.017
  5366.193 	      0.150
  5367.158 	     -0.006
  5368.122 	      0.045
  5369.086 	      0.039
  5370.051 	      0.002
  5371.016 	     -0.062
  5371.981 	     -0.090
  5372.946 	     -0.056
  5373.911 	     -0.047
  5374.877 	     -0.027
  5375.842 	      0.004
  5376.808 	      0.031
  5394.223 	     -0.113
  5395.192 	     -0.098
  5396.162 	     -0.069
  5397.131 	     -0.026
  5398.101 	      0.023
  5399.071 	      0.009
  5400.041 	     -0.034
  5401.011 	     -0.104
  5401.981 	     -0.099
  5402.952 	     -0.045
  5403.923 	     -0.051
  5404.894 	     -0.020
  5405.865 	      0.024
  5406.836 	      0.051
  5407.807 	      0.065
  5408.779 	      0.013
  5409.751 	     -0.045
  5410.723 	      0.009
  5411.695 	      0.107
  5412.667 	      0.062
  5413.639 	      0.117
  5414.612 	      0.052
  5415.585 	      0.042
  5416.558 	     -0.097
  5417.531 	     -0.073
  5418.504 	     -0.057
  5419.478 	     -0.058
  5420.452 	     -0.042
  5421.426 	     -0.119
  5422.400 	     -0.097
  5423.374 	     -0.063
  5424.348 	     -0.036
  5425.323 	     -0.063
  5426.297 	     -0.080
  5427.272 	     -0.051
  5428.247 	      0.017
  5429.223 	     -0.012
  5430.198 	     -0.081
  5431.174 	     -0.062
  5432.150 	     -0.013
  5433.126 	     -0.003
  5434.102 	     -0.030
  5435.078 	     -0.059
  5436.055 	     -0.059
  5437.031 	      0.005
  5438.008 	      0.040
  5438.985 	      0.040
  5439.962 	     -0.022
  5440.940 	      0.031
  5441.917 	      0.027
  5442.895 	      0.012
  5443.873 	     -0.033
  5444.851 	     -0.081
  5445.829 	     -0.044
  5446.808 	     -0.043
  5447.786 	     -0.130
  5448.765 	     -0.068
  5449.744 	     -0.084
  5450.723 	     -0.080
  5451.702 	     -0.011
  5452.682 	      0.019
  5453.661 	     -0.011
  5454.641 	     -0.008
  5455.621 	     -0.007
  5456.601 	     -0.013
  5457.582 	     -0.056
  5458.562 	     -0.118
  5459.543 	     -0.098
  5460.524 	     -0.081
  5461.505 	     -0.089
  5462.486 	     -0.092
  5463.468 	     -0.087
  5464.449 	     -0.016
  5465.431 	      0.060
  5466.413 	      0.036
  5467.395 	     -0.002
  5468.377 	      0.013
  5469.360 	      0.024
  5470.343 	      0.020
  5471.325 	      0.008
  5472.308 	      0.001
  5473.292 	     -0.002
  5474.275 	     -0.069
  5475.258 	     -0.037
  5476.242 	      0.044
  5477.226 	      0.011
  5478.210 	      0.054
  5479.194 	      0.068
  5480.179 	      0.028
  5481.163 	     -0.000
  5482.148 	      0.006
  5483.133 	     -0.058
  5484.118 	     -0.004
  5485.104 	     -0.017
  5486.089 	     -0.049
  5487.075 	     -0.095
  5488.060 	     -0.118
  5489.047 	     -0.105
  5490.033 	     -0.058
  5491.019 	     -0.056
  5492.006 	     -0.020
  5492.992 	      0.018
  5493.979 	      0.046
  5494.966 	      0.022
  5495.954 	     -0.066
  5496.941 	     -0.086
  5497.929 	     -0.038
  5498.916 	     -0.030
  5499.904 	     -0.050
  5500.892 	     -0.015
  5501.881 	     -0.007
  5502.869 	     -0.028
  5503.858 	     -0.046
  5504.847 	     -0.038
  5505.836 	     -0.042
  5506.825 	     -0.062
  5507.814 	     -0.092
  5508.804 	     -0.121
  5509.794 	     -0.111
  5510.784 	     -0.076
  5511.774 	     -0.060
  5512.764 	     -0.016
  5513.754 	      0.007
  5514.745 	     -0.045
  5515.736 	     -0.089
  5516.727 	     -0.113
  5517.718 	     -0.089
  5518.709 	     -0.057
  5519.701 	     -0.080
  5520.693 	     -0.069
  5521.684 	     -0.006
  5522.677 	      0.015
  5523.669 	      0.017
  5524.661 	      0.046
  5525.654 	      0.042
  5526.647 	     -0.018
  5527.639 	      0.011
  5528.633 	     -0.005
  5529.626 	     -0.107
  5530.619 	     -0.073
  5531.613 	      0.003
  5532.607 	     -0.075
  5533.601 	     -0.091
  5534.595 	     -0.085
  5535.589 	     -0.128
  5536.584 	     -0.151
  5537.579 	     -0.081
  5538.574 	     -0.021
  5539.569 	      0.022
  5540.564 	      0.014
  5541.559 	      0.036
  5542.555 	     -0.013
  5543.551 	     -0.031
  5544.547 	     -0.089
  5545.543 	     -0.100
  5546.539 	     -0.088
  5547.536 	     -0.023
  5548.533 	      0.024
  5549.529 	     -0.032
  5550.527 	     -0.033
  5551.524 	     -0.037
  5552.521 	     -0.050
  5553.519 	     -0.020
  5554.517 	      0.023
  5555.514 	     -0.018
  5556.513 	     -0.050
  5557.511 	     -0.083
  5558.509 	     -0.074
  5559.508 	     -0.085
  5560.507 	     -0.059
  5561.506 	     -0.071
  5562.505 	      0.007
  5563.505 	      0.064
  5564.504 	     -0.046
  5565.504 	     -0.057
  5566.504 	      0.003
  5567.504 	      0.002
  5568.504 	     -0.027
  5569.505 	      0.019
  5570.505 	     -0.034
  5571.506 	     -0.046
  5572.507 	      0.003
  5573.508 	      0.086
  5574.510 	      0.055
  5575.511 	      0.190
  5576.513 	      0.081
  5577.515 	     -0.170
  5578.517 	      0.073
  5579.519 	     -0.033
  5580.522 	     -0.132
  5581.524 	     -0.083
  5582.527 	     -0.047
  5583.530 	     -0.037
  5584.533 	     -0.048
  5585.537 	     -0.030
  5586.540 	     -0.062
  5587.544 	     -0.080
  5588.548 	     -0.090
  5589.552 	     -0.086
  5590.556 	     -0.063
  5591.560 	     -0.071
  5592.565 	     -0.086
  5593.570 	     -0.034
  5594.575 	     -0.032
  5595.580 	     -0.069
  5596.585 	     -0.041
  5597.591 	     -0.058
  5598.596 	     -0.038
  5599.602 	     -0.030
  5600.608 	     -0.067
  5601.615 	     -0.086
  5602.621 	     -0.066
  5603.628 	     -0.060
  5604.634 	     -0.032
  5605.641 	     -0.029
  5606.649 	     -0.012
  5607.656 	     -0.048
  5608.663 	     -0.079
  5609.671 	     -0.106
  5610.679 	     -0.088
  5611.687 	     -0.066
  5612.695 	     -0.105
  5613.704 	     -0.125
  5614.712 	     -0.116
  5615.721 	     -0.129
  5616.730 	     -0.116
  5617.739 	     -0.100
  5618.748 	     -0.154
  5619.758 	     -0.111
  5620.767 	     -0.043
  5621.777 	     -0.008
  5622.787 	      0.016
  5623.798 	     -0.005
  5624.808 	     -0.094
  5625.819 	     -0.079
  5626.829 	     -0.060
  5627.840 	     -0.095
  5628.851 	     -0.112
  5629.863 	     -0.045
  5630.874 	     -0.006
  5631.886 	     -0.031
  5632.898 	     -0.068
  5633.910 	     -0.069
  5634.922 	     -0.072
  5635.934 	     -0.110
  5636.947 	     -0.035
  5637.960 	     -0.033
  5638.973 	     -0.105
  5639.986 	     -0.160
  5640.999 	     -0.150
  5642.013 	     -0.109
  5643.026 	     -0.149
  5644.040 	     -0.120
  5645.054 	     -0.082
  5646.068 	     -0.162
  5647.083 	     -0.230
  5648.097 	     -0.157
  5649.112 	     -0.164
  5650.127 	     -0.120
  5651.142 	     -0.090
  5652.157 	     -0.155
  5653.173 	     -0.172
  5654.189 	     -0.191
  5655.205 	     -0.140
  5656.221 	     -0.100
  5657.237 	     -0.148
  5658.253 	     -0.078
  5659.270 	     -0.019
  5660.287 	     -0.070
  5661.304 	     -0.147
  5662.321 	     -0.110
  5663.338 	     -0.178
  5664.355 	     -0.120
  5665.373 	     -0.075
  5666.391 	     -0.091
  5667.409 	     -0.195
  5668.427 	     -0.219
  5669.446 	     -0.117
  5670.464 	     -0.004
  5671.483 	     -0.097
  5672.502 	     -0.081
  5673.521 	     -0.131
  5674.541 	     -0.098
  5675.560 	     -0.157
  5676.580 	     -0.095
  5677.600 	     -0.089
  5678.620 	     -0.103
  5679.640 	     -0.130
  5680.660 	     -0.177
  5681.681 	     -0.155
  5682.702 	     -0.106
  5683.723 	     -0.146
  5684.744 	     -0.152
  5685.765 	     -0.088
  5686.787 	     -0.108
  5687.809 	     -0.170
  5688.830 	     -0.163
  5689.853 	     -0.085
  5690.875 	     -0.118
  5691.897 	     -0.138
  5692.920 	     -0.190
  5693.943 	     -0.125
  5694.966 	     -0.092
  5695.989 	     -0.137
  5697.012 	     -0.174
  5698.036 	     -0.182
  5699.060 	     -0.192
  5700.084 	     -0.153
  5701.108 	     -0.113
  5702.132 	     -0.120
  5703.156 	     -0.138
  5704.181 	     -0.125
  5705.206 	     -0.168
  5706.231 	     -0.159
  5707.256 	     -0.126
  5708.282 	     -0.110
  5709.307 	     -0.138
  5710.333 	     -0.173
  5711.359 	     -0.191
  5712.385 	     -0.135
  5713.411 	     -0.168
  5714.438 	     -0.208
  5715.464 	     -0.193
  5716.491 	     -0.247
  5717.518 	     -0.212
  5718.546 	     -0.159
  5719.573 	     -0.134
  5720.601 	     -0.199
  5721.628 	     -0.167
  5722.656 	     -0.129
  5723.685 	     -0.181
  5724.713 	     -0.193
  5725.741 	     -0.280
  5726.770 	     -0.235
  5727.799 	     -0.231
  5728.828 	     -0.277
  5729.857 	     -0.171
  5730.887 	     -0.079
  5731.916 	     -0.169
  5732.946 	     -0.186
  5733.976 	     -0.116
  5735.007 	     -0.106
  5736.037 	     -0.202
  5737.067 	     -0.185
  5738.098 	     -0.190
  5739.129 	     -0.159
  5740.160 	     -0.164
  5741.192 	     -0.143
  5742.223 	     -0.209
  5743.255 	     -0.257
  5744.287 	     -0.188
  5745.319 	     -0.186
  5746.351 	     -0.156
  5747.383 	     -0.126
  5748.416 	     -0.162
  5749.449 	     -0.178
  5750.482 	     -0.193
  5751.515 	     -0.219
  5752.548 	     -0.187
  5753.582 	     -0.161
  5754.615 	     -0.143
  5755.649 	     -0.154
  5756.683 	     -0.163
  5757.718 	     -0.169
  5758.752 	     -0.175
  5759.787 	     -0.175
  5760.822 	     -0.143
  5761.857 	     -0.095
  5762.892 	     -0.183
  5763.927 	     -0.306
  5764.963 	     -0.248
  5765.999 	     -0.190
  5767.035 	     -0.157
  5768.071 	     -0.178
  5769.107 	     -0.183
  5770.143 	     -0.223
  5771.180 	     -0.193
  5772.217 	     -0.157
  5773.254 	     -0.088
  5774.291 	     -0.112
  5775.329 	     -0.102
  5776.366 	     -0.192
  5777.404 	     -0.160
  5778.442 	     -0.079
  5779.480 	     -0.076
  5780.519 	     -0.139
  5781.557 	     -0.128
  5782.596 	     -0.148
  5783.635 	     -0.164
  5784.674 	     -0.114
  5785.713 	     -0.118
  5786.753 	     -0.197
  5787.793 	     -0.204
  5788.832 	     -0.143
  5789.873 	     -0.132
  5790.913 	     -0.094
  5791.953 	     -0.097
  5792.994 	     -0.142
  5794.035 	     -0.176
  5795.076 	     -0.124
  5796.117 	     -0.125
  5797.158 	     -0.098
  5798.200 	     -0.077
  5799.241 	     -0.105
  5800.283 	     -0.072
  5801.325 	     -0.197
  5802.368 	     -0.260
  5803.410 	     -0.202
  5804.453 	     -0.138
  5805.496 	     -0.146
  5806.539 	     -0.207
  5807.582 	     -0.220
  5808.625 	     -0.185
  5809.669 	     -0.129
  5810.713 	     -0.172
  5811.757 	     -0.134
  5812.801 	     -0.154
  5813.845 	     -0.173
  5814.890 	     -0.151
  5815.935 	     -0.148
  5816.980 	     -0.138
  5818.025 	     -0.129
  5819.070 	     -0.211
  5820.115 	     -0.179
  5821.161 	     -0.129
  5822.207 	     -0.130
  5823.253 	     -0.127
  5824.299 	     -0.133
  5825.346 	     -0.055
  5826.392 	     -0.086
  5827.439 	     -0.093
  5828.486 	     -0.125
  5829.533 	     -0.127
  5830.581 	     -0.171
  5831.628 	     -0.182
  5832.676 	     -0.110
  5833.724 	     -0.159
  5834.772 	     -0.149
  5835.820 	     -0.206
  5836.869 	     -0.214
  5837.917 	     -0.186
  5838.966 	     -0.193
  5840.015 	     -0.189
  5841.065 	     -0.157
  5842.114 	     -0.194
  5843.164 	     -0.205
  5844.213 	     -0.162
  5845.263 	     -0.138
  5846.314 	     -0.174
  5847.364 	     -0.192
  5848.415 	     -0.156
  5849.465 	     -0.137
  5850.516 	     -0.103
  5851.567 	     -0.082
  5852.619 	     -0.115
  5853.670 	     -0.120
  5854.722 	     -0.057
  5855.774 	     -0.077
  5856.826 	     -0.121
  5857.878 	     -0.104
  5858.931 	     -0.162
  5859.983 	     -0.180
  5861.036 	     -0.113
  5862.089 	     -0.076
  5863.142 	     -0.132
  5864.196 	     -0.166
  5865.249 	     -0.140
  5866.303 	     -0.090
  5867.357 	     -0.006
  5868.411 	      0.036
  5869.466 	      0.041
  5870.520 	      0.047
  5871.575 	      0.001
  5872.630 	     -0.067
  5873.685 	     -0.084
  5874.740 	     -0.069
  5875.796 	     -0.083
  5876.851 	     -0.086
  5877.907 	     -0.092
  5878.963 	     -0.113
  5880.019 	     -0.114
  5881.076 	     -0.087
  5882.133 	     -0.062
  5883.189 	     -0.053
  5884.246 	     -0.088
  5885.304 	     -0.097
  5886.361 	     -0.086
  5887.419 	     -0.098
  5888.476 	     -0.094
  5889.534 	     -0.087
  5890.592 	     -0.107
  5891.651 	     -0.080
  5892.709 	     -0.076
  5893.768 	     -0.055
  5894.827 	     -0.055
  5895.886 	     -0.088
  5896.945 	     -0.040
  5898.005 	     -0.050
  5899.064 	     -0.041
  5900.124 	     -0.096
  5901.184 	     -0.084
  5902.245 	     -0.074
  5903.305 	     -0.137
  5904.366 	     -0.053
  5905.426 	     -0.047
  5906.487 	     -0.082
  5907.549 	     -0.119
  5908.610 	     -0.107
  5909.671 	     -0.074
  5910.733 	     -0.115
  5911.795 	     -0.126
  5912.857 	     -0.149
  5913.920 	     -0.123
  5914.982 	     -0.060
  5916.045 	     -0.093
  5917.108 	     -0.083
  5918.171 	     -0.032
  5919.234 	     -0.015
  5920.298 	     -0.083
  5921.361 	     -0.075
  5922.425 	     -0.090
  5923.489 	     -0.042
  5924.554 	     -0.029
  5925.618 	      0.022
  5926.683 	      0.038
  5927.747 	     -0.001
  5928.812 	     -0.015
  5929.878 	     -0.010
  5930.943 	      0.084
  5932.009 	      0.103
  5933.074 	      0.065
  5934.140 	      0.046
  5935.206 	      0.007
  5936.273 	     -0.045
  5937.339 	      0.012
  5938.406 	     -0.098
  5939.473 	     -0.085
  5940.540 	      0.017
  5941.607 	     -0.003
  5942.675 	     -0.011
  5943.743 	     -0.077
  5944.811 	     -0.167
  5945.879 	     -0.185
  5946.947 	     -0.285
  5948.015 	     -0.433
  5949.084 	     -0.493
  5950.153 	     -0.534
  5951.222 	     -0.463
  5952.291 	     -0.373
  5953.360 	     -0.269
  5954.430 	     -0.324
  5955.500 	     -0.510
  5956.570 	     -0.501
  5957.640 	     -0.347
  5958.710 	     -0.212
  5959.781 	     -0.045
  5960.852 	     -0.027
  5961.923 	     -0.005
  5962.994 	      0.087
  5964.065 	      0.120
  5965.137 	      0.055
  5966.209 	      0.022
  5967.280 	      0.010
  5968.353 	      0.033
  5969.425 	      0.077
  5970.497 	      0.115
  5971.570 	      0.135
  5972.643 	      0.007
  5973.716 	      0.049
  5974.789 	     -0.040
  5975.863 	     -0.055
  5976.936 	      0.007
  5978.010 	      0.028
  5979.084 	      0.026
  5980.158 	      0.024
  5981.233 	     -0.013
  5982.308 	      0.056
  5983.382 	      0.094
  5984.457 	      0.006
  5985.533 	     -0.004
  5986.608 	      0.016
  5987.684 	     -0.000
  5988.759 	      0.009
  5989.835 	      0.049
  5990.911 	      0.080
  5991.988 	      0.082
  5993.064 	      0.017
  5994.141 	     -0.011
  5995.218 	     -0.022
  5996.295 	     -0.010
  5997.372 	     -0.013
  5998.450 	     -0.036
  5999.528 	      0.023
  6000.606 	      0.094
  6001.684 	      0.064
  6002.762 	      0.027
  6003.840 	      0.029
  6004.919 	      0.030
  6005.998 	     -0.034
  6007.077 	     -0.050
  6008.156 	     -0.073
  6009.236 	     -0.052
  6010.315 	     -0.037
  6011.395 	     -0.033
  6012.475 	     -0.045
  6013.556 	     -0.093
  6014.636 	     -0.093
  6015.717 	     -0.041
  6016.797 	     -0.037
  6017.878 	     -0.087
  6018.960 	     -0.048
  6020.041 	     -0.057
  6021.123 	     -0.036
  6022.204 	      0.008
  6023.286 	      0.009
  6024.369 	      0.012
  6025.451 	     -0.016
  6026.534 	     -0.011
  6027.616 	      0.010
  6028.699 	     -0.002
  6029.782 	      0.020
  6030.866 	      0.049
  6031.949 	      0.014
  6033.033 	     -0.015
  6034.117 	     -0.021
  6035.201 	      0.044
  6036.285 	      0.017
  6037.370 	     -0.059
  6038.455 	     -0.077
  6039.539 	     -0.078
  6040.625 	     -0.040
  6041.710 	     -0.058
  6042.795 	     -0.103
  6043.881 	     -0.128
  6044.967 	     -0.078
  6046.053 	     -0.057
  6047.139 	      0.027
  6048.226 	      0.060
  6049.312 	     -0.065
  6050.399 	     -0.118
  6051.486 	     -0.009
  6052.573 	     -0.004
  6053.661 	      0.020
  6054.749 	      0.030
  6055.836 	     -0.066
  6056.924 	     -0.108
  6058.013 	     -0.060
  6059.101 	     -0.040
  6060.190 	      0.031
  6061.278 	     -0.048
  6062.367 	     -0.044
  6063.457 	      0.001
  6064.546 	     -0.041
  6065.636 	     -0.046
  6066.725 	     -0.009
  6067.815 	      0.020
  6068.906 	     -0.032
  6069.996 	     -0.068
  6071.086 	     -0.048
  6072.177 	      0.008
  6073.268 	      0.029
  6074.359 	      0.076
  6075.451 	      0.015
  6076.542 	      0.024
  6077.634 	      0.090
  6078.726 	      0.043
  6079.818 	      0.003
  6080.910 	     -0.089
  6082.003 	      0.010
  6083.096 	      0.064
  6084.189 	      0.070
  6085.282 	     -0.011
  6086.375 	      0.085
  6087.468 	      0.047
  6088.562 	      0.154
  6089.656 	      0.077
  6090.750 	     -0.009
  6091.844 	      0.070
  6092.939 	      0.120
  6094.034 	      0.108
  6095.129 	      0.098
  6096.224 	      0.099
  6097.319 	      0.043
  6098.414 	      0.006
  6099.510 	      0.047
  6100.606 	     -0.044
  6101.702 	     -0.069
  6102.798 	     -0.079
  6103.895 	     -0.091
  6104.991 	     -0.138
  6106.088 	     -0.091
  6107.185 	     -0.087
  6108.282 	     -0.105
  6109.380 	     -0.250
  6110.478 	     -0.404
  6111.575 	     -0.322
  6112.673 	     -0.244
  6113.772 	     -0.334
  6114.870 	     -0.426
  6115.969 	     -0.337
  6117.068 	     -0.285
  6118.167 	     -0.349
  6119.266 	     -0.401
  6120.365 	     -0.251
  6121.465 	     -0.217
  6122.565 	     -0.597
  6123.665 	     -0.783
  6124.765 	     -0.740
  6125.865 	     -0.693
  6126.966 	     -0.646
  6128.067 	     -0.599
  6129.168 	     -0.551
  6130.269 	     -0.503
  6131.370 	     -0.452
  6132.472 	     -0.403
  6133.574 	     -0.356
  6134.676 	     -0.311
  6135.778 	     -0.263
  6136.880 	     -0.215
  6137.983 	     -0.163
  6139.086 	     -0.107
  6140.189 	     -0.050
  6141.292 	      0.001
  6142.395 	      0.041
  6143.499 	      0.077
  6144.602 	      0.116
  6145.706 	      0.160
  6146.811 	      0.182
  6147.915 	      0.131
  6149.020 	      0.089
  6150.124 	      0.044
  6151.229 	      0.067
  6152.334 	      0.114
  6153.440 	      0.095
  6154.545 	      0.072
  6155.651 	      0.092
  6156.757 	      0.071
  6157.863 	      0.114
  6158.970 	      0.159
  6164.504 	      0.062
  6165.612 	      0.075
  6166.720 	      0.060
  6167.828 	      0.085
  6168.936 	      0.162
  6170.044 	      0.142
  6171.153 	      0.050
  6172.261 	     -0.034
  6173.370 	      0.080
  6174.479 	      0.188
  6175.589 	      0.134
  6176.698 	      0.088
  6177.808 	      0.076
  6178.918 	      0.048
  6180.028 	      0.072
  6181.138 	      0.119
  6182.249 	      0.149
  6183.360 	      0.096
  6184.471 	      0.084
  6185.582 	      0.051
  6186.693 	      0.119
  6187.805 	      0.120
  6188.916 	      0.154
  6190.028 	      0.119
  6191.140 	      0.090
  6192.253 	      0.035
  6193.365 	      0.146
  6194.478 	      0.169
  6195.591 	      0.075
  6196.704 	     -0.039
  6197.817 	     -0.016
  6198.931 	      0.046
  6200.045 	      0.141
  6201.159 	      0.050
  6202.273 	      0.080
  6203.387 	      0.137
  6204.502 	      0.074
  6205.616 	      0.169
  6206.731 	      0.114
  6207.846 	      0.029
  6208.962 	      0.107
  6210.077 	      0.220
  6211.193 	      0.115
  6212.309 	      0.065
  6213.425 	      0.230
  6214.541 	      0.121
  6215.658 	      0.100
  6216.775 	      0.127
  6217.892 	      0.101
  6219.009 	      0.046
  6220.126 	      0.055
  6221.244 	     -0.036
  6222.361 	     -0.043
  6223.479 	     -0.045
  6224.597 	     -0.027
  6225.716 	     -0.041
  6226.834 	      0.080
  6227.953 	      0.070
  6229.072 	     -0.045
  6230.191 	     -0.049
  6231.310 	      0.017
  6232.430 	      0.024
  6233.550 	      0.048
  6234.670 	     -0.001
  6235.790 	     -0.034
  6236.910 	      0.036
  6238.031 	      0.066
  6239.152 	      0.064
  6240.272 	      0.082
  6241.394 	      0.121
  6242.515 	      0.106
  6243.637 	      0.128
  6244.758 	      0.123
  6245.880 	      0.154
  6247.002 	      0.168
  6248.125 	      0.162
  6249.247 	      0.119
  6250.370 	      0.074
  6251.493 	      0.086
  6252.616 	      0.069
  6253.740 	      0.085
  6254.863 	      0.069
  6255.987 	      0.069
  6257.111 	      0.069
  6258.235 	      0.069
  6259.360 	      0.066
  6260.484 	      0.065
  6261.609 	      0.066
  6262.734 	      0.072
  6263.859 	      0.080
  6264.985 	      0.088
  6266.110 	      0.098
  6267.236 	      0.111
  6268.362 	      0.120
  6269.488 	      0.119
  6270.615 	      0.107
  6271.741 	      0.092
  6272.868 	      0.084
  6273.995 	      0.084
  6275.122 	      0.087
  6276.250 	      0.096
  6277.377 	      0.102
  6278.505 	      0.100
  6279.633 	      0.094
  6280.761 	      0.088
  6281.890 	      0.085
  6283.018 	      0.085
  6284.147 	      0.084
  6285.276 	      0.085
  6286.406 	      0.087
  6287.535 	      0.093
  6288.665 	      0.099
  6289.795 	      0.109
  6290.925 	      0.120
  6292.055 	      0.127
  6293.185 	      0.127
  6294.316 	      0.123
  6295.447 	      0.121
  6296.578 	      0.123
  6297.709 	      0.123
  6298.841 	      0.121
  6299.972 	      0.118
  6301.104 	      0.129
  6302.236 	      0.129
  6303.369 	      0.128
  6304.501 	      0.127
  6305.634 	      0.183
  6306.767 	      0.107
  6307.900 	      0.117
  6309.033 	      0.247
  6310.167 	      0.239
  6311.300 	      0.142
  6312.434 	      0.107
  6313.568 	      0.127
  6314.703 	      0.153
  6315.837 	      0.231
  6316.972 	      0.216
  6318.107 	      0.131
  6319.242 	      0.149
  6320.377 	      0.167
  6321.513 	      0.213
  6322.649 	      0.201
  6323.785 	      0.141
  6324.921 	      0.187
  6326.057 	      0.144
  6327.194 	      0.151
  6328.331 	      0.144
  6329.468 	      0.139
  6330.605 	      0.172
  6331.742 	      0.214
  6332.880 	      0.235
  6334.017 	      0.230
  6335.155 	      0.200
  6336.294 	      0.181
  6337.432 	      0.173
  6338.571 	      0.189
  6339.710 	      0.204
  6340.849 	      0.160
  6341.988 	      0.179
  6343.127 	      0.193
  6344.267 	      0.110
  6345.407 	      0.092
  6346.547 	      0.080
  6347.687 	      0.160
  6348.827 	      0.196
  6349.968 	      0.132
  6351.109 	      0.066
  6357.958 	      0.126
  6359.101 	      0.164
  6360.243 	      0.251
  6361.386 	      0.358
  6362.529 	      0.459
  6363.672 	      0.365
  6364.815 	      0.217
  6365.959 	      0.128
  6367.103 	      0.060
  6368.247 	      0.088
  6369.391 	      0.112
  6370.535 	      0.139
  6371.680 	      0.083
  6372.824 	      0.081
  6373.969 	      0.099
  6375.115 	      0.140
  6376.260 	      0.122
  6377.406 	      0.122
  6378.551 	      0.114
  6379.697 	      0.089
  6380.844 	      0.090
  6381.990 	      0.170
  6383.137 	      0.195
  6384.283 	      0.194
  6385.430 	      0.147
  6386.578 	      0.105
  6387.725 	      0.112
  6388.873 	      0.162
  6390.021 	      0.156
  6391.169 	      0.139
  6392.317 	      0.170
  6393.465 	      0.167
  6394.614 	      0.149
  6395.763 	      0.129
  6396.912 	      0.132
  6398.061 	      0.112
  6399.211 	      0.059
  6400.361 	      0.101
  6401.511 	      0.114
  6402.661 	      0.098
  6403.811 	      0.167
  6404.962 	      0.159
  6406.112 	      0.107
  6407.263 	      0.092
  6408.414 	      0.146
  6409.566 	      0.177
  6410.717 	      0.098
  6411.869 	      0.072
  6413.021 	      0.087
  6414.173 	      0.087
  6415.326 	      0.026
  6416.478 	      0.035
  6417.631 	      0.065
  6418.784 	      0.026
  6419.937 	      0.066
  6421.091 	      0.138
  6422.245 	      0.140
  6423.398 	      0.101
  6424.552 	      0.101
  6425.707 	      0.172
  6426.861 	      0.236
  6428.016 	      0.199
  6429.171 	      0.137
  6430.326 	      0.116
  6431.481 	      0.133
  6432.637 	      0.085
  6433.792 	      0.025
  6434.948 	      0.086
  6436.104 	      0.201
  6437.261 	      0.255
  6438.417 	      0.211
  6439.574 	      0.160
  6440.731 	      0.106
  6441.888 	      0.070
  6443.046 	      0.082
  6444.203 	      0.188
  6445.361 	      0.187
  6446.519 	      0.115
  6447.677 	      0.079
  6448.836 	      0.091
  6449.994 	      0.078
  6451.153 	      0.071
  6452.312 	      0.070
  6453.471 	      0.113
  6454.631 	      0.122
  6455.791 	      0.074
  6456.950 	      0.037
  6458.111 	      0.043
  6459.271 	      0.038
  6460.431 	      0.063
  6461.592 	      0.055
  6462.753 	      0.091
  6463.914 	      0.037
  6465.075 	      0.126
  6466.237 	      0.039
  6467.399 	      0.104
  6468.561 	      0.148
  6469.723 	      0.063
  6470.885 	      0.078
  6472.048 	      0.076
  6473.211 	      0.047
  6474.374 	      0.065
  6475.537 	      0.067
  6476.700 	      0.037
  6477.864 	      0.096
  6479.028 	      0.067
  6480.192 	      0.107
  6481.356 	      0.123
  6482.521 	      0.024
  6483.685 	      0.020
  6484.850 	      0.017
  6486.015 	     -0.052
  6487.181 	      0.061
  6488.346 	      0.099
  6489.512 	      0.033
  6490.678 	      0.049
  6491.844 	      0.050
  6493.010 	      0.067
  6494.177 	      0.122
  6495.344 	      0.069
  6496.511 	      0.004
  6497.678 	     -0.013
  6498.845 	      0.050
  6500.013 	      0.049
  6501.181 	      0.070
  6502.349 	      0.099
  6503.517 	      0.039
  6504.685 	     -0.003
  6505.854 	      0.013
  6507.023 	      0.036
  6508.192 	      0.011
  6509.361 	     -0.007
  6510.531 	     -0.012
  6511.700 	      0.002
  6512.870 	      0.030
  6514.041 	      0.031
  6515.211 	      0.003
  6516.381 	      0.032
  6517.552 	      0.031
  6518.723 	      0.048
  6519.894 	      0.067
  6521.066 	      0.018
  6522.237 	      0.023
  6523.409 	      0.067
  6524.581 	      0.059
  6525.753 	      0.030
  6526.926 	     -0.002
  6528.099 	     -0.006
  6529.271 	      0.054
  6530.445 	      0.185
  6531.618 	      0.250
  6532.791 	      0.078
  6533.965 	      0.090
  6535.139 	      0.102
  6536.313 	      0.077
  6537.487 	      0.016
  6538.662 	      0.016
  6539.837 	      0.051
  6541.012 	      0.072
  6542.187 	      0.072
  6543.362 	      0.029
  6544.538 	      0.026
  6545.714 	      0.020
  6546.890 	      0.055
  6548.066 	      0.048
  6549.243 	      0.039
  6550.419 	      0.051
  6551.596 	      0.084
  6552.773 	      0.059
  6553.950 	      0.038
  6555.128 	      0.046
  6556.306 	     -0.030
  6557.484 	     -0.065
  6558.662 	     -0.033
  6559.840 	     -0.048
  6561.019 	     -0.030
  6562.198 	     -0.010
  6563.377 	     -0.003
  6564.556 	     -0.007
  6565.735 	     -0.008
  6566.915 	     -0.008
  6568.095 	     -0.005
  6569.275 	      0.003
  6570.455 	      0.014
  6571.635 	      0.030
  6572.816 	      0.050
  6573.997 	      0.074
  6575.178 	      0.102
  6576.359 	      0.123
  6577.541 	      0.132
  6578.723 	      0.133
  6579.905 	      0.128
  6581.087 	      0.122
  6582.269 	      0.113
  6583.452 	      0.105
  6584.635 	      0.105
  6585.818 	      0.109
  6587.001 	      0.117
  6588.184 	      0.127
  6589.368 	      0.136
  6590.552 	      0.142
  6591.736 	      0.136
  6592.920 	      0.090
  6594.105 	      0.107
  6595.290 	      0.130
  6596.475 	      0.143
  6597.660 	      0.110
  6598.845 	      0.076
  6600.031 	      0.072
  6601.216 	      0.112
  6602.402 	      0.180
  6603.589 	      0.159
  6604.775 	      0.205
  6605.962 	      0.208
  6607.149 	      0.163
  6608.336 	      0.225
  6609.523 	      0.351
  6610.710 	      0.611
  6611.898 	      0.830
  6613.086 	      0.811
  6614.274 	      0.512
  6615.463 	      0.334
  6616.651 	      0.245
  6617.840 	      0.218
  6619.029 	      0.112
  6620.218 	     -0.004
  6621.408 	      0.076
  6622.597 	      0.187
  6623.787 	      0.734
  6624.977 	      2.118
  6626.167 	      3.596
  6627.358 	      3.872
  6628.549 	      2.752
  6629.740 	      1.340
  6630.931 	      0.648
  6632.122 	      0.336
  6633.314 	      0.112
  6634.505 	      0.088
  6635.697 	      0.209
  6636.890 	      0.231
  6638.082 	      0.236
  6639.275 	      0.303
  6640.467 	      0.319
  6641.660 	      0.357
  6642.854 	      0.445
  6644.047 	      0.655
  6645.241 	      1.170
  6646.435 	      2.013
  6647.629 	      2.620
  6648.823 	      2.570
  6650.018 	      1.735
  6651.213 	      0.887
  6652.408 	      0.492
  6653.603 	      0.376
  6654.798 	      0.323
  6655.994 	      0.300
  6657.190 	      0.235
  6658.386 	      0.169
  6659.582 	      0.142
  6660.779 	      0.161
  6661.975 	      0.193
  6663.172 	      0.198
  6664.369 	      0.157
  6665.567 	      0.124
  6666.764 	      0.119
  6667.962 	      0.146
  6669.160 	      0.158
  6670.358 	      0.090
  6671.557 	      0.072
  6672.755 	      0.164
  6673.954 	      0.165
  6675.153 	      0.164
  6676.353 	      0.099
  6677.552 	      0.051
  6678.752 	      0.136
  6679.952 	      0.104
  6681.152 	      0.091
  6682.352 	      0.086
  6683.553 	      0.096
  6684.754 	      0.095
  6685.955 	      0.071
  6687.156 	      0.068
  6688.357 	      0.090
  6689.559 	      0.054
  6690.761 	     -0.017
  6691.963 	      0.050
  6693.165 	      0.106
  6694.368 	      0.080
  6695.571 	      0.129
  6696.774 	      0.121
  6697.977 	      0.126
  6699.180 	      0.073
  6700.384 	      0.009
  6701.588 	      0.026
  6702.792 	      0.047
  6703.996 	      0.096
  6705.200 	      0.130
  6706.405 	      0.082
  6707.610 	     -0.035
  6708.815 	      0.019
  6710.020 	      0.107
  6711.226 	      0.102
  6712.432 	      0.077
  6713.638 	      0.049
  6714.844 	      0.065
  6716.050 	      0.077
  6717.257 	      0.082
  6718.464 	      0.063
  6719.671 	      0.061
  6720.878 	      0.098
  6728.127 	      0.187
  6729.335 	      0.054
  6730.544 	      0.046
  6731.754 	      0.069
  6732.963 	      0.098
  6734.173 	      0.078
  6735.383 	      0.047
  6736.593 	      0.036
  6737.803 	      0.053
  6739.014 	      0.069
  6740.224 	      0.054
  6741.435 	      0.065
  6742.647 	      0.100
  6743.858 	      0.083
  6745.070 	      0.050
  6746.281 	     -0.026
  6747.494 	      0.017
  6748.706 	      0.059
  6749.918 	      0.109
  6751.131 	      0.074
  6752.344 	      0.093
  6753.557 	      0.043
  6754.771 	      0.001
  6755.984 	     -0.001
  6757.198 	      0.041
  6758.412 	      0.110
  6759.626 	      0.097
  6760.841 	      0.078
  6762.055 	      0.093
  6763.270 	      0.052
  6764.485 	     -0.023
  6765.701 	      0.007
  6766.916 	      0.037
  6768.132 	      0.077
  6769.348 	      0.024
  6770.564 	     -0.012
  6771.781 	      0.012
  6772.997 	      0.052
  6774.214 	      0.078
  6775.431 	      0.025
  6776.649 	      0.018
  6777.866 	      0.069
  6779.084 	      0.193
  6780.302 	      0.535
  6781.520 	      0.872
  6782.738 	      0.857
  6783.957 	      0.575
  6785.176 	      0.306
  6786.395 	      0.136
  6787.614 	      0.031
  6788.834 	      0.022
  6790.053 	      0.040
  6791.273 	      0.056
  6792.494 	      0.072
  6793.714 	      0.159
  6794.935 	      0.384
  6796.155 	      0.586
  6797.376 	      0.660
  6798.598 	      0.438
  6799.819 	      0.203
  6801.041 	      0.122
  6802.263 	      0.136
  6803.485 	      0.116
  6804.707 	      0.029
  6805.930 	      0.053
  6807.153 	      0.109
  6808.376 	      0.092
  6809.599 	      0.027
  6810.822 	      0.037
  6812.046 	     -0.020
  6813.270 	     -0.017
  6814.494 	     -0.014
  6815.718 	     -0.008
  6816.943 	      0.037
  6818.168 	      0.047
  6819.392 	      0.020
  6820.618 	     -0.039
  6821.843 	      0.010
  6823.069 	      0.063
  6824.295 	      0.114
  6825.521 	      0.097
  6826.747 	     -0.023
  6827.974 	      0.015
  6829.200 	      0.091
  6830.427 	      0.115
  6831.654 	      0.065
  6832.882 	      0.108
  6834.109 	      0.076
  6835.337 	      0.010
  6836.565 	      0.006
  6837.794 	      0.007
  6839.022 	      0.041
  6840.251 	      0.055
  6841.480 	      0.023
  6842.709 	      0.051
  6843.938 	      0.045
  6845.168 	      0.078
  6846.398 	      0.108
  6847.628 	      0.056
  6848.858 	      0.037
  6850.089 	      0.059
  6851.319 	      0.051
  6852.550 	      0.049
  6853.782 	      0.038
  6855.013 	      0.041
  6856.245 	      0.052
  6857.476 	      0.051
  6858.708 	      0.077
  6859.941 	      0.098
  6861.173 	      0.107
  6862.406 	      0.083
  6863.639 	      0.059
  6864.872 	     -0.017
  6866.105 	     -0.091
  6867.339 	     -0.189
  6868.573 	     -0.214
  6869.807 	     -0.281
  6871.041 	     -0.231
  6872.276 	     -0.241
  6873.510 	     -0.264
  6874.745 	     -0.259
  6875.980 	     -0.175
  6877.216 	     -0.174
  6878.451 	     -0.175
  6879.687 	     -0.141
  6880.923 	     -0.006
  6882.159 	      0.073
  6883.396 	     -0.008
  6884.633 	     -0.065
  6885.870 	     -0.106
  6887.107 	     -0.144
  6888.344 	     -0.143
  6889.582 	     -0.112
  6890.820 	     -0.107
  6892.058 	     -0.138
  6893.296 	     -0.085
  6894.534 	     -0.069
  6895.773 	     -0.080
  6897.012 	     -0.069
  6898.251 	     -0.037
  6899.490 	     -0.031
  6900.730 	      0.002
  6901.970 	     -0.021
  6903.210 	     -0.031
  6904.450 	     -0.045
  6905.691 	     -0.043
  6906.931 	     -0.071
  6908.172 	     -0.077
  6909.413 	     -0.084
  6910.655 	     -0.042
  6911.896 	     -0.037
  6913.138 	     -0.040
  6914.380 	     -0.018
  6915.623 	      0.001
  6916.865 	     -0.039
  6918.108 	     -0.065
  6919.351 	      0.001
  6920.594 	      0.042
  6921.837 	     -0.025
  6923.081 	     -0.069
  6924.325 	     -0.042
  6925.569 	     -0.006
  6926.813 	     -0.004
  6928.058 	     -0.008
  6929.302 	     -0.050
  6930.547 	     -0.008
  6931.792 	      0.001
  6933.038 	     -0.005
  6934.284 	      0.014
  6935.529 	      0.032
  6936.775 	      0.033
  6938.022 	      0.054
  6939.268 	      0.009
  6940.515 	     -0.021
  6941.762 	     -0.018
  6943.009 	      0.035
  6944.257 	     -0.030
  6945.504 	     -0.100
  6946.752 	      0.011
  6948.000 	     -0.016
  6949.248 	      0.023
  6950.497 	      0.006
  6951.746 	      0.063
  6952.995 	      0.072
  6954.244 	      0.009
  6955.493 	      0.027
  6956.743 	      0.008
  6957.993 	     -0.003
  6959.243 	      0.002
  6960.493 	     -0.051
  6961.744 	     -0.060
  6962.995 	     -0.016
  6964.246 	     -0.031
  6965.497 	     -0.011
  6966.748 	      0.034
  6968.000 	      0.030
  6969.252 	      0.019
  6970.504 	      0.060
  6971.756 	      0.062
  6973.009 	      0.025
  6974.262 	     -0.013
  6975.515 	      0.007
  6976.768 	      0.011
  6978.022 	      0.005
  6979.275 	      0.048
  6980.529 	      0.017
  6981.783 	     -0.008
  6983.038 	     -0.003
  6984.292 	      0.007
  6985.547 	      0.039
  6986.802 	      0.003
  6988.058 	      0.004
  6989.313 	      0.002
  6990.569 	     -0.012
  6991.825 	     -0.045
  6993.081 	     -0.032
  6994.337 	     -0.020
  6995.594 	     -0.016
  6996.851 	     -0.018
  6998.108 	     -0.013
  6999.365 	     -0.017
  7000.623 	      0.022
  7001.881 	      0.070
  7003.139 	      0.066
  7004.397 	     -0.015
  7005.655 	     -0.038
  7006.914 	      0.013
  7008.173 	      0.008
  7009.432 	      0.041
  7010.691 	      0.024
  7011.951 	      0.071
  7013.211 	      0.059
  7014.471 	     -0.012
  7015.731 	      0.005
  7016.991 	      0.018
  7018.252 	      0.062
  7019.513 	      0.007
  7020.774 	     -0.013
  7022.036 	     -0.008
  7023.297 	     -0.007
  7024.559 	      0.004
  7025.821 	     -0.006
  7027.083 	     -0.031
  7028.346 	     -0.052
  7029.609 	     -0.018
  7030.872 	      0.047
  7032.135 	      0.093
  7033.398 	      0.062
  7034.662 	      0.044
  7035.926 	      0.044
  7037.190 	      0.084
  7038.454 	      0.042
  7039.719 	     -0.014
  7040.984 	      0.025
  7042.249 	      0.064
  7043.514 	     -0.023
  7044.779 	     -0.084
  7046.045 	     -0.077
  7047.311 	     -0.078
  7048.577 	     -0.068
  7049.844 	     -0.049
  7051.110 	     -0.060
  7057.447 	     -0.001
  7058.715 	      0.011
  7059.983 	      0.008
  7061.251 	      0.021
  7062.520 	      0.004
  7063.789 	     -0.007
  7065.058 	      0.005
  7066.327 	      0.014
  7067.597 	      0.022
  7068.867 	     -0.007
  7070.137 	     -0.063
  7071.407 	     -0.046
  7072.677 	     -0.025
  7073.948 	      0.003
  7075.219 	      0.008
  7076.490 	      0.008
  7077.762 	      0.048
  7079.033 	      0.039
  7080.305 	     -0.013
  7081.577 	     -0.082
  7082.850 	     -0.072
  7084.122 	     -0.008
  7085.395 	      0.021
  7086.668 	     -0.025
  7087.941 	     -0.040
  7089.214 	     -0.030
  7090.488 	      0.018
  7091.762 	     -0.001
  7093.036 	      0.015
  7094.311 	      0.007
  7095.585 	     -0.054
  7096.860 	     -0.044
  7098.135 	     -0.007
  7099.410 	     -0.023
  7100.686 	     -0.028
  7101.962 	      0.087
  7103.238 	      0.071
  7104.514 	      0.034
  7105.790 	     -0.015
  7107.067 	     -0.049
  7119.846 	     -0.160
  7121.125 	     -0.078
  7122.405 	     -0.068
  7123.684 	     -0.026
  7124.964 	      0.028
  7126.244 	      0.031
  7127.525 	     -0.009
  7128.805 	     -0.054
  7130.086 	     -0.112
  7131.367 	     -0.117
  7132.648 	     -0.098
  7133.930 	     -0.093
  7135.212 	     -0.132
  7136.494 	     -0.128
  7137.776 	     -0.089
  7139.058 	     -0.079
  7140.341 	     -0.043
  7141.624 	     -0.027
  7142.907 	      0.007
  7144.190 	      0.057
  7145.474 	     -0.007
  7146.757 	     -0.023
  7148.041 	      0.032
  7149.326 	      0.054
  7150.610 	      0.063
  7151.895 	      0.043
  7153.180 	     -0.030
  7154.465 	     -0.062
  7155.750 	     -0.085
  7157.036 	     -0.121
  7158.322 	     -0.068
  7159.608 	     -0.076
  7160.894 	     -0.046
  7162.181 	     -0.075
  7163.468 	     -0.061
  7164.755 	     -0.045
  7166.042 	     -0.100
  7167.329 	     -0.072
  7168.617 	     -0.132
  7169.905 	     -0.195
  7171.193 	     -0.077
  7172.482 	     -0.105
  7173.770 	     -0.149
  7175.059 	     -0.138
  7176.348 	     -0.102
  7177.638 	     -0.089
  7178.927 	     -0.054
  7180.217 	     -0.059
  7181.507 	     -0.109
  7182.797 	     -0.122
  7184.088 	     -0.202
  7185.379 	     -0.227
  7186.670 	     -0.142
  7187.961 	     -0.105
  7189.252 	     -0.137
  7190.544 	     -0.165
  7191.836 	     -0.183
  7193.128 	     -0.237
  7194.420 	     -0.205
  7195.713 	     -0.205
  7197.006 	     -0.189
  7198.299 	     -0.170
  7199.592 	     -0.196
  7200.885 	     -0.220
  7202.179 	     -0.198
  7203.473 	     -0.203
  7204.767 	     -0.171
  7206.062 	     -0.149
  7207.356 	     -0.158
  7208.651 	     -0.116
  7209.947 	     -0.065
  7211.242 	     -0.086
  7212.538 	     -0.075
  7213.833 	     -0.093
  7215.129 	     -0.130
  7216.426 	     -0.058
  7217.722 	     -0.064
  7219.019 	     -0.104
  7220.316 	     -0.091
  7221.613 	     -0.036
  7222.911 	     -0.036
  7224.208 	     -0.077
  7225.506 	     -0.086
  7226.805 	     -0.079
  7228.103 	     -0.086
  7229.402 	     -0.125
  7230.700 	     -0.134
  7232.000 	     -0.167
  7233.299 	     -0.261
  7234.599 	     -0.250
  7235.898 	     -0.113
  7237.198 	     -0.055
  7238.499 	     -0.064
  7239.799 	     -0.123
  7241.100 	     -0.077
  7242.401 	     -0.162
  7243.702 	     -0.086
  7245.003 	     -0.089
  7246.305 	     -0.127
  7247.607 	     -0.149
  7248.909 	     -0.155
  7250.212 	     -0.170
  7251.514 	     -0.198
  7252.817 	     -0.131
  7254.120 	     -0.136
  7255.423 	     -0.117
  7256.727 	     -0.118
  7258.031 	     -0.163
  7259.335 	     -0.167
  7260.639 	     -0.150
  7261.943 	     -0.223
  7263.248 	     -0.235
  7264.553 	     -0.236
  7265.858 	     -0.165
  7267.164 	     -0.054
  7268.469 	     -0.053
  7269.775 	     -0.099
  7271.081 	     -0.193
  7272.388 	     -0.224
  7273.694 	     -0.058
  7275.001 	     -0.131
  7276.308 	     -0.119
  7277.616 	     -0.254
  7278.923 	     -0.157
  7280.231 	     -0.070
  7281.539 	      0.034
  7282.847 	     -0.003
  7284.156 	     -0.126
  7285.464 	     -0.181
  7286.773 	     -0.169
  7288.082 	     -0.153
  7289.392 	     -0.159
  7290.701 	     -0.197
  7292.011 	     -0.140
  7293.321 	     -0.086
  7294.632 	     -0.107
  7295.942 	     -0.132
  7297.253 	     -0.116
  7298.564 	     -0.111
  7299.876 	     -0.153
  7301.187 	     -0.182
  7302.499 	     -0.127
  7303.811 	     -0.139
  7305.123 	     -0.086
  7306.436 	     -0.069
  7307.748 	     -0.115
  7309.061 	     -0.159
  7310.374 	     -0.159
  7311.688 	     -0.101
  7313.002 	     -0.075
  7314.315 	      0.022
  7315.630 	     -0.115
  7316.944 	     -0.230
  7318.259 	     -0.241
  7319.573 	     -0.119
  7320.888 	     -0.124
  7322.204 	     -0.091
  7323.519 	     -0.150
  7324.835 	     -0.155
  7326.151 	     -0.097
  7327.467 	     -0.056
  7328.784 	     -0.042
  7330.101 	     -0.049
