1 1 1086.45 1091.13
378.2272 
0.4614 
name    flux    f_err    vel    sig
Hgamma      	   0.00000	      0.13	 2920.6354	     34.88
Hbeta       	   2.14414	      0.12	 2920.6354	     34.88
Halpha      	  15.34783	      0.11	 2920.6354	     34.88
[SII]6716   	   3.98595	      0.12	 2927.6365	     81.14
[SII]6731   	   2.93859	      0.12	 2927.6365	     81.14
[OIII]5007_d	   0.26970	      0.17	 2927.6365	     81.14
[OI]6300_d  	   3.13556	      0.16	 2927.6365	     81.14
[NII]6583_d 	  17.41278	      0.16	 2927.6365	     81.14
