WV      	 Sigma   
4176.646	    0.228
4177.397	    0.223
4178.147	    0.217
4178.898	    0.210
4179.649	    0.199
4180.400	    0.190
4181.151	    0.182
4181.902	    0.173
4182.653	    0.159
4183.405	    0.147
4184.157	    0.131
4184.908	    0.104
4185.660	    0.029
4186.412	    0.092
4187.164	    0.132
4187.917	    0.162
4188.669	    0.164
4189.422	    0.162
4190.174	    0.158
4190.927	    0.150
4191.680	    0.111
4192.433	    0.085
4193.186	    0.050
4193.940	    0.056
4194.693	    0.113
4195.447	    0.129
4196.201	    0.133
4196.955	    0.115
4197.709	    0.070
4198.463	    0.041
4199.217	    0.036
4199.972	    0.081
4200.726	    0.080
4201.481	    0.071
4202.236	    0.048
4202.991	    0.070
4203.746	    0.064
4204.501	    0.022
4205.257	    0.054
4206.012	    0.077
4206.768	    0.061
4207.524	    0.065
4208.280	    0.077
4209.036	    0.095
4209.792	    0.061
4210.548	    0.050
4211.305	    0.057
4212.061	    0.092
4212.818	    0.092
4213.575	    0.089
4214.332	    0.089
4215.089	    0.092
4215.846	    0.083
4216.604	    0.073
4217.361	    0.057
4218.119	    0.013
4218.877	    0.013
4219.635	    0.054
4220.393	    0.081
4221.151	    0.099
4420.610	    0.092
4421.404	    0.086
4422.199	    0.070
4422.993	    0.048
4423.788	    0.031
4424.583	    0.070
4425.377	    0.098
4426.173	    0.105
4426.968	    0.105
4427.763	    0.098
4428.559	    0.094
4429.354	    0.092
4430.150	    0.087
4430.946	    0.084
4431.742	    0.081
4432.538	    0.084
4433.335	    0.104
4434.131	    0.112
4434.928	    0.114
4435.725	    0.110
4436.522	    0.098
4437.319	    0.084
4438.116	    0.022
4438.913	    0.085
4439.711	    0.107
4440.509	    0.123
4441.306	    0.127
4442.104	    0.131
4442.902	    0.133
4443.701	    0.121
4444.499	    0.104
4445.298	    0.099
4446.096	    0.088
4446.895	    0.065
4447.694	    0.048
4448.493	    0.034
4449.292	    0.059
4450.092	    0.086
4450.891	    0.110
4451.691	    0.133
4452.491	    0.125
4453.291	    0.141
4454.091	    0.153
4454.891	    0.151
4455.691	    0.124
4456.492	    0.112
4457.293	    0.122
4458.093	    0.131
4458.894	    0.127
4459.695	    0.133
4460.497	    0.148
4461.298	    0.158
4462.100	    0.162
4462.901	    0.164
4463.703	    0.158
4464.505	    0.170
4465.307	    0.177
4466.109	    0.178
4466.912	    0.172
4467.714	    0.152
4468.517	    0.142
4469.320	    0.127
4470.123	    0.107
4470.926	    0.081
4471.729	    0.087
4472.533	    0.092
4473.336	    0.097
4474.140	    0.101
4474.944	    0.104
4475.748	    0.107
4476.552	    0.107
4477.356	    0.106
4478.161	    0.107
4478.965	    0.111
4479.770	    0.120
4480.575	    0.130
4481.380	    0.139
4482.185	    0.146
4482.990	    0.149
4483.796	    0.150
4484.601	    0.148
4485.407	    0.144
4486.213	    0.143
4487.019	    0.146
4487.825	    0.152
4488.631	    0.159
4489.438	    0.165
4490.244	    0.169
4491.051	    0.173
4491.858	    0.175
4492.665	    0.177
4493.472	    0.179
4494.280	    0.177
4495.087	    0.160
4495.895	    0.169
4496.702	    0.168
4497.510	    0.161
4498.318	    0.149
4499.127	    0.127
4499.935	    0.140
4500.743	    0.135
4501.552	    0.137
4502.361	    0.143
4503.170	    0.144
4503.979	    0.150
4504.788	    0.160
4505.597	    0.167
4506.407	    0.169
4507.216	    0.161
4508.026	    0.163
4508.836	    0.158
4509.646	    0.147
4510.456	    0.128
4511.267	    0.097
4512.077	    0.081
4512.888	    0.068
4513.699	    0.060
4514.510	    0.044
4515.321	    0.038
4516.132	    0.060
4516.943	    0.083
4517.755	    0.094
4518.567	    0.099
4519.379	    0.098
4520.191	    0.087
4521.003	    0.071
4521.815	    0.026
4522.627	    0.053
4523.440	    0.065
4524.253	    0.086
4525.065	    0.103
4525.878	    0.122
4526.692	    0.125
4527.505	    0.112
4528.318	    0.091
4529.132	    0.081
4529.946	    0.085
4530.759	    0.074
4531.573	    0.068
4532.388	    0.105
4533.202	    0.124
4534.016	    0.136
4534.831	    0.144
4535.646	    0.151
4536.461	    0.152
4537.276	    0.118
4538.091	    0.112
4538.906	    0.101
4539.722	    0.089
4540.537	    0.081
4541.353	    0.103
4542.169	    0.113
4542.985	    0.103
4543.801	    0.092
4544.618	    0.086
4545.434	    0.078
4546.251	    0.057
4547.068	    0.068
4547.885	    0.090
4548.702	    0.106
4549.519	    0.103
4550.336	    0.094
4551.154	    0.077
4551.972	    0.071
4552.789	    0.073
4553.607	    0.077
4554.425	    0.095
4555.244	    0.096
4556.062	    0.102
4556.881	    0.103
4557.699	    0.099
4558.518	    0.092
4559.337	    0.063
4560.156	    0.048
4560.976	    0.034
4561.795	    0.018
4562.615	    0.054
4563.435	    0.087
4564.254	    0.086
4565.074	    0.078
4565.895	    0.064
4566.715	    0.044
4567.535	    0.034
4568.356	    0.082
4569.177	    0.103
4569.998	    0.111
4570.819	    0.110
4571.640	    0.101
4572.461	    0.096
4573.283	    0.065
4574.105	    0.031
4574.926	    0.022
4575.748	    0.061
4576.570	    0.084
4577.393	    0.070
4578.215	    0.083
4579.038	    0.103
4579.860	    0.121
4580.683	    0.134
4581.506	    0.135
4582.329	    0.142
4583.153	    0.145
4583.976	    0.144
4584.800	    0.141
4585.623	    0.105
4586.447	    0.115
4587.271	    0.125
4588.095	    0.127
4588.920	    0.117
4589.744	    0.100
4590.569	    0.122
4591.394	    0.113
4592.219	    0.095
4593.044	    0.082
4593.869	    0.091
4594.694	    0.100
4595.520	    0.076
4596.345	    0.038
4597.171	    0.018
4597.997	    0.022
4598.823	    0.018
4599.649	    0.031
4600.476	    0.090
4601.302	    0.123
4602.129	    0.144
4602.956	    0.154
4603.783	    0.162
4604.610	    0.164
4605.437	    0.148
4606.265	    0.127
4607.092	    0.106
4607.920	    0.088
4608.748	    0.059
4609.576	    0.044
4610.404	    0.069
4611.232	    0.098
4612.061	    0.120
4612.890	    0.131
4613.718	    0.137
4614.547	    0.126
4615.376	    0.110
4616.206	    0.094
4617.035	    0.092
4617.864	    0.094
4618.694	    0.092
4619.524	    0.093
4620.354	    0.087
4621.184	    0.071
4622.014	    0.061
4622.845	    0.064
4623.675	    0.079
4624.506	    0.080
4625.337	    0.089
4626.168	    0.114
4626.999	    0.139
4627.830	    0.151
4628.662	    0.150
4629.493	    0.151
4630.325	    0.150
4631.157	    0.143
4631.989	    0.103
4632.821	    0.088
4633.654	    0.100
4634.486	    0.115
4635.319	    0.126
4636.152	    0.129
4636.985	    0.134
4637.818	    0.137
4638.651	    0.131
4639.484	    0.128
4640.318	    0.133
4641.152	    0.145
4641.985	    0.172
4642.819	    0.173
4643.654	    0.169
4644.488	    0.162
4645.322	    0.154
4646.157	    0.147
4646.992	    0.137
4647.827	    0.148
4648.662	    0.160
4649.497	    0.169
4650.332	    0.173
4651.168	    0.163
4652.003	    0.162
4652.839	    0.157
4653.675	    0.152
4654.511	    0.149
4655.347	    0.147
4656.184	    0.151
4657.020	    0.130
4657.857	    0.107
4658.694	    0.087
4659.531	    0.080
4660.368	    0.089
4661.205	    0.082
4662.043	    0.088
4662.881	    0.093
4663.718	    0.089
4664.556	    0.073
4665.394	    0.043
4666.232	    0.050
4667.071	    0.044
4667.909	    0.054
4668.748	    0.075
4669.587	    0.100
4670.426	    0.126
4671.265	    0.148
4672.104	    0.165
4672.944	    0.170
4673.783	    0.171
4674.623	    0.167
4675.463	    0.157
4676.303	    0.139
4677.143	    0.133
4677.983	    0.122
4678.824	    0.115
4679.664	    0.113
4680.505	    0.111
4681.346	    0.126
4682.187	    0.132
4683.028	    0.140
4683.870	    0.144
4684.711	    0.145
4685.553	    0.141
4686.395	    0.130
4687.237	    0.105
4688.079	    0.107
4688.921	    0.107
4689.764	    0.115
4690.606	    0.134
4691.449	    0.124
4692.292	    0.128
4693.135	    0.105
4693.978	    0.096
4694.821	    0.082
4695.665	    0.038
4696.508	    0.079
4697.352	    0.064
4698.196	    0.069
4699.040	    0.022
4699.885	    0.076
4700.729	    0.090
4701.574	    0.113
4702.418	    0.115
4703.263	    0.115
4704.108	    0.111
4704.953	    0.114
4705.799	    0.122
4706.644	    0.120
4707.490	    0.121
4708.335	    0.125
4709.181	    0.114
4710.027	    0.078
4710.874	    0.038
4711.720	    0.068
4712.567	    0.080
4713.413	    0.103
4714.260	    0.113
4715.107	    0.109
4715.954	    0.092
4716.802	    0.064
4717.649	    0.041
4718.497	    0.013
4719.344	    0.065
4720.192	    0.093
4721.040	    0.102
4721.888	    0.094
4722.737	    0.083
4723.585	    0.105
4724.434	    0.101
4725.283	    0.093
4726.132	    0.080
4726.981	    0.061
4727.830	    0.038
4728.680	    0.064
4729.529	    0.063
4730.379	    0.046
4731.229	    0.038
4732.079	    0.085
4732.929	    0.119
4733.779	    0.135
4734.630	    0.124
4735.480	    0.118
4736.331	    0.128
4737.182	    0.126
4738.033	    0.110
4738.885	    0.115
4739.736	    0.109
4740.588	    0.104
4741.439	    0.098
4742.291	    0.103
4743.143	    0.103
4743.995	    0.079
4744.848	    0.083
4745.700	    0.074
4746.553	    0.036
4747.406	    0.063
4748.259	    0.061
4749.112	    0.059
4749.965	    0.079
4750.818	    0.084
4751.672	    0.070
4752.526	    0.022
4753.379	    0.043
4754.233	    0.041
4755.088	    0.063
4755.942	    0.060
4756.796	    0.036
4757.651	    0.080
4758.506	    0.068
4759.361	    0.013
4760.216	    0.054
4761.071	    0.057
4761.926	    0.075
4762.782	    0.085
4763.638	    0.087
4764.494	    0.078
4765.350	    0.068
4766.206	    0.063
4767.062	    0.048
4767.919	    0.048
4768.775	    0.060
4769.632	    0.076
4770.489	    0.078
4771.346	    0.074
4772.203	    0.069
4773.061	    0.071
4773.918	    0.057
4774.776	    0.043
4775.634	    0.046
4776.492	    0.044
4777.350	    0.044
4778.208	    0.056
4779.067	    0.054
4779.925	    0.034
4780.784	    0.056
4781.643	    0.060
4782.502	    0.057
4783.361	    0.054
4784.221	    0.061
4785.080	    0.065
4785.940	    0.067
4786.800	    0.083
4787.660	    0.083
4788.520	    0.069
4789.381	    0.054
4790.241	    0.057
4791.102	    0.057
4791.962	    0.031
4792.823	    0.026
4793.684	    0.050
4794.546	    0.071
4795.407	    0.093
4796.269	    0.103
4797.130	    0.105
4797.992	    0.075
4798.854	    0.078
4799.717	    0.075
4800.579	    0.057
4801.441	    0.018
4802.304	    0.071
4803.167	    0.056
4804.030	    0.034
4804.893	    0.018
4805.756	    0.022
4806.620	    0.065
4807.483	    0.091
4808.347	    0.057
4809.211	    0.013
4810.075	    0.043
4810.939	    0.061
4811.803	    0.074
4812.668	    0.071
4813.533	    0.051
4814.397	    0.036
4815.262	    0.043
4816.128	    0.051
4816.993	    0.051
4817.858	    0.043
4818.724	    0.064
4819.590	    0.044
4820.456	    0.031
4821.322	    0.041
4822.188	    0.013
4823.054	    0.069
4823.921	    0.063
4824.787	    0.022
4825.654	    0.044
4826.521	    0.076
4827.388	    0.091
4828.256	    0.087
4829.123	    0.063
4829.991	    0.036
4830.859	    0.041
4831.727	    0.069
4832.595	    0.074
4833.463	    0.059
4834.331	    0.053
4835.200	    0.071
4836.069	    0.082
4836.937	    0.092
4837.806	    0.098
4838.676	    0.096
4839.545	    0.081
4840.415	    0.054
4841.284	    0.073
4842.154	    0.088
4843.024	    0.099
4843.894	    0.111
4844.764	    0.126
4845.635	    0.144
4846.505	    0.144
4847.376	    0.129
4848.247	    0.112
4849.118	    0.098
4849.989	    0.095
4850.861	    0.098
4851.732	    0.094
4852.604	    0.094
4853.476	    0.100
4854.348	    0.110
4855.220	    0.110
4856.092	    0.100
4856.965	    0.087
4857.837	    0.080
4858.710	    0.083
4859.583	    0.077
4860.456	    0.094
4861.329	    0.112
4862.203	    0.122
4863.076	    0.127
4863.950	    0.124
4864.824	    0.107
4865.698	    0.091
4866.572	    0.107
4867.447	    0.115
4868.321	    0.112
4869.196	    0.115
4870.071	    0.122
4870.946	    0.118
4871.821	    0.101
4872.696	    0.071
4873.571	    0.074
4874.447	    0.078
4875.323	    0.085
4876.199	    0.084
4877.075	    0.078
4877.951	    0.079
4878.827	    0.097
4879.704	    0.109
4880.581	    0.092
4881.458	    0.084
4882.335	    0.079
4883.212	    0.059
4884.089	    0.046
4884.967	    0.083
4885.844	    0.077
4886.722	    0.061
4887.600	    0.068
4888.478	    0.081
4889.356	    0.068
4890.235	    0.053
4891.114	    0.106
4891.992	    0.108
4892.871	    0.109
4893.750	    0.131
4894.630	    0.104
4895.509	    0.046
4896.388	    0.053
4897.268	    0.054
4898.148	    0.034
4899.028	    0.036
4899.908	    0.026
4900.789	    0.054
4901.669	    0.065
4902.550	    0.076
4903.431	    0.067
4904.312	    0.054
4905.193	    0.138
4906.074	    0.205
4906.955	    0.270
4907.837	    0.316
4908.719	    0.334
4909.601	    0.325
4910.483	    0.294
4911.365	    0.248
4912.247	    0.193
4913.130	    0.125
4914.013	    0.063
4914.896	    0.056
4915.779	    0.050
4916.662	    0.041
4917.545	    0.034
4918.429	    0.029
4919.312	    0.029
4920.196	    0.029
4921.080	    0.038
4921.964	    0.067
4922.849	    0.081
4923.733	    0.074
4924.618	    0.054
4925.502	    0.026
4926.387	    0.031
4927.273	    0.043
4928.158	    0.048
4929.043	    0.041
4929.929	    0.059
4930.815	    0.060
4931.700	    0.026
4932.586	    0.054
4933.473	    0.059
4934.359	    0.022
4935.246	    0.067
4936.132	    0.067
4937.019	    0.080
4937.906	    0.078
4938.793	    0.044
4939.681	    0.038
4940.568	    0.036
4941.456	    0.054
4942.344	    0.103
4943.232	    0.109
4944.120	    0.105
4945.008	    0.091
4945.896	    0.081
4946.785	    0.034
4947.674	    0.056
4948.563	    0.053
4949.452	    0.065
4950.341	    0.078
4951.230	    0.099
4952.120	    0.094
4953.010	    0.098
4953.900	    0.089
4954.790	    0.071
4955.680	    0.041
4956.570	    0.048
4957.461	    0.064
4958.351	    0.038
4959.242	    0.048
4960.133	    0.026
4961.024	    0.018
4961.916	    0.057
4962.807	    0.034
4963.699	    0.064
4964.591	    0.060
4965.483	    0.100
4966.375	    0.102
4967.267	    0.114
4968.159	    0.092
4969.052	    0.086
4969.945	    0.086
4970.838	    0.082
4971.731	    0.075
4972.624	    0.075
4973.518	    0.067
4974.411	    0.082
4975.305	    0.067
4976.199	    0.071
4977.093	    0.082
4977.987	    0.094
4978.881	    0.101
4979.776	    0.098
4980.671	    0.086
4981.565	    0.079
4982.460	    0.048
4983.356	    0.079
4984.251	    0.075
4985.146	    0.051
4986.042	    0.018
4986.938	    0.057
4987.834	    0.097
4988.730	    0.115
4989.626	    0.115
4990.523	    0.088
4991.419	    0.068
4992.316	    0.013
4993.213	    0.056
4994.110	    0.081
4995.007	    0.097
4995.905	    0.094
4996.802	    0.075
4997.700	    0.057
4998.598	    0.044
4999.496	    0.038
5000.394	    0.064
5001.293	    0.044
5002.191	    0.026
5003.090	    0.018
5003.989	    0.041
5004.888	    0.073
5005.787	    0.080
5006.687	    0.077
5007.586	    0.083
5008.486	    0.076
5009.386	    0.056
5010.286	    0.036
5011.186	    0.013
5012.086	    0.022
5012.987	    0.029
5013.887	    0.048
5014.788	    0.078
5015.689	    0.064
5016.590	    0.054
5017.492	    0.078
5018.393	    0.092
5019.295	    0.088
5020.197	    0.092
5021.098	    0.113
5022.001	    0.129
5022.903	    0.133
5023.805	    0.132
5024.708	    0.134
5025.611	    0.131
5026.514	    0.129
5027.417	    0.120
5028.320	    0.118
5029.223	    0.119
5030.127	    0.115
5031.031	    0.109
5031.935	    0.108
5032.839	    0.107
5033.743	    0.087
5034.647	    0.082
5035.552	    0.093
5036.456	    0.090
5037.361	    0.074
5038.266	    0.071
5039.172	    0.085
5040.077	    0.080
5040.982	    0.067
5041.888	    0.069
5042.794	    0.093
5043.700	    0.056
5044.606	    0.026
5045.513	    0.053
5046.419	    0.064
5047.326	    0.069
5048.233	    0.051
5049.140	    0.079
5050.047	    0.107
5050.954	    0.106
5051.861	    0.088
5052.769	    0.022
5053.677	    0.113
5054.585	    0.168
5055.493	    0.192
5056.401	    0.189
5057.310	    0.174
5058.218	    0.152
5059.127	    0.124
5060.036	    0.043
5060.945	    0.038
5061.855	    0.041
5062.764	    0.054
5063.674	    0.046
5064.583	    0.050
5065.493	    0.063
5066.403	    0.057
5067.314	    0.038
5068.224	    0.064
5069.135	    0.050
5070.045	    0.059
5070.956	    0.074
5071.867	    0.075
5072.779	    0.085
5073.690	    0.078
5074.602	    0.065
5075.513	    0.067
5076.425	    0.065
5077.337	    0.073
5078.249	    0.068
5079.162	    0.098
5080.074	    0.105
5080.987	    0.100
5081.900	    0.097
5082.813	    0.107
5083.726	    0.103
5084.640	    0.083
5085.553	    0.067
5086.467	    0.057
5087.381	    0.075
5088.295	    0.085
5089.209	    0.094
5090.123	    0.107
5091.038	    0.120
5091.952	    0.123
5092.867	    0.112
5093.782	    0.092
5094.697	    0.075
5095.613	    0.064
5096.528	    0.051
5097.444	    0.013
5098.360	    0.041
5099.276	    0.050
5100.192	    0.074
5101.108	    0.073
5102.025	    0.031
5102.941	    0.059
5103.858	    0.081
5104.775	    0.090
5105.692	    0.087
5106.610	    0.075
5107.527	    0.043
5108.445	    0.051
5109.363	    0.079
5110.281	    0.080
5111.199	    0.087
5112.117	    0.094
5113.036	    0.095
5113.954	    0.093
5114.873	    0.092
5115.792	    0.086
5116.711	    0.083
5117.630	    0.093
5118.550	    0.097
5119.469	    0.095
5120.389	    0.090
5121.309	    0.091
5122.229	    0.076
5123.150	    0.064
5124.070	    0.063
5124.991	    0.067
5125.911	    0.070
5126.832	    0.075
5127.753	    0.088
5128.675	    0.084
5129.596	    0.064
5130.518	    0.057
5131.440	    0.018
5132.362	    0.065
5133.284	    0.077
5134.206	    0.079
5135.128	    0.075
5136.051	    0.061
5136.974	    0.029
5137.897	    0.054
5138.820	    0.073
5139.743	    0.079
5140.666	    0.076
5141.590	    0.076
5142.514	    0.060
5143.438	    0.054
5144.362	    0.059
5145.286	    0.059
5146.211	    0.065
5147.135	    0.063
5148.060	    0.059
5148.985	    0.078
5149.910	    0.096
5150.835	    0.090
5151.761	    0.093
5152.686	    0.108
5153.612	    0.086
5154.538	    0.013
5155.464	    0.051
5156.390	    0.070
5157.317	    0.103
5158.243	    0.120
5159.170	    0.115
5160.097	    0.099
5161.024	    0.092
5161.951	    0.088
5162.879	    0.057
5163.806	    0.051
5164.734	    0.077
5165.662	    0.083
5166.590	    0.086
5167.518	    0.069
5168.447	    0.074
5169.375	    0.067
5170.304	    0.057
5171.233	    0.069
5172.162	    0.070
5173.091	    0.034
5174.021	    0.056
5174.950	    0.083
5175.880	    0.105
5176.810	    0.115
5177.740	    0.135
5178.670	    0.124
5179.601	    0.103
5180.531	    0.096
5181.462	    0.093
5182.393	    0.080
5183.324	    0.065
5184.255	    0.070
5185.187	    0.079
5186.118	    0.076
5187.050	    0.067
5187.982	    0.034
5188.914	    0.064
5189.846	    0.082
5190.779	    0.098
5191.712	    0.106
5192.644	    0.109
5193.577	    0.110
5194.510	    0.108
5195.444	    0.107
5196.377	    0.106
5197.311	    0.106
5198.244	    0.107
5199.178	    0.107
5200.112	    0.109
5201.047	    0.112
5201.981	    0.115
5202.916	    0.116
5203.851	    0.115
5204.786	    0.111
5205.721	    0.105
5206.656	    0.098
5207.591	    0.092
5208.527	    0.087
5209.463	    0.086
5210.399	    0.087
5211.335	    0.090
5212.271	    0.094
5213.208	    0.100
5214.144	    0.109
5215.081	    0.122
5216.018	    0.140
5216.955	    0.157
5217.892	    0.169
5218.830	    0.173
5219.768	    0.170
5220.705	    0.166
5221.643	    0.167
5222.582	    0.169
5223.520	    0.167
5224.458	    0.159
5225.397	    0.144
5226.336	    0.128
5227.275	    0.117
5228.214	    0.111
5229.153	    0.110
5230.093	    0.114
5231.032	    0.124
5231.972	    0.138
5232.912	    0.154
5233.852	    0.165
5234.793	    0.167
5235.733	    0.160
5236.674	    0.147
5237.615	    0.134
5238.556	    0.126
5239.497	    0.121
5240.438	    0.116
5241.380	    0.115
5242.322	    0.118
5243.263	    0.126
5244.205	    0.128
5245.148	    0.130
5246.090	    0.140
5247.033	    0.155
5247.975	    0.166
5248.918	    0.172
5249.861	    0.178
5250.804	    0.180
5251.748	    0.175
5252.691	    0.164
5253.635	    0.153
5254.579	    0.143
5255.523	    0.133
5256.467	    0.121
5257.412	    0.107
5258.356	    0.100
5259.301	    0.092
5260.246	    0.084
5261.191	    0.080
5262.136	    0.087
5263.082	    0.098
5264.027	    0.109
5264.973	    0.124
5265.919	    0.138
5266.865	    0.139
5267.811	    0.129
5268.758	    0.120
5269.704	    0.115
5270.651	    0.102
5271.598	    0.094
5272.545	    0.092
5273.493	    0.079
5274.440	    0.061
5275.388	    0.057
5276.335	    0.053
5277.283	    0.077
5278.232	    0.104
5279.180	    0.124
5280.128	    0.133
5281.077	    0.133
5282.026	    0.129
5282.975	    0.122
5283.924	    0.111
5284.873	    0.095
5285.823	    0.091
5286.773	    0.092
5287.722	    0.086
5288.672	    0.075
5289.623	    0.090
5290.573	    0.089
5291.523	    0.103
5292.474	    0.115
5293.425	    0.122
5294.376	    0.114
5295.327	    0.104
5296.279	    0.090
5297.230	    0.071
5298.182	    0.064
5299.134	    0.071
5300.086	    0.080
5301.038	    0.084
5301.991	    0.101
5302.943	    0.110
5303.896	    0.108
5304.849	    0.113
5305.802	    0.118
5306.755	    0.110
5307.709	    0.088
5308.662	    0.081
5309.616	    0.086
5310.570	    0.090
5311.524	    0.104
5312.478	    0.125
5313.433	    0.131
5314.388	    0.115
5315.342	    0.105
5316.297	    0.103
5317.252	    0.069
5318.208	    0.034
5319.163	    0.043
5320.119	    0.034
5321.075	    0.044
5322.031	    0.048
5322.987	    0.079
5323.943	    0.075
5324.900	    0.067
5325.857	    0.034
5326.813	    0.060
5327.770	    0.063
5328.728	    0.075
5329.685	    0.082
5330.643	    0.082
5331.600	    0.077
5332.558	    0.092
5333.516	    0.107
5334.475	    0.098
5335.433	    0.093
5336.392	    0.101
5337.350	    0.079
5338.309	    0.022
5339.268	    0.022
5340.228	    0.075
5341.187	    0.056
5342.147	    0.086
5343.107	    0.080
5344.067	    0.094
5345.027	    0.071
5345.987	    0.069
5346.947	    0.057
5347.908	    0.082
5348.869	    0.076
5349.830	    0.091
5350.791	    0.093
5351.752	    0.103
5352.714	    0.113
5353.676	    0.128
5354.638	    0.137
5355.600	    0.146
5356.562	    0.158
5357.524	    0.153
5358.487	    0.149
5359.449	    0.154
5360.412	    0.142
5361.375	    0.115
5362.339	    0.103
5363.302	    0.113
5364.266	    0.098
5365.230	    0.113
5366.193	    0.098
5367.158	    0.131
5368.122	    0.133
5369.086	    0.117
5370.051	    0.100
5371.016	    0.116
5371.981	    0.107
5372.946	    0.104
5373.911	    0.108
5374.877	    0.115
5375.842	    0.116
5376.808	    0.093
5377.774	    0.029
5378.741	    0.048
5379.707	    0.018
5380.673	    0.031
5381.640	    0.048
5382.607	    0.031
5383.574	    0.022
5384.541	    0.034
5385.509	    0.044
5386.476	    0.050
5387.444	    0.050
5388.412	    0.046
5389.380	    0.038
5390.348	    0.018
5391.317	    0.034
5392.286	    0.050
5393.254	    0.053
5394.223	    0.046
5395.192	    0.029
5396.162	    0.013
5397.131	    0.022
5398.101	    0.022
5399.071	    0.029
5400.041	    0.060
5401.011	    0.074
5401.981	    0.068
5402.952	    0.070
5403.923	    0.086
5404.894	    0.093
5405.865	    0.094
5406.836	    0.099
5407.807	    0.112
5408.779	    0.109
5409.751	    0.096
5410.723	    0.077
5411.695	    0.086
5412.667	    0.071
5413.639	    0.094
5414.612	    0.091
5415.585	    0.102
5416.558	    0.097
5417.531	    0.087
5418.504	    0.073
5419.478	    0.095
5420.452	    0.098
5421.426	    0.107
5422.400	    0.113
5423.374	    0.103
5424.348	    0.082
5425.323	    0.064
5426.297	    0.034
5427.272	    0.041
5428.247	    0.063
5429.223	    0.064
5430.198	    0.051
5431.174	    0.034
5432.150	    0.013
5433.126	    0.022
5434.102	    0.026
5435.078	    0.034
5436.055	    0.046
5437.031	    0.073
5438.008	    0.064
5438.985	    0.026
5439.962	    0.043
5440.940	    0.071
5441.917	    0.088
5442.895	    0.098
5443.873	    0.120
5444.851	    0.134
5445.829	    0.104
5446.808	    0.044
5447.786	    0.054
5448.765	    0.022
5449.744	    0.034
5450.723	    0.063
5451.702	    0.060
5452.682	    0.038
5453.661	    0.038
5454.641	    0.029
5455.621	    0.026
5456.601	    0.043
5457.582	    0.067
5458.562	    0.095
5459.543	    0.103
5460.524	    0.105
5461.505	    0.118
5462.486	    0.129
5463.468	    0.126
5464.449	    0.120
5465.431	    0.120
5466.413	    0.119
5467.395	    0.115
5468.377	    0.103
5469.360	    0.089
5470.343	    0.087
5471.325	    0.084
5472.308	    0.076
5473.292	    0.086
5474.275	    0.107
5475.258	    0.107
5476.242	    0.107
5477.226	    0.108
5478.210	    0.092
5479.194	    0.076
5480.179	    0.073
5481.163	    0.050
5482.148	    0.057
5483.133	    0.082
5484.118	    0.075
5485.104	    0.048
5486.089	    0.069
5487.075	    0.075
5488.060	    0.063
5489.047	    0.063
5490.033	    0.077
5491.019	    0.081
5492.006	    0.069
5492.992	    0.079
5493.979	    0.071
5494.966	    0.054
5495.954	    0.026
5496.941	    0.013
5497.929	    0.034
5498.916	    0.038
5499.904	    0.046
5500.892	    0.048
5501.881	    0.018
5502.869	    0.036
5503.858	    0.013
5504.847	    0.036
5505.836	    0.044
5506.825	    0.048
5507.814	    0.046
5508.804	    0.054
5509.794	    0.068
5510.784	    0.077
5511.774	    0.080
5512.764	    0.074
5513.754	    0.036
5514.745	    0.057
5515.736	    0.067
5516.727	    0.067
5517.718	    0.069
5518.709	    0.063
5519.701	    0.034
5520.693	    0.038
5521.684	    0.050
5522.677	    0.013
5523.669	    0.061
5524.661	    0.079
5525.654	    0.091
5526.647	    0.111
5527.639	    0.117
5528.633	    0.120
5529.626	    0.108
5530.619	    0.088
5531.613	    0.050
5532.607	    0.048
5533.601	    0.074
5534.595	    0.090
5535.589	    0.081
5536.584	    0.044
5537.579	    0.018
5538.574	    0.013
5539.569	    0.057
5540.564	    0.071
5541.559	    0.069
5542.555	    0.078
5543.551	    0.075
5544.547	    0.078
5545.543	    0.071
5546.539	    0.064
5547.536	    0.077
5548.533	    0.096
5549.529	    0.112
5550.527	    0.113
5551.524	    0.110
5552.521	    0.090
5553.519	    0.013
5554.517	    0.074
5555.514	    0.057
5556.513	    0.036
5557.511	    0.013
5558.509	    0.057
5559.508	    0.078
5560.507	    0.078
5561.506	    0.063
5562.505	    0.063
5563.505	    0.069
5564.504	    0.064
5565.504	    0.048
5566.504	    0.051
5567.504	    0.044
5568.504	    0.038
5569.505	    0.018
5570.505	    0.022
5571.506	    0.044
5572.507	    0.034
5573.508	    0.085
5574.510	    0.118
5575.511	    0.141
5576.513	    0.156
5577.515	    0.165
5578.517	    0.137
5579.519	    0.103
5580.522	    0.067
5581.524	    0.064
5582.527	    0.099
5583.530	    0.100
5584.533	    0.103
5585.537	    0.103
5586.540	    0.091
5587.544	    0.086
5588.548	    0.075
5589.552	    0.043
5590.556	    0.043
5591.560	    0.036
5592.565	    0.048
5593.570	    0.064
5594.575	    0.079
5595.580	    0.084
5596.585	    0.080
5597.591	    0.053
5598.596	    0.013
5599.602	    0.013
5600.608	    0.029
5601.615	    0.051
5602.621	    0.061
5603.628	    0.077
5604.634	    0.098
5605.641	    0.107
5606.649	    0.103
5607.656	    0.083
5608.663	    0.056
5609.671	    0.029
5610.679	    0.038
5611.687	    0.060
5612.695	    0.054
5613.704	    0.048
5614.712	    0.059
5615.721	    0.057
5616.730	    0.050
5617.739	    0.053
5618.748	    0.041
5619.758	    0.054
5620.767	    0.095
5621.777	    0.113
5622.787	    0.119
5623.798	    0.115
5624.808	    0.097
5625.819	    0.063
5626.829	    0.034
5627.840	    0.048
5628.851	    0.073
5629.863	    0.091
5630.874	    0.102
5631.886	    0.107
5632.898	    0.095
5633.910	    0.064
5634.922	    0.050
5635.934	    0.073
5636.947	    0.092
5637.960	    0.089
5638.973	    0.084
5639.986	    0.069
5640.999	    0.091
5642.013	    0.096
5643.026	    0.110
5644.040	    0.129
5645.054	    0.135
5646.068	    0.129
5647.083	    0.115
5648.097	    0.099
5649.112	    0.075
5650.127	    0.056
5651.142	    0.036
5652.157	    0.051
5653.173	    0.034
5654.189	    0.046
5655.205	    0.077
5656.221	    0.096
5657.237	    0.093
5658.253	    0.080
5659.270	    0.075
5660.287	    0.069
5661.304	    0.065
5662.321	    0.096
5663.338	    0.100
5664.355	    0.104
5665.373	    0.102
5666.391	    0.114
5667.409	    0.114
5668.427	    0.124
5669.446	    0.115
5670.464	    0.103
5671.483	    0.110
5672.502	    0.107
5673.521	    0.103
5674.541	    0.112
5675.560	    0.117
5676.580	    0.103
5677.600	    0.094
5678.620	    0.082
5679.640	    0.054
5680.660	    0.071
5681.681	    0.092
5682.702	    0.099
5683.723	    0.090
5684.744	    0.094
5685.765	    0.093
5686.787	    0.079
5687.809	    0.077
5688.830	    0.083
5689.853	    0.094
5690.875	    0.106
5691.897	    0.110
5692.920	    0.113
5693.943	    0.128
5694.966	    0.128
5695.989	    0.126
5697.012	    0.142
5698.036	    0.146
5699.060	    0.133
5700.084	    0.129
5701.108	    0.125
5702.132	    0.110
5703.156	    0.118
5704.181	    0.135
5705.206	    0.131
5706.231	    0.125
5707.256	    0.122
5708.282	    0.111
5709.307	    0.104
5710.333	    0.119
5711.359	    0.126
5712.385	    0.129
5713.411	    0.137
5714.438	    0.138
5715.464	    0.142
5716.491	    0.136
5717.518	    0.124
5718.546	    0.118
5719.573	    0.113
5720.601	    0.093
5721.628	    0.098
5722.656	    0.104
5723.685	    0.085
5724.713	    0.113
5725.741	    0.141
5726.770	    0.147
5727.799	    0.152
5728.828	    0.151
5729.857	    0.128
5730.887	    0.115
5731.916	    0.103
5732.946	    0.110
5733.976	    0.104
5735.007	    0.129
5736.037	    0.134
5737.067	    0.137
5738.098	    0.139
5739.129	    0.151
5740.160	    0.142
5741.192	    0.133
5742.223	    0.137
5743.255	    0.138
5744.287	    0.146
5745.319	    0.140
5746.351	    0.137
5747.383	    0.129
5748.416	    0.120
5749.449	    0.113
5750.482	    0.112
5751.515	    0.114
5752.548	    0.124
5753.582	    0.131
5754.615	    0.130
5755.649	    0.137
5756.683	    0.145
5757.718	    0.143
5758.752	    0.140
5759.787	    0.144
5760.822	    0.145
5761.857	    0.148
5762.892	    0.150
5763.927	    0.144
5764.963	    0.147
5765.999	    0.158
5767.035	    0.158
5768.071	    0.146
5769.107	    0.150
5770.143	    0.146
5771.180	    0.146
5772.217	    0.148
5773.254	    0.159
5774.291	    0.155
5775.329	    0.147
5776.366	    0.128
5777.404	    0.114
5778.442	    0.122
5779.480	    0.132
5780.519	    0.136
5781.557	    0.144
5782.596	    0.144
5783.635	    0.136
5784.674	    0.132
5785.713	    0.131
5786.753	    0.134
5787.793	    0.144
5788.832	    0.146
5789.873	    0.146
5790.913	    0.142
5791.953	    0.134
5792.994	    0.122
5794.035	    0.128
5795.076	    0.131
5796.117	    0.132
5797.158	    0.119
5798.200	    0.119
5799.241	    0.111
5800.283	    0.118
5801.325	    0.126
5802.368	    0.157
5803.410	    0.161
5804.453	    0.160
5805.496	    0.147
5806.539	    0.135
5807.582	    0.129
5808.625	    0.128
5809.669	    0.122
5810.713	    0.134
5811.757	    0.137
5812.801	    0.136
5813.845	    0.139
5814.890	    0.140
5815.935	    0.128
5816.980	    0.116
5818.025	    0.110
5819.070	    0.112
5820.115	    0.108
5821.161	    0.114
5822.207	    0.122
5823.253	    0.115
5824.299	    0.105
5825.346	    0.119
5826.392	    0.132
5827.439	    0.131
5828.486	    0.135
5829.533	    0.137
5830.581	    0.134
5831.628	    0.137
5832.676	    0.144
5833.724	    0.141
5834.772	    0.140
5835.820	    0.139
5836.869	    0.128
5837.917	    0.121
5838.966	    0.129
5840.015	    0.140
5841.065	    0.140
5842.114	    0.137
5843.164	    0.137
5844.213	    0.124
5845.263	    0.104
5846.314	    0.106
5847.364	    0.109
5848.415	    0.095
5849.465	    0.083
5850.516	    0.075
5851.567	    0.076
5852.619	    0.081
5853.670	    0.103
5854.722	    0.129
5855.774	    0.136
5856.826	    0.126
5857.878	    0.128
5858.931	    0.137
5859.983	    0.143
5861.036	    0.149
5862.089	    0.158
5863.142	    0.162
5864.196	    0.157
5865.249	    0.143
5866.303	    0.110
5867.357	    0.041
5868.411	    0.090
5869.466	    0.114
5870.520	    0.101
5871.575	    0.065
5872.630	    0.013
5873.685	    0.043
5874.740	    0.013
5875.796	    0.034
5876.851	    0.043
5877.907	    0.029
5878.963	    0.050
5880.019	    0.076
5881.076	    0.089
5882.133	    0.112
5883.189	    0.130
5884.246	    0.143
5885.304	    0.150
5886.361	    0.151
5887.419	    0.142
5888.476	    0.125
5889.534	    0.097
5890.592	    0.060
5891.651	    0.036
5892.709	    0.044
5893.768	    0.063
5894.827	    0.090
5895.886	    0.099
5896.945	    0.089
5898.005	    0.069
5899.064	    0.075
5900.124	    0.065
5901.184	    0.053
5902.245	    0.065
5903.305	    0.064
5904.366	    0.038
5905.426	    0.046
5906.487	    0.048
5907.549	    0.026
5908.610	    0.029
5909.671	    0.054
5910.733	    0.071
5911.795	    0.081
5912.857	    0.088
5913.920	    0.090
5914.982	    0.093
5916.045	    0.079
5917.108	    0.022
5918.171	    0.034
5919.234	    0.057
5920.298	    0.093
5921.361	    0.075
5922.425	    0.053
5923.489	    0.013
5924.554	    0.053
5925.618	    0.054
5926.683	    0.060
5927.747	    0.056
5928.812	    0.044
5929.878	    0.088
5930.943	    0.120
5932.009	    0.124
5933.074	    0.130
5934.140	    0.137
5935.206	    0.131
5936.273	    0.111
5937.339	    0.110
5938.406	    0.111
5939.473	    0.064
5940.540	    0.031
5941.607	    0.031
5942.675	    0.067
5943.743	    0.094
5944.811	    0.095
5945.879	    0.110
5946.947	    0.136
5948.015	    0.163
5949.084	    0.183
5950.153	    0.197
5951.222	    0.191
5952.291	    0.175
5953.360	    0.148
5954.430	    0.140
5955.500	    0.144
5956.570	    0.137
5957.640	    0.129
5958.710	    0.104
5959.781	    0.060
5960.852	    0.054
5961.923	    0.075
5962.994	    0.078
5964.065	    0.095
5965.137	    0.103
5966.209	    0.099
5967.280	    0.099
5968.353	    0.107
5969.425	    0.102
5970.497	    0.113
5971.570	    0.104
5972.643	    0.123
5973.716	    0.107
5974.789	    0.098
5975.863	    0.098
5976.936	    0.104
5978.010	    0.108
5979.084	    0.118
5980.158	    0.122
5981.233	    0.128
5982.308	    0.126
5983.382	    0.117
5984.457	    0.105
5985.533	    0.091
5986.608	    0.063
5987.684	    0.080
5988.759	    0.086
5989.835	    0.095
5990.911	    0.101
5991.988	    0.111
5993.064	    0.105
5994.141	    0.102
5995.218	    0.092
5996.295	    0.076
5997.372	    0.067
5998.450	    0.090
5999.528	    0.108
6000.606	    0.124
6001.684	    0.137
6002.762	    0.137
6003.840	    0.102
6004.919	    0.075
6005.998	    0.048
6007.077	    0.056
6008.156	    0.084
6009.236	    0.098
6010.315	    0.108
6011.395	    0.099
6012.475	    0.090
6013.556	    0.090
6014.636	    0.098
6015.717	    0.118
6016.797	    0.134
6017.878	    0.135
6018.960	    0.119
6020.041	    0.092
6021.123	    0.074
6022.204	    0.071
6023.286	    0.082
6024.369	    0.102
6025.451	    0.104
6026.534	    0.090
6027.616	    0.075
6028.699	    0.059
6029.782	    0.048
6030.866	    0.067
6031.949	    0.081
6033.033	    0.074
6034.117	    0.046
6035.201	    0.013
6036.285	    0.043
6037.370	    0.068
6038.455	    0.087
6039.539	    0.105
6040.625	    0.110
6041.710	    0.107
6042.795	    0.100
6043.881	    0.067
6044.967	    0.013
6046.053	    0.044
6047.139	    0.053
6048.226	    0.022
6049.312	    0.077
6050.399	    0.087
6051.486	    0.080
6052.573	    0.079
6053.661	    0.071
6054.749	    0.067
6055.836	    0.069
6056.924	    0.061
6058.013	    0.051
6059.101	    0.041
6060.190	    0.036
6061.278	    0.059
6062.367	    0.064
6063.457	    0.065
6064.546	    0.069
6065.636	    0.034
6066.725	    0.053
6067.815	    0.036
6068.906	    0.043
6069.996	    0.050
6071.086	    0.092
6072.177	    0.081
6073.268	    0.068
6074.359	    0.036
6075.451	    0.050
6076.542	    0.046
6077.634	    0.053
6078.726	    0.084
6079.818	    0.092
6080.910	    0.080
6082.003	    0.044
6083.096	    0.013
6084.189	    0.038
6085.282	    0.018
6086.375	    0.044
6087.468	    0.026
6088.562	    0.065
6089.656	    0.074
6090.750	    0.089
6091.844	    0.087
6092.939	    0.082
6094.034	    0.080
6095.129	    0.071
6096.224	    0.067
6097.319	    0.056
6098.414	    0.036
6099.510	    0.051
6100.606	    0.089
6101.702	    0.089
6102.798	    0.128
6103.895	    0.158
6104.991	    0.177
6106.088	    0.204
6107.185	    0.219
6108.282	    0.221
6109.380	    0.232
6110.478	    0.242
6111.575	    0.250
6112.673	    0.279
6113.772	    0.290
6114.870	    0.290
6115.969	    0.290
6117.068	    0.290
6118.167	    0.276
6119.266	    0.268
6120.365	    0.289
6121.465	    0.318
6122.565	    0.333
6123.665	    0.351
6124.765	    0.363
6125.865	    0.350
6126.966	    0.330
6128.067	    0.317
6129.168	    0.303
6130.269	    0.288
6131.370	    0.271
6132.472	    0.253
6133.574	    0.233
6134.676	    0.210
6135.778	    0.183
6136.880	    0.151
6137.983	    0.113
6139.086	    0.050
6140.189	    0.086
6141.292	    0.131
6142.395	    0.165
6143.499	    0.192
6144.602	    0.204
6145.706	    0.199
6146.811	    0.188
6147.915	    0.161
6149.020	    0.121
6150.124	    0.104
6151.229	    0.107
6152.334	    0.104
6153.440	    0.114
6154.545	    0.119
6155.651	    0.102
6156.757	    0.084
6157.863	    0.075
6158.970	    0.054
6160.076	    0.061
6161.183	    0.080
6162.290	    0.087
6163.397	    0.092
6164.504	    0.092
6165.612	    0.084
6166.720	    0.099
6167.828	    0.114
6168.936	    0.102
6170.044	    0.099
6171.153	    0.122
6172.261	    0.113
6173.370	    0.107
6174.479	    0.106
6175.589	    0.099
6176.698	    0.093
6177.808	    0.109
6178.918	    0.131
6180.028	    0.146
6181.138	    0.142
6182.249	    0.144
6183.360	    0.133
6184.471	    0.116
6185.582	    0.123
6186.693	    0.136
6187.805	    0.128
6188.916	    0.125
6190.028	    0.126
6191.140	    0.111
6192.253	    0.106
6193.365	    0.106
6194.478	    0.093
6195.591	    0.076
6196.704	    0.074
6197.817	    0.068
6198.931	    0.054
6200.045	    0.043
6201.159	    0.067
6202.273	    0.070
6203.387	    0.093
6204.502	    0.125
6205.616	    0.140
6206.731	    0.129
6207.846	    0.132
6208.962	    0.127
6210.077	    0.091
6211.193	    0.098
6212.309	    0.081
6213.425	    0.074
6214.541	    0.074
6215.658	    0.088
6216.775	    0.094
6217.892	    0.092
6219.009	    0.076
6220.126	    0.064
6221.244	    0.065
6222.361	    0.091
6223.479	    0.106
6224.597	    0.104
6225.716	    0.096
6226.834	    0.074
6227.953	    0.059
6229.072	    0.064
6230.191	    0.095
6231.310	    0.115
6232.430	    0.115
6233.550	    0.124
6234.670	    0.122
6235.790	    0.105
6236.910	    0.088
6238.031	    0.046
6239.152	    0.018
6240.272	    0.057
6241.394	    0.082
6242.515	    0.118
6243.637	    0.133
6244.758	    0.131
6245.880	    0.127
6247.002	    0.110
6248.125	    0.098
6249.247	    0.098
6250.370	    0.091
6251.493	    0.096
6252.616	    0.100
6253.740	    0.095
6254.863	    0.086
6255.987	    0.078
6257.111	    0.076
6258.235	    0.079
6259.360	    0.085
6260.484	    0.090
6261.609	    0.090
6262.734	    0.087
6263.859	    0.084
6264.985	    0.082
6266.110	    0.082
6267.236	    0.082
6268.362	    0.084
6269.488	    0.086
6270.615	    0.091
6271.741	    0.096
6272.868	    0.103
6273.995	    0.112
6275.122	    0.117
6276.250	    0.119
6277.377	    0.118
6278.505	    0.118
6279.633	    0.119
6280.761	    0.120
6281.890	    0.120
6283.018	    0.118
6284.147	    0.117
6285.276	    0.117
6286.406	    0.117
6287.535	    0.118
6288.665	    0.122
6289.795	    0.128
6290.925	    0.136
6292.055	    0.139
6293.185	    0.138
6294.316	    0.132
6295.447	    0.126
6296.578	    0.123
6297.709	    0.124
6298.841	    0.127
6299.972	    0.131
6301.104	    0.143
6302.236	    0.153
6303.369	    0.165
6304.501	    0.178
6305.634	    0.175
6306.767	    0.165
6307.900	    0.153
6309.033	    0.126
6310.167	    0.120
6311.300	    0.137
6312.434	    0.163
6313.568	    0.183
6314.703	    0.192
6315.837	    0.201
6316.972	    0.193
6318.107	    0.197
6319.242	    0.196
6320.377	    0.193
6321.513	    0.194
6322.649	    0.186
6323.785	    0.165
6324.921	    0.161
6326.057	    0.155
6327.194	    0.151
6328.331	    0.170
6329.468	    0.184
6330.605	    0.178
6331.742	    0.175
6332.880	    0.173
6334.017	    0.165
6335.155	    0.170
6336.294	    0.173
6337.432	    0.166
6338.571	    0.154
6339.710	    0.143
6340.849	    0.144
6341.988	    0.149
6343.127	    0.148
6344.267	    0.147
6345.407	    0.140
6346.547	    0.133
6347.687	    0.133
6348.827	    0.135
6349.968	    0.139
6351.109	    0.145
6352.250	    0.138
6353.391	    0.136
6354.533	    0.150
6355.674	    0.162
6356.816	    0.183
6357.958	    0.210
6359.101	    0.236
6360.243	    0.260
6361.386	    0.282
6362.529	    0.288
6363.672	    0.276
6364.815	    0.249
6365.959	    0.213
6367.103	    0.170
6368.247	    0.139
6369.391	    0.133
6370.535	    0.129
6371.680	    0.120
6372.824	    0.113
6373.969	    0.115
6375.115	    0.118
6376.260	    0.133
6377.406	    0.151
6378.551	    0.148
6379.697	    0.138
6380.844	    0.136
6381.990	    0.142
6383.137	    0.149
6384.283	    0.154
6385.430	    0.155
6386.578	    0.142
6387.725	    0.129
6388.873	    0.133
6390.021	    0.132
6391.169	    0.142
6392.317	    0.164
6393.465	    0.169
6394.614	    0.173
6395.763	    0.180
6396.912	    0.166
6398.061	    0.157
6399.211	    0.158
6400.361	    0.147
6401.511	    0.129
6402.661	    0.115
6403.811	    0.092
6404.962	    0.075
6406.112	    0.080
6407.263	    0.097
6408.414	    0.131
6409.566	    0.151
6410.717	    0.166
6411.869	    0.166
6413.021	    0.155
6414.173	    0.147
6415.326	    0.146
6416.478	    0.142
6417.631	    0.143
6418.784	    0.141
6419.937	    0.133
6421.091	    0.144
6422.245	    0.166
6423.398	    0.175
6424.552	    0.182
6425.707	    0.191
6426.861	    0.195
6428.016	    0.190
6429.171	    0.184
6430.326	    0.173
6431.481	    0.150
6432.637	    0.132
6433.792	    0.129
6434.948	    0.124
6436.104	    0.124
6437.261	    0.130
6438.417	    0.137
6439.574	    0.144
6440.731	    0.149
6441.888	    0.153
6443.046	    0.143
6444.203	    0.129
6445.361	    0.131
6446.519	    0.126
6447.677	    0.125
6448.836	    0.137
6449.994	    0.140
6451.153	    0.140
6452.312	    0.142
6453.471	    0.139
6454.631	    0.133
6455.791	    0.132
6456.950	    0.127
6458.111	    0.113
6459.271	    0.109
6460.431	    0.108
6461.592	    0.117
6462.753	    0.133
6463.914	    0.141
6465.075	    0.144
6466.237	    0.152
6467.399	    0.151
6468.561	    0.136
6469.723	    0.134
6470.885	    0.124
6472.048	    0.107
6473.211	    0.124
6474.374	    0.115
6475.537	    0.102
6476.700	    0.096
6477.864	    0.091
6479.028	    0.079
6480.192	    0.078
6481.356	    0.090
6482.521	    0.084
6483.685	    0.074
6484.850	    0.078
6486.015	    0.063
6487.181	    0.048
6488.346	    0.084
6489.512	    0.103
6490.678	    0.122
6491.844	    0.142
6493.010	    0.153
6494.177	    0.148
6495.344	    0.136
6496.511	    0.112
6497.678	    0.076
6498.845	    0.056
6500.013	    0.074
6501.181	    0.098
6502.349	    0.106
6503.517	    0.125
6504.685	    0.126
6505.854	    0.109
6507.023	    0.101
6508.192	    0.088
6509.361	    0.068
6510.531	    0.057
6511.700	    0.064
6512.870	    0.077
6514.041	    0.079
6515.211	    0.063
6516.381	    0.022
6517.552	    0.022
6518.723	    0.031
6519.894	    0.053
6521.066	    0.029
6522.237	    0.059
6523.409	    0.084
6524.581	    0.104
6525.753	    0.121
6526.926	    0.113
6528.099	    0.114
6529.271	    0.152
6530.445	    0.173
6531.618	    0.180
6532.791	    0.173
6533.965	    0.147
6535.139	    0.111
6536.313	    0.082
6537.487	    0.076
6538.662	    0.082
6539.837	    0.077
6541.012	    0.092
6542.187	    0.104
6543.362	    0.083
6544.538	    0.077
6545.714	    0.086
6546.890	    0.071
6548.066	    0.065
6549.243	    0.085
6550.419	    0.098
6551.596	    0.117
6552.773	    0.139
6553.950	    0.129
6555.128	    0.107
6556.306	    0.063
6557.484	    0.036
6558.662	    0.048
6559.840	    0.090
6561.019	    0.110
6562.198	    0.109
6563.377	    0.031
6564.556	    0.162
6565.735	    0.224
6566.915	    0.261
6568.095	    0.280
6569.275	    0.272
6570.455	    0.263
6571.635	    0.255
6572.816	    0.246
6573.997	    0.235
6575.178	    0.226
6576.359	    0.215
6577.541	    0.203
6578.723	    0.189
6579.905	    0.173
6581.087	    0.158
6582.269	    0.144
6583.452	    0.131
6584.635	    0.117
6585.818	    0.099
6587.001	    0.071
6588.184	    0.029
6589.368	    0.086
6590.552	    0.113
6591.736	    0.126
6592.920	    0.132
6594.105	    0.142
6595.290	    0.143
6596.475	    0.146
6597.660	    0.142
6598.845	    0.127
6600.031	    0.120
6601.216	    0.126
6602.402	    0.137
6603.589	    0.144
6604.775	    0.139
6605.962	    0.139
6607.149	    0.146
6608.336	    0.196
6609.523	    0.259
6610.710	    0.314
6611.898	    0.353
6613.086	    0.358
6614.274	    0.332
6615.463	    0.285
6616.651	    0.232
6617.840	    0.195
6619.029	    0.182
6620.218	    0.180
6621.408	    0.212
6622.597	    0.310
6623.787	    0.458
6624.977	    0.604
6626.167	    0.720
6627.358	    0.759
6628.549	    0.705
6629.740	    0.595
6630.931	    0.445
6632.122	    0.303
6633.314	    0.223
6634.505	    0.195
6635.697	    0.189
6636.890	    0.191
6638.082	    0.188
6639.275	    0.187
6640.467	    0.197
6641.660	    0.206
6642.854	    0.232
6644.047	    0.308
6645.241	    0.419
6646.435	    0.535
6647.629	    0.600
6648.823	    0.606
6650.018	    0.557
6651.213	    0.462
6652.408	    0.344
6653.603	    0.250
6654.798	    0.201
6655.994	    0.182
6657.190	    0.179
6658.386	    0.180
6659.582	    0.178
6660.779	    0.171
6661.975	    0.168
6663.172	    0.163
6664.369	    0.152
6665.567	    0.140
6666.764	    0.133
6667.962	    0.129
6669.160	    0.124
6670.358	    0.123
6671.557	    0.128
6672.755	    0.126
6673.954	    0.125
6675.153	    0.128
6676.353	    0.137
6677.552	    0.150
6678.752	    0.154
6679.952	    0.151
6681.152	    0.144
6682.352	    0.118
6683.553	    0.105
6684.754	    0.110
6685.955	    0.098
6687.156	    0.108
6688.357	    0.118
6689.559	    0.129
6690.761	    0.159
6691.963	    0.162
6693.165	    0.166
6694.368	    0.154
6695.571	    0.121
6696.774	    0.094
6697.977	    0.092
6699.180	    0.094
6700.384	    0.107
6701.588	    0.112
6702.792	    0.101
6703.996	    0.111
6705.200	    0.109
6706.405	    0.107
6707.610	    0.123
6708.815	    0.128
6710.020	    0.146
6711.226	    0.160
6712.432	    0.164
6713.638	    0.158
6714.844	    0.146
6716.050	    0.120
6717.257	    0.084
6718.464	    0.038
6719.671	    0.050
6720.878	    0.034
6722.086	    0.099
6723.293	    0.116
6724.501	    0.133
6725.710	    0.134
6726.918	    0.119
6728.127	    0.122
6729.335	    0.114
6730.544	    0.088
6731.754	    0.044
6732.963	    0.056
6734.173	    0.018
6735.383	    0.080
6736.593	    0.110
6737.803	    0.133
6739.014	    0.121
6740.224	    0.095
6741.435	    0.096
6742.647	    0.096
6743.858	    0.095
6745.070	    0.100
6746.281	    0.088
6747.494	    0.086
6748.706	    0.099
6749.918	    0.106
6751.131	    0.102
6752.344	    0.083
6753.557	    0.076
6754.771	    0.067
6755.984	    0.070
6757.198	    0.089
6758.412	    0.093
6759.626	    0.098
6760.841	    0.105
6762.055	    0.103
6763.270	    0.095
6764.485	    0.079
6765.701	    0.048
6766.916	    0.018
6768.132	    0.036
6769.348	    0.034
6770.564	    0.018
6771.781	    0.046
6772.997	    0.053
6774.214	    0.074
6775.431	    0.070
6776.649	    0.048
6777.866	    0.109
6779.084	    0.198
6780.302	    0.294
6781.520	    0.367
6782.738	    0.389
6783.957	    0.367
6785.176	    0.312
6786.395	    0.224
6787.614	    0.143
6788.834	    0.103
6790.053	    0.083
6791.273	    0.095
6792.494	    0.144
6793.714	    0.213
6794.935	    0.279
6796.155	    0.323
6797.376	    0.334
6798.598	    0.302
6799.819	    0.246
6801.041	    0.173
6802.263	    0.115
6803.485	    0.101
6804.707	    0.100
6805.930	    0.113
6807.153	    0.122
6808.376	    0.111
6809.599	    0.107
6810.822	    0.097
6812.046	    0.086
6813.270	    0.098
6814.494	    0.099
6815.718	    0.097
6816.943	    0.094
6818.168	    0.075
6819.392	    0.071
6820.618	    0.089
6821.843	    0.098
6823.069	    0.115
6824.295	    0.130
6825.521	    0.135
6826.747	    0.140
6827.974	    0.144
6829.200	    0.136
6830.427	    0.146
6831.654	    0.154
6832.882	    0.152
6834.109	    0.150
6835.337	    0.128
6836.565	    0.100
6837.794	    0.090
6839.022	    0.085
6840.251	    0.092
6841.480	    0.103
6842.709	    0.113
6843.938	    0.098
6845.168	    0.082
6846.398	    0.067
6847.628	    0.061
6848.858	    0.073
6850.089	    0.065
6851.319	    0.036
6852.550	    0.048
6853.782	    0.053
6855.013	    0.060
6856.245	    0.114
6857.476	    0.136
6858.708	    0.139
6859.941	    0.145
6861.173	    0.156
6862.406	    0.149
6863.639	    0.128
6864.872	    0.067
6866.105	    0.124
6867.339	    0.176
6868.573	    0.199
6869.807	    0.208
6871.041	    0.215
6872.276	    0.204
6873.510	    0.191
6874.745	    0.186
6875.980	    0.184
6877.216	    0.180
6878.451	    0.173
6879.687	    0.158
6880.923	    0.120
6882.159	    0.082
6883.396	    0.077
6884.633	    0.089
6885.870	    0.110
6887.107	    0.126
6888.344	    0.128
6889.582	    0.130
6890.820	    0.131
6892.058	    0.131
6893.296	    0.125
6894.534	    0.122
6895.773	    0.126
6897.012	    0.131
6898.251	    0.132
6899.490	    0.126
6900.730	    0.113
6901.970	    0.101
6903.210	    0.104
6904.450	    0.115
6905.691	    0.126
6906.931	    0.131
6908.172	    0.120
6909.413	    0.078
6910.655	    0.041
6911.896	    0.013
6913.138	    0.031
6914.380	    0.094
6915.623	    0.117
6916.865	    0.110
6918.108	    0.094
6919.351	    0.061
6920.594	    0.034
6921.837	    0.031
6923.081	    0.080
6924.325	    0.101
6925.569	    0.116
6926.813	    0.105
6928.058	    0.092
6929.302	    0.083
6930.547	    0.044
6931.792	    0.036
6933.038	    0.034
6934.284	    0.036
6935.529	    0.085
6936.775	    0.104
6938.022	    0.119
6939.268	    0.128
6940.515	    0.112
6941.762	    0.086
6943.009	    0.026
6944.257	    0.046
6945.504	    0.048
6946.752	    0.080
6948.000	    0.092
6949.248	    0.098
6950.497	    0.071
6951.746	    0.059
6952.995	    0.061
6954.244	    0.029
6955.493	    0.046
6956.743	    0.053
6957.993	    0.067
6959.243	    0.076
6960.493	    0.075
6961.744	    0.073
6962.995	    0.059
6964.246	    0.034
6965.497	    0.064
6966.748	    0.071
6968.000	    0.081
6969.252	    0.076
6970.504	    0.085
6971.756	    0.106
6973.009	    0.110
6974.262	    0.110
6975.515	    0.107
6976.768	    0.112
6978.022	    0.113
6979.275	    0.098
6980.529	    0.054
6981.783	    0.053
6983.038	    0.075
6984.292	    0.080
6985.547	    0.068
6986.802	    0.068
6988.058	    0.063
6989.313	    0.053
6990.569	    0.022
6991.825	    0.029
6993.081	    0.048
6994.337	    0.046
6995.594	    0.043
6996.851	    0.036
6998.108	    0.050
6999.365	    0.074
7000.623	    0.085
7001.881	    0.101
7003.139	    0.096
7004.397	    0.097
7005.655	    0.099
7006.914	    0.102
7008.173	    0.086
7009.432	    0.067
7010.691	    0.038
7011.951	    0.034
7013.211	    0.044
7014.471	    0.026
7015.731	    0.067
7016.991	    0.076
7018.252	    0.070
7019.513	    0.074
7020.774	    0.051
7022.036	    0.061
7023.297	    0.093
7024.559	    0.086
7025.821	    0.093
7027.083	    0.083
7028.346	    0.022
7029.609	    0.038
7030.872	    0.054
7032.135	    0.065
7033.398	    0.043
7034.662	    0.038
7035.926	    0.026
7037.190	    0.041
7038.454	    0.069
7039.719	    0.094
7040.984	    0.104
7042.249	    0.107
7043.514	    0.102
7044.779	    0.075
7046.045	    0.075
7047.311	    0.046
7048.577	    0.013
7049.844	    0.046
7051.110	    0.059
7052.377	    0.098
7053.644	    0.158
7054.911	    0.161
7056.179	    0.154
7057.447	    0.114
7058.715	    0.060
7059.983	    0.065
7061.251	    0.076
7062.520	    0.063
7063.789	    0.018
7065.058	    0.038
7066.327	    0.048
7067.597	    0.054
7068.867	    0.031
7070.137	    0.026
7071.407	    0.026
7072.677	    0.031
7073.948	    0.022
7075.219	    0.031
7076.490	    0.074
7077.762	    0.073
7079.033	    0.075
7080.305	    0.067
7081.577	    0.022
7082.850	    0.044
7084.122	    0.059
7085.395	    0.070
7086.668	    0.082
7087.941	    0.080
7089.214	    0.085
7090.488	    0.084
7091.762	    0.065
7093.036	    0.046
7094.311	    0.043
7095.585	    0.081
7096.860	    0.075
7098.135	    0.057
7099.410	    0.022
7100.686	    0.075
7101.962	    0.070
7103.238	    0.063
7104.514	    0.064
7105.790	    0.056
7107.067	    0.087
7108.344	    0.110
7109.621	    0.106
7110.898	    0.053
7112.176	    0.046
7113.454	    0.088
7114.732	    0.041
7116.010	    0.070
7117.288	    0.065
7118.567	    0.069
7119.846	    0.048
7121.125	    0.088
7122.405	    0.081
7123.684	    0.078
7124.964	    0.064
7126.244	    0.070
7127.525	    0.092
7128.805	    0.108
7130.086	    0.118
7131.367	    0.113
7132.648	    0.110
7133.930	    0.121
7135.212	    0.126
7136.494	    0.127
7137.776	    0.104
7139.058	    0.077
7140.341	    0.064
7141.624	    0.057
7142.907	    0.064
7144.190	    0.060
7145.474	    0.036
7146.757	    0.029
7148.041	    0.051
7149.326	    0.048
7150.610	    0.051
7151.895	    0.054
7153.180	    0.054
7154.465	    0.063
7155.750	    0.082
7157.036	    0.098
7158.322	    0.097
7159.608	    0.094
7160.894	    0.101
7162.181	    0.099
7163.468	    0.113
7164.755	    0.120
7166.042	    0.126
7167.329	    0.134
7168.617	    0.142
7169.905	    0.149
7171.193	    0.150
7172.482	    0.144
7173.770	    0.129
7175.059	    0.121
7176.348	    0.110
7177.638	    0.113
7178.927	    0.134
7180.217	    0.148
7181.507	    0.159
7182.797	    0.173
7184.088	    0.178
7185.379	    0.175
7186.670	    0.172
7187.961	    0.169
7189.252	    0.177
7190.544	    0.191
7191.836	    0.199
7193.128	    0.199
7194.420	    0.194
7195.713	    0.181
7197.006	    0.176
7198.299	    0.174
7199.592	    0.173
7200.885	    0.181
7202.179	    0.183
7203.473	    0.179
7204.767	    0.173
7206.062	    0.163
7207.356	    0.151
7208.651	    0.140
7209.947	    0.139
7211.242	    0.140
7212.538	    0.150
7213.833	    0.157
7215.129	    0.153
7216.426	    0.148
7217.722	    0.140
7219.019	    0.137
7220.316	    0.140
7221.613	    0.142
7222.911	    0.150
7224.208	    0.152
7225.506	    0.148
7226.805	    0.153
7228.103	    0.154
7229.402	    0.165
7230.700	    0.180
7232.000	    0.180
7233.299	    0.174
7234.599	    0.158
7235.898	    0.136
7237.198	    0.129
7238.499	    0.131
7239.799	    0.117
7241.100	    0.120
7242.401	    0.087
7243.702	    0.038
7245.003	    0.018
7246.305	    0.056
7247.607	    0.107
7248.909	    0.151
7250.212	    0.175
7251.514	    0.192
7252.817	    0.208
7254.120	    0.195
7255.423	    0.182
7256.727	    0.166
7258.031	    0.159
7259.335	    0.168
7260.639	    0.178
7261.943	    0.186
7263.248	    0.186
7264.553	    0.182
7265.858	    0.170
7267.164	    0.161
7268.469	    0.164
7269.775	    0.178
7271.081	    0.193
7272.388	    0.169
7273.694	    0.160
7275.001	    0.166
7276.308	    0.198
7277.616	    0.215
7278.923	    0.212
7280.231	    0.184
7281.539	    0.144
7282.847	    0.115
7284.156	    0.101
7285.464	    0.114
7286.773	    0.141
7288.082	    0.185
7289.392	    0.200
7290.701	    0.205
7292.011	    0.197
7293.321	    0.185
7294.632	    0.173
7295.942	    0.165
7297.253	    0.154
7298.564	    0.155
7299.876	    0.164
7301.187	    0.177
7302.499	    0.189
7303.811	    0.188
7305.123	    0.186
7306.436	    0.183
7307.748	    0.180
7309.061	    0.183
7310.374	    0.185
7311.688	    0.211
7323.519	    0.140
7324.835	    0.139
7326.151	    0.137
7327.467	    0.110
7328.784	    0.101
7330.101	    0.183
