WV      	 Sigma   
4259.984	    0.092
4260.688	    0.090
4261.392	    0.091
4262.096	    0.094
4262.800	    0.101
4263.505	    0.107
4264.209	    0.110
4264.914	    0.113
4265.618	    0.114
4266.323	    0.112
4267.028	    0.108
4267.733	    0.102
4268.439	    0.095
4269.144	    0.082
4269.849	    0.065
4270.555	    0.051
4271.261	    0.032
4271.966	    0.032
4272.672	    0.020
4273.378	    0.042
4274.084	    0.062
4274.791	    0.070
4275.497	    0.065
4276.204	    0.058
4276.910	    0.045
4277.617	    0.032
4278.324	    0.045
4279.031	    0.039
4279.738	    0.042
4280.445	    0.052
4281.152	    0.076
4281.860	    0.081
4282.567	    0.079
4283.275	    0.074
4283.983	    0.073
4284.691	    0.088
4285.399	    0.092
4286.107	    0.088
4286.815	    0.076
4287.523	    0.078
4288.232	    0.072
4288.940	    0.066
4289.649	    0.057
4290.358	    0.069
4291.067	    0.077
4291.776	    0.084
4292.485	    0.090
4293.194	    0.072
4293.904	    0.069
4294.613	    0.074
4295.323	    0.077
4296.033	    0.068
4296.743	    0.055
4297.453	    0.076
4298.163	    0.087
4298.873	    0.090
4299.583	    0.073
4300.294	    0.080
4301.004	    0.089
4301.715	    0.097
4302.426	    0.099
4303.137	    0.091
4303.848	    0.086
4304.559	    0.082
4305.270	    0.081
4305.982	    0.083
4306.693	    0.082
4307.405	    0.080
4308.117	    0.073
4308.829	    0.058
4309.541	    0.097
4310.253	    0.110
4310.965	    0.110
4311.677	    0.097
4312.390	    0.084
4313.102	    0.062
4313.815	    0.034
4314.528	    0.030
4315.241	    0.030
4315.954	    0.036
4316.667	    0.028
4317.380	    0.023
4318.094	    0.039
4318.807	    0.060
4319.521	    0.064
4320.235	    0.059
4320.949	    0.051
4321.663	    0.074
4322.377	    0.053
4323.091	    0.048
4323.805	    0.052
4324.520	    0.063
4325.234	    0.074
4325.949	    0.082
4326.664	    0.077
4327.379	    0.059
4328.094	    0.039
4328.809	    0.030
4329.524	    0.039
4330.240	    0.048
4330.955	    0.038
4331.671	    0.011
4332.387	    0.025
4333.103	    0.036
4333.819	    0.049
4334.535	    0.062
4335.251	    0.058
4335.968	    0.047
4336.684	    0.038
4337.401	    0.042
4338.117	    0.045
4338.834	    0.049
4339.551	    0.057
4340.268	    0.064
4340.985	    0.060
4341.703	    0.023
4342.420	    0.034
4343.138	    0.032
4343.855	    0.044
4344.573	    0.091
4345.291	    0.099
4346.009	    0.098
4346.727	    0.093
4347.445	    0.078
4348.164	    0.067
4348.882	    0.061
4349.601	    0.058
4350.320	    0.054
4351.039	    0.039
4351.758	    0.028
4352.477	    0.065
4353.196	    0.082
4353.915	    0.054
4354.635	    0.064
4355.354	    0.058
4356.074	    0.061
4356.794	    0.079
4357.514	    0.097
4358.234	    0.091
4358.954	    0.083
4359.674	    0.078
4360.394	    0.094
4361.115	    0.101
4361.836	    0.073
4362.556	    0.011
4363.277	    0.070
4363.998	    0.058
4364.719	    0.039
4365.441	    0.039
4366.162	    0.042
4366.883	    0.073
4367.605	    0.088
4368.327	    0.088
4369.049	    0.089
4369.771	    0.088
4370.493	    0.080
4371.215	    0.090
4371.937	    0.091
4372.660	    0.076
4373.382	    0.049
4374.105	    0.038
4374.828	    0.042
4375.550	    0.049
4376.273	    0.060
4376.997	    0.067
4377.720	    0.077
4378.443	    0.088
4379.167	    0.088
4379.890	    0.079
4380.614	    0.051
4394.388	    0.097
4395.114	    0.047
4395.840	    0.030
4396.567	    0.034
4397.293	    0.041
4398.020	    0.042
4398.747	    0.053
4399.473	    0.047
4400.200	    0.016
4400.928	    0.038
4401.655	    0.023
4402.382	    0.028
4403.110	    0.016
4403.837	    0.041
4404.565	    0.036
4405.293	    0.038
4406.021	    0.032
4406.749	    0.065
4407.477	    0.082
4408.205	    0.076
4408.934	    0.065
4409.662	    0.061
4410.391	    0.063
4411.119	    0.066
4411.848	    0.051
4412.577	    0.048
4413.307	    0.054
4414.036	    0.057
4414.765	    0.049
4415.495	    0.030
4416.224	    0.030
4416.954	    0.045
4417.684	    0.053
4418.414	    0.055
4419.144	    0.039
4419.874	    0.039
4420.605	    0.054
4421.335	    0.062
4422.066	    0.072
4422.796	    0.078
4423.527	    0.066
4424.258	    0.041
4424.989	    0.020
4425.720	    0.020
4426.452	    0.032
4427.183	    0.036
4427.915	    0.041
4428.646	    0.080
4429.378	    0.102
4430.110	    0.102
4430.842	    0.088
4431.574	    0.061
4432.307	    0.016
4433.039	    0.016
4433.772	    0.044
4434.504	    0.060
4435.237	    0.063
4435.970	    0.058
4436.703	    0.076
4437.436	    0.054
4438.169	    0.020
4438.903	    0.053
4439.636	    0.059
4440.370	    0.067
4441.103	    0.074
4441.837	    0.052
4442.571	    0.011
4443.305	    0.025
4444.040	    0.044
4444.774	    0.023
4445.508	    0.042
4446.243	    0.034
4446.978	    0.041
4447.713	    0.045
4448.447	    0.016
4449.183	    0.023
4449.918	    0.049
4450.653	    0.072
4451.388	    0.092
4452.124	    0.073
4452.860	    0.053
4453.596	    0.049
4454.331	    0.070
4455.067	    0.084
4455.804	    0.075
4456.540	    0.057
4457.276	    0.034
4458.013	    0.020
4458.750	    0.051
4459.486	    0.052
4460.223	    0.028
4460.960	    0.044
4461.697	    0.059
4462.435	    0.044
4463.172	    0.042
4463.909	    0.045
4464.647	    0.032
4465.385	    0.028
4466.123	    0.060
4466.861	    0.073
4467.599	    0.058
4468.337	    0.030
4469.075	    0.023
4469.814	    0.045
4470.552	    0.067
4471.291	    0.051
4472.030	    0.020
4472.769	    0.028
4473.508	    0.028
4474.247	    0.055
4474.987	    0.070
4475.726	    0.069
4476.466	    0.054
4477.205	    0.016
4477.945	    0.049
4478.685	    0.011
4479.425	    0.055
4480.165	    0.073
4480.906	    0.075
4481.646	    0.039
4482.387	    0.034
4483.127	    0.039
4483.868	    0.055
4484.609	    0.078
4485.350	    0.075
4486.091	    0.060
4486.833	    0.036
4487.574	    0.025
4488.316	    0.051
4489.057	    0.042
4489.799	    0.073
4490.541	    0.066
4491.283	    0.030
4492.025	    0.060
4492.767	    0.036
4493.510	    0.034
4494.252	    0.011
4494.995	    0.038
4495.738	    0.052
4496.481	    0.039
4497.224	    0.044
4497.967	    0.047
4498.710	    0.057
4499.453	    0.067
4500.197	    0.058
4500.940	    0.060
4501.684	    0.057
4502.428	    0.052
4503.172	    0.048
4503.916	    0.047
4504.660	    0.045
4505.405	    0.041
4506.149	    0.034
4506.894	    0.036
4507.639	    0.054
4508.383	    0.052
4509.128	    0.048
4509.873	    0.047
4510.619	    0.053
4511.364	    0.065
4512.109	    0.059
4512.855	    0.020
4513.601	    0.023
4514.347	    0.025
4515.093	    0.054
4515.839	    0.084
4516.585	    0.089
4517.331	    0.073
4518.078	    0.075
4518.824	    0.087
4519.571	    0.090
4520.318	    0.083
4521.065	    0.076
4521.812	    0.065
4522.559	    0.055
4523.306	    0.057
4524.054	    0.072
4524.801	    0.058
4525.549	    0.047
4526.297	    0.054
4527.045	    0.072
4527.793	    0.078
4528.541	    0.016
4529.289	    0.036
4530.038	    0.042
4530.786	    0.032
4531.535	    0.034
4532.284	    0.044
4533.033	    0.041
4533.782	    0.047
4534.531	    0.070
4535.280	    0.096
4536.030	    0.099
4536.779	    0.085
4537.529	    0.072
4538.279	    0.055
4539.028	    0.041
4539.779	    0.049
4540.529	    0.058
4541.279	    0.055
4542.029	    0.053
4542.780	    0.045
4543.531	    0.020
4544.281	    0.038
4545.032	    0.065
4545.783	    0.058
4546.534	    0.048
4547.286	    0.052
4548.037	    0.057
4548.789	    0.060
4549.540	    0.076
4550.292	    0.084
4551.044	    0.077
4551.796	    0.038
4552.548	    0.011
4553.300	    0.066
4554.053	    0.083
4554.805	    0.093
4555.558	    0.097
4556.311	    0.085
4557.064	    0.059
4557.817	    0.036
4558.570	    0.044
4559.323	    0.067
4560.076	    0.083
4560.830	    0.067
4561.584	    0.045
4562.337	    0.055
4563.091	    0.067
4563.845	    0.066
4564.599	    0.047
4565.354	    0.028
4566.108	    0.025
4566.863	    0.053
4567.617	    0.078
4568.372	    0.092
4569.127	    0.060
4569.882	    0.044
4570.637	    0.051
4571.392	    0.055
4572.148	    0.062
4572.903	    0.086
4573.659	    0.100
4574.415	    0.091
4575.170	    0.088
4575.926	    0.081
4576.683	    0.066
4577.439	    0.059
4578.195	    0.061
4578.952	    0.042
4579.708	    0.020
4580.465	    0.011
4581.222	    0.039
4581.979	    0.074
4582.736	    0.077
4583.493	    0.063
4584.251	    0.041
4585.008	    0.032
4585.766	    0.067
4586.524	    0.034
4587.282	    0.038
4588.040	    0.055
4588.798	    0.058
4589.556	    0.025
4590.314	    0.020
4591.073	    0.032
4591.832	    0.011
4592.590	    0.047
4593.349	    0.065
4594.108	    0.078
4594.867	    0.082
4595.627	    0.063
4596.386	    0.071
4597.146	    0.085
4597.905	    0.092
4598.665	    0.086
4599.425	    0.069
4600.185	    0.044
4600.945	    0.023
4601.705	    0.032
4602.466	    0.020
4603.226	    0.044
4603.987	    0.036
4604.748	    0.030
4605.508	    0.036
4606.269	    0.051
4607.031	    0.066
4607.792	    0.062
4608.553	    0.068
4609.315	    0.072
4610.076	    0.078
4610.838	    0.082
4611.600	    0.088
4612.362	    0.081
4613.124	    0.059
4613.887	    0.053
4614.649	    0.055
4615.412	    0.054
4616.174	    0.028
4616.937	    0.020
4617.700	    0.058
4618.463	    0.030
4619.226	    0.066
4619.989	    0.091
4620.753	    0.085
4621.516	    0.071
4622.280	    0.074
4623.044	    0.074
4623.808	    0.075
4624.572	    0.079
4625.336	    0.088
4626.100	    0.063
4626.865	    0.049
4627.629	    0.041
4628.394	    0.051
4629.159	    0.071
4629.924	    0.083
4630.689	    0.061
4631.454	    0.061
4632.219	    0.062
4632.985	    0.066
4633.750	    0.072
4634.516	    0.077
4635.282	    0.072
4636.048	    0.072
4636.814	    0.066
4637.580	    0.058
4638.346	    0.052
4639.113	    0.055
4639.879	    0.036
4640.646	    0.047
4641.413	    0.039
4642.180	    0.038
4642.947	    0.064
4643.714	    0.071
4644.481	    0.064
4645.249	    0.023
4646.016	    0.045
4646.784	    0.053
4647.552	    0.044
4648.320	    0.044
4649.088	    0.011
4649.856	    0.011
4650.625	    0.051
4651.393	    0.066
4652.162	    0.061
4652.930	    0.049
4653.699	    0.053
4654.468	    0.036
4655.237	    0.030
4656.007	    0.041
4656.776	    0.052
4657.546	    0.057
4658.315	    0.044
4659.085	    0.047
4659.855	    0.055
4660.625	    0.060
4661.395	    0.061
4662.165	    0.072
4662.936	    0.089
4663.706	    0.081
4664.477	    0.069
4665.247	    0.059
4666.018	    0.051
4666.789	    0.036
4667.561	    0.052
4668.332	    0.052
4669.103	    0.036
4669.875	    0.025
4670.646	    0.025
4671.418	    0.034
4672.190	    0.058
4672.962	    0.080
4673.734	    0.072
4674.507	    0.073
4675.279	    0.077
4676.052	    0.071
4676.824	    0.067
4677.597	    0.093
4678.370	    0.085
4679.143	    0.075
4679.916	    0.072
4680.690	    0.077
4681.463	    0.071
4682.237	    0.058
4683.010	    0.072
4683.784	    0.078
4684.558	    0.085
4685.332	    0.092
4686.106	    0.091
4686.881	    0.090
4687.655	    0.074
4688.430	    0.072
4689.205	    0.078
4689.979	    0.074
4690.754	    0.045
4691.529	    0.045
4692.305	    0.057
4693.080	    0.073
4693.856	    0.077
4694.631	    0.078
4695.407	    0.078
4696.183	    0.059
4696.959	    0.025
4697.735	    0.025
4698.511	    0.016
4699.288	    0.020
4700.064	    0.025
4700.841	    0.041
4701.618	    0.025
4702.394	    0.072
4703.171	    0.082
4703.949	    0.072
4704.726	    0.045
4705.503	    0.045
4706.281	    0.042
4707.059	    0.054
4707.836	    0.060
4708.614	    0.066
4709.392	    0.070
4710.171	    0.074
4710.949	    0.078
4711.727	    0.078
4712.506	    0.077
4713.285	    0.059
4714.063	    0.025
4714.842	    0.016
4715.621	    0.038
4716.401	    0.048
4717.180	    0.061
4717.960	    0.057
4718.739	    0.044
4719.519	    0.038
4720.299	    0.041
4721.079	    0.038
4721.859	    0.052
4722.639	    0.044
4723.419	    0.011
4724.200	    0.025
4724.981	    0.048
4725.761	    0.057
4726.542	    0.053
4727.323	    0.041
4728.104	    0.060
4728.886	    0.016
4729.667	    0.070
4730.449	    0.083
4731.230	    0.067
4732.012	    0.042
4732.794	    0.066
4733.576	    0.049
4734.358	    0.052
4735.141	    0.070
4735.923	    0.080
4736.706	    0.067
4737.488	    0.088
4738.271	    0.106
4739.054	    0.103
4739.837	    0.097
4740.620	    0.086
4741.404	    0.064
4742.187	    0.047
4742.971	    0.045
4743.755	    0.061
4744.538	    0.089
4745.322	    0.083
4746.107	    0.067
4746.891	    0.070
4747.675	    0.078
4748.460	    0.060
4749.244	    0.028
4750.029	    0.028
4750.814	    0.049
4751.599	    0.039
4752.384	    0.032
4753.170	    0.025
4753.955	    0.068
4754.741	    0.068
4755.526	    0.060
4756.312	    0.057
4757.098	    0.055
4757.884	    0.047
4758.670	    0.025
4759.457	    0.025
4760.243	    0.049
4761.030	    0.044
4761.816	    0.036
4762.603	    0.036
4763.390	    0.023
4764.177	    0.061
4764.965	    0.065
4765.752	    0.036
4766.539	    0.038
4767.327	    0.054
4768.115	    0.048
4768.903	    0.034
4769.691	    0.060
4770.479	    0.036
4771.267	    0.045
4772.056	    0.072
4772.844	    0.075
4773.633	    0.059
4774.422	    0.032
4775.211	    0.016
4776.000	    0.045
4776.789	    0.061
4777.578	    0.060
4778.368	    0.047
4779.157	    0.030
4779.947	    0.025
4780.737	    0.025
4781.527	    0.034
4782.317	    0.061
4783.107	    0.075
4783.897	    0.073
4784.688	    0.055
4785.479	    0.023
4786.269	    0.038
4787.060	    0.016
4787.851	    0.045
4788.642	    0.051
4789.434	    0.047
4790.225	    0.042
4791.017	    0.032
4791.808	    0.028
4792.600	    0.011
4793.392	    0.036
4794.184	    0.044
4794.976	    0.048
4795.769	    0.051
4796.561	    0.053
4797.354	    0.053
4798.146	    0.055
4798.939	    0.030
4799.732	    0.028
4800.525	    0.045
4801.319	    0.028
4802.112	    0.055
4802.906	    0.063
4803.699	    0.034
4804.493	    0.025
4805.287	    0.061
4806.081	    0.063
4806.875	    0.054
4807.669	    0.039
4808.464	    0.016
4809.258	    0.069
4810.053	    0.072
4810.848	    0.047
4811.643	    0.036
4812.438	    0.042
4813.233	    0.051
4814.028	    0.053
4814.824	    0.025
4815.620	    0.020
4816.415	    0.020
4817.211	    0.025
4818.007	    0.045
4818.803	    0.048
4819.600	    0.020
4820.396	    0.053
4821.192	    0.076
4821.989	    0.072
4822.786	    0.063
4823.583	    0.054
4824.380	    0.052
4825.177	    0.060
4825.974	    0.071
4826.772	    0.073
4827.569	    0.067
4828.367	    0.052
4829.165	    0.025
4829.963	    0.025
4830.761	    0.039
4831.559	    0.061
4832.358	    0.042
4833.156	    0.025
4833.955	    0.070
4834.754	    0.080
4835.553	    0.072
4836.352	    0.053
4837.151	    0.045
4837.950	    0.068
4838.750	    0.087
4839.549	    0.095
4840.349	    0.089
4841.149	    0.082
4841.949	    0.072
4842.749	    0.058
4843.549	    0.045
4844.349	    0.045
4845.150	    0.054
4845.950	    0.072
4846.751	    0.067
4847.552	    0.059
4848.353	    0.058
4849.154	    0.060
4849.955	    0.057
4850.757	    0.054
4851.558	    0.071
4852.360	    0.076
4853.162	    0.063
4853.964	    0.058
4854.766	    0.058
4855.568	    0.058
4856.370	    0.060
4857.173	    0.071
4857.976	    0.058
4858.778	    0.049
4859.581	    0.042
4860.384	    0.039
4861.187	    0.047
4861.991	    0.054
4862.794	    0.048
4863.598	    0.036
4864.401	    0.042
4865.205	    0.036
4866.009	    0.032
4866.813	    0.041
4867.617	    0.042
4868.422	    0.036
4869.226	    0.032
4870.031	    0.028
4870.835	    0.023
4871.640	    0.030
4872.445	    0.057
4873.250	    0.075
4874.056	    0.082
4874.861	    0.069
4875.667	    0.038
4876.472	    0.071
4877.278	    0.059
4878.084	    0.039
4878.890	    0.011
4879.696	    0.032
4880.503	    0.032
4881.309	    0.011
4882.116	    0.011
4882.922	    0.038
4883.729	    0.042
4884.536	    0.032
4885.343	    0.016
4886.151	    0.036
4886.958	    0.045
4887.766	    0.036
4888.573	    0.016
4889.381	    0.030
4890.189	    0.042
4890.997	    0.059
4891.805	    0.049
4892.613	    0.039
4893.422	    0.030
4894.231	    0.042
4895.039	    0.062
4895.848	    0.052
4896.657	    0.028
4897.466	    0.028
4898.276	    0.042
4899.085	    0.065
4899.894	    0.071
4900.704	    0.069
4901.514	    0.067
4902.324	    0.069
4903.134	    0.069
4903.944	    0.079
4904.754	    0.072
4905.565	    0.076
4906.376	    0.102
4907.186	    0.127
4907.997	    0.135
4908.808	    0.136
4909.619	    0.161
4910.431	    0.247
4911.242	    0.394
4912.054	    0.539
4912.865	    0.642
4913.677	    0.692
4914.489	    0.691
4915.301	    0.650
4916.113	    0.574
4916.926	    0.463
4917.738	    0.315
4918.551	    0.200
4919.363	    0.117
4920.176	    0.067
4920.989	    0.055
4921.803	    0.054
4922.616	    0.044
4923.429	    0.042
4924.243	    0.053
4925.057	    0.044
4925.870	    0.044
4926.684	    0.036
4927.498	    0.034
4928.313	    0.023
4929.127	    0.042
4929.941	    0.011
4930.756	    0.048
4931.571	    0.061
4932.386	    0.030
4933.201	    0.057
4934.016	    0.054
4934.831	    0.028
4935.647	    0.041
4936.462	    0.049
4937.278	    0.023
4938.094	    0.041
4938.910	    0.038
4939.726	    0.023
4940.542	    0.034
4941.359	    0.042
4942.175	    0.036
4942.992	    0.011
4943.809	    0.039
4944.625	    0.047
4945.443	    0.028
4946.260	    0.059
4947.077	    0.063
4947.895	    0.042
4948.712	    0.023
4949.530	    0.011
4950.348	    0.041
4951.166	    0.042
4951.984	    0.016
4952.802	    0.030
4953.621	    0.061
4954.439	    0.039
4955.258	    0.053
4956.077	    0.051
4956.896	    0.036
4957.715	    0.038
4958.534	    0.047
4959.353	    0.047
4960.173	    0.048
4960.992	    0.048
4961.812	    0.048
4962.632	    0.052
4963.452	    0.048
4964.272	    0.039
4965.093	    0.036
4965.913	    0.032
4966.734	    0.028
4967.554	    0.045
4968.375	    0.048
4969.196	    0.070
4970.017	    0.080
4970.838	    0.079
4971.660	    0.071
4972.481	    0.064
4973.303	    0.059
4974.125	    0.045
4974.947	    0.038
4975.769	    0.047
4976.591	    0.058
4977.413	    0.060
4978.236	    0.053
4979.058	    0.041
4979.881	    0.042
4980.704	    0.044
4981.527	    0.016
4982.350	    0.059
4983.174	    0.049
4983.997	    0.025
4984.821	    0.039
4985.644	    0.048
4986.468	    0.051
4987.292	    0.038
4988.116	    0.042
4988.940	    0.063
4989.765	    0.067
4990.589	    0.053
4991.414	    0.054
4992.239	    0.067
4993.064	    0.051
4993.889	    0.016
4994.714	    0.049
4995.539	    0.059
4996.365	    0.047
4997.190	    0.016
4998.016	    0.032
4998.842	    0.020
4999.668	    0.039
5000.494	    0.023
5001.320	    0.030
5002.147	    0.045
5002.973	    0.051
5003.800	    0.053
5004.627	    0.054
5005.454	    0.051
5006.281	    0.039
5007.108	    0.039
5007.936	    0.039
5008.763	    0.068
5009.591	    0.106
5010.419	    0.127
5011.247	    0.132
5012.075	    0.126
5012.903	    0.117
5013.731	    0.111
5014.560	    0.108
5015.388	    0.105
5016.217	    0.088
5017.046	    0.048
5017.875	    0.032
5018.704	    0.054
5019.533	    0.055
5020.363	    0.042
5021.192	    0.041
5022.022	    0.036
5022.852	    0.041
5023.682	    0.059
5024.512	    0.036
5025.342	    0.028
5026.173	    0.041
5027.003	    0.063
5027.834	    0.064
5028.665	    0.034
5029.496	    0.051
5030.327	    0.077
5031.158	    0.090
5031.989	    0.063
5032.821	    0.063
5033.653	    0.042
5034.484	    0.016
5035.316	    0.052
5036.148	    0.053
5036.980	    0.023
5037.813	    0.038
5038.645	    0.045
5039.478	    0.034
5040.311	    0.034
5041.143	    0.011
5041.976	    0.051
5042.810	    0.047
5043.643	    0.020
5044.476	    0.023
5045.310	    0.045
5046.144	    0.032
5046.977	    0.016
5047.811	    0.041
5048.645	    0.039
5049.480	    0.011
5050.314	    0.032
5051.149	    0.055
5051.983	    0.055
5052.818	    0.016
5053.653	    0.011
5054.488	    0.028
5055.323	    0.023
5056.159	    0.053
5056.994	    0.064
5057.830	    0.083
5058.666	    0.131
5059.501	    0.182
5060.337	    0.206
5061.174	    0.216
5062.010	    0.211
5062.846	    0.190
5063.683	    0.160
5064.520	    0.120
5065.357	    0.084
5066.194	    0.063
5067.031	    0.049
5067.868	    0.072
5068.706	    0.075
5069.543	    0.071
5070.381	    0.066
5071.219	    0.065
5072.057	    0.079
5072.895	    0.074
5073.733	    0.051
5074.571	    0.023
5075.410	    0.032
5076.249	    0.049
5077.087	    0.034
5077.926	    0.044
5078.765	    0.068
5079.605	    0.064
5080.444	    0.073
5081.283	    0.071
5082.123	    0.069
5082.963	    0.069
5083.803	    0.068
5084.643	    0.063
5085.483	    0.052
5086.323	    0.036
5087.164	    0.057
5088.004	    0.062
5088.845	    0.067
5089.686	    0.054
5090.527	    0.025
5091.368	    0.044
5092.210	    0.077
5093.051	    0.093
5093.893	    0.099
5094.734	    0.099
5095.576	    0.093
5096.418	    0.071
5097.260	    0.047
5098.103	    0.061
5098.945	    0.063
5099.788	    0.042
5100.630	    0.039
5101.473	    0.047
5102.316	    0.054
5103.159	    0.064
5104.003	    0.070
5104.846	    0.065
5105.689	    0.055
5106.533	    0.045
5107.377	    0.041
5108.221	    0.023
5109.065	    0.061
5109.909	    0.085
5110.754	    0.085
5111.598	    0.080
5112.443	    0.084
5113.288	    0.089
5114.132	    0.087
5114.978	    0.076
5115.823	    0.062
5116.668	    0.049
5117.514	    0.042
5118.359	    0.063
5119.205	    0.075
5120.051	    0.075
5120.897	    0.059
5121.743	    0.059
5122.589	    0.042
5123.436	    0.042
5124.283	    0.011
5125.129	    0.045
5125.976	    0.057
5126.823	    0.069
5127.670	    0.071
5128.518	    0.060
5129.365	    0.059
5130.213	    0.039
5131.060	    0.055
5131.908	    0.065
5132.756	    0.061
5133.604	    0.060
5134.453	    0.065
5135.301	    0.067
5136.150	    0.064
5136.998	    0.048
5137.847	    0.038
5138.696	    0.047
5139.545	    0.047
5140.395	    0.047
5141.244	    0.064
5142.094	    0.055
5142.943	    0.036
5143.793	    0.011
5144.643	    0.025
5145.493	    0.025
5146.343	    0.023
5147.194	    0.036
5148.044	    0.036
5148.895	    0.058
5149.746	    0.073
5150.597	    0.072
5151.448	    0.055
5152.299	    0.055
5153.151	    0.060
5154.002	    0.063
5154.854	    0.041
5155.706	    0.023
5156.557	    0.032
5157.410	    0.020
5158.262	    0.023
5159.114	    0.055
5159.967	    0.070
5160.819	    0.083
5161.672	    0.085
5162.525	    0.086
5163.378	    0.079
5164.231	    0.091
5165.085	    0.064
5165.938	    0.030
5166.792	    0.032
5167.645	    0.055
5168.499	    0.052
5169.353	    0.052
5170.208	    0.011
5171.062	    0.047
5171.916	    0.020
5172.771	    0.047
5173.626	    0.089
5174.481	    0.117
5175.336	    0.091
5176.191	    0.066
5177.046	    0.048
5177.902	    0.048
5178.757	    0.061
5179.613	    0.067
5180.469	    0.055
5181.325	    0.039
5182.181	    0.039
5183.037	    0.044
5183.894	    0.042
5184.751	    0.016
5185.607	    0.020
5186.464	    0.016
5187.321	    0.041
5188.178	    0.020
5189.036	    0.054
5189.893	    0.030
5190.751	    0.038
5191.608	    0.068
5192.466	    0.072
5193.324	    0.066
5194.182	    0.054
5195.041	    0.042
5195.899	    0.042
5196.758	    0.044
5197.616	    0.047
5198.475	    0.044
5199.334	    0.039
5200.194	    0.038
5201.053	    0.039
5201.912	    0.041
5202.772	    0.041
5203.632	    0.041
5204.491	    0.044
5205.351	    0.051
5206.212	    0.058
5207.072	    0.062
5207.932	    0.062
5208.793	    0.058
5209.654	    0.049
5210.514	    0.036
5211.375	    0.011
5212.236	    0.030
5213.098	    0.038
5213.959	    0.039
5214.821	    0.036
5215.682	    0.030
5216.544	    0.011
5217.406	    0.028
5218.268	    0.016
5219.131	    0.036
5219.993	    0.016
5220.856	    0.054
5221.718	    0.065
5222.581	    0.073
5223.444	    0.066
5224.307	    0.023
5225.171	    0.052
5226.034	    0.011
5226.898	    0.064
5227.761	    0.055
5228.625	    0.036
5229.489	    0.023
5230.353	    0.045
5231.218	    0.067
5232.082	    0.078
5232.947	    0.086
5233.811	    0.080
5234.676	    0.059
5235.541	    0.034
5236.406	    0.016
5237.271	    0.048
5238.137	    0.058
5239.002	    0.070
5239.868	    0.059
5240.734	    0.039
5241.600	    0.073
5242.466	    0.086
5243.332	    0.075
5244.199	    0.042
5245.065	    0.042
5245.932	    0.038
5246.799	    0.025
5247.666	    0.036
5248.533	    0.016
5249.400	    0.020
5250.268	    0.023
5251.135	    0.039
5252.003	    0.023
5252.871	    0.084
5253.739	    0.118
5254.607	    0.127
5255.475	    0.127
5256.344	    0.117
5257.212	    0.109
5258.081	    0.096
5258.950	    0.088
5259.819	    0.067
5260.688	    0.067
5261.557	    0.058
5262.427	    0.011
5263.296	    0.052
5264.166	    0.051
5265.036	    0.047
5265.906	    0.063
5266.776	    0.072
5267.646	    0.059
5268.517	    0.057
5269.387	    0.078
5270.258	    0.080
5271.129	    0.052
5272.000	    0.011
5272.871	    0.028
5273.742	    0.044
5274.614	    0.064
5275.485	    0.078
5276.357	    0.095
5277.229	    0.100
5278.101	    0.111
5278.973	    0.124
5279.845	    0.059
5280.718	    0.062
5281.591	    0.063
5282.463	    0.059
5283.336	    0.071
5284.209	    0.073
5285.082	    0.071
5285.956	    0.091
5286.829	    0.083
5287.703	    0.016
5288.577	    0.055
5289.450	    0.071
5290.324	    0.036
5291.199	    0.059
5292.073	    0.061
5292.947	    0.071
5293.822	    0.090
5294.697	    0.088
5295.572	    0.074
5296.447	    0.062
5297.322	    0.074
5298.197	    0.083
5299.073	    0.076
5299.948	    0.076
5300.824	    0.084
5301.700	    0.081
5302.576	    0.076
5303.452	    0.063
5304.329	    0.052
5305.205	    0.052
5306.082	    0.078
5306.959	    0.095
5307.836	    0.076
5308.713	    0.082
5309.590	    0.082
5310.467	    0.064
5311.345	    0.071
5312.222	    0.069
5313.100	    0.070
5313.978	    0.077
5314.856	    0.082
5315.734	    0.078
5316.613	    0.055
5317.491	    0.034
5318.370	    0.053
5319.249	    0.049
5320.128	    0.054
5321.007	    0.088
5321.886	    0.072
5322.766	    0.070
5323.645	    0.073
5324.525	    0.063
5325.405	    0.072
5326.285	    0.087
5327.165	    0.081
5328.045	    0.102
5328.925	    0.082
5329.806	    0.090
5330.687	    0.098
5331.568	    0.090
5332.449	    0.095
5333.330	    0.091
5334.211	    0.094
5335.092	    0.081
5335.974	    0.066
5336.856	    0.080
5337.738	    0.079
5338.620	    0.065
5339.502	    0.062
5340.384	    0.058
5341.267	    0.077
5342.149	    0.105
5343.032	    0.097
5343.915	    0.071
5344.798	    0.082
5345.681	    0.091
5346.564	    0.064
5347.448	    0.070
5348.331	    0.072
5349.215	    0.079
5350.099	    0.078
5350.983	    0.042
5351.867	    0.064
5352.752	    0.044
5353.636	    0.063
5354.521	    0.097
5355.406	    0.104
5356.291	    0.093
5357.176	    0.107
5358.061	    0.107
5358.946	    0.093
5359.832	    0.093
5360.718	    0.104
5361.603	    0.093
5362.489	    0.080
5363.375	    0.086
5364.262	    0.081
5365.148	    0.094
5366.035	    0.072
5366.921	    0.062
5367.808	    0.054
5368.695	    0.058
5369.582	    0.078
5370.470	    0.098
5371.357	    0.084
5372.245	    0.091
5373.132	    0.089
5374.020	    0.075
5374.908	    0.089
5375.796	    0.101
5376.685	    0.078
5377.573	    0.075
5378.462	    0.078
5379.350	    0.079
5380.239	    0.078
5381.128	    0.074
5382.018	    0.097
5382.907	    0.093
5383.796	    0.085
5384.686	    0.081
5385.576	    0.078
5386.466	    0.091
5387.356	    0.108
5388.246	    0.109
5389.136	    0.095
5390.027	    0.088
5390.918	    0.095
5391.808	    0.105
5392.699	    0.082
5393.590	    0.074
5394.482	    0.102
5395.373	    0.085
5396.265	    0.091
5397.156	    0.085
5398.048	    0.091
5398.940	    0.098
5399.832	    0.111
5400.724	    0.104
5401.617	    0.091
5402.509	    0.088
5403.402	    0.070
5404.295	    0.082
5405.188	    0.085
5406.081	    0.097
5406.975	    0.097
5407.868	    0.096
5408.762	    0.096
5409.655	    0.075
5410.549	    0.068
5411.443	    0.071
5412.338	    0.078
5413.232	    0.102
5414.126	    0.111
5415.021	    0.102
5415.916	    0.097
5416.811	    0.095
5417.706	    0.088
5418.601	    0.085
5419.496	    0.085
5420.392	    0.076
5421.288	    0.083
5422.183	    0.093
5423.079	    0.092
5423.976	    0.087
5424.872	    0.099
5425.768	    0.093
5426.665	    0.091
5427.561	    0.085
5428.458	    0.078
5429.355	    0.093
5430.253	    0.096
5431.150	    0.109
5432.047	    0.093
5432.945	    0.101
5433.843	    0.093
5434.741	    0.080
5435.639	    0.095
5436.537	    0.101
5437.435	    0.099
5438.334	    0.084
5439.232	    0.072
5440.131	    0.095
5441.030	    0.091
5441.929	    0.098
5442.828	    0.097
5443.728	    0.094
5444.627	    0.090
5445.527	    0.097
5446.427	    0.099
5447.327	    0.096
5448.227	    0.094
5449.127	    0.095
5450.028	    0.098
5450.928	    0.090
5451.829	    0.093
5452.730	    0.102
5453.631	    0.097
5454.532	    0.091
5455.433	    0.093
5456.335	    0.093
5457.236	    0.101
5458.138	    0.113
5459.040	    0.109
5459.942	    0.101
5460.844	    0.102
5461.747	    0.083
5462.649	    0.048
5463.552	    0.070
5464.455	    0.088
5465.358	    0.099
5466.261	    0.111
5467.164	    0.096
5468.067	    0.071
5468.971	    0.082
5469.875	    0.091
5470.778	    0.088
5471.682	    0.098
5472.587	    0.097
5473.491	    0.085
5474.395	    0.092
5475.300	    0.106
5476.205	    0.101
5477.110	    0.113
5478.015	    0.117
5478.920	    0.093
5479.825	    0.093
5480.731	    0.095
5481.636	    0.096
5482.542	    0.097
5483.448	    0.097
5484.354	    0.098
5485.260	    0.102
5486.167	    0.093
5487.073	    0.093
5487.980	    0.095
5488.887	    0.094
5489.794	    0.113
5490.701	    0.116
5491.608	    0.118
5492.516	    0.113
5493.423	    0.096
5494.331	    0.094
5495.239	    0.107
5496.147	    0.114
5497.055	    0.099
5497.964	    0.095
5498.872	    0.098
5499.781	    0.096
5500.689	    0.098
5501.598	    0.095
5502.507	    0.093
5503.417	    0.086
5504.326	    0.082
5505.236	    0.081
5506.145	    0.087
5507.055	    0.095
5507.965	    0.096
5508.875	    0.097
5509.786	    0.094
5510.696	    0.092
5511.607	    0.099
5512.517	    0.097
5513.428	    0.092
5514.339	    0.105
5515.251	    0.106
5516.162	    0.095
5517.073	    0.095
5517.985	    0.100
5518.897	    0.109
5519.809	    0.107
5520.721	    0.099
5521.633	    0.094
5522.546	    0.097
5523.458	    0.105
5524.371	    0.112
5525.284	    0.114
5526.197	    0.107
5527.110	    0.102
5528.023	    0.103
5528.937	    0.109
5529.850	    0.110
5530.764	    0.106
5531.678	    0.104
5532.592	    0.103
5533.506	    0.100
5534.421	    0.104
5535.335	    0.113
5536.250	    0.113
5537.165	    0.113
5538.080	    0.119
5538.995	    0.113
5539.910	    0.103
5540.825	    0.107
5541.741	    0.113
5542.657	    0.106
5543.573	    0.097
5544.489	    0.099
5545.405	    0.112
5546.321	    0.120
5547.238	    0.121
5548.154	    0.113
5549.071	    0.106
5549.988	    0.104
5550.905	    0.105
5551.822	    0.114
5552.740	    0.117
5553.657	    0.115
5554.575	    0.116
5555.493	    0.114
5556.411	    0.114
5557.329	    0.118
5558.247	    0.115
5559.166	    0.102
5560.084	    0.103
5561.003	    0.102
5561.922	    0.110
5562.841	    0.118
5563.760	    0.117
5564.680	    0.118
5565.599	    0.110
5566.519	    0.111
5567.439	    0.119
5568.359	    0.119
5569.279	    0.116
5570.199	    0.115
5571.119	    0.117
5572.040	    0.117
5572.961	    0.119
5573.882	    0.110
5583.099	    0.115
5584.021	    0.119
5584.944	    0.126
5585.867	    0.123
5586.790	    0.129
5587.713	    0.129
5588.637	    0.123
5589.560	    0.121
5590.484	    0.117
5591.407	    0.119
5592.331	    0.137
5593.255	    0.140
5594.180	    0.134
5595.104	    0.129
5596.029	    0.129
5596.953	    0.135
5597.878	    0.138
5598.803	    0.135
5599.728	    0.132
5600.654	    0.137
5601.579	    0.137
5602.505	    0.132
5603.431	    0.129
5604.356	    0.129
5605.283	    0.129
5606.209	    0.132
5607.135	    0.127
5608.062	    0.124
5608.988	    0.130
5609.915	    0.128
5610.842	    0.126
5611.769	    0.129
5612.697	    0.134
5613.624	    0.135
5614.552	    0.132
5615.479	    0.126
5616.407	    0.130
5617.335	    0.134
5618.264	    0.132
5619.192	    0.136
5620.121	    0.136
5621.049	    0.130
5621.978	    0.125
5622.907	    0.125
5623.836	    0.130
5624.765	    0.129
5625.695	    0.122
5626.625	    0.127
5627.554	    0.133
5628.484	    0.132
5629.414	    0.132
5630.344	    0.143
5631.275	    0.144
5632.205	    0.146
5633.136	    0.147
5634.067	    0.145
5634.998	    0.145
5635.929	    0.134
5636.860	    0.136
5637.792	    0.141
5638.723	    0.142
5639.655	    0.145
5640.587	    0.140
5641.519	    0.136
5642.451	    0.139
5643.384	    0.138
5644.316	    0.140
5645.249	    0.140
5646.182	    0.140
5647.115	    0.140
5648.048	    0.140
5648.981	    0.148
5649.915	    0.143
5650.848	    0.148
5651.782	    0.149
5652.716	    0.140
5653.650	    0.139
5654.584	    0.144
5655.518	    0.148
5656.453	    0.134
5657.388	    0.136
5658.322	    0.147
5659.257	    0.145
5660.193	    0.147
5661.128	    0.135
5662.063	    0.139
5662.999	    0.145
5663.935	    0.142
5664.871	    0.158
5665.807	    0.154
5666.743	    0.149
5667.679	    0.145
5668.616	    0.146
5669.553	    0.148
5670.489	    0.157
5671.426	    0.145
5672.364	    0.132
5673.301	    0.137
5674.238	    0.143
5675.176	    0.138
5676.114	    0.136
5677.052	    0.146
5677.990	    0.144
5678.928	    0.145
5679.866	    0.148
5680.805	    0.146
5681.744	    0.145
5682.683	    0.145
5683.622	    0.148
5684.561	    0.139
5685.500	    0.132
5686.440	    0.136
5687.379	    0.140
5688.319	    0.146
5689.259	    0.145
5690.199	    0.141
5691.139	    0.143
5692.080	    0.147
5693.020	    0.148
5693.961	    0.149
5694.902	    0.150
5695.843	    0.150
5696.784	    0.145
5697.725	    0.151
5698.667	    0.154
5699.609	    0.150
5700.550	    0.135
5701.492	    0.141
5702.435	    0.148
5703.377	    0.156
5704.319	    0.160
5705.262	    0.160
5706.205	    0.160
5707.147	    0.164
5708.091	    0.168
5709.034	    0.160
5709.977	    0.151
5710.921	    0.151
5711.864	    0.154
5712.808	    0.153
5713.752	    0.156
5714.696	    0.147
5715.641	    0.145
5716.585	    0.154
5717.530	    0.156
5718.475	    0.151
5719.419	    0.148
5720.365	    0.147
5721.310	    0.153
5722.255	    0.159
5723.201	    0.156
5724.146	    0.152
5725.092	    0.155
5726.038	    0.159
5726.985	    0.151
5727.931	    0.153
5728.877	    0.160
5729.824	    0.152
5730.771	    0.151
5731.718	    0.154
5732.665	    0.164
5733.612	    0.155
5734.560	    0.150
5735.507	    0.158
5736.455	    0.156
5737.403	    0.158
5738.351	    0.143
5739.299	    0.138
5740.247	    0.145
5741.196	    0.159
5742.145	    0.162
5743.094	    0.152
5744.043	    0.146
5744.992	    0.146
5745.941	    0.147
5746.890	    0.148
5747.840	    0.146
5748.790	    0.143
5749.740	    0.141
5750.690	    0.145
5751.640	    0.150
5752.591	    0.154
5753.541	    0.154
5754.492	    0.149
5755.443	    0.150
5756.394	    0.151
5757.345	    0.144
5758.296	    0.142
5759.248	    0.145
5760.200	    0.145
5761.151	    0.134
5762.103	    0.139
5763.055	    0.137
5764.008	    0.152
5764.960	    0.157
5765.913	    0.155
5766.866	    0.152
5767.819	    0.145
5768.772	    0.154
5769.725	    0.151
5770.678	    0.131
5771.632	    0.140
5772.586	    0.144
5773.539	    0.142
5774.493	    0.149
5775.448	    0.148
5776.402	    0.146
5777.357	    0.148
5778.311	    0.145
5779.266	    0.153
5780.221	    0.144
5781.176	    0.143
5782.131	    0.151
5783.087	    0.148
5784.042	    0.156
5784.998	    0.143
5785.954	    0.136
5786.910	    0.145
5787.866	    0.133
5788.823	    0.135
5789.779	    0.146
5790.736	    0.133
5791.693	    0.151
5792.650	    0.137
5793.607	    0.147
5794.565	    0.119
5795.522	    0.133
5796.480	    0.137
5797.438	    0.138
5798.396	    0.123
5799.354	    0.136
5800.312	    0.140
5801.270	    0.141
5802.229	    0.136
5803.188	    0.132
5804.147	    0.139
5805.106	    0.138
5806.065	    0.128
5807.024	    0.140
5807.984	    0.145
5808.944	    0.131
5809.904	    0.120
5810.864	    0.128
5811.824	    0.122
5812.784	    0.128
5813.745	    0.132
5814.705	    0.112
5815.666	    0.138
5816.627	    0.127
5817.588	    0.127
5818.550	    0.110
5819.511	    0.106
5820.473	    0.118
5821.435	    0.130
5822.397	    0.132
5823.359	    0.121
5824.321	    0.119
5825.283	    0.119
5826.246	    0.117
5827.209	    0.117
5828.172	    0.110
5829.135	    0.119
5830.098	    0.115
5831.061	    0.112
5832.025	    0.117
5832.988	    0.115
5833.952	    0.117
5834.916	    0.111
5835.880	    0.108
5836.845	    0.125
5837.809	    0.122
5838.774	    0.120
5839.739	    0.115
5840.704	    0.124
5841.669	    0.114
5842.634	    0.117
5843.600	    0.131
5844.565	    0.130
5845.531	    0.130
5846.497	    0.133
5847.463	    0.123
5848.429	    0.107
5849.396	    0.106
5850.362	    0.118
5851.329	    0.108
5852.296	    0.107
5853.263	    0.082
5854.230	    0.098
5855.197	    0.095
5856.165	    0.106
5857.133	    0.113
5858.100	    0.098
5859.068	    0.101
5860.037	    0.104
5861.005	    0.114
5861.973	    0.121
5862.942	    0.111
5863.911	    0.093
5864.880	    0.091
5865.849	    0.079
5866.818	    0.047
5867.788	    0.045
5868.757	    0.032
5869.727	    0.042
5870.697	    0.055
5871.667	    0.062
5872.637	    0.052
5873.608	    0.087
5874.578	    0.092
5875.549	    0.085
5876.520	    0.091
5877.491	    0.086
5878.462	    0.086
5879.434	    0.091
5880.405	    0.085
5881.377	    0.082
5882.349	    0.090
5883.321	    0.091
5884.293	    0.085
5885.265	    0.079
5886.238	    0.049
5887.210	    0.038
5888.183	    0.100
5889.156	    0.168
5890.129	    0.188
5891.102	    0.183
5892.076	    0.176
5893.050	    0.160
5894.023	    0.137
5894.997	    0.125
5895.971	    0.126
5896.946	    0.122
5897.920	    0.120
5898.895	    0.111
5899.869	    0.062
5900.844	    0.077
5901.819	    0.092
5902.795	    0.085
5903.770	    0.083
5904.746	    0.088
5905.721	    0.078
5906.697	    0.067
5907.673	    0.057
5908.649	    0.059
5909.626	    0.062
5910.602	    0.061
5911.579	    0.060
5912.556	    0.057
5913.533	    0.030
5914.510	    0.058
5915.487	    0.069
5916.465	    0.071
5917.442	    0.059
5918.420	    0.011
5919.398	    0.053
5920.376	    0.061
5921.355	    0.070
5922.333	    0.088
5923.312	    0.084
5924.290	    0.083
5925.269	    0.079
5926.248	    0.086
5927.228	    0.070
5928.207	    0.052
5929.187	    0.038
5930.166	    0.036
5931.146	    0.030
5932.126	    0.052
5933.107	    0.081
5934.087	    0.070
5935.068	    0.034
5936.048	    0.085
5937.029	    0.118
5938.010	    0.158
5938.992	    0.184
5939.973	    0.175
5940.954	    0.142
5941.936	    0.108
5942.918	    0.038
5943.900	    0.057
5944.882	    0.076
5945.865	    0.083
5946.847	    0.078
5947.830	    0.091
5948.813	    0.133
5949.796	    0.164
5950.779	    0.198
5951.762	    0.210
5952.745	    0.201
5953.729	    0.196
5954.713	    0.192
5955.697	    0.191
5956.681	    0.195
5957.665	    0.201
5958.650	    0.198
5959.634	    0.192
5960.619	    0.183
5961.604	    0.154
5962.589	    0.137
5963.574	    0.113
5964.560	    0.078
5965.546	    0.057
5966.531	    0.078
5967.517	    0.099
5968.503	    0.148
5969.490	    0.168
5970.476	    0.061
5971.463	    0.065
5972.449	    0.081
5973.436	    0.095
5974.423	    0.086
5975.410	    0.044
5976.398	    0.058
5977.385	    0.034
5978.373	    0.073
5979.361	    0.072
5980.349	    0.076
5981.337	    0.085
5982.326	    0.074
5983.314	    0.038
5984.303	    0.084
5985.292	    0.091
5986.281	    0.100
5987.270	    0.099
5988.259	    0.084
5989.249	    0.095
5990.238	    0.075
5991.228	    0.097
5992.218	    0.100
5993.208	    0.090
5994.199	    0.088
5995.189	    0.101
5996.180	    0.095
5997.171	    0.080
5998.162	    0.078
5999.153	    0.098
6000.144	    0.097
6001.136	    0.087
6002.127	    0.079
6003.119	    0.085
6004.111	    0.083
6005.103	    0.093
6006.095	    0.082
6007.088	    0.082
6008.081	    0.085
6009.073	    0.085
6010.066	    0.090
6011.059	    0.094
6012.053	    0.099
6013.046	    0.102
6014.040	    0.089
6015.033	    0.067
6016.027	    0.088
6017.022	    0.095
6018.016	    0.099
6019.010	    0.101
6020.005	    0.086
6021.000	    0.093
6021.994	    0.091
6022.990	    0.095
6023.985	    0.099
6024.980	    0.099
6025.976	    0.093
6026.972	    0.092
6027.967	    0.089
6028.964	    0.095
6029.960	    0.082
6030.956	    0.078
6031.953	    0.095
6032.949	    0.097
6033.946	    0.086
6034.943	    0.093
6035.941	    0.098
6036.938	    0.098
6037.936	    0.102
6038.933	    0.092
6039.931	    0.088
6040.929	    0.083
6041.927	    0.078
6042.926	    0.077
6043.924	    0.069
6044.923	    0.087
6045.922	    0.089
6046.921	    0.060
6047.920	    0.065
6048.920	    0.092
6049.919	    0.094
6050.919	    0.088
6051.919	    0.090
6052.919	    0.082
6053.919	    0.084
6054.919	    0.104
6055.920	    0.103
6056.920	    0.089
6057.921	    0.077
6058.922	    0.080
6059.924	    0.079
6060.925	    0.067
6061.926	    0.044
6062.928	    0.068
6063.930	    0.094
6064.932	    0.084
6065.934	    0.053
6066.937	    0.054
6067.939	    0.072
6068.942	    0.085
6069.945	    0.060
6070.948	    0.011
6071.951	    0.016
6072.954	    0.063
6073.958	    0.083
6074.961	    0.089
6075.965	    0.057
6076.969	    0.085
6077.973	    0.089
6078.978	    0.073
6079.982	    0.077
6080.987	    0.066
6081.992	    0.051
6082.997	    0.051
6084.002	    0.011
6085.007	    0.049
6086.013	    0.062
6087.018	    0.047
6088.024	    0.061
6089.030	    0.020
6090.036	    0.042
6091.043	    0.020
6092.049	    0.020
6093.056	    0.051
6094.063	    0.060
6095.070	    0.080
6096.077	    0.064
6097.084	    0.052
6098.092	    0.071
6099.099	    0.075
6100.107	    0.080
6101.115	    0.058
6102.123	    0.064
6103.132	    0.077
6104.140	    0.048
6105.149	    0.051
6106.157	    0.063
6107.166	    0.075
6108.176	    0.054
6109.185	    0.080
6110.194	    0.067
6111.204	    0.078
6112.214	    0.085
6113.224	    0.073
6114.234	    0.072
6115.244	    0.059
6116.255	    0.070
6117.266	    0.055
6118.276	    0.094
6119.287	    0.078
6120.299	    0.075
6121.310	    0.067
6122.321	    0.070
6123.333	    0.075
6124.345	    0.105
6125.357	    0.091
6126.369	    0.081
6127.381	    0.092
6128.394	    0.091
6129.407	    0.099
6130.419	    0.094
6131.432	    0.101
6132.446	    0.111
6133.459	    0.107
6134.472	    0.101
6135.486	    0.093
6136.500	    0.099
6137.514	    0.114
6138.528	    0.122
6139.542	    0.131
6140.557	    0.132
6141.572	    0.121
6142.586	    0.122
6143.601	    0.122
6144.617	    0.123
6145.632	    0.118
6146.648	    0.131
6147.663	    0.136
6148.679	    0.110
6149.695	    0.102
6150.711	    0.104
6151.728	    0.106
6152.744	    0.117
6153.761	    0.128
6154.778	    0.121
6155.795	    0.110
6156.812	    0.109
6157.829	    0.109
6158.847	    0.109
6159.865	    0.109
6160.882	    0.109
6161.900	    0.111
6162.919	    0.113
6163.937	    0.114
6164.956	    0.119
6165.974	    0.127
6166.993	    0.136
6168.012	    0.141
6169.031	    0.140
6170.051	    0.134
6171.070	    0.131
6172.090	    0.131
6173.110	    0.132
6174.130	    0.134
6175.150	    0.135
6176.171	    0.136
6177.191	    0.137
6178.212	    0.138
6179.233	    0.134
6180.254	    0.121
6181.275	    0.117
6182.296	    0.132
6183.318	    0.139
6184.340	    0.138
6185.362	    0.145
6186.384	    0.147
6187.406	    0.132
6188.428	    0.132
6189.451	    0.125
6190.474	    0.121
6191.497	    0.122
6192.520	    0.131
6193.543	    0.143
6194.567	    0.136
6195.590	    0.132
6196.614	    0.123
6197.638	    0.122
6198.662	    0.119
6199.686	    0.127
6200.711	    0.147
6201.735	    0.161
6202.760	    0.163
6203.785	    0.158
6204.810	    0.153
6205.835	    0.148
6206.861	    0.138
6207.887	    0.128
6208.912	    0.119
6209.938	    0.121
6210.964	    0.134
6211.991	    0.127
6213.017	    0.147
6214.044	    0.148
6215.071	    0.123
6216.098	    0.138
6217.125	    0.141
6218.152	    0.148
6219.180	    0.140
6220.207	    0.128
6221.235	    0.136
6222.263	    0.147
6223.291	    0.151
6224.320	    0.155
6225.348	    0.151
6226.377	    0.136
6227.406	    0.132
6228.435	    0.122
6229.464	    0.119
6230.493	    0.127
6231.523	    0.132
6232.553	    0.134
6233.583	    0.148
6234.613	    0.169
6235.643	    0.182
6236.673	    0.186
6237.704	    0.187
6238.734	    0.178
6239.765	    0.174
6240.796	    0.163
6241.828	    0.157
6242.859	    0.154
6243.891	    0.158
6244.922	    0.158
6245.954	    0.151
6246.986	    0.148
6248.019	    0.143
6249.051	    0.137
6250.084	    0.141
6251.117	    0.139
6252.149	    0.130
6253.183	    0.134
6254.216	    0.141
6255.249	    0.142
6256.283	    0.154
6257.317	    0.164
6258.351	    0.171
6259.385	    0.180
6260.419	    0.184
6261.454	    0.174
6262.488	    0.156
6263.523	    0.155
6264.558	    0.156
6265.593	    0.158
6266.629	    0.154
6267.664	    0.145
6268.700	    0.142
6269.736	    0.133
6270.772	    0.139
6271.808	    0.143
6272.844	    0.138
6273.881	    0.140
6274.918	    0.141
6275.954	    0.132
6276.991	    0.125
6278.029	    0.114
6279.066	    0.104
6280.104	    0.102
6281.141	    0.110
6282.179	    0.102
6283.217	    0.099
6284.256	    0.089
6285.294	    0.095
6286.333	    0.121
6287.371	    0.151
6288.410	    0.157
6289.449	    0.158
6290.489	    0.159
6291.528	    0.139
6292.568	    0.135
6293.608	    0.141
6294.648	    0.140
6295.688	    0.138
6306.099	    0.160
6307.141	    0.161
6308.183	    0.166
6309.225	    0.162
6310.268	    0.161
6311.310	    0.142
6312.353	    0.120
6313.396	    0.128
6314.440	    0.118
6315.483	    0.118
6316.527	    0.131
6317.570	    0.141
6318.614	    0.145
6319.658	    0.137
6320.703	    0.151
6321.747	    0.160
6322.792	    0.159
6323.837	    0.152
6324.882	    0.146
6325.927	    0.127
6326.972	    0.130
6328.017	    0.141
6329.063	    0.153
6330.109	    0.171
6331.155	    0.175
6332.201	    0.172
6333.247	    0.168
6334.294	    0.149
6335.341	    0.134
6336.388	    0.130
6337.435	    0.131
6338.482	    0.137
6339.529	    0.141
6340.577	    0.140
6341.624	    0.132
6342.672	    0.127
6343.720	    0.144
6344.769	    0.143
6345.817	    0.138
6346.866	    0.131
6347.914	    0.120
6348.963	    0.123
6350.012	    0.123
6351.062	    0.116
6352.111	    0.095
6353.161	    0.072
6354.211	    0.098
6355.261	    0.130
6356.311	    0.145
6357.361	    0.150
6358.412	    0.145
6359.462	    0.137
6360.513	    0.140
6361.564	    0.173
6362.615	    0.259
6363.667	    0.322
6364.718	    0.332
6365.770	    0.341
6366.822	    0.337
6367.874	    0.294
6368.926	    0.226
6369.979	    0.199
6371.031	    0.185
6372.084	    0.156
6373.137	    0.134
6374.190	    0.121
6375.243	    0.124
6376.297	    0.143
6377.350	    0.141
6378.404	    0.127
6379.458	    0.142
6380.512	    0.144
6381.567	    0.140
6382.621	    0.129
6383.676	    0.130
6384.731	    0.133
6385.786	    0.122
6386.841	    0.136
6387.896	    0.151
6388.952	    0.135
6390.008	    0.126
6391.063	    0.132
6392.120	    0.124
6393.176	    0.142
6394.232	    0.137
6395.289	    0.142
6396.346	    0.145
6397.403	    0.144
6398.460	    0.142
6399.517	    0.146
6400.574	    0.150
6401.632	    0.146
6402.690	    0.145
6403.748	    0.129
6404.806	    0.124
6405.864	    0.120
6406.923	    0.118
6407.982	    0.113
6409.040	    0.113
6410.099	    0.109
6411.159	    0.113
6412.218	    0.110
6413.278	    0.125
6414.337	    0.129
6415.397	    0.121
6416.457	    0.132
6417.518	    0.136
6418.578	    0.133
6419.639	    0.138
6420.700	    0.143
6421.760	    0.145
6422.822	    0.141
6423.883	    0.132
6424.944	    0.123
6426.006	    0.127
6427.068	    0.125
6428.130	    0.120
6429.192	    0.123
6430.255	    0.140
6431.317	    0.150
6432.380	    0.153
6433.443	    0.147
6434.506	    0.140
6435.569	    0.136
6436.632	    0.138
6437.696	    0.142
6438.760	    0.141
6439.824	    0.132
6440.888	    0.132
6441.952	    0.132
6443.017	    0.139
6444.081	    0.143
6445.146	    0.139
6446.211	    0.141
6447.276	    0.132
6448.342	    0.119
6449.407	    0.128
6450.473	    0.134
6451.539	    0.139
6452.605	    0.133
6453.671	    0.131
6454.738	    0.145
6455.804	    0.132
6456.871	    0.151
6457.938	    0.149
6459.005	    0.146
6460.072	    0.137
6461.140	    0.143
6462.207	    0.132
6463.275	    0.149
6464.343	    0.157
6465.411	    0.168
6466.480	    0.175
6467.548	    0.176
6468.617	    0.177
6469.686	    0.157
6470.755	    0.158
6471.824	    0.156
6472.894	    0.151
6473.963	    0.148
6475.033	    0.146
6476.103	    0.115
6477.173	    0.112
6478.243	    0.129
6479.314	    0.134
6480.385	    0.126
6481.455	    0.115
6482.526	    0.113
6483.598	    0.118
6484.669	    0.121
6485.740	    0.119
6486.812	    0.120
6487.884	    0.130
6488.956	    0.122
6490.028	    0.114
6491.101	    0.118
6492.173	    0.112
6493.246	    0.111
6494.319	    0.118
6495.392	    0.120
6496.466	    0.134
6497.539	    0.156
6498.613	    0.171
6499.687	    0.171
6500.761	    0.171
6501.835	    0.167
6502.909	    0.143
6503.984	    0.124
6505.058	    0.131
6506.133	    0.142
6507.208	    0.144
6508.284	    0.145
6509.359	    0.134
6510.435	    0.130
6511.511	    0.128
6512.587	    0.130
6513.663	    0.126
6514.739	    0.120
6515.816	    0.111
6516.892	    0.126
6517.969	    0.117
6519.046	    0.091
6520.123	    0.082
6521.201	    0.091
6522.278	    0.112
6523.356	    0.113
6524.434	    0.117
6525.512	    0.121
6526.590	    0.099
6527.669	    0.107
6528.748	    0.119
6529.826	    0.123
6530.905	    0.130
6531.985	    0.158
6533.064	    0.154
6534.143	    0.152
6535.223	    0.161
6536.303	    0.158
6537.383	    0.135
6538.463	    0.121
6539.544	    0.124
6540.624	    0.134
6541.705	    0.119
6542.786	    0.126
6543.867	    0.133
6544.949	    0.139
6546.030	    0.139
6547.112	    0.140
6548.194	    0.134
6549.276	    0.125
6550.358	    0.122
6551.440	    0.127
6552.523	    0.150
6553.606	    0.166
6554.689	    0.164
6555.772	    0.167
6556.855	    0.160
6557.938	    0.132
6559.022	    0.113
6560.106	    0.104
6561.190	    0.122
6562.274	    0.147
6563.358	    0.150
6564.443	    0.154
6565.528	    0.149
6566.613	    0.134
6567.698	    0.124
6568.783	    0.118
6569.868	    0.111
6570.954	    0.114
6572.040	    0.109
6573.126	    0.097
6574.212	    0.102
6575.298	    0.103
6576.385	    0.137
6577.471	    0.148
6578.558	    0.146
6579.645	    0.142
6580.733	    0.136
6581.820	    0.117
6582.908	    0.109
6583.995	    0.115
6585.083	    0.122
6586.171	    0.120
6587.260	    0.113
6588.348	    0.106
6589.437	    0.107
6590.526	    0.099
6591.615	    0.104
6592.704	    0.093
6593.793	    0.077
6594.883	    0.100
6595.973	    0.102
6597.063	    0.099
6598.153	    0.104
6599.243	    0.113
6600.334	    0.119
6601.424	    0.106
6602.515	    0.096
6603.606	    0.120
6604.697	    0.129
6605.789	    0.129
6606.880	    0.123
6607.972	    0.109
6609.064	    0.115
6610.156	    0.122
6611.248	    0.126
6612.341	    0.130
6613.433	    0.136
6614.526	    0.173
6615.619	    0.248
6616.712	    0.376
6617.806	    0.517
6618.899	    0.575
6619.993	    0.562
6621.087	    0.479
6622.181	    0.342
6623.275	    0.211
6624.370	    0.159
6625.464	    0.148
6626.559	    0.163
6627.654	    0.202
6628.749	    0.280
6629.844	    0.469
6630.940	    0.796
6632.036	    1.172
6633.132	    1.423
6634.228	    1.465
6635.324	    1.284
6636.420	    0.984
6637.517	    0.653
6638.614	    0.375
6639.711	    0.211
6640.808	    0.153
6641.905	    0.138
6643.003	    0.125
6644.100	    0.122
6645.198	    0.126
6646.296	    0.120
6647.395	    0.129
6648.493	    0.158
6649.592	    0.207
6650.691	    0.294
6651.789	    0.483
6652.889	    0.754
6653.988	    0.942
6655.087	    0.997
6656.187	    0.934
6657.287	    0.703
6658.387	    0.399
6659.487	    0.222
6660.588	    0.145
6661.688	    0.132
6662.789	    0.116
6663.890	    0.111
6664.991	    0.088
6666.093	    0.082
6667.194	    0.089
6668.296	    0.081
6669.398	    0.086
6670.500	    0.098
6671.602	    0.099
6672.705	    0.083
6673.807	    0.078
6674.910	    0.072
6676.013	    0.066
6677.116	    0.074
6678.219	    0.077
6679.323	    0.070
6680.427	    0.081
6681.530	    0.082
6682.635	    0.067
6683.739	    0.059
6684.843	    0.055
6685.948	    0.070
6687.053	    0.071
6688.158	    0.075
6689.263	    0.074
6690.368	    0.059
6691.474	    0.036
6692.579	    0.034
6693.685	    0.036
6694.791	    0.052
6695.898	    0.075
6697.004	    0.075
6698.111	    0.062
6699.217	    0.064
6700.324	    0.060
6701.432	    0.058
6702.539	    0.063
6703.647	    0.057
6704.754	    0.020
6705.862	    0.030
6706.970	    0.039
6708.079	    0.049
6709.187	    0.047
6710.296	    0.059
6711.404	    0.034
6712.513	    0.036
6713.623	    0.044
6714.732	    0.052
6715.842	    0.059
6716.951	    0.071
6718.061	    0.055
6719.171	    0.047
6720.282	    0.023
6721.392	    0.025
6722.503	    0.023
6723.614	    0.011
6724.725	    0.039
6725.836	    0.030
6726.947	    0.053
6728.059	    0.030
6729.171	    0.023
6730.283	    0.020
6731.395	    0.025
6732.507	    0.034
6733.619	    0.045
6734.732	    0.023
6735.845	    0.042
6736.958	    0.053
6738.071	    0.041
6739.185	    0.042
6740.298	    0.034
6741.412	    0.036
6742.526	    0.039
6743.640	    0.039
6744.754	    0.039
6745.869	    0.042
6746.984	    0.066
6748.099	    0.090
6749.214	    0.103
6750.329	    0.107
6751.444	    0.101
6752.560	    0.059
6753.676	    0.039
6754.792	    0.044
6755.908	    0.052
6757.024	    0.058
6758.141	    0.059
6759.258	    0.054
6760.374	    0.060
6761.492	    0.062
6762.609	    0.032
6763.726	    0.016
6764.844	    0.041
6765.962	    0.060
6767.080	    0.051
6768.198	    0.061
6769.316	    0.066
6770.435	    0.065
6771.554	    0.080
6772.673	    0.091
6773.792	    0.078
6774.911	    0.053
6776.031	    0.041
6777.150	    0.041
6778.270	    0.072
6779.390	    0.080
6780.510	    0.076
6781.631	    0.078
6782.752	    0.045
6783.872	    0.044
6784.993	    0.104
6786.114	    0.211
6787.236	    0.351
6788.357	    0.447
6789.479	    0.471
6790.601	    0.430
6791.723	    0.305
6792.845	    0.174
6793.968	    0.071
6795.090	    0.059
6796.213	    0.055
6797.336	    0.049
6798.459	    0.049
6799.583	    0.095
6800.706	    0.193
6801.830	    0.323
6802.954	    0.409
6804.078	    0.434
6805.203	    0.396
6806.327	    0.287
6807.452	    0.151
6808.577	    0.045
6809.702	    0.073
6810.827	    0.078
6811.952	    0.077
6813.078	    0.079
6814.204	    0.089
6815.330	    0.094
6816.456	    0.087
6817.582	    0.071
6818.709	    0.067
6819.836	    0.081
6820.963	    0.088
6822.090	    0.093
6823.217	    0.091
6824.344	    0.091
6825.472	    0.075
6826.600	    0.032
6827.728	    0.064
6828.856	    0.109
6829.985	    0.135
6831.113	    0.141
6832.242	    0.130
6833.371	    0.126
6834.500	    0.111
6835.630	    0.108
6836.759	    0.106
6837.889	    0.079
6839.019	    0.047
6840.149	    0.079
6841.279	    0.078
6842.410	    0.067
6843.540	    0.066
6844.671	    0.077
6845.802	    0.088
6846.933	    0.079
6848.065	    0.091
6849.196	    0.089
6850.328	    0.078
6851.460	    0.072
6852.592	    0.089
6853.724	    0.093
6854.857	    0.081
6855.990	    0.083
6857.123	    0.102
6858.256	    0.099
6859.389	    0.106
6860.522	    0.110
6861.656	    0.057
6862.790	    0.120
6863.924	    0.161
6865.058	    0.165
6866.193	    0.122
6867.327	    0.083
6868.462	    0.177
6869.597	    0.215
6870.732	    0.230
6871.867	    0.233
6873.003	    0.219
6874.139	    0.206
6875.274	    0.202
6876.411	    0.187
6877.547	    0.178
6878.683	    0.172
6879.820	    0.153
6880.957	    0.138
6882.094	    0.126
6883.231	    0.126
6884.368	    0.125
6885.506	    0.148
6886.644	    0.160
6887.782	    0.147
6888.920	    0.147
6890.058	    0.140
6891.197	    0.145
6892.335	    0.157
6893.474	    0.166
6894.613	    0.157
6895.753	    0.162
6896.892	    0.160
6898.032	    0.156
6899.172	    0.150
6900.312	    0.142
6901.452	    0.125
6902.592	    0.129
6903.733	    0.132
6904.874	    0.140
6906.015	    0.144
6907.156	    0.146
6908.297	    0.142
6909.439	    0.137
6910.580	    0.122
6911.722	    0.105
6912.864	    0.094
6914.007	    0.076
6915.149	    0.082
6916.292	    0.110
6917.435	    0.132
6918.578	    0.131
6919.721	    0.119
6920.865	    0.099
6922.008	    0.053
6923.152	    0.058
6924.296	    0.075
6925.440	    0.054
6926.584	    0.055
6927.729	    0.111
6928.874	    0.122
6930.019	    0.113
6931.164	    0.115
6932.309	    0.117
6933.455	    0.112
6934.600	    0.117
6935.746	    0.126
6936.892	    0.097
6938.039	    0.085
6939.185	    0.061
6940.332	    0.038
6941.479	    0.036
6942.626	    0.066
6943.773	    0.101
6944.920	    0.108
6946.068	    0.115
6947.216	    0.048
6948.364	    0.088
6949.512	    0.088
6950.660	    0.093
6951.809	    0.088
6952.957	    0.060
6954.106	    0.101
6955.255	    0.109
6956.405	    0.113
6957.554	    0.117
6958.704	    0.122
6959.854	    0.120
6961.004	    0.119
6962.154	    0.113
6963.304	    0.111
6964.455	    0.113
6965.606	    0.108
6966.757	    0.106
6967.908	    0.090
6969.059	    0.082
6970.211	    0.078
6971.363	    0.064
6972.515	    0.074
6973.667	    0.097
6974.819	    0.115
6975.972	    0.101
6977.125	    0.051
6978.277	    0.028
6979.431	    0.028
6980.584	    0.011
6981.737	    0.032
6982.891	    0.091
6984.045	    0.116
6985.199	    0.119
6986.353	    0.115
6987.508	    0.111
6988.662	    0.123
6989.817	    0.127
6990.972	    0.128
6992.127	    0.111
6993.283	    0.113
6994.438	    0.126
6995.594	    0.131
6996.750	    0.130
6997.906	    0.131
6999.063	    0.128
7000.219	    0.129
7001.376	    0.126
7002.533	    0.119
7003.690	    0.118
7004.847	    0.111
7006.005	    0.109
7007.162	    0.114
7008.320	    0.125
7009.478	    0.119
7010.636	    0.099
7011.795	    0.101
7012.954	    0.105
7014.112	    0.106
7015.271	    0.119
7016.431	    0.132
7017.590	    0.134
7018.750	    0.137
7019.909	    0.138
7021.069	    0.136
7022.230	    0.141
7023.390	    0.140
7024.551	    0.137
7025.711	    0.145
7026.872	    0.142
7028.033	    0.145
7029.195	    0.147
7030.356	    0.145
7031.518	    0.142
7032.680	    0.137
7033.842	    0.140
7035.004	    0.146
7036.167	    0.150
7037.329	    0.142
7038.492	    0.139
7039.655	    0.140
7040.819	    0.139
7041.982	    0.136
7043.146	    0.139
7044.309	    0.134
7045.473	    0.132
7046.638	    0.125
7047.802	    0.121
7048.967	    0.123
7050.131	    0.124
7051.296	    0.127
7052.462	    0.128
7053.627	    0.131
7054.792	    0.148
7055.958	    0.150
7057.124	    0.146
7058.290	    0.141
7059.457	    0.150
7060.623	    0.153
7061.790	    0.139
7062.957	    0.140
7064.124	    0.136
7065.291	    0.141
7066.459	    0.142
7067.626	    0.144
7068.794	    0.143
7069.962	    0.139
7071.130	    0.140
7072.299	    0.145
7073.468	    0.145
7074.636	    0.147
7075.805	    0.147
7076.975	    0.147
7078.144	    0.149
7079.314	    0.144
7080.483	    0.143
7081.653	    0.138
7082.824	    0.141
7083.994	    0.143
7085.165	    0.147
7086.335	    0.151
7087.506	    0.151
7088.677	    0.140
7089.849	    0.130
7091.020	    0.137
7092.192	    0.143
7093.364	    0.156
7094.536	    0.155
7095.708	    0.144
7096.881	    0.141
7098.054	    0.144
7099.227	    0.142
7100.400	    0.142
7101.573	    0.147
7102.746	    0.142
7103.920	    0.136
7105.094	    0.144
7106.268	    0.156
7107.442	    0.155
7108.617	    0.151
7109.791	    0.142
7110.966	    0.145
7112.141	    0.148
7113.316	    0.149
7114.492	    0.148
7115.667	    0.147
7116.843	    0.149
7118.019	    0.144
