WV      	 Sigma   
4184.326	    0.056
4185.077	    0.049
4185.828	    0.039
4186.580	    0.025
4187.331	    0.014
4188.083	    0.025
4188.835	    0.023
4189.586	    0.023
4190.339	    0.036
4191.091	    0.041
4191.843	    0.039
4192.595	    0.029
4193.348	    0.021
4194.101	    0.021
4194.853	    0.008
4195.606	    0.034
4196.359	    0.037
4197.113	    0.031
4197.866	    0.022
4198.620	    0.019
4199.373	    0.049
4200.127	    0.031
4200.881	    0.029
4201.635	    0.053
4202.389	    0.021
4203.143	    0.038
4203.898	    0.035
4204.652	    0.037
4205.407	    0.048
4206.162	    0.042
4206.917	    0.030
4207.672	    0.017
4208.427	    0.033
4209.183	    0.048
4209.938	    0.054
4210.694	    0.045
4211.450	    0.008
4212.206	    0.047
4212.962	    0.054
4213.718	    0.014
4214.474	    0.037
4215.231	    0.029
4215.987	    0.022
4216.744	    0.037
4217.501	    0.036
4218.258	    0.049
4219.015	    0.055
4219.773	    0.056
4220.530	    0.027
4221.288	    0.023
4222.045	    0.029
4222.803	    0.041
4223.561	    0.019
4224.319	    0.014
4225.077	    0.017
4225.836	    0.011
4226.594	    0.042
4227.353	    0.045
4228.112	    0.047
4228.871	    0.052
4229.630	    0.052
4230.389	    0.055
4231.148	    0.053
4231.908	    0.039
4232.667	    0.080
4233.427	    0.074
4234.187	    0.060
4234.947	    0.032
4235.707	    0.014
4236.468	    0.017
4237.228	    0.016
4237.989	    0.008
4238.749	    0.038
4239.510	    0.023
4240.271	    0.011
4241.032	    0.014
4241.793	    0.062
4242.555	    0.053
4243.316	    0.029
4244.078	    0.043
4244.840	    0.033
4245.602	    0.059
4246.364	    0.072
4247.126	    0.068
4247.888	    0.034
4248.651	    0.051
4249.413	    0.057
4250.176	    0.057
4250.939	    0.042
4251.702	    0.027
4252.465	    0.023
4253.229	    0.029
4253.992	    0.039
4254.756	    0.029
4255.519	    0.032
4256.283	    0.037
4257.047	    0.045
4257.811	    0.048
4258.575	    0.057
4259.340	    0.061
4260.104	    0.055
4260.869	    0.068
4261.634	    0.062
4262.399	    0.057
4263.164	    0.055
4263.929	    0.066
4264.695	    0.061
4265.460	    0.044
4266.226	    0.030
4266.991	    0.031
4267.757	    0.029
4268.523	    0.025
4269.290	    0.016
4270.056	    0.083
4270.822	    0.073
4271.589	    0.058
4272.356	    0.041
4273.123	    0.041
4273.890	    0.070
4274.657	    0.066
4275.424	    0.058
4276.191	    0.071
4276.959	    0.051
4277.727	    0.063
4278.494	    0.072
4279.262	    0.071
4280.031	    0.040
4280.799	    0.051
4281.567	    0.056
4282.336	    0.052
4283.104	    0.033
4283.873	    0.048
4284.642	    0.056
4285.411	    0.062
4286.180	    0.063
4286.950	    0.069
4287.719	    0.070
4288.489	    0.068
4289.259	    0.057
4290.029	    0.061
4290.799	    0.056
4291.569	    0.047
4292.339	    0.037
4293.110	    0.023
4293.880	    0.043
4294.651	    0.052
4295.422	    0.050
4296.193	    0.027
4296.964	    0.044
4297.735	    0.050
4298.507	    0.050
4299.278	    0.064
4300.050	    0.061
4300.822	    0.062
4301.594	    0.069
4302.366	    0.098
4303.138	    0.054
4303.910	    0.067
4304.683	    0.076
4305.456	    0.056
4306.229	    0.057
4307.001	    0.074
4307.775	    0.074
4308.548	    0.055
4309.321	    0.072
4310.095	    0.045
4310.868	    0.050
4311.642	    0.068
4312.416	    0.043
4313.190	    0.062
4313.964	    0.071
4314.739	    0.076
4315.513	    0.079
4316.288	    0.059
4317.062	    0.060
4317.837	    0.069
4318.612	    0.080
4319.388	    0.079
4320.163	    0.073
4320.938	    0.068
4321.714	    0.066
4322.490	    0.068
4323.266	    0.051
4324.042	    0.051
4324.818	    0.058
4325.594	    0.069
4326.370	    0.059
4327.147	    0.061
4327.924	    0.061
4328.700	    0.059
4329.477	    0.065
4330.255	    0.060
4331.032	    0.054
4331.809	    0.047
4332.587	    0.050
4333.364	    0.070
4334.142	    0.081
4334.920	    0.089
4335.698	    0.092
4336.477	    0.046
4337.255	    0.021
4338.034	    0.026
4338.812	    0.031
4339.591	    0.042
4340.370	    0.011
4341.149	    0.014
4341.928	    0.023
4342.708	    0.041
4343.487	    0.016
4344.267	    0.023
4345.046	    0.025
4345.826	    0.008
4346.606	    0.050
4347.387	    0.031
4348.167	    0.030
4348.947	    0.038
4349.728	    0.017
4350.509	    0.039
4351.290	    0.025
4352.071	    0.025
4352.852	    0.033
4353.633	    0.069
4354.415	    0.080
4355.196	    0.085
4355.978	    0.087
4356.760	    0.077
4357.542	    0.070
4358.324	    0.077
4359.106	    0.084
4359.889	    0.084
4360.671	    0.064
4361.454	    0.050
4362.237	    0.041
4363.020	    0.043
4363.803	    0.060
4364.587	    0.070
4365.370	    0.070
4366.153	    0.067
4366.937	    0.065
4367.721	    0.063
4368.505	    0.060
4369.289	    0.067
4370.073	    0.077
4370.858	    0.052
4371.642	    0.074
4372.427	    0.072
4373.212	    0.068
4373.997	    0.072
4374.782	    0.080
4375.567	    0.064
4376.353	    0.062
4388.938	    0.070
4389.726	    0.070
4390.514	    0.072
4391.302	    0.074
4392.090	    0.068
4392.879	    0.065
4393.667	    0.071
4394.456	    0.076
4395.245	    0.080
4396.033	    0.080
4396.823	    0.073
4397.612	    0.070
4398.401	    0.069
4399.191	    0.070
4399.980	    0.065
4400.770	    0.069
4401.560	    0.066
4402.350	    0.060
4403.140	    0.076
4403.931	    0.086
4404.721	    0.084
4405.512	    0.082
4406.302	    0.083
4407.093	    0.059
4407.884	    0.081
4408.676	    0.078
4409.467	    0.069
4410.258	    0.072
4411.050	    0.036
4411.842	    0.048
4412.634	    0.061
4413.426	    0.071
4414.218	    0.074
4415.010	    0.058
4415.803	    0.065
4416.595	    0.071
4417.388	    0.071
4418.181	    0.056
4418.974	    0.043
4419.767	    0.034
4420.561	    0.034
4421.354	    0.042
4422.148	    0.052
4422.941	    0.045
4423.735	    0.037
4424.529	    0.039
4425.324	    0.066
4426.118	    0.058
4426.912	    0.044
4427.707	    0.034
4428.502	    0.038
4429.297	    0.056
4430.092	    0.065
4430.887	    0.053
4431.682	    0.043
4432.478	    0.052
4433.273	    0.072
4434.069	    0.063
4434.865	    0.050
4435.661	    0.041
4436.457	    0.052
4437.253	    0.051
4438.050	    0.045
4438.847	    0.050
4439.643	    0.061
4440.440	    0.064
4441.237	    0.051
4442.034	    0.041
4442.832	    0.032
4443.629	    0.026
4444.427	    0.014
4445.225	    0.023
4446.023	    0.021
4446.821	    0.043
4447.619	    0.057
4448.417	    0.047
4449.216	    0.019
4450.014	    0.027
4450.813	    0.031
4451.612	    0.014
4452.411	    0.054
4453.210	    0.063
4454.009	    0.062
4454.809	    0.055
4455.609	    0.041
4456.408	    0.045
4457.208	    0.055
4458.008	    0.060
4458.808	    0.059
4459.609	    0.053
4460.409	    0.051
4461.210	    0.051
4462.011	    0.053
4462.812	    0.058
4463.613	    0.061
4464.414	    0.056
4465.215	    0.053
4466.017	    0.053
4466.818	    0.057
4467.620	    0.056
4468.422	    0.049
4469.224	    0.045
4470.026	    0.045
4470.829	    0.049
4471.631	    0.043
4472.434	    0.021
4473.237	    0.027
4474.039	    0.038
4474.843	    0.042
4475.646	    0.042
4476.449	    0.032
4477.253	    0.021
4478.056	    0.044
4478.860	    0.056
4479.664	    0.051
4480.468	    0.045
4481.272	    0.041
4482.077	    0.041
4482.881	    0.043
4483.686	    0.047
4484.491	    0.051
4485.296	    0.052
4486.101	    0.050
4486.906	    0.046
4487.711	    0.041
4488.517	    0.035
4489.322	    0.031
4490.128	    0.029
4490.934	    0.028
4491.740	    0.029
4492.547	    0.029
4493.353	    0.031
4494.160	    0.033
4494.966	    0.037
4495.773	    0.041
4496.580	    0.045
4497.387	    0.038
4498.194	    0.025
4499.002	    0.008
4499.809	    0.027
4500.617	    0.022
4501.425	    0.011
4502.233	    0.025
4503.041	    0.025
4503.849	    0.019
4504.658	    0.014
4505.466	    0.034
4506.275	    0.039
4507.084	    0.022
4507.893	    0.049
4508.702	    0.059
4509.511	    0.056
4510.321	    0.051
4511.130	    0.051
4511.940	    0.064
4512.750	    0.072
4513.560	    0.073
4514.370	    0.071
4515.180	    0.066
4515.991	    0.061
4516.802	    0.060
4517.612	    0.062
4518.423	    0.062
4519.234	    0.059
4520.045	    0.050
4520.857	    0.028
4521.668	    0.008
4522.480	    0.021
4523.292	    0.041
4524.103	    0.056
4524.916	    0.053
4525.728	    0.045
4526.540	    0.041
4527.353	    0.041
4528.165	    0.037
4528.978	    0.021
4529.791	    0.028
4530.604	    0.023
4531.417	    0.051
4532.231	    0.066
4533.044	    0.057
4533.858	    0.038
4534.672	    0.038
4535.486	    0.028
4536.300	    0.023
4537.114	    0.008
4537.928	    0.019
4538.743	    0.016
4539.558	    0.016
4540.372	    0.026
4541.187	    0.040
4542.002	    0.045
4542.818	    0.041
4543.633	    0.037
4544.449	    0.036
4545.264	    0.039
4546.080	    0.039
4546.896	    0.037
4547.712	    0.042
4548.529	    0.053
4549.345	    0.065
4550.162	    0.067
4550.979	    0.057
4551.795	    0.045
4552.612	    0.033
4553.430	    0.030
4554.247	    0.043
4555.064	    0.048
4555.882	    0.046
4556.700	    0.043
4557.518	    0.040
4558.336	    0.033
4559.154	    0.033
4559.972	    0.044
4560.791	    0.052
4561.609	    0.054
4562.428	    0.053
4563.247	    0.052
4564.066	    0.053
4564.885	    0.052
4565.705	    0.045
4566.524	    0.029
4567.344	    0.031
4568.164	    0.043
4568.984	    0.044
4569.804	    0.041
4570.624	    0.034
4571.445	    0.032
4572.265	    0.038
4573.086	    0.043
4573.907	    0.046
4574.728	    0.048
4575.549	    0.050
4576.370	    0.053
4577.192	    0.042
4578.013	    0.008
4578.835	    0.037
4579.657	    0.041
4580.479	    0.025
4581.301	    0.022
4582.123	    0.030
4582.946	    0.041
4583.768	    0.047
4584.591	    0.037
4585.414	    0.025
4586.237	    0.043
4587.060	    0.037
4587.884	    0.021
4588.707	    0.050
4589.531	    0.046
4590.355	    0.014
4591.179	    0.025
4592.003	    0.021
4592.827	    0.017
4593.651	    0.011
4594.476	    0.026
4595.301	    0.025
4596.125	    0.017
4596.950	    0.040
4597.776	    0.049
4598.601	    0.055
4599.426	    0.053
4600.252	    0.049
4601.078	    0.047
4601.903	    0.045
4602.730	    0.043
4603.556	    0.034
4604.382	    0.029
4605.208	    0.032
4606.035	    0.037
4606.862	    0.038
4607.689	    0.022
4608.516	    0.008
4609.343	    0.023
4610.170	    0.032
4610.998	    0.035
4611.826	    0.025
4612.653	    0.017
4613.481	    0.028
4614.309	    0.035
4615.138	    0.036
4615.966	    0.031
4616.795	    0.037
4617.623	    0.052
4618.452	    0.052
4619.281	    0.039
4620.110	    0.039
4620.940	    0.030
4621.769	    0.026
4622.599	    0.025
4623.428	    0.028
4624.258	    0.022
4625.088	    0.022
4625.918	    0.046
4626.749	    0.051
4627.579	    0.041
4628.410	    0.016
4629.241	    0.035
4630.072	    0.045
4630.903	    0.031
4631.734	    0.030
4632.565	    0.039
4633.397	    0.034
4634.229	    0.023
4635.060	    0.022
4635.892	    0.030
4636.724	    0.030
4637.557	    0.032
4638.389	    0.038
4639.222	    0.031
4640.054	    0.031
4640.887	    0.014
4641.720	    0.019
4642.553	    0.008
4643.387	    0.017
4644.220	    0.016
4645.054	    0.030
4645.888	    0.045
4646.722	    0.045
4647.556	    0.036
4648.390	    0.036
4649.224	    0.038
4650.059	    0.052
4650.893	    0.059
4651.728	    0.054
4652.563	    0.041
4653.398	    0.026
4654.234	    0.023
4655.069	    0.044
4655.905	    0.047
4656.740	    0.039
4657.576	    0.034
4658.412	    0.038
4659.248	    0.048
4660.085	    0.040
4660.921	    0.027
4661.758	    0.035
4662.594	    0.011
4663.431	    0.047
4664.268	    0.057
4665.106	    0.044
4665.943	    0.031
4666.781	    0.033
4667.618	    0.045
4668.456	    0.058
4669.294	    0.068
4670.132	    0.071
4670.970	    0.062
4671.809	    0.052
4672.647	    0.037
4673.486	    0.014
4674.325	    0.016
4675.164	    0.017
4676.003	    0.036
4676.843	    0.045
4677.682	    0.046
4678.522	    0.038
4679.361	    0.023
4680.201	    0.011
4681.041	    0.027
4681.882	    0.038
4682.722	    0.043
4683.563	    0.041
4684.403	    0.033
4685.244	    0.017
4686.085	    0.027
4686.926	    0.037
4687.767	    0.036
4688.609	    0.016
4689.450	    0.041
4690.292	    0.042
4691.134	    0.037
4691.976	    0.026
4692.818	    0.038
4693.661	    0.027
4694.503	    0.014
4695.346	    0.038
4696.189	    0.045
4697.032	    0.043
4697.875	    0.036
4698.718	    0.036
4699.561	    0.045
4700.405	    0.045
4701.249	    0.030
4702.092	    0.030
4702.936	    0.021
4703.781	    0.038
4704.625	    0.041
4705.469	    0.016
4706.314	    0.021
4707.159	    0.019
4708.004	    0.014
4708.849	    0.021
4709.694	    0.035
4710.539	    0.016
4711.385	    0.034
4712.231	    0.047
4713.076	    0.041
4713.922	    0.034
4714.768	    0.039
4715.615	    0.034
4716.461	    0.023
4717.308	    0.014
4718.154	    0.019
4719.001	    0.026
4719.848	    0.027
4720.696	    0.025
4721.543	    0.028
4722.390	    0.037
4723.238	    0.038
4724.086	    0.021
4724.934	    0.028
4725.782	    0.025
4726.630	    0.030
4727.479	    0.045
4728.327	    0.008
4729.176	    0.042
4730.025	    0.057
4730.874	    0.066
4731.723	    0.034
4732.572	    0.041
4733.422	    0.021
4734.271	    0.041
4735.121	    0.047
4735.971	    0.032
4736.821	    0.023
4737.671	    0.028
4738.522	    0.049
4739.372	    0.032
4740.223	    0.017
4741.074	    0.017
4741.925	    0.022
4742.776	    0.039
4743.627	    0.011
4744.479	    0.031
4745.330	    0.047
4746.182	    0.053
4747.034	    0.052
4747.886	    0.055
4748.738	    0.026
4749.591	    0.043
4750.443	    0.014
4751.296	    0.039
4752.149	    0.037
4753.002	    0.026
4753.855	    0.033
4754.708	    0.038
4755.562	    0.051
4756.415	    0.041
4757.269	    0.027
4758.123	    0.028
4758.977	    0.016
4759.831	    0.043
4760.686	    0.049
4761.540	    0.038
4762.395	    0.034
4763.250	    0.032
4764.105	    0.017
4764.960	    0.032
4765.815	    0.026
4766.671	    0.017
4767.526	    0.031
4768.382	    0.030
4769.238	    0.011
4770.094	    0.041
4770.950	    0.044
4771.807	    0.019
4772.663	    0.016
4773.520	    0.016
4774.377	    0.031
4775.234	    0.044
4776.091	    0.025
4776.948	    0.033
4777.805	    0.047
4778.663	    0.030
4779.521	    0.016
4780.379	    0.022
4781.237	    0.029
4782.095	    0.038
4782.953	    0.033
4783.812	    0.036
4784.670	    0.008
4785.529	    0.032
4786.388	    0.019
4787.247	    0.045
4788.107	    0.058
4788.966	    0.057
4789.826	    0.062
4790.686	    0.067
4791.545	    0.070
4792.405	    0.063
4793.266	    0.034
4794.126	    0.073
4794.987	    0.026
4795.847	    0.027
4796.708	    0.008
4797.569	    0.017
4798.430	    0.021
4799.292	    0.041
4800.153	    0.023
4801.015	    0.019
4801.876	    0.027
4802.738	    0.027
4803.600	    0.034
4804.463	    0.046
4805.325	    0.044
4806.188	    0.055
4807.050	    0.042
4807.913	    0.022
4808.776	    0.019
4809.639	    0.037
4810.503	    0.011
4811.366	    0.037
4812.230	    0.028
4813.093	    0.027
4813.957	    0.031
4814.821	    0.041
4815.686	    0.011
4816.550	    0.052
4817.415	    0.058
4818.279	    0.030
4819.144	    0.042
4820.009	    0.038
4820.874	    0.041
4821.740	    0.044
4822.605	    0.037
4823.471	    0.014
4824.337	    0.025
4825.203	    0.019
4826.069	    0.046
4826.935	    0.046
4827.801	    0.025
4828.668	    0.026
4829.535	    0.017
4830.401	    0.017
4831.269	    0.028
4832.136	    0.031
4833.003	    0.019
4833.871	    0.043
4834.738	    0.042
4835.606	    0.011
4836.474	    0.043
4837.342	    0.023
4838.210	    0.047
4839.079	    0.033
4839.947	    0.019
4840.816	    0.014
4841.685	    0.041
4842.554	    0.049
4843.423	    0.038
4844.293	    0.037
4845.162	    0.043
4846.032	    0.047
4846.902	    0.040
4847.772	    0.008
4848.642	    0.029
4849.512	    0.014
4850.383	    0.047
4851.253	    0.021
4852.124	    0.025
4852.995	    0.026
4853.866	    0.038
4854.737	    0.048
4855.609	    0.045
4856.480	    0.025
4857.352	    0.039
4858.224	    0.037
4859.096	    0.030
4859.968	    0.023
4860.841	    0.016
4861.713	    0.035
4862.586	    0.030
4863.459	    0.008
4864.332	    0.027
4865.205	    0.021
4866.078	    0.045
4866.951	    0.041
4867.825	    0.027
4868.699	    0.037
4869.573	    0.035
4870.447	    0.035
4871.321	    0.037
4872.195	    0.053
4873.070	    0.044
4873.945	    0.017
4874.819	    0.049
4875.694	    0.053
4876.570	    0.043
4877.445	    0.014
4878.320	    0.034
4879.196	    0.011
4880.072	    0.047
4880.948	    0.039
4881.824	    0.056
4882.700	    0.055
4883.577	    0.052
4884.453	    0.047
4885.330	    0.042
4886.207	    0.036
4887.084	    0.026
4887.961	    0.046
4888.838	    0.030
4889.716	    0.019
4890.594	    0.025
4891.472	    0.035
4892.350	    0.034
4893.228	    0.019
4894.106	    0.011
4894.984	    0.050
4895.863	    0.039
4896.742	    0.026
4897.621	    0.030
4898.500	    0.014
4899.379	    0.019
4900.259	    0.019
4901.138	    0.023
4902.018	    0.034
4902.898	    0.055
4903.778	    0.079
4904.658	    0.111
4905.538	    0.144
4906.419	    0.173
4907.300	    0.190
4908.180	    0.192
4909.061	    0.178
4909.943	    0.148
4910.824	    0.115
4911.705	    0.079
4912.587	    0.040
4913.469	    0.023
4914.351	    0.031
4915.233	    0.033
4916.115	    0.054
4916.998	    0.064
4917.880	    0.060
4918.763	    0.055
4919.646	    0.052
4920.529	    0.054
4921.412	    0.056
4922.295	    0.045
4923.179	    0.022
4924.063	    0.017
4924.947	    0.052
4925.831	    0.043
4926.715	    0.023
4927.599	    0.032
4928.484	    0.054
4929.368	    0.058
4930.253	    0.045
4931.138	    0.060
4932.023	    0.069
4932.908	    0.067
4933.794	    0.064
4934.679	    0.060
4935.565	    0.053
4936.451	    0.047
4937.337	    0.026
4938.223	    0.037
4939.110	    0.049
4939.996	    0.037
4940.883	    0.059
4941.770	    0.062
4942.657	    0.039
4943.544	    0.025
4944.431	    0.053
4945.319	    0.014
4946.207	    0.025
4947.094	    0.011
4947.982	    0.030
4948.871	    0.036
4949.759	    0.032
4950.647	    0.038
4951.536	    0.055
4952.425	    0.048
4953.314	    0.014
4954.203	    0.017
4955.092	    0.047
4955.981	    0.058
4956.871	    0.053
4957.761	    0.050
4958.651	    0.059
4959.541	    0.052
4960.431	    0.008
4961.321	    0.044
4962.212	    0.060
4963.103	    0.053
4963.993	    0.055
4964.884	    0.061
4965.776	    0.059
4966.667	    0.049
4967.558	    0.045
4968.450	    0.057
4969.342	    0.055
4970.234	    0.043
4971.126	    0.043
4972.018	    0.055
4972.911	    0.060
4973.803	    0.049
4974.696	    0.044
4975.589	    0.047
4976.482	    0.033
4977.375	    0.031
4978.269	    0.047
4979.162	    0.041
4980.056	    0.037
4980.950	    0.049
4981.844	    0.057
4982.738	    0.058
4983.633	    0.058
4984.527	    0.047
4985.422	    0.045
4986.317	    0.045
4987.212	    0.039
4988.107	    0.036
4989.002	    0.037
4989.898	    0.031
4990.794	    0.025
4991.689	    0.058
4992.585	    0.051
4993.482	    0.037
4994.378	    0.037
4995.274	    0.030
4996.171	    0.031
4997.068	    0.043
4997.965	    0.047
4998.862	    0.054
4999.759	    0.038
5000.657	    0.039
5001.554	    0.038
5002.452	    0.016
5003.350	    0.043
5004.248	    0.052
5005.146	    0.050
5006.045	    0.051
5006.943	    0.047
5007.842	    0.047
5008.741	    0.047
5009.640	    0.033
5010.539	    0.023
5011.438	    0.042
5012.338	    0.038
5013.238	    0.021
5014.137	    0.031
5015.037	    0.044
5015.938	    0.044
5016.838	    0.068
5017.738	    0.042
5018.639	    0.040
5019.540	    0.055
5020.441	    0.048
5021.342	    0.027
5022.243	    0.028
5023.145	    0.043
5024.046	    0.046
5024.948	    0.033
5025.850	    0.070
5026.752	    0.031
5027.655	    0.031
5028.557	    0.060
5029.460	    0.060
5030.362	    0.047
5031.265	    0.056
5032.168	    0.068
5033.072	    0.059
5033.975	    0.053
5034.879	    0.047
5035.782	    0.056
5036.686	    0.059
5037.590	    0.045
5038.495	    0.037
5039.399	    0.041
5040.304	    0.025
5041.208	    0.033
5042.113	    0.044
5043.018	    0.061
5043.923	    0.072
5044.829	    0.061
5045.734	    0.047
5046.640	    0.049
5047.546	    0.056
5048.452	    0.049
5049.358	    0.022
5050.264	    0.036
5051.171	    0.016
5052.078	    0.046
5052.984	    0.080
5053.891	    0.102
5054.799	    0.112
5055.706	    0.107
5056.613	    0.085
5057.521	    0.057
5058.429	    0.041
5059.337	    0.016
5060.245	    0.038
5061.153	    0.038
5062.062	    0.046
5062.970	    0.052
5063.879	    0.050
5064.788	    0.048
5065.697	    0.038
5066.606	    0.029
5067.516	    0.049
5068.425	    0.060
5069.335	    0.051
5070.245	    0.047
5071.155	    0.057
5072.065	    0.042
5072.976	    0.044
5073.886	    0.057
5074.797	    0.059
5075.708	    0.053
5076.619	    0.053
5077.530	    0.051
5078.442	    0.051
5079.353	    0.051
5080.265	    0.038
5081.177	    0.047
5082.089	    0.047
5083.001	    0.034
5083.914	    0.030
5084.826	    0.042
5085.739	    0.047
5086.652	    0.042
5087.565	    0.044
5088.478	    0.037
5089.391	    0.043
5090.305	    0.052
5091.219	    0.037
5092.132	    0.014
5093.046	    0.008
5093.961	    0.036
5094.875	    0.052
5095.789	    0.053
5096.704	    0.045
5097.619	    0.037
5098.534	    0.014
5099.449	    0.023
5100.364	    0.011
5101.280	    0.042
5102.196	    0.043
5103.111	    0.026
5104.027	    0.011
5104.944	    0.016
5105.860	    0.014
5106.776	    0.008
5107.693	    0.008
5108.610	    0.027
5109.527	    0.047
5110.444	    0.023
5111.361	    0.029
5112.279	    0.045
5113.196	    0.027
5114.114	    0.016
5115.032	    0.033
5115.950	    0.029
5116.868	    0.016
5117.787	    0.035
5118.706	    0.038
5119.624	    0.045
5120.543	    0.037
5121.462	    0.027
5122.382	    0.041
5123.301	    0.051
5124.221	    0.045
5125.141	    0.041
5126.060	    0.045
5126.981	    0.038
5127.901	    0.037
5128.821	    0.017
5129.742	    0.030
5130.663	    0.072
5131.584	    0.058
5132.505	    0.026
5133.426	    0.014
5134.347	    0.011
5135.269	    0.041
5136.191	    0.034
5137.113	    0.041
5138.035	    0.011
5138.957	    0.026
5139.879	    0.047
5140.802	    0.047
5141.725	    0.008
5142.648	    0.039
5143.571	    0.055
5144.494	    0.036
5145.417	    0.036
5146.341	    0.017
5147.265	    0.027
5148.189	    0.036
5149.113	    0.045
5150.037	    0.029
5150.961	    0.029
5151.886	    0.043
5152.811	    0.011
5153.736	    0.025
5154.661	    0.037
5155.586	    0.055
5156.511	    0.049
5157.437	    0.037
5158.363	    0.031
5159.289	    0.008
5160.215	    0.032
5161.141	    0.016
5162.067	    0.025
5162.994	    0.016
5163.921	    0.025
5164.848	    0.037
5165.775	    0.037
5166.702	    0.033
5167.629	    0.037
5168.557	    0.028
5169.485	    0.028
5170.412	    0.017
5171.341	    0.023
5172.269	    0.017
5173.197	    0.038
5174.126	    0.050
5175.054	    0.045
5175.983	    0.043
5176.912	    0.054
5177.842	    0.047
5178.771	    0.031
5179.701	    0.033
5180.630	    0.038
5181.560	    0.032
5182.490	    0.008
5183.421	    0.026
5184.351	    0.019
5185.282	    0.029
5186.212	    0.016
5187.143	    0.022
5188.074	    0.008
5189.006	    0.025
5189.937	    0.008
5190.868	    0.029
5191.800	    0.036
5192.732	    0.046
5193.664	    0.058
5194.596	    0.062
5195.529	    0.058
5196.461	    0.058
5197.394	    0.058
5198.327	    0.058
5199.260	    0.058
5200.193	    0.057
5201.127	    0.056
5202.060	    0.056
5202.994	    0.058
5203.928	    0.062
5204.862	    0.067
5205.796	    0.072
5206.731	    0.075
5207.665	    0.078
5208.600	    0.078
5209.535	    0.078
5210.470	    0.076
5211.405	    0.072
5212.341	    0.066
5213.276	    0.057
5214.212	    0.041
5215.148	    0.008
5216.084	    0.039
5217.021	    0.048
5217.957	    0.049
5218.894	    0.047
5219.830	    0.045
5220.767	    0.045
5221.704	    0.043
5222.642	    0.034
5223.579	    0.016
5224.517	    0.043
5225.454	    0.056
5226.392	    0.064
5227.331	    0.067
5228.269	    0.065
5229.207	    0.060
5230.146	    0.050
5231.085	    0.041
5232.024	    0.033
5232.963	    0.011
5233.902	    0.014
5234.842	    0.028
5235.781	    0.040
5236.721	    0.041
5237.661	    0.058
5238.601	    0.031
5239.541	    0.017
5240.482	    0.025
5241.423	    0.043
5242.363	    0.042
5243.304	    0.042
5244.245	    0.019
5245.187	    0.037
5246.128	    0.052
5247.070	    0.060
5248.012	    0.072
5248.954	    0.081
5249.896	    0.076
5250.838	    0.045
5251.781	    0.065
5252.723	    0.033
5253.666	    0.025
5254.609	    0.049
5255.552	    0.019
5256.496	    0.043
5257.439	    0.025
5258.383	    0.014
5259.327	    0.025
5260.271	    0.025
5261.215	    0.016
5262.159	    0.025
5263.104	    0.047
5264.049	    0.040
5264.994	    0.051
5265.939	    0.048
5266.884	    0.048
5267.829	    0.041
5268.775	    0.039
5269.721	    0.028
5270.666	    0.023
5271.612	    0.037
5272.559	    0.050
5273.505	    0.047
5274.452	    0.037
5275.398	    0.035
5276.345	    0.032
5277.292	    0.023
5278.240	    0.027
5279.187	    0.040
5280.135	    0.044
5281.082	    0.030
5282.030	    0.029
5282.979	    0.008
5283.927	    0.019
5284.875	    0.032
5285.824	    0.029
5286.773	    0.053
5287.722	    0.026
5288.671	    0.030
5289.620	    0.041
5290.569	    0.011
5291.519	    0.042
5292.469	    0.022
5293.419	    0.039
5294.369	    0.038
5295.319	    0.034
5296.270	    0.028
5297.220	    0.035
5298.171	    0.017
5299.122	    0.038
5300.073	    0.045
5301.025	    0.019
5301.976	    0.050
5302.928	    0.008
5303.880	    0.017
5304.832	    0.014
5305.784	    0.021
5306.736	    0.028
5307.689	    0.023
5308.642	    0.028
5309.595	    0.039
5310.548	    0.046
5311.501	    0.050
5312.454	    0.047
5313.408	    0.039
5314.362	    0.028
5315.315	    0.019
5316.270	    0.030
5317.224	    0.049
5318.178	    0.057
5319.133	    0.041
5320.088	    0.035
5321.043	    0.036
5321.998	    0.043
5322.953	    0.049
5323.908	    0.049
5324.864	    0.048
5325.820	    0.043
5326.776	    0.047
5327.732	    0.051
5328.688	    0.037
5329.645	    0.016
5330.601	    0.023
5331.558	    0.027
5332.515	    0.027
5333.472	    0.043
5334.430	    0.028
5335.387	    0.032
5336.345	    0.008
5337.303	    0.045
5338.261	    0.035
5339.219	    0.017
5340.177	    0.045
5341.136	    0.037
5342.094	    0.016
5343.053	    0.041
5344.012	    0.039
5344.972	    0.017
5345.931	    0.031
5346.891	    0.026
5347.850	    0.025
5348.810	    0.029
5349.770	    0.035
5350.731	    0.043
5351.691	    0.014
5352.652	    0.029
5353.612	    0.022
5354.573	    0.023
5355.535	    0.050
5356.496	    0.040
5357.457	    0.027
5358.419	    0.023
5359.381	    0.037
5360.343	    0.019
5361.305	    0.022
5362.267	    0.016
5363.230	    0.032
5364.192	    0.027
5365.155	    0.029
5366.118	    0.017
5367.081	    0.022
5368.045	    0.014
5369.008	    0.034
5369.972	    0.023
5370.936	    0.021
5371.900	    0.038
5372.864	    0.076
5373.829	    0.073
5374.793	    0.026
5375.758	    0.051
5376.723	    0.054
5377.688	    0.050
5378.653	    0.051
5379.619	    0.045
5380.584	    0.032
5381.550	    0.016
5382.516	    0.039
5383.482	    0.047
5384.449	    0.045
5385.415	    0.046
5386.382	    0.055
5387.349	    0.076
5388.316	    0.037
5389.283	    0.074
5390.250	    0.072
5391.218	    0.042
5392.185	    0.014
5393.153	    0.040
5394.121	    0.051
5395.090	    0.053
5396.058	    0.058
5397.027	    0.053
5397.995	    0.037
5398.964	    0.023
5399.933	    0.022
5400.903	    0.027
5401.872	    0.008
5402.842	    0.043
5403.811	    0.019
5404.781	    0.037
5405.751	    0.028
5406.722	    0.025
5407.692	    0.030
5408.663	    0.041
5409.634	    0.039
5410.605	    0.028
5411.576	    0.021
5412.547	    0.017
5413.519	    0.022
5414.491	    0.033
5415.462	    0.044
5416.434	    0.050
5417.407	    0.050
5418.379	    0.044
5419.352	    0.035
5420.324	    0.043
5421.297	    0.055
5422.270	    0.045
5423.244	    0.036
5424.217	    0.043
5425.191	    0.046
5426.165	    0.008
5427.139	    0.051
5428.113	    0.068
5429.087	    0.054
5430.062	    0.049
5431.036	    0.048
5432.011	    0.026
5432.986	    0.017
5433.961	    0.021
5434.937	    0.041
5435.912	    0.041
5436.888	    0.049
5437.864	    0.053
5438.840	    0.038
5439.816	    0.027
5440.793	    0.036
5441.769	    0.053
5442.746	    0.045
5443.723	    0.032
5444.700	    0.040
5445.677	    0.049
5446.655	    0.045
5447.632	    0.042
5448.610	    0.032
5449.588	    0.021
5450.566	    0.041
5451.545	    0.047
5452.523	    0.051
5453.502	    0.052
5454.481	    0.051
5455.460	    0.049
5456.439	    0.041
5457.419	    0.027
5458.398	    0.023
5459.378	    0.036
5460.358	    0.047
5461.338	    0.052
5462.318	    0.051
5463.299	    0.058
5464.279	    0.016
5465.260	    0.011
5466.241	    0.016
5467.222	    0.039
5468.204	    0.051
5469.185	    0.040
5470.167	    0.037
5471.149	    0.052
5472.131	    0.039
5473.113	    0.027
5474.096	    0.033
5475.078	    0.046
5476.061	    0.044
5477.044	    0.048
5478.027	    0.047
5479.010	    0.029
5479.994	    0.032
5480.977	    0.046
5481.961	    0.045
5482.945	    0.033
5483.929	    0.037
5484.914	    0.045
5485.898	    0.042
5486.883	    0.055
5487.868	    0.052
5488.853	    0.026
5489.838	    0.023
5490.823	    0.035
5491.809	    0.017
5492.795	    0.008
5493.781	    0.025
5494.767	    0.035
5495.753	    0.034
5496.740	    0.042
5497.726	    0.037
5498.713	    0.062
5499.700	    0.041
5500.687	    0.049
5501.675	    0.040
5502.662	    0.028
5503.650	    0.031
5504.638	    0.042
5505.626	    0.047
5506.614	    0.048
5507.602	    0.033
5508.591	    0.033
5509.580	    0.032
5510.569	    0.014
5511.558	    0.039
5512.547	    0.045
5513.537	    0.045
5514.526	    0.017
5515.516	    0.019
5516.506	    0.008
5517.496	    0.037
5518.487	    0.036
5519.477	    0.044
5520.468	    0.035
5521.459	    0.027
5522.450	    0.032
5523.441	    0.051
5524.433	    0.054
5525.424	    0.057
5526.416	    0.063
5527.408	    0.053
5528.400	    0.030
5529.392	    0.021
5530.385	    0.017
5531.378	    0.036
5532.370	    0.042
5533.363	    0.043
5534.357	    0.035
5535.350	    0.011
5536.344	    0.008
5537.337	    0.021
5538.331	    0.008
5539.325	    0.041
5540.320	    0.040
5541.314	    0.045
5542.309	    0.045
5543.304	    0.039
5544.299	    0.054
5545.294	    0.041
5546.289	    0.044
5547.285	    0.036
5548.280	    0.034
5549.276	    0.044
5550.272	    0.043
5551.269	    0.050
5552.265	    0.062
5553.262	    0.058
5554.259	    0.056
5555.255	    0.051
5556.253	    0.056
5557.250	    0.038
5558.247	    0.025
5559.245	    0.031
5560.243	    0.032
5561.241	    0.043
5562.239	    0.037
5563.238	    0.058
5564.236	    0.053
5565.235	    0.033
5566.234	    0.053
5567.233	    0.056
5568.232	    0.061
5569.232	    0.066
5570.231	    0.070
5571.231	    0.073
5572.231	    0.074
5573.232	    0.075
5574.232	    0.074
5575.232	    0.072
5576.233	    0.070
5577.234	    0.067
5578.235	    0.062
5579.236	    0.056
5580.238	    0.051
5581.240	    0.051
5582.241	    0.054
5583.243	    0.058
5584.246	    0.061
5585.248	    0.062
5586.250	    0.060
5587.253	    0.059
5588.256	    0.058
5589.259	    0.059
5590.262	    0.055
5591.266	    0.068
5592.269	    0.076
5593.273	    0.049
5594.277	    0.060
5595.281	    0.056
5596.286	    0.047
5597.290	    0.047
5598.295	    0.051
5599.300	    0.008
5600.305	    0.025
5601.310	    0.040
5602.315	    0.040
5603.321	    0.058
5604.327	    0.066
5605.333	    0.051
5606.339	    0.052
5607.345	    0.071
5608.352	    0.037
5609.358	    0.053
5610.365	    0.043
5611.372	    0.045
5612.379	    0.058
5613.387	    0.061
5614.394	    0.059
5615.402	    0.065
5616.410	    0.055
5617.418	    0.046
5618.427	    0.060
5619.435	    0.078
5620.444	    0.052
5621.453	    0.044
5622.462	    0.055
5623.471	    0.059
5624.480	    0.053
5625.490	    0.060
5626.499	    0.060
5627.509	    0.068
5628.520	    0.049
5629.530	    0.064
5630.540	    0.071
5631.551	    0.064
5632.562	    0.058
5633.573	    0.059
5634.584	    0.056
5635.595	    0.047
5636.607	    0.078
5637.619	    0.064
5638.631	    0.072
5639.643	    0.085
5640.655	    0.073
5641.668	    0.073
5642.680	    0.079
5643.693	    0.067
5644.706	    0.091
5645.719	    0.068
5646.733	    0.080
5647.746	    0.073
5648.760	    0.083
5649.774	    0.067
5650.788	    0.086
5651.802	    0.060
5652.817	    0.068
5653.831	    0.092
5654.846	    0.083
5655.861	    0.078
5656.876	    0.070
5657.892	    0.077
5658.907	    0.071
5659.923	    0.074
5660.939	    0.079
5661.955	    0.080
5662.972	    0.075
5663.988	    0.069
5665.005	    0.081
5666.022	    0.083
5667.039	    0.062
5668.056	    0.066
5669.073	    0.082
5670.091	    0.085
5671.109	    0.081
5672.126	    0.078
5673.145	    0.084
5674.163	    0.089
5675.181	    0.087
5676.200	    0.086
5677.219	    0.078
5678.238	    0.084
5679.257	    0.092
5680.277	    0.090
5681.296	    0.087
5682.316	    0.087
5683.336	    0.086
5684.356	    0.092
5685.376	    0.093
5686.397	    0.089
5687.418	    0.085
5688.438	    0.087
5689.459	    0.092
5690.481	    0.088
5691.502	    0.089
5692.524	    0.092
5693.545	    0.094
5694.567	    0.088
5695.590	    0.085
5696.612	    0.091
5697.634	    0.098
5698.657	    0.104
5699.680	    0.097
5700.703	    0.094
5701.726	    0.095
5702.750	    0.087
5703.773	    0.091
5704.797	    0.097
5705.821	    0.097
5706.845	    0.101
5707.870	    0.100
5708.894	    0.101
5709.919	    0.096
5710.944	    0.099
5711.969	    0.093
5712.994	    0.098
5714.020	    0.098
5715.045	    0.095
5716.071	    0.101
5717.097	    0.089
5718.123	    0.096
5719.150	    0.098
5720.176	    0.099
5721.203	    0.106
5722.230	    0.096
5723.257	    0.101
5724.284	    0.094
5725.312	    0.103
5726.340	    0.099
5727.367	    0.099
5728.396	    0.102
5729.424	    0.088
5730.452	    0.100
5731.481	    0.100
5732.510	    0.105
5733.538	    0.106
5734.568	    0.107
5735.597	    0.104
5736.626	    0.102
5737.656	    0.104
5738.686	    0.106
5739.716	    0.108
5740.746	    0.105
5741.777	    0.097
5742.807	    0.105
5743.838	    0.111
5744.869	    0.107
5745.900	    0.102
5746.932	    0.099
5747.963	    0.102
5748.995	    0.101
5750.027	    0.100
5751.059	    0.100
5752.091	    0.100
5753.124	    0.098
5754.157	    0.099
5755.189	    0.107
5756.222	    0.106
5757.256	    0.105
5758.289	    0.111
5759.323	    0.120
5760.356	    0.118
5761.390	    0.114
5762.425	    0.108
5763.459	    0.103
5764.493	    0.100
5765.528	    0.104
5766.563	    0.111
5767.598	    0.108
5768.633	    0.104
5769.669	    0.106
5770.704	    0.105
5771.740	    0.104
5772.776	    0.106
5773.812	    0.103
5774.849	    0.109
5775.885	    0.113
5776.922	    0.112
5777.959	    0.111
5778.996	    0.111
5780.033	    0.105
5781.071	    0.104
5782.109	    0.103
5783.146	    0.103
5784.185	    0.103
5785.223	    0.107
5786.261	    0.109
5787.300	    0.103
5788.339	    0.101
5789.378	    0.103
5790.417	    0.102
5791.456	    0.105
5792.496	    0.108
5793.535	    0.106
5794.575	    0.104
5795.615	    0.105
5796.656	    0.101
5797.696	    0.094
5798.737	    0.095
5799.778	    0.104
5800.819	    0.110
5801.860	    0.108
5802.901	    0.104
5803.943	    0.109
5804.985	    0.113
5806.027	    0.107
5807.069	    0.102
5808.111	    0.090
5809.154	    0.085
5810.196	    0.092
5811.239	    0.098
5812.282	    0.102
5813.326	    0.101
5814.369	    0.101
5815.413	    0.099
5816.457	    0.089
5817.501	    0.090
5818.545	    0.098
5819.589	    0.100
5820.634	    0.101
5821.679	    0.101
5822.724	    0.102
5823.769	    0.104
5824.814	    0.104
5825.860	    0.105
5826.905	    0.097
5827.951	    0.096
5828.997	    0.099
5830.044	    0.099
5831.090	    0.098
5832.137	    0.099
5833.184	    0.110
5834.231	    0.117
5835.278	    0.118
5836.325	    0.115
5837.373	    0.109
5838.421	    0.105
5839.469	    0.103
5840.517	    0.105
5841.565	    0.105
5842.614	    0.105
5843.663	    0.103
5844.711	    0.104
5845.761	    0.098
5846.810	    0.089
5847.859	    0.097
5848.909	    0.104
5849.959	    0.101
5851.009	    0.100
5852.059	    0.096
5853.110	    0.088
5854.160	    0.090
5855.211	    0.096
5856.262	    0.087
5857.313	    0.089
5858.364	    0.085
5859.416	    0.078
5860.468	    0.068
5861.520	    0.067
5862.572	    0.062
5863.624	    0.076
5864.677	    0.087
5865.729	    0.082
5866.782	    0.080
5867.835	    0.083
5868.888	    0.080
5869.942	    0.084
5870.996	    0.089
5872.049	    0.092
5873.103	    0.084
5874.158	    0.081
5875.212	    0.070
5876.267	    0.064
5877.321	    0.060
5878.376	    0.069
5879.431	    0.078
5880.487	    0.072
5881.542	    0.070
5882.598	    0.059
5883.654	    0.080
5884.710	    0.076
5885.766	    0.083
5886.823	    0.095
5887.879	    0.089
5888.936	    0.087
5889.993	    0.093
5891.051	    0.090
5892.108	    0.089
5893.166	    0.083
5894.223	    0.072
5895.281	    0.076
5896.340	    0.081
5897.398	    0.079
5898.456	    0.080
5899.515	    0.056
5900.574	    0.061
5901.633	    0.039
5902.693	    0.037
5903.752	    0.047
5904.812	    0.048
5905.872	    0.064
5906.932	    0.073
5907.992	    0.070
5909.052	    0.058
5910.113	    0.052
5911.174	    0.052
5912.235	    0.067
5913.296	    0.065
5914.358	    0.052
5915.419	    0.066
5916.481	    0.074
5917.543	    0.072
5918.605	    0.065
5919.668	    0.060
5920.730	    0.061
5921.793	    0.061
5922.856	    0.065
5923.919	    0.076
5924.982	    0.043
5926.046	    0.034
5927.109	    0.021
5928.173	    0.025
5929.237	    0.008
5930.302	    0.036
5931.366	    0.060
5932.431	    0.053
5933.496	    0.040
5934.561	    0.033
5935.626	    0.052
5936.691	    0.053
5937.757	    0.045
5938.823	    0.058
5939.889	    0.081
5940.955	    0.087
5942.021	    0.118
5943.088	    0.139
5944.155	    0.157
5945.222	    0.169
5946.289	    0.179
5947.356	    0.169
5948.424	    0.163
5949.491	    0.159
5950.559	    0.160
5951.627	    0.169
5952.696	    0.167
5953.764	    0.150
5954.833	    0.128
5955.902	    0.116
5956.971	    0.078
5958.040	    0.068
5959.109	    0.058
5960.179	    0.058
5961.249	    0.049
5962.319	    0.033
5963.389	    0.046
5964.460	    0.060
5965.530	    0.014
5966.601	    0.034
5967.672	    0.043
5968.743	    0.038
5969.814	    0.016
5970.886	    0.017
5971.958	    0.025
5973.030	    0.027
5974.102	    0.027
5975.174	    0.029
5976.247	    0.052
5977.319	    0.047
5978.392	    0.008
5979.465	    0.041
5980.539	    0.042
5981.612	    0.040
5982.686	    0.019
5983.760	    0.025
5984.834	    0.036
5985.908	    0.037
5986.982	    0.019
5988.057	    0.028
5989.132	    0.033
5990.207	    0.038
5991.282	    0.046
5992.358	    0.036
5993.433	    0.037
5994.509	    0.040
5995.585	    0.029
5996.661	    0.008
5997.738	    0.032
5998.814	    0.019
5999.891	    0.011
6000.968	    0.026
6002.045	    0.047
6003.122	    0.042
6004.200	    0.019
6005.278	    0.021
6006.356	    0.023
6007.434	    0.022
6008.512	    0.008
6009.590	    0.023
6010.669	    0.019
6011.748	    0.026
6012.827	    0.041
6013.906	    0.046
6014.986	    0.041
6016.066	    0.021
6017.145	    0.019
6018.225	    0.022
6019.306	    0.017
6020.386	    0.021
6021.467	    0.044
6022.548	    0.051
6023.629	    0.046
6024.710	    0.038
6025.791	    0.029
6026.873	    0.029
6027.955	    0.034
6029.037	    0.036
6030.119	    0.036
6031.201	    0.035
6032.284	    0.032
6033.367	    0.027
6034.450	    0.026
6035.533	    0.031
6036.616	    0.036
6037.700	    0.041
6038.783	    0.047
6039.867	    0.053
6040.951	    0.046
6042.036	    0.019
6043.120	    0.022
6044.205	    0.044
6045.290	    0.051
6046.375	    0.048
6047.460	    0.042
6048.546	    0.041
6049.631	    0.047
6050.717	    0.047
6051.803	    0.044
6052.890	    0.046
6053.976	    0.053
6055.063	    0.055
6056.150	    0.055
6057.237	    0.054
6058.324	    0.054
6059.411	    0.048
6060.499	    0.044
6061.587	    0.045
6062.675	    0.043
6063.763	    0.045
6064.852	    0.045
6065.940	    0.045
6067.029	    0.052
6068.118	    0.056
6069.207	    0.045
6070.297	    0.017
6071.386	    0.008
6072.476	    0.031
6073.566	    0.046
6074.656	    0.053
6075.747	    0.051
6076.837	    0.049
6077.928	    0.049
6079.019	    0.052
6080.110	    0.061
6081.201	    0.063
6082.293	    0.067
6083.385	    0.074
6084.477	    0.080
6085.569	    0.076
6086.661	    0.074
6087.754	    0.080
6088.846	    0.091
6089.939	    0.091
6091.032	    0.085
6092.126	    0.082
6093.219	    0.078
6094.313	    0.074
6095.407	    0.075
6096.501	    0.078
6097.595	    0.080
6098.690	    0.079
6099.784	    0.078
6100.879	    0.081
6101.974	    0.083
6103.070	    0.090
6104.165	    0.091
6105.261	    0.085
6106.357	    0.071
6107.453	    0.073
6108.549	    0.088
6109.646	    0.090
6110.742	    0.078
6111.839	    0.074
6112.936	    0.075
6114.033	    0.078
6115.131	    0.075
6155.875	    0.071
6156.980	    0.077
6158.085	    0.093
6159.190	    0.096
6160.296	    0.094
6161.402	    0.094
6162.508	    0.090
6163.614	    0.085
6164.720	    0.090
6165.827	    0.098
6166.933	    0.100
6168.040	    0.095
6169.148	    0.091
6170.255	    0.091
6171.362	    0.096
6172.470	    0.095
6173.578	    0.089
6174.686	    0.085
6175.795	    0.089
6176.903	    0.086
6178.012	    0.088
6179.121	    0.099
6180.230	    0.101
6181.339	    0.098
6182.449	    0.091
6183.558	    0.101
6184.668	    0.109
6185.778	    0.101
6186.889	    0.096
6187.999	    0.102
6189.110	    0.100
6190.221	    0.093
6191.332	    0.091
6192.443	    0.096
6193.555	    0.102
6194.667	    0.104
6195.779	    0.101
6196.891	    0.099
6198.003	    0.096
6199.116	    0.094
6200.228	    0.089
6201.341	    0.088
6202.454	    0.091
6203.568	    0.097
6204.681	    0.105
6205.795	    0.108
6206.909	    0.108
6208.023	    0.106
6209.137	    0.104
6210.252	    0.103
6211.366	    0.101
6212.481	    0.095
6213.596	    0.089
6214.712	    0.087
6215.827	    0.089
6216.943	    0.089
6218.059	    0.087
6219.175	    0.084
6220.291	    0.084
6221.408	    0.087
6222.525	    0.094
6223.641	    0.097
6224.759	    0.096
6225.876	    0.096
6226.993	    0.097
6228.111	    0.100
6229.229	    0.105
6230.347	    0.108
6231.466	    0.101
6232.584	    0.096
6233.703	    0.097
6234.822	    0.101
6235.941	    0.098
6237.060	    0.095
6238.180	    0.094
6239.299	    0.095
6240.419	    0.094
6241.539	    0.092
6242.660	    0.093
6243.780	    0.092
6244.901	    0.094
6246.022	    0.095
6247.143	    0.096
6248.264	    0.097
6249.386	    0.098
6250.508	    0.101
6251.630	    0.100
6252.752	    0.097
6253.874	    0.098
6254.997	    0.098
6256.119	    0.094
6257.242	    0.094
6258.366	    0.095
6259.489	    0.094
6260.612	    0.092
6261.736	    0.088
6262.860	    0.085
6263.984	    0.082
6265.109	    0.081
6266.233	    0.080
6267.358	    0.079
6268.483	    0.080
6269.608	    0.082
6270.734	    0.085
6271.859	    0.090
6272.985	    0.093
6274.111	    0.095
6275.237	    0.094
6276.363	    0.092
6277.490	    0.090
6278.617	    0.089
6279.744	    0.087
6280.871	    0.085
6281.998	    0.082
6283.126	    0.080
6284.254	    0.077
6285.382	    0.076
6286.510	    0.076
6287.638	    0.078
6288.767	    0.082
6289.896	    0.085
6291.025	    0.084
6292.154	    0.078
6293.283	    0.071
6294.413	    0.063
6295.543	    0.059
6296.673	    0.060
6297.803	    0.063
6298.933	    0.067
6300.064	    0.078
6301.195	    0.079
6302.326	    0.079
6303.457	    0.078
6304.589	    0.076
6305.720	    0.072
6306.852	    0.066
6307.984	    0.084
6309.117	    0.072
6310.249	    0.084
6311.382	    0.092
6312.514	    0.095
6313.648	    0.097
6314.781	    0.093
6315.914	    0.090
6317.048	    0.088
6318.182	    0.098
6319.316	    0.093
6320.450	    0.096
6321.585	    0.091
6322.719	    0.092
6323.854	    0.100
6324.989	    0.100
6326.125	    0.092
6327.260	    0.085
6328.396	    0.081
6329.532	    0.082
6330.668	    0.086
6331.804	    0.088
6332.941	    0.093
6334.078	    0.088
6335.215	    0.082
6336.352	    0.085
6337.489	    0.090
6338.627	    0.092
6339.764	    0.089
6340.902	    0.078
6342.041	    0.072
6343.179	    0.070
6344.317	    0.062
6345.456	    0.052
6346.595	    0.073
6347.734	    0.075
6348.874	    0.064
6350.013	    0.072
6351.153	    0.091
6352.293	    0.094
6353.433	    0.098
6354.574	    0.101
6355.714	    0.104
6356.855	    0.105
6357.996	    0.118
6359.138	    0.137
6360.279	    0.147
6361.421	    0.145
6362.563	    0.128
6363.705	    0.111
6364.847	    0.101
6365.989	    0.089
6367.132	    0.082
6368.275	    0.073
6369.418	    0.076
6370.561	    0.074
6371.705	    0.076
6372.848	    0.081
6373.992	    0.079
6375.136	    0.081
6376.281	    0.089
6377.425	    0.090
6378.570	    0.071
6379.715	    0.065
6380.860	    0.075
6382.005	    0.074
6383.151	    0.076
6384.297	    0.083
6385.443	    0.087
6386.589	    0.086
6387.735	    0.092
6388.882	    0.092
6390.028	    0.086
6391.175	    0.087
6392.323	    0.081
6393.470	    0.086
6394.618	    0.083
6395.765	    0.081
6396.913	    0.092
6398.062	    0.091
6399.210	    0.083
6400.359	    0.073
6401.508	    0.068
6402.657	    0.084
6403.806	    0.078
6404.955	    0.081
6406.105	    0.078
6407.255	    0.076
6408.405	    0.082
6409.555	    0.074
6410.706	    0.081
6411.856	    0.078
6413.007	    0.076
6414.158	    0.078
6415.310	    0.081
6416.461	    0.079
6417.613	    0.078
6418.765	    0.070
6419.917	    0.075
6421.069	    0.078
6422.222	    0.067
6423.375	    0.074
6424.528	    0.077
6425.681	    0.086
6426.834	    0.081
6427.988	    0.075
6429.142	    0.080
6430.296	    0.079
6431.450	    0.072
6432.604	    0.071
6433.759	    0.077
6434.914	    0.072
6436.069	    0.067
6437.224	    0.061
6438.380	    0.067
6439.535	    0.074
6440.691	    0.074
6441.847	    0.058
6443.003	    0.048
6444.160	    0.059
6445.317	    0.066
6446.474	    0.074
6447.631	    0.072
6448.788	    0.059
6449.945	    0.052
6451.103	    0.067
6452.261	    0.081
6453.419	    0.081
6454.578	    0.066
6455.736	    0.066
6456.895	    0.057
6458.054	    0.060
6459.213	    0.068
6460.373	    0.071
6461.532	    0.057
6462.692	    0.038
6463.852	    0.049
6465.012	    0.057
6466.173	    0.053
6467.333	    0.033
6468.494	    0.032
6469.655	    0.037
6470.817	    0.039
6471.978	    0.033
6473.140	    0.040
6474.302	    0.040
6475.464	    0.011
6476.626	    0.058
6477.789	    0.043
6478.951	    0.047
6480.114	    0.058
6481.277	    0.039
6482.441	    0.038
6483.604	    0.040
6484.768	    0.027
6485.932	    0.026
6487.096	    0.031
6488.261	    0.016
6489.425	    0.031
6490.590	    0.035
6491.755	    0.040
6492.921	    0.056
6494.086	    0.055
6495.252	    0.048
6496.418	    0.011
6497.584	    0.037
6498.750	    0.014
6499.916	    0.031
6501.083	    0.036
6502.250	    0.026
6503.417	    0.028
6504.584	    0.028
6505.752	    0.008
6506.920	    0.031
6508.088	    0.019
6509.256	    0.030
6510.424	    0.019
6511.593	    0.011
6512.762	    0.011
6513.931	    0.022
6515.100	    0.022
6516.269	    0.008
6517.439	    0.023
6518.609	    0.043
6519.779	    0.050
6520.949	    0.052
6522.120	    0.046
6523.290	    0.046
6524.461	    0.045
6525.632	    0.037
6526.804	    0.049
6527.975	    0.052
6529.147	    0.040
6530.319	    0.031
6531.491	    0.041
6532.664	    0.030
6533.836	    0.028
6535.009	    0.048
6536.182	    0.040
6537.355	    0.047
6538.529	    0.037
6539.702	    0.051
6540.876	    0.058
6542.050	    0.051
6543.224	    0.061
6544.399	    0.065
6545.574	    0.057
6546.748	    0.040
6547.924	    0.037
6549.099	    0.059
6550.274	    0.076
6551.450	    0.058
6552.626	    0.058
6553.802	    0.045
6554.979	    0.030
6556.155	    0.040
6557.332	    0.053
6558.509	    0.049
6559.686	    0.049
6560.864	    0.030
6562.041	    0.025
6563.219	    0.045
6564.397	    0.032
6565.576	    0.008
6566.754	    0.045
6567.933	    0.034
6569.112	    0.042
6570.291	    0.043
6571.470	    0.063
6572.650	    0.055
6573.830	    0.055
6575.010	    0.056
6576.190	    0.058
6577.370	    0.061
6578.551	    0.063
6579.732	    0.063
6580.913	    0.060
6582.094	    0.054
6583.275	    0.047
6584.457	    0.040
6585.639	    0.036
6586.821	    0.035
6588.003	    0.053
6589.186	    0.052
6590.368	    0.053
6591.551	    0.049
6592.735	    0.037
6593.918	    0.040
6595.102	    0.059
6596.285	    0.072
6597.469	    0.073
6598.654	    0.066
6599.838	    0.066
6601.023	    0.080
6602.207	    0.081
6603.393	    0.076
6604.578	    0.085
6605.763	    0.109
6606.949	    0.134
6608.135	    0.166
6609.321	    0.206
6610.507	    0.232
6611.694	    0.238
6612.881	    0.224
6614.068	    0.197
6615.255	    0.163
6616.442	    0.136
6617.630	    0.116
6618.818	    0.118
6620.006	    0.156
6621.194	    0.220
6622.383	    0.316
6623.571	    0.409
6624.760	    0.470
6625.949	    0.493
6627.139	    0.481
6628.328	    0.415
6629.518	    0.320
6630.708	    0.233
6631.898	    0.162
6633.089	    0.125
6634.279	    0.101
6635.470	    0.109
6636.661	    0.104
6637.852	    0.107
6639.044	    0.103
6640.235	    0.114
6641.427	    0.152
6642.619	    0.216
6643.812	    0.286
6645.004	    0.358
6646.197	    0.403
6647.390	    0.420
6648.583	    0.388
6649.777	    0.327
6650.970	    0.256
6652.164	    0.189
6653.358	    0.138
6654.552	    0.100
6655.747	    0.097
6656.941	    0.090
6658.136	    0.084
6662.918	    0.081
6664.114	    0.072
6665.310	    0.072
6666.507	    0.072
6667.703	    0.061
6668.900	    0.068
6670.097	    0.081
6671.294	    0.080
6672.492	    0.071
6673.689	    0.060
6674.887	    0.061
6676.086	    0.068
6677.284	    0.070
6678.482	    0.080
6679.681	    0.077
6680.880	    0.079
6682.079	    0.085
6683.279	    0.082
6684.478	    0.076
6685.678	    0.075
6686.878	    0.076
6688.079	    0.075
6689.279	    0.076
6690.480	    0.079
6691.681	    0.078
6692.882	    0.071
6694.083	    0.068
6695.285	    0.077
6696.486	    0.080
6697.688	    0.080
6698.891	    0.061
6700.093	    0.058
6701.296	    0.059
6702.499	    0.074
6703.702	    0.077
6704.905	    0.066
6706.108	    0.054
6707.312	    0.080
6708.516	    0.090
6709.720	    0.082
6710.925	    0.074
6712.129	    0.080
6713.334	    0.070
6714.539	    0.073
6715.744	    0.073
6716.950	    0.078
6718.155	    0.055
6719.361	    0.070
6720.567	    0.069
6721.774	    0.062
6722.980	    0.072
6724.187	    0.080
6725.394	    0.076
6726.601	    0.074
6727.808	    0.075
6729.016	    0.062
6730.224	    0.059
6731.432	    0.051
6732.640	    0.053
6733.849	    0.057
6735.057	    0.066
6736.266	    0.066
6737.475	    0.068
6738.685	    0.068
6739.894	    0.078
6741.104	    0.090
6742.314	    0.093
6743.524	    0.086
6744.735	    0.081
6745.945	    0.079
6747.156	    0.078
6748.367	    0.072
6749.579	    0.078
6750.790	    0.080
6752.002	    0.080
6753.214	    0.078
6754.426	    0.074
6755.638	    0.062
6756.851	    0.052
6758.064	    0.058
6759.277	    0.068
6760.490	    0.061
6761.704	    0.054
6762.917	    0.055
6764.131	    0.051
6765.345	    0.036
6766.560	    0.059
6767.774	    0.047
6768.989	    0.053
6770.204	    0.066
6771.419	    0.036
6772.635	    0.069
6773.851	    0.062
6775.066	    0.075
6776.282	    0.101
6777.499	    0.133
6778.715	    0.170
6779.932	    0.196
6781.149	    0.207
6782.366	    0.202
6783.584	    0.174
6784.801	    0.148
6786.019	    0.110
6787.237	    0.081
6788.455	    0.070
6789.674	    0.076
6790.893	    0.097
6792.112	    0.125
6793.331	    0.156
6794.550	    0.181
6795.770	    0.195
6796.990	    0.182
6798.210	    0.162
6799.430	    0.136
6800.650	    0.105
6801.871	    0.078
6803.092	    0.068
6804.313	    0.046
6805.534	    0.032
6806.756	    0.042
6807.978	    0.052
6809.200	    0.052
6810.422	    0.056
6811.644	    0.056
6812.867	    0.033
6814.090	    0.016
6815.313	    0.025
6816.536	    0.041
6817.760	    0.048
6818.984	    0.052
6820.208	    0.063
6821.432	    0.062
6822.656	    0.083
6823.881	    0.086
6825.106	    0.074
6826.331	    0.061
6827.556	    0.059
6828.782	    0.051
6830.007	    0.048
6831.233	    0.060
6832.460	    0.047
6833.686	    0.031
6834.913	    0.030
6836.139	    0.057
6837.366	    0.051
6838.594	    0.035
6839.821	    0.026
6841.049	    0.059
6842.277	    0.037
6843.505	    0.032
6844.733	    0.051
6845.962	    0.050
6847.191	    0.055
6848.420	    0.059
6849.649	    0.049
6850.879	    0.026
6852.108	    0.026
6853.338	    0.043
6854.568	    0.056
6855.799	    0.047
6857.029	    0.040
6858.260	    0.070
6859.491	    0.086
6860.722	    0.062
6861.954	    0.087
6863.186	    0.144
6864.418	    0.164
6865.650	    0.164
6866.882	    0.153
6868.115	    0.148
6869.347	    0.139
6870.580	    0.127
6871.814	    0.123
6873.047	    0.114
6874.281	    0.097
6875.515	    0.063
6876.749	    0.040
6877.983	    0.029
6879.218	    0.037
6880.453	    0.075
6881.688	    0.074
6882.923	    0.081
6884.158	    0.093
6885.394	    0.093
6886.630	    0.092
6887.866	    0.089
6889.102	    0.087
6890.339	    0.091
6891.576	    0.096
6892.813	    0.086
6894.050	    0.085
6895.287	    0.079
6896.525	    0.074
6897.763	    0.073
6899.001	    0.069
6900.239	    0.071
6901.478	    0.072
6902.717	    0.066
6903.956	    0.076
6905.195	    0.076
6906.434	    0.041
6907.674	    0.028
6908.914	    0.022
6910.154	    0.049
6911.395	    0.057
6912.635	    0.047
6913.876	    0.048
6915.117	    0.057
6916.358	    0.031
6917.600	    0.016
6918.841	    0.021
6920.083	    0.021
6921.325	    0.039
6922.568	    0.047
6923.810	    0.050
6925.053	    0.049
6926.296	    0.045
6927.539	    0.038
6928.783	    0.043
6930.026	    0.043
6931.270	    0.008
6932.514	    0.047
6933.759	    0.052
6935.003	    0.061
6936.248	    0.062
6937.493	    0.047
6938.739	    0.025
6939.984	    0.027
6941.230	    0.026
6942.476	    0.041
6943.722	    0.029
6944.968	    0.016
6946.215	    0.025
6947.462	    0.011
6948.709	    0.008
6949.956	    0.025
6951.203	    0.017
6952.451	    0.021
6953.699	    0.023
6954.947	    0.019
6956.196	    0.041
6957.444	    0.026
6958.693	    0.043
6959.942	    0.045
6961.191	    0.068
6962.441	    0.066
6963.691	    0.054
6964.941	    0.065
6966.191	    0.054
6967.441	    0.054
6968.692	    0.034
6969.943	    0.021
6971.194	    0.042
6972.445	    0.049
6973.696	    0.058
6974.948	    0.076
6976.200	    0.045
6977.452	    0.035
6978.705	    0.035
6979.957	    0.057
6981.210	    0.039
6982.463	    0.022
6983.717	    0.027
6984.970	    0.042
6986.224	    0.017
6987.478	    0.011
6988.732	    0.027
6989.987	    0.025
6991.241	    0.025
6992.496	    0.017
6993.751	    0.042
6995.007	    0.053
6996.262	    0.022
6997.518	    0.037
6998.774	    0.033
7000.030	    0.036
7001.287	    0.033
7002.544	    0.019
7003.801	    0.022
7005.058	    0.022
7006.315	    0.034
7007.573	    0.014
7008.831	    0.035
7010.089	    0.027
7011.347	    0.029
7012.605	    0.026
7013.864	    0.022
7015.123	    0.026
7016.382	    0.021
7017.642	    0.043
7018.901	    0.057
7020.161	    0.053
7021.421	    0.029
7022.682	    0.029
7023.942	    0.008
7025.203	    0.014
7026.464	    0.042
7027.725	    0.032
7028.987	    0.037
7030.248	    0.019
7031.510	    0.045
7032.772	    0.035
7034.035	    0.021
7035.297	    0.032
7036.560	    0.042
7037.823	    0.039
7039.086	    0.046
7040.350	    0.028
7041.614	    0.023
7042.877	    0.031
7044.142	    0.052
7045.406	    0.053
7046.671	    0.016
7047.936	    0.034
7049.201	    0.027
7050.466	    0.027
7051.731	    0.025
7052.997	    0.019
7054.263	    0.038
7055.529	    0.047
7056.796	    0.028
7058.062	    0.043
7059.329	    0.045
7060.596	    0.030
7061.864	    0.021
7063.131	    0.021
7064.399	    0.028
7065.667	    0.044
7066.936	    0.058
7068.204	    0.045
7069.473	    0.026
7070.742	    0.039
7072.011	    0.044
7073.280	    0.019
7074.550	    0.023
7075.820	    0.027
7077.090	    0.014
7078.360	    0.033
7079.631	    0.034
7080.901	    0.044
7082.172	    0.027
7083.444	    0.027
7084.715	    0.037
7085.987	    0.047
7087.259	    0.043
7088.531	    0.026
7089.803	    0.014
7091.076	    0.008
7092.349	    0.011
7093.622	    0.014
7094.895	    0.039
7096.168	    0.047
7097.442	    0.032
7098.716	    0.026
7099.990	    0.037
7101.265	    0.044
7102.539	    0.061
7103.814	    0.057
7105.089	    0.047
7106.365	    0.049
7107.640	    0.047
7108.916	    0.027
7110.192	    0.014
7111.468	    0.039
7112.745	    0.045
7114.021	    0.060
7115.298	    0.048
7116.576	    0.017
7117.853	    0.019
7119.131	    0.040
7120.408	    0.058
7121.687	    0.055
7122.965	    0.048
7124.243	    0.023
7125.522	    0.030
7126.801	    0.014
7128.080	    0.026
7129.360	    0.021
7130.640	    0.008
7131.919	    0.032
7133.200	    0.011
7134.480	    0.037
7135.761	    0.011
7137.041	    0.043
7138.323	    0.037
7139.604	    0.023
7140.885	    0.019
7142.167	    0.032
7143.449	    0.011
7144.731	    0.038
7146.014	    0.045
7147.296	    0.026
7148.579	    0.028
7149.863	    0.008
7151.146	    0.023
7152.430	    0.037
7153.713	    0.045
7154.997	    0.045
7156.282	    0.047
7157.566	    0.049
7158.851	    0.041
7160.136	    0.008
7161.421	    0.043
7162.707	    0.050
7163.992	    0.048
7165.278	    0.051
7166.564	    0.053
7167.851	    0.057
7169.137	    0.068
7170.424	    0.080
7171.711	    0.075
7172.998	    0.076
7174.286	    0.058
7175.574	    0.052
7176.862	    0.069
7178.150	    0.083
7179.438	    0.093
7180.727	    0.092
7182.016	    0.093
7183.305	    0.083
7184.595	    0.076
7185.884	    0.081
7187.174	    0.090
7188.464	    0.083
7189.754	    0.084
7191.045	    0.074
7192.336	    0.060
7193.627	    0.063
7194.918	    0.084
7196.209	    0.084
7197.501	    0.088
7198.793	    0.075
7200.085	    0.070
7201.377	    0.074
7202.670	    0.069
7203.963	    0.046
7205.256	    0.054
7206.549	    0.049
7207.843	    0.030
7209.137	    0.030
7210.431	    0.057
7211.725	    0.057
7213.019	    0.058
7214.314	    0.061
7215.609	    0.052
7216.904	    0.063
7218.200	    0.064
7219.495	    0.054
7220.791	    0.057
7222.087	    0.059
7223.384	    0.061
7224.680	    0.064
7225.977	    0.065
7227.274	    0.081
7228.571	    0.089
7229.869	    0.089
7231.166	    0.076
7232.464	    0.026
7233.763	    0.040
7235.061	    0.011
7236.360	    0.047
7237.659	    0.072
7238.958	    0.050
7240.257	    0.037
7241.557	    0.068
7242.857	    0.093
7244.157	    0.097
7245.457	    0.096
7246.757	    0.094
7248.058	    0.106
7249.359	    0.087
7250.660	    0.089
7251.962	    0.083
7253.264	    0.085
7254.566	    0.090
7255.868	    0.076
7257.170	    0.061
7258.473	    0.084
7259.776	    0.087
7261.079	    0.082
7262.382	    0.074
7263.686	    0.056
7264.989	    0.059
7266.293	    0.072
7267.598	    0.072
7268.902	    0.047
7270.207	    0.054
7271.512	    0.011
7272.817	    0.069
7274.123	    0.102
7275.428	    0.103
7276.734	    0.080
7278.040	    0.058
7279.347	    0.055
7280.653	    0.080
7281.960	    0.093
7283.267	    0.092
7284.575	    0.096
7285.882	    0.094
7287.190	    0.088
7288.498	    0.081
7289.806	    0.059
7291.115	    0.058
7292.423	    0.067
7293.732	    0.081
7295.042	    0.092
7296.351	    0.089
7297.661	    0.077
7298.971	    0.076
7300.281	    0.076
7301.591	    0.073
7302.902	    0.078
7304.212	    0.086
7305.524	    0.075
7306.835	    0.061
7308.146	    0.062
7309.458	    0.028
7310.770	    0.049
7312.082	    0.008
7313.395	    0.078
7314.708	    0.088
7316.021	    0.081
7317.334	    0.075
7318.647	    0.078
7319.961	    0.075
7321.275	    0.067
7322.589	    0.065
7323.903	    0.054
7325.218	    0.056
7326.533	    0.074
7327.848	    0.075
7329.163	    0.066
7330.479	    0.072
7331.795	    0.068
7333.111	    0.052
7334.427	    0.047
7335.743	    0.074
7337.060	    0.022
7338.377	    0.075
7339.694	    0.078
