wlen 	 newgal_spectrum 
  4184.326 	      0.052
  4185.077 	      0.039
  4185.828 	      0.025
  4186.580 	      0.010
  4187.331 	     -0.003
  4188.083 	     -0.010
  4188.835 	     -0.009
  4189.586 	      0.000
  4190.339 	     -0.021
  4191.091 	     -0.027
  4191.843 	     -0.025
  4192.595 	     -0.014
  4193.348 	     -0.007
  4194.101 	      0.000
  4194.853 	     -0.001
  4195.606 	     -0.019
  4196.359 	     -0.022
  4197.113 	     -0.016
  4197.866 	     -0.008
  4198.620 	      0.006
  4199.373 	     -0.039
  4200.127 	     -0.016
  4200.881 	      0.014
  4201.635 	      0.046
  4202.389 	     -0.007
  4203.143 	     -0.024
  4203.898 	     -0.020
  4204.652 	      0.022
  4205.407 	      0.038
  4206.162 	      0.029
  4206.917 	      0.015
  4207.672 	     -0.005
  4208.427 	     -0.018
  4209.183 	     -0.038
  4209.938 	     -0.048
  4210.694 	     -0.034
  4211.450 	      0.001
  4212.206 	      0.036
  4212.962 	      0.048
  4213.718 	      0.003
  4214.474 	     -0.023
  4215.231 	     -0.014
  4215.987 	     -0.008
  4216.744 	     -0.022
  4217.501 	      0.021
  4218.258 	      0.039
  4219.015 	      0.049
  4219.773 	      0.051
  4220.530 	      0.012
  4221.288 	      0.009
  4222.045 	      0.014
  4222.803 	      0.028
  4223.561 	      0.006
  4224.319 	     -0.003
  4225.077 	     -0.005
  4225.836 	      0.002
  4226.594 	      0.029
  4227.353 	      0.033
  4228.112 	      0.037
  4228.871 	      0.044
  4229.630 	      0.045
  4230.389 	      0.050
  4231.148 	      0.046
  4231.908 	      0.025
  4232.667 	      0.105
  4233.427 	      0.090
  4234.187 	      0.060
  4234.947 	      0.017
  4235.707 	     -0.003
  4236.468 	     -0.005
  4237.228 	     -0.004
  4237.989 	     -0.001
  4238.749 	      0.024
  4239.510 	      0.009
  4240.271 	      0.002
  4241.032 	      0.003
  4241.793 	      0.063
  4242.555 	      0.047
  4243.316 	      0.014
  4244.078 	     -0.030
  4244.840 	     -0.018
  4245.602 	      0.057
  4246.364 	      0.084
  4247.126 	      0.077
  4247.888 	      0.019
  4248.651 	      0.043
  4249.413 	      0.053
  4250.176 	      0.054
  4250.939 	      0.029
  4251.702 	      0.012
  4252.465 	      0.009
  4253.229 	      0.014
  4253.992 	      0.025
  4254.756 	      0.014
  4255.519 	      0.017
  4256.283 	      0.022
  4257.047 	      0.033
  4257.811 	      0.038
  4258.575 	      0.053
  4259.340 	      0.061
  4260.104 	      0.050
  4260.869 	      0.075
  4261.634 	      0.063
  4262.399 	      0.053
  4263.164 	      0.049
  4263.929 	      0.072
  4264.695 	      0.061
  4265.460 	      0.032
  4266.226 	     -0.015
  4266.991 	     -0.016
  4267.757 	     -0.014
  4268.523 	     -0.010
  4269.290 	      0.004
  4270.056 	      0.113
  4270.822 	      0.087
  4271.589 	      0.056
  4272.356 	      0.028
  4273.123 	      0.027
  4273.890 	      0.081
  4274.657 	      0.071
  4275.424 	      0.055
  4276.191 	      0.083
  4276.959 	      0.042
  4277.727 	      0.065
  4278.494 	      0.086
  4279.262 	      0.083
  4280.031 	      0.026
  4280.799 	      0.043
  4281.567 	      0.051
  4282.336 	      0.044
  4283.104 	      0.018
  4283.873 	      0.038
  4284.642 	      0.052
  4285.411 	      0.063
  4286.180 	      0.066
  4286.950 	      0.078
  4287.719 	      0.080
  4288.489 	      0.075
  4289.259 	      0.054
  4290.029 	      0.061
  4290.799 	      0.052
  4291.569 	      0.037
  4292.339 	      0.023
  4293.110 	      0.009
  4293.880 	      0.030
  4294.651 	      0.044
  4295.422 	      0.041
  4296.193 	      0.012
  4296.964 	      0.032
  4297.735 	      0.041
  4298.507 	      0.041
  4299.278 	      0.068
  4300.050 	      0.062
  4300.822 	      0.063
  4301.594 	      0.079
  4302.366 	      0.159
  4303.138 	      0.048
  4303.910 	      0.073
  4304.683 	      0.096
  4305.456 	      0.051
  4306.229 	      0.054
  4307.001 	      0.090
  4307.775 	      0.091
  4308.548 	      0.050
  4309.321 	      0.085
  4310.095 	      0.033
  4310.868 	      0.041
  4311.642 	      0.075
  4312.416 	      0.030
  4313.190 	      0.063
  4313.964 	      0.082
  4314.739 	      0.094
  4315.513 	      0.103
  4316.288 	      0.057
  4317.062 	      0.060
  4317.837 	      0.078
  4318.612 	      0.105
  4319.388 	      0.103
  4320.163 	      0.087
  4320.938 	      0.077
  4321.714 	      0.072
  4322.490 	      0.075
  4323.266 	      0.042
  4324.042 	      0.042
  4324.818 	      0.056
  4325.594 	      0.078
  4326.370 	      0.057
  4327.147 	      0.061
  4327.924 	      0.062
  4328.700 	      0.058
  4329.477 	      0.070
  4330.255 	      0.060
  4331.032 	      0.048
  4331.809 	      0.037
  4332.587 	      0.041
  4333.364 	      0.081
  4334.142 	      0.109
  4334.920 	      0.130
  4335.698 	      0.140
  4336.477 	      0.035
  4337.255 	     -0.007
  4338.034 	     -0.011
  4338.812 	      0.016
  4339.591 	      0.029
  4340.370 	     -0.002
  4341.149 	      0.003
  4341.928 	      0.009
  4342.708 	     -0.027
  4343.487 	     -0.004
  4344.267 	     -0.009
  4345.046 	     -0.010
  4345.826 	      0.001
  4346.606 	     -0.041
  4347.387 	     -0.016
  4348.167 	     -0.015
  4348.947 	     -0.024
  4349.728 	     -0.005
  4350.509 	      0.025
  4351.290 	      0.010
  4352.071 	      0.000
  4352.852 	      0.018
  4353.633 	      0.078
  4354.415 	      0.104
  4355.196 	      0.120
  4355.978 	      0.124
  4356.760 	      0.098
  4357.542 	      0.081
  4358.324 	      0.097
  4359.106 	      0.115
  4359.889 	      0.116
  4360.671 	      0.067
  4361.454 	      0.041
  4362.237 	      0.028
  4363.020 	      0.030
  4363.803 	      0.060
  4364.587 	      0.080
  4365.370 	      0.080
  4366.153 	      0.074
  4366.937 	      0.069
  4367.721 	      0.065
  4368.505 	      0.060
  4369.289 	      0.074
  4370.073 	      0.097
  4370.858 	      0.045
  4371.642 	      0.089
  4372.427 	      0.086
  4373.212 	      0.076
  4373.997 	      0.085
  4374.782 	      0.104
  4375.567 	      0.067
  4376.353 	      0.063
  4388.938 	      0.080
  4389.726 	      0.081
  4390.514 	      0.085
  4391.302 	      0.089
  4392.090 	      0.076
  4392.879 	      0.069
  4393.667 	      0.083
  4394.456 	      0.096
  4395.245 	      0.106
  4396.033 	      0.104
  4396.823 	      0.088
  4397.612 	      0.081
  4398.401 	      0.079
  4399.191 	      0.081
  4399.980 	      0.070
  4400.770 	      0.078
  4401.560 	      0.071
  4402.350 	      0.060
  4403.140 	      0.095
  4403.931 	      0.121
  4404.721 	      0.117
  4405.512 	      0.111
  4406.302 	      0.112
  4407.093 	      0.058
  4407.884 	      0.107
  4408.676 	      0.101
  4409.467 	      0.079
  4410.258 	      0.085
  4411.050 	      0.021
  4411.842 	      0.038
  4412.634 	      0.062
  4413.426 	      0.083
  4414.218 	      0.091
  4415.010 	      0.056
  4415.803 	      0.069
  4416.595 	      0.083
  4417.388 	      0.082
  4418.181 	      0.052
  4418.974 	      0.030
  4419.767 	      0.019
  4420.561 	      0.019
  4421.354 	      0.029
  4422.148 	      0.045
  4422.941 	      0.033
  4423.735 	      0.023
  4424.529 	      0.025
  4425.324 	      0.071
  4426.118 	      0.055
  4426.912 	      0.032
  4427.707 	      0.019
  4428.502 	      0.024
  4429.297 	      0.052
  4430.092 	      0.069
  4430.887 	      0.047
  4431.682 	      0.030
  4432.478 	      0.044
  4433.273 	      0.085
  4434.069 	      0.065
  4434.865 	      0.041
  4435.661 	      0.027
  4436.457 	      0.045
  4437.253 	      0.042
  4438.050 	      0.033
  4438.847 	      0.041
  4439.643 	      0.061
  4440.440 	      0.068
  4441.237 	      0.043
  4442.034 	      0.028
  4442.832 	      0.017
  4443.629 	      0.011
  4444.427 	     -0.003
  4445.225 	     -0.009
  4446.023 	      0.007
  4446.821 	      0.031
  4447.619 	      0.053
  4448.417 	      0.036
  4449.216 	      0.006
  4450.014 	     -0.012
  4450.813 	     -0.016
  4451.612 	     -0.003
  4452.411 	      0.048
  4453.210 	      0.066
  4454.009 	      0.064
  4454.809 	      0.050
  4455.609 	      0.028
  4456.408 	      0.034
  4457.208 	      0.050
  4458.008 	      0.059
  4458.808 	      0.058
  4459.609 	      0.047
  4460.409 	      0.043
  4461.210 	      0.042
  4462.011 	      0.047
  4462.812 	      0.055
  4463.613 	      0.061
  4464.414 	      0.051
  4465.215 	      0.046
  4466.017 	      0.047
  4466.818 	      0.053
  4467.620 	      0.051
  4468.422 	      0.040
  4469.224 	      0.034
  4470.026 	      0.034
  4470.829 	      0.039
  4471.631 	      0.031
  4472.434 	      0.007
  4473.237 	     -0.012
  4474.039 	     -0.024
  4474.843 	     -0.029
  4475.646 	     -0.029
  4476.449 	     -0.017
  4477.253 	      0.007
  4478.056 	      0.032
  4478.860 	      0.052
  4479.664 	      0.043
  4480.468 	      0.034
  4481.272 	      0.028
  4482.077 	      0.027
  4482.881 	      0.030
  4483.686 	      0.036
  4484.491 	      0.042
  4485.296 	      0.044
  4486.101 	      0.041
  4486.906 	      0.035
  4487.711 	      0.027
  4488.517 	      0.020
  4489.322 	      0.016
  4490.128 	      0.014
  4490.934 	      0.013
  4491.740 	      0.014
  4492.547 	      0.014
  4493.353 	      0.016
  4494.160 	      0.018
  4494.966 	      0.022
  4495.773 	      0.028
  4496.580 	      0.033
  4497.387 	      0.024
  4498.194 	      0.010
  4499.002 	      0.001
  4499.809 	      0.012
  4500.617 	      0.008
  4501.425 	     -0.002
  4502.233 	     -0.010
  4503.041 	     -0.010
  4503.849 	      0.006
  4504.658 	     -0.003
  4505.466 	     -0.019
  4506.275 	     -0.025
  4507.084 	     -0.008
  4507.893 	      0.040
  4508.702 	      0.057
  4509.511 	      0.051
  4510.321 	      0.043
  4511.130 	      0.043
  4511.940 	      0.067
  4512.750 	      0.084
  4513.560 	      0.088
  4514.370 	      0.083
  4515.180 	      0.072
  4515.991 	      0.062
  4516.802 	      0.060
  4517.612 	      0.063
  4518.423 	      0.063
  4519.234 	      0.057
  4520.045 	      0.041
  4520.857 	      0.013
  4521.668 	      0.001
  4522.480 	      0.007
  4523.292 	      0.028
  4524.103 	      0.052
  4524.916 	      0.046
  4525.728 	      0.034
  4526.540 	      0.028
  4527.353 	      0.027
  4528.165 	      0.022
  4528.978 	     -0.007
  4529.791 	     -0.013
  4530.604 	      0.009
  4531.417 	      0.043
  4532.231 	      0.072
  4533.044 	      0.053
  4533.858 	      0.024
  4534.672 	     -0.000
  4535.486 	     -0.013
  4536.300 	     -0.009
  4537.114 	      0.001
  4537.928 	      0.006
  4538.743 	      0.004
  4539.558 	      0.004
  4540.372 	      0.011
  4541.187 	      0.026
  4542.002 	      0.034
  4542.818 	      0.027
  4543.633 	      0.022
  4544.449 	      0.021
  4545.264 	      0.025
  4546.080 	      0.025
  4546.896 	      0.022
  4547.712 	      0.029
  4548.529 	      0.047
  4549.345 	      0.070
  4550.162 	      0.073
  4550.979 	      0.053
  4551.795 	      0.033
  4552.612 	      0.018
  4553.430 	      0.015
  4554.247 	      0.030
  4555.064 	      0.038
  4555.882 	      0.035
  4556.700 	      0.030
  4557.518 	      0.026
  4558.336 	      0.018
  4559.154 	      0.018
  4559.972 	      0.032
  4560.791 	      0.044
  4561.609 	      0.048
  4562.428 	      0.046
  4563.247 	      0.045
  4564.066 	      0.047
  4564.885 	      0.044
  4565.705 	      0.033
  4566.524 	      0.014
  4567.344 	     -0.016
  4568.164 	     -0.030
  4568.984 	     -0.032
  4569.804 	     -0.027
  4570.624 	     -0.019
  4571.445 	     -0.017
  4572.265 	     -0.024
  4573.086 	     -0.031
  4573.907 	     -0.035
  4574.728 	     -0.038
  4575.549 	     -0.041
  4576.370 	     -0.047
  4577.192 	     -0.029
  4578.013 	     -0.001
  4578.835 	      0.022
  4579.657 	      0.028
  4580.479 	      0.010
  4581.301 	      0.008
  4582.123 	      0.015
  4582.946 	      0.028
  4583.768 	      0.036
  4584.591 	      0.022
  4585.414 	     -0.010
  4586.237 	     -0.031
  4587.060 	     -0.023
  4587.884 	      0.007
  4588.707 	      0.041
  4589.531 	      0.035
  4590.355 	      0.003
  4591.179 	     -0.010
  4592.003 	     -0.007
  4592.827 	      0.005
  4593.651 	      0.002
  4594.476 	     -0.011
  4595.301 	     -0.010
  4596.125 	      0.005
  4596.950 	      0.026
  4597.776 	      0.039
  4598.601 	      0.049
  4599.426 	      0.046
  4600.252 	      0.040
  4601.078 	      0.036
  4601.903 	      0.033
  4602.730 	      0.031
  4603.556 	      0.019
  4604.382 	      0.014
  4605.208 	      0.017
  4606.035 	      0.023
  4606.862 	      0.024
  4607.689 	      0.008
  4608.516 	      0.001
  4609.343 	      0.009
  4610.170 	      0.017
  4610.998 	      0.020
  4611.826 	      0.010
  4612.653 	      0.005
  4613.481 	      0.013
  4614.309 	      0.020
  4615.138 	      0.021
  4615.966 	      0.016
  4616.795 	      0.022
  4617.623 	      0.045
  4618.452 	      0.044
  4619.281 	      0.025
  4620.110 	     -0.000
  4620.940 	     -0.015
  4621.769 	     -0.011
  4622.599 	     -0.010
  4623.428 	     -0.013
  4624.258 	     -0.008
  4625.088 	      0.008
  4625.918 	      0.035
  4626.749 	      0.042
  4627.579 	      0.027
  4628.410 	      0.004
  4629.241 	     -0.020
  4630.072 	     -0.034
  4630.903 	     -0.016
  4631.734 	      0.015
  4632.565 	      0.025
  4633.397 	      0.019
  4634.229 	      0.009
  4635.060 	      0.008
  4635.892 	      0.015
  4636.724 	      0.000
  4637.557 	     -0.017
  4638.389 	     -0.024
  4639.222 	     -0.016
  4640.054 	     -0.000
  4640.887 	      0.003
  4641.720 	     -0.006
  4642.553 	     -0.001
  4643.387 	      0.005
  4644.220 	      0.004
  4645.054 	     -0.015
  4645.888 	     -0.034
  4646.722 	     -0.034
  4647.556 	     -0.021
  4648.390 	     -0.000
  4649.224 	      0.024
  4650.059 	      0.045
  4650.893 	      0.057
  4651.728 	      0.048
  4652.563 	      0.028
  4653.398 	      0.011
  4654.234 	      0.009
  4655.069 	      0.032
  4655.905 	      0.036
  4656.740 	      0.025
  4657.576 	      0.019
  4658.412 	      0.024
  4659.248 	      0.038
  4660.085 	      0.026
  4660.921 	     -0.012
  4661.758 	     -0.020
  4662.594 	      0.002
  4663.431 	      0.036
  4664.268 	      0.053
  4665.106 	      0.032
  4665.943 	      0.016
  4666.781 	      0.018
  4667.618 	      0.033
  4668.456 	      0.055
  4669.294 	      0.075
  4670.132 	      0.082
  4670.970 	      0.064
  4671.809 	      0.044
  4672.647 	      0.022
  4673.486 	      0.003
  4674.325 	     -0.004
  4675.164 	      0.005
  4676.003 	      0.021
  4676.843 	      0.034
  4677.682 	      0.035
  4678.522 	      0.024
  4679.361 	      0.009
  4680.201 	      0.002
  4681.041 	      0.012
  4681.882 	      0.024
  4682.722 	      0.030
  4683.563 	      0.028
  4684.403 	      0.018
  4685.244 	      0.005
  4686.085 	     -0.012
  4686.926 	     -0.023
  4687.767 	     -0.021
  4688.609 	     -0.004
  4689.450 	      0.027
  4690.292 	      0.029
  4691.134 	      0.022
  4691.976 	     -0.011
  4692.818 	     -0.024
  4693.661 	     -0.012
  4694.503 	      0.003
  4695.346 	     -0.024
  4696.189 	     -0.033
  4697.032 	     -0.031
  4697.875 	     -0.021
  4698.718 	      0.000
  4699.561 	      0.033
  4700.405 	      0.034
  4701.249 	      0.015
  4702.092 	     -0.000
  4702.936 	      0.007
  4703.781 	      0.024
  4704.625 	      0.028
  4705.469 	      0.004
  4706.314 	     -0.007
  4707.159 	     -0.006
  4708.004 	     -0.003
  4708.849 	      0.007
  4709.694 	      0.020
  4710.539 	      0.004
  4711.385 	     -0.019
  4712.231 	     -0.036
  4713.076 	     -0.027
  4713.922 	     -0.019
  4714.768 	     -0.025
  4715.615 	     -0.019
  4716.461 	     -0.009
  4717.308 	     -0.003
  4718.154 	      0.006
  4719.001 	      0.011
  4719.848 	      0.012
  4720.696 	      0.010
  4721.543 	      0.013
  4722.390 	      0.022
  4723.238 	      0.024
  4724.086 	      0.007
  4724.934 	     -0.013
  4725.782 	     -0.010
  4726.630 	      0.015
  4727.479 	     -0.033
  4728.327 	      0.001
  4729.176 	      0.029
  4730.025 	      0.054
  4730.874 	      0.072
  4731.723 	     -0.019
  4732.572 	      0.027
  4733.422 	      0.007
  4734.271 	      0.027
  4735.121 	      0.036
  4735.971 	      0.017
  4736.821 	      0.009
  4737.671 	      0.013
  4738.522 	      0.040
  4739.372 	      0.017
  4740.223 	      0.005
  4741.074 	      0.005
  4741.925 	     -0.008
  4742.776 	     -0.025
  4743.627 	      0.002
  4744.479 	     -0.016
  4745.330 	     -0.036
  4746.182 	     -0.046
  4747.034 	     -0.045
  4747.886 	     -0.050
  4748.738 	     -0.011
  4749.591 	     -0.030
  4750.443 	     -0.003
  4751.296 	      0.025
  4752.149 	      0.023
  4753.002 	     -0.011
  4753.855 	     -0.018
  4754.708 	      0.024
  4755.562 	      0.042
  4756.415 	      0.027
  4757.269 	      0.012
  4758.123 	      0.013
  4758.977 	     -0.004
  4759.831 	      0.031
  4760.686 	      0.040
  4761.540 	      0.024
  4762.395 	      0.019
  4763.250 	      0.017
  4764.105 	     -0.005
  4764.960 	     -0.017
  4765.815 	     -0.011
  4766.671 	      0.005
  4767.526 	      0.016
  4768.382 	      0.015
  4769.238 	     -0.002
  4770.094 	     -0.028
  4770.950 	     -0.032
  4771.807 	     -0.006
  4772.663 	      0.004
  4773.520 	      0.000
  4774.377 	     -0.016
  4775.234 	     -0.032
  4776.091 	     -0.010
  4776.948 	     -0.018
  4777.805 	     -0.037
  4778.663 	     -0.015
  4779.521 	      0.004
  4780.379 	      0.008
  4781.237 	      0.014
  4782.095 	      0.024
  4782.953 	      0.018
  4783.812 	      0.021
  4784.670 	     -0.001
  4785.529 	     -0.017
  4786.388 	     -0.006
  4787.247 	      0.034
  4788.107 	      0.055
  4788.966 	      0.053
  4789.826 	      0.063
  4790.686 	      0.074
  4791.545 	      0.080
  4792.405 	      0.066
  4793.266 	      0.019
  4794.126 	      0.087
  4794.987 	     -0.011
  4795.847 	     -0.012
  4796.708 	      0.001
  4797.569 	      0.005
  4798.430 	      0.007
  4799.292 	      0.027
  4800.153 	     -0.009
  4801.015 	     -0.006
  4801.876 	      0.012
  4802.738 	      0.012
  4803.600 	      0.019
  4804.463 	      0.035
  4805.325 	     -0.032
  4806.188 	     -0.050
  4807.050 	     -0.029
  4807.913 	      0.008
  4808.776 	     -0.006
  4809.639 	     -0.023
  4810.503 	      0.002
  4811.366 	     -0.023
  4812.230 	      0.013
  4813.093 	      0.012
  4813.957 	     -0.016
  4814.821 	     -0.027
  4815.686 	     -0.002
  4816.550 	      0.044
  4817.415 	      0.056
  4818.279 	      0.015
  4819.144 	      0.029
  4820.009 	      0.024
  4820.874 	      0.027
  4821.740 	      0.032
  4822.605 	      0.022
  4823.471 	     -0.003
  4824.337 	     -0.010
  4825.203 	      0.006
  4826.069 	      0.035
  4826.935 	      0.035
  4827.801 	      0.010
  4828.668 	     -0.011
  4829.535 	      0.005
  4830.401 	      0.005
  4831.269 	     -0.013
  4832.136 	     -0.016
  4833.003 	      0.006
  4833.871 	      0.030
  4834.738 	      0.029
  4835.606 	     -0.002
  4836.474 	     -0.030
  4837.342 	      0.009
  4838.210 	      0.036
  4839.079 	      0.018
  4839.947 	     -0.006
  4840.816 	     -0.003
  4841.685 	      0.028
  4842.554 	      0.040
  4843.423 	      0.024
  4844.293 	      0.022
  4845.162 	      0.030
  4846.032 	      0.037
  4846.902 	      0.026
  4847.772 	     -0.001
  4848.642 	      0.014
  4849.512 	     -0.003
  4850.383 	      0.037
  4851.253 	      0.007
  4852.124 	     -0.010
  4852.995 	     -0.011
  4853.866 	     -0.024
  4854.737 	     -0.038
  4855.609 	     -0.034
  4856.480 	      0.010
  4857.352 	      0.025
  4858.224 	      0.023
  4859.096 	      0.015
  4859.968 	      0.009
  4860.841 	      0.004
  4861.713 	     -0.020
  4862.586 	      0.015
  4863.459 	      0.001
  4864.332 	     -0.012
  4865.205 	      0.007
  4866.078 	      0.033
  4866.951 	      0.028
  4867.825 	      0.012
  4868.699 	      0.022
  4869.573 	     -0.020
  4870.447 	     -0.000
  4871.321 	     -0.023
  4872.195 	     -0.046
  4873.070 	     -0.032
  4873.945 	     -0.005
  4874.819 	     -0.039
  4875.694 	     -0.047
  4876.570 	     -0.031
  4877.445 	      0.003
  4878.320 	      0.019
  4879.196 	     -0.002
  4880.072 	     -0.036
  4880.948 	     -0.025
  4881.824 	     -0.052
  4882.700 	     -0.050
  4883.577 	     -0.045
  4884.453 	     -0.036
  4885.330 	     -0.029
  4886.207 	     -0.021
  4887.084 	     -0.011
  4887.961 	     -0.035
  4888.838 	     -0.015
  4889.716 	     -0.006
  4890.594 	     -0.010
  4891.472 	     -0.020
  4892.350 	     -0.019
  4893.228 	     -0.006
  4894.106 	     -0.002
  4894.984 	     -0.041
  4895.863 	     -0.025
  4896.742 	      0.011
  4897.621 	      0.015
  4898.500 	      0.003
  4899.379 	     -0.006
  4900.259 	     -0.000
  4901.138 	      0.009
  4902.018 	      0.019
  4902.898 	      0.049
  4903.778 	      0.102
  4904.658 	      0.202
  4905.538 	      0.342
  4906.419 	      0.489
  4907.300 	      0.596
  4908.180 	      0.608
  4909.061 	      0.519
  4909.943 	      0.360
  4910.824 	      0.218
  4911.705 	      0.103
  4912.587 	      0.026
  4913.469 	     -0.009
  4914.351 	     -0.016
  4915.233 	     -0.018
  4916.115 	     -0.048
  4916.998 	     -0.067
  4917.880 	     -0.059
  4918.763 	     -0.050
  4919.646 	     -0.045
  4920.529 	     -0.048
  4921.412 	     -0.052
  4922.295 	     -0.033
  4923.179 	      0.008
  4924.063 	     -0.005
  4924.947 	     -0.044
  4925.831 	     -0.031
  4926.715 	     -0.009
  4927.599 	     -0.017
  4928.484 	     -0.048
  4929.368 	     -0.055
  4930.253 	     -0.034
  4931.138 	     -0.060
  4932.023 	     -0.079
  4932.908 	     -0.074
  4933.794 	     -0.067
  4934.679 	     -0.059
  4935.565 	     -0.047
  4936.451 	     -0.036
  4937.337 	     -0.011
  4938.223 	     -0.022
  4939.110 	     -0.039
  4939.996 	     -0.023
  4940.883 	     -0.057
  4941.770 	     -0.063
  4942.657 	     -0.025
  4943.544 	     -0.010
  4944.431 	     -0.046
  4945.319 	      0.003
  4946.207 	     -0.010
  4947.094 	     -0.002
  4947.982 	     -0.015
  4948.871 	     -0.021
  4949.759 	     -0.017
  4950.647 	     -0.024
  4951.536 	     -0.050
  4952.425 	     -0.038
  4953.314 	     -0.003
  4954.203 	      0.005
  4955.092 	     -0.036
  4955.981 	     -0.056
  4956.871 	     -0.046
  4957.761 	     -0.041
  4958.651 	     -0.058
  4959.541 	     -0.045
  4960.431 	     -0.001
  4961.321 	     -0.032
  4962.212 	     -0.060
  4963.103 	     -0.047
  4963.993 	     -0.049
  4964.884 	     -0.062
  4965.776 	     -0.058
  4966.667 	     -0.040
  4967.558 	     -0.034
  4968.450 	     -0.053
  4969.342 	     -0.050
  4970.234 	     -0.031
  4971.126 	     -0.030
  4972.018 	     -0.050
  4972.911 	     -0.059
  4973.803 	     -0.039
  4974.696 	     -0.032
  4975.589 	     -0.036
  4976.482 	     -0.018
  4977.375 	     -0.016
  4978.269 	     -0.036
  4979.162 	     -0.027
  4980.056 	     -0.022
  4980.950 	     -0.039
  4981.844 	     -0.054
  4982.738 	     -0.055
  4983.633 	     -0.056
  4984.527 	     -0.036
  4985.422 	     -0.034
  4986.317 	     -0.033
  4987.212 	     -0.025
  4988.107 	     -0.021
  4989.002 	     -0.022
  4989.898 	     -0.016
  4990.794 	     -0.010
  4991.689 	     -0.056
  4992.585 	     -0.043
  4993.482 	     -0.022
  4994.378 	     -0.022
  4995.274 	     -0.015
  4996.171 	     -0.016
  4997.068 	     -0.030
  4997.965 	     -0.036
  4998.862 	     -0.048
  4999.759 	     -0.024
  5000.657 	     -0.025
  5001.554 	     -0.024
  5002.452 	     -0.004
  5003.350 	      0.030
  5004.248 	      0.045
  5005.146 	      0.041
  5006.045 	      0.042
  5006.943 	      0.036
  5007.842 	      0.036
  5008.741 	      0.000
  5009.640 	     -0.018
  5010.539 	     -0.009
  5011.438 	      0.029
  5012.338 	      0.024
  5013.238 	     -0.007
  5014.137 	     -0.016
  5015.037 	     -0.032
  5015.938 	     -0.032
  5016.838 	     -0.077
  5017.738 	     -0.029
  5018.639 	     -0.026
  5019.540 	     -0.050
  5020.441 	     -0.038
  5021.342 	     -0.012
  5022.243 	     -0.013
  5023.145 	     -0.031
  5024.046 	     -0.035
  5024.948 	     -0.018
  5025.850 	     -0.081
  5026.752 	     -0.016
  5027.655 	     -0.016
  5028.557 	     -0.059
  5029.460 	     -0.060
  5030.362 	     -0.037
  5031.265 	     -0.052
  5032.168 	     -0.075
  5033.072 	     -0.058
  5033.975 	     -0.047
  5034.879 	     -0.037
  5035.782 	     -0.052
  5036.686 	     -0.058
  5037.590 	     -0.033
  5038.495 	     -0.022
  5039.399 	     -0.028
  5040.304 	     -0.010
  5041.208 	     -0.018
  5042.113 	     -0.032
  5043.018 	     -0.062
  5043.923 	     -0.084
  5044.829 	     -0.062
  5045.734 	     -0.037
  5046.640 	     -0.039
  5047.546 	     -0.051
  5048.452 	     -0.039
  5049.358 	     -0.008
  5050.264 	     -0.021
  5051.171 	     -0.004
  5052.078 	      0.035
  5052.984 	      0.105
  5053.891 	      0.172
  5054.799 	      0.207
  5055.706 	      0.187
  5056.613 	      0.120
  5057.521 	      0.054
  5058.429 	      0.027
  5059.337 	     -0.004
  5060.245 	     -0.024
  5061.153 	     -0.024
  5062.062 	     -0.035
  5062.970 	     -0.044
  5063.879 	     -0.041
  5064.788 	     -0.038
  5065.697 	     -0.024
  5066.606 	     -0.014
  5067.516 	     -0.040
  5068.425 	     -0.060
  5069.335 	     -0.042
  5070.245 	     -0.037
  5071.155 	     -0.054
  5072.065 	     -0.029
  5072.976 	     -0.032
  5073.886 	     -0.053
  5074.797 	     -0.058
  5075.708 	     -0.047
  5076.619 	     -0.046
  5077.530 	     -0.042
  5078.442 	     -0.043
  5079.353 	     -0.042
  5080.265 	     -0.024
  5081.177 	     -0.037
  5082.089 	     -0.036
  5083.001 	     -0.019
  5083.914 	     -0.015
  5084.826 	     -0.029
  5085.739 	     -0.037
  5086.652 	     -0.029
  5087.565 	     -0.032
  5088.478 	     -0.023
  5089.391 	     -0.030
  5090.305 	     -0.045
  5091.219 	     -0.022
  5092.132 	     -0.003
  5093.046 	     -0.001
  5093.961 	     -0.021
  5094.875 	     -0.044
  5095.789 	     -0.047
  5096.704 	     -0.033
  5097.619 	     -0.023
  5098.534 	     -0.003
  5099.449 	     -0.009
  5100.364 	      0.002
  5101.280 	     -0.029
  5102.196 	     -0.030
  5103.111 	     -0.011
  5104.027 	      0.002
  5104.944 	      0.004
  5105.860 	      0.003
  5106.776 	     -0.001
  5107.693 	      0.001
  5108.610 	      0.012
  5109.527 	      0.037
  5110.444 	      0.009
  5111.361 	     -0.014
  5112.279 	     -0.033
  5113.196 	     -0.012
  5114.114 	     -0.004
  5115.032 	     -0.018
  5115.950 	     -0.014
  5116.868 	     -0.004
  5117.787 	      0.020
  5118.706 	     -0.024
  5119.624 	     -0.033
  5120.543 	     -0.022
  5121.462 	     -0.012
  5122.382 	     -0.028
  5123.301 	     -0.042
  5124.221 	     -0.033
  5125.141 	     -0.027
  5126.060 	     -0.033
  5126.981 	     -0.024
  5127.901 	     -0.023
  5128.821 	     -0.005
  5129.742 	     -0.015
  5130.663 	     -0.086
  5131.584 	     -0.055
  5132.505 	     -0.011
  5133.426 	      0.003
  5134.347 	     -0.002
  5135.269 	     -0.028
  5136.191 	     -0.019
  5137.113 	      0.027
  5138.035 	     -0.002
  5138.957 	      0.011
  5139.879 	      0.037
  5140.802 	      0.037
  5141.725 	      0.001
  5142.648 	     -0.025
  5143.571 	     -0.050
  5144.494 	     -0.021
  5145.417 	     -0.000
  5146.341 	     -0.005
  5147.265 	     -0.012
  5148.189 	     -0.021
  5149.113 	     -0.034
  5150.037 	     -0.014
  5150.961 	     -0.014
  5151.886 	     -0.030
  5152.811 	     -0.002
  5153.736 	      0.010
  5154.661 	     -0.022
  5155.586 	     -0.050
  5156.511 	     -0.040
  5157.437 	     -0.022
  5158.363 	     -0.016
  5159.289 	     -0.001
  5160.215 	      0.017
  5161.141 	      0.004
  5162.067 	      0.010
  5162.994 	     -0.004
  5163.921 	      0.010
  5164.848 	      0.023
  5165.775 	      0.023
  5166.702 	      0.018
  5167.629 	      0.022
  5168.557 	      0.013
  5169.485 	      0.000
  5170.412 	      0.005
  5171.341 	      0.009
  5172.269 	      0.005
  5173.197 	     -0.024
  5174.126 	     -0.041
  5175.054 	     -0.033
  5175.983 	     -0.031
  5176.912 	     -0.048
  5177.842 	     -0.037
  5178.771 	     -0.016
  5179.701 	     -0.018
  5180.630 	     -0.024
  5181.560 	     -0.017
  5182.490 	     -0.001
  5183.421 	      0.011
  5184.351 	     -0.006
  5185.282 	     -0.014
  5186.212 	     -0.004
  5187.143 	     -0.008
  5188.074 	      0.001
  5189.006 	      0.010
  5189.937 	      0.001
  5190.868 	     -0.014
  5191.800 	     -0.021
  5192.732 	     -0.035
  5193.664 	     -0.055
  5194.596 	     -0.063
  5195.529 	     -0.055
  5196.461 	     -0.055
  5197.394 	     -0.055
  5198.327 	     -0.056
  5199.260 	     -0.055
  5200.193 	     -0.053
  5201.127 	     -0.051
  5202.060 	     -0.052
  5202.994 	     -0.056
  5203.928 	     -0.064
  5204.862 	     -0.074
  5205.796 	     -0.085
  5206.731 	     -0.093
  5207.665 	     -0.099
  5208.600 	     -0.100
  5209.535 	     -0.099
  5210.470 	     -0.094
  5211.405 	     -0.085
  5212.341 	     -0.072
  5213.276 	     -0.053
  5214.212 	     -0.028
  5215.148 	      0.001
  5216.084 	      0.025
  5217.021 	      0.038
  5217.957 	      0.040
  5218.894 	      0.036
  5219.830 	      0.033
  5220.767 	      0.033
  5221.704 	      0.031
  5222.642 	      0.019
  5223.579 	     -0.004
  5224.517 	     -0.030
  5225.454 	     -0.052
  5226.392 	     -0.067
  5227.331 	     -0.073
  5228.269 	     -0.070
  5229.207 	     -0.060
  5230.146 	     -0.041
  5231.085 	     -0.028
  5232.024 	     -0.018
  5232.963 	     -0.002
  5233.902 	      0.003
  5234.842 	     -0.013
  5235.781 	     -0.026
  5236.721 	     -0.027
  5237.661 	     -0.056
  5238.601 	     -0.016
  5239.541 	     -0.005
  5240.482 	     -0.010
  5241.423 	     -0.030
  5242.363 	     -0.029
  5243.304 	     -0.000
  5244.245 	      0.006
  5245.187 	      0.023
  5246.128 	      0.045
  5247.070 	      0.060
  5248.012 	      0.086
  5248.954 	      0.107
  5249.896 	      0.095
  5250.838 	      0.033
  5251.781 	      0.070
  5252.723 	      0.018
  5253.666 	     -0.010
  5254.609 	      0.039
  5255.552 	     -0.006
  5256.496 	     -0.031
  5257.439 	     -0.010
  5258.383 	      0.003
  5259.327 	      0.010
  5260.271 	     -0.000
  5261.215 	     -0.004
  5262.159 	     -0.010
  5263.104 	     -0.037
  5264.049 	     -0.026
  5264.994 	     -0.043
  5265.939 	     -0.038
  5266.884 	      0.038
  5267.829 	     -0.028
  5268.775 	      0.025
  5269.721 	     -0.013
  5270.666 	     -0.009
  5271.612 	     -0.023
  5272.559 	     -0.041
  5273.505 	     -0.037
  5274.452 	     -0.023
  5275.398 	     -0.020
  5276.345 	     -0.017
  5277.292 	     -0.009
  5278.240 	     -0.012
  5279.187 	     -0.026
  5280.135 	     -0.032
  5281.082 	     -0.015
  5282.030 	      0.014
  5282.979 	      0.001
  5283.927 	      0.006
  5284.875 	     -0.017
  5285.824 	      0.014
  5286.773 	      0.046
  5287.722 	      0.011
  5288.671 	      0.015
  5289.620 	      0.028
  5290.569 	     -0.002
  5291.519 	     -0.029
  5292.469 	      0.008
  5293.419 	      0.025
  5294.369 	     -0.024
  5295.319 	     -0.019
  5296.270 	     -0.013
  5297.220 	     -0.020
  5298.171 	      0.005
  5299.122 	     -0.024
  5300.073 	     -0.033
  5301.025 	      0.006
  5301.976 	     -0.041
  5302.928 	     -0.001
  5303.880 	     -0.005
  5304.832 	      0.003
  5305.784 	     -0.007
  5306.736 	     -0.013
  5307.689 	     -0.009
  5308.642 	     -0.013
  5309.595 	     -0.025
  5310.548 	     -0.035
  5311.501 	     -0.041
  5312.454 	     -0.036
  5313.408 	     -0.025
  5314.362 	     -0.013
  5315.315 	      0.006
  5316.270 	     -0.015
  5317.224 	     -0.039
  5318.178 	     -0.053
  5319.133 	     -0.027
  5320.088 	     -0.020
  5321.043 	     -0.021
  5321.998 	     -0.031
  5322.953 	     -0.040
  5323.908 	     -0.040
  5324.864 	     -0.038
  5325.820 	     -0.031
  5326.776 	     -0.037
  5327.732 	     -0.043
  5328.688 	     -0.023
  5329.645 	     -0.004
  5330.601 	     -0.009
  5331.558 	     -0.012
  5332.515 	      0.012
  5333.472 	      0.030
  5334.430 	     -0.013
  5335.387 	     -0.017
  5336.345 	      0.001
  5337.303 	     -0.033
  5338.261 	     -0.020
  5339.219 	      0.005
  5340.177 	      0.034
  5341.136 	      0.023
  5342.094 	     -0.004
  5343.053 	     -0.027
  5344.012 	     -0.025
  5344.972 	     -0.005
  5345.931 	      0.016
  5346.891 	      0.011
  5347.850 	     -0.010
  5348.810 	     -0.014
  5349.770 	     -0.020
  5350.731 	     -0.030
  5351.691 	     -0.003
  5352.652 	      0.014
  5353.612 	      0.008
  5354.573 	     -0.009
  5355.535 	     -0.041
  5356.496 	     -0.026
  5357.457 	     -0.012
  5358.419 	      0.009
  5359.381 	      0.023
  5360.343 	      0.006
  5361.305 	     -0.008
  5362.267 	      0.004
  5363.230 	      0.017
  5364.192 	      0.012
  5365.155 	      0.014
  5366.118 	      0.005
  5367.081 	     -0.008
  5368.045 	      0.003
  5369.008 	      0.019
  5369.972 	      0.009
  5370.936 	     -0.007
  5371.900 	      0.024
  5372.864 	      0.094
  5373.829 	      0.087
  5374.793 	      0.011
  5375.758 	     -0.042
  5376.723 	     -0.048
  5377.688 	     -0.041
  5378.653 	     -0.043
  5379.619 	     -0.033
  5380.584 	     -0.017
  5381.550 	     -0.004
  5382.516 	     -0.025
  5383.482 	     -0.036
  5384.449 	     -0.033
  5385.415 	     -0.035
  5386.382 	     -0.049
  5387.349 	     -0.096
  5388.316 	     -0.023
  5389.283 	      0.090
  5390.250 	      0.086
  5391.218 	      0.029
  5392.185 	     -0.003
  5393.153 	     -0.026
  5394.121 	     -0.042
  5395.090 	     -0.047
  5396.058 	     -0.056
  5397.027 	     -0.047
  5397.995 	     -0.022
  5398.964 	     -0.009
  5399.933 	     -0.008
  5400.903 	      0.012
  5401.872 	     -0.001
  5402.842 	     -0.031
  5403.811 	      0.006
  5404.781 	      0.023
  5405.751 	     -0.013
  5406.722 	     -0.010
  5407.692 	     -0.015
  5408.663 	     -0.028
  5409.634 	     -0.025
  5410.605 	     -0.013
  5411.576 	     -0.007
  5412.547 	     -0.005
  5413.519 	     -0.008
  5414.491 	     -0.018
  5415.462 	     -0.032
  5416.434 	     -0.041
  5417.407 	     -0.041
  5418.379 	     -0.032
  5419.352 	     -0.020
  5420.324 	     -0.031
  5421.297 	     -0.050
  5422.270 	     -0.033
  5423.244 	     -0.021
  5424.217 	     -0.030
  5425.191 	     -0.035
  5426.165 	      0.001
  5427.139 	     -0.042
  5428.113 	     -0.076
  5429.087 	     -0.048
  5430.062 	     -0.040
  5431.036 	     -0.038
  5432.011 	     -0.011
  5432.986 	      0.005
  5433.961 	     -0.007
  5434.937 	     -0.028
  5435.912 	     -0.027
  5436.888 	     -0.039
  5437.864 	     -0.046
  5438.840 	     -0.024
  5439.816 	      0.012
  5440.793 	     -0.021
  5441.769 	     -0.047
  5442.746 	     -0.033
  5443.723 	     -0.017
  5444.700 	     -0.026
  5445.677 	     -0.039
  5446.655 	     -0.034
  5447.632 	     -0.029
  5448.610 	     -0.017
  5449.588 	     -0.007
  5450.566 	     -0.028
  5451.545 	     -0.036
  5452.523 	     -0.042
  5453.502 	     -0.045
  5454.481 	     -0.042
  5455.460 	     -0.040
  5456.439 	     -0.027
  5457.419 	     -0.012
  5458.398 	     -0.009
  5459.378 	     -0.021
  5460.358 	     -0.036
  5461.338 	     -0.044
  5462.318 	     -0.043
  5463.299 	     -0.056
  5464.279 	     -0.004
  5465.260 	     -0.002
  5466.241 	      0.004
  5467.222 	     -0.025
  5468.204 	     -0.042
  5469.185 	     -0.026
  5470.167 	     -0.022
  5471.149 	     -0.044
  5472.131 	     -0.025
  5473.113 	     -0.012
  5474.096 	     -0.018
  5475.078 	     -0.035
  5476.061 	     -0.032
  5477.044 	     -0.038
  5478.027 	     -0.037
  5479.010 	     -0.014
  5479.994 	     -0.017
  5480.977 	     -0.035
  5481.961 	     -0.033
  5482.945 	     -0.018
  5483.929 	     -0.022
  5484.914 	     -0.033
  5485.898 	     -0.029
  5486.883 	     -0.049
  5487.868 	     -0.044
  5488.853 	     -0.011
  5489.838 	      0.009
  5490.823 	      0.020
  5491.809 	      0.005
  5492.795 	     -0.001
  5493.781 	      0.010
  5494.767 	     -0.020
  5495.753 	     -0.019
  5496.740 	     -0.029
  5497.726 	      0.023
  5498.713 	      0.064
  5499.700 	     -0.027
  5500.687 	     -0.040
  5501.675 	     -0.026
  5502.662 	     -0.013
  5503.650 	     -0.016
  5504.638 	     -0.029
  5505.626 	     -0.036
  5506.614 	     -0.038
  5507.602 	     -0.018
  5508.591 	     -0.018
  5509.580 	      0.017
  5510.569 	      0.003
  5511.558 	     -0.025
  5512.547 	      0.033
  5513.537 	      0.000
  5514.526 	     -0.005
  5515.516 	      0.006
  5516.506 	     -0.001
  5517.496 	      0.023
  5518.487 	      0.021
  5519.477 	     -0.032
  5520.468 	     -0.020
  5521.459 	     -0.012
  5522.450 	     -0.017
  5523.441 	     -0.043
  5524.433 	     -0.048
  5525.424 	     -0.054
  5526.416 	     -0.065
  5527.408 	     -0.047
  5528.400 	     -0.015
  5529.392 	      0.007
  5530.385 	     -0.005
  5531.378 	     -0.021
  5532.370 	     -0.029
  5533.363 	     -0.031
  5534.357 	     -0.020
  5535.350 	     -0.002
  5536.344 	     -0.001
  5537.337 	     -0.007
  5538.331 	     -0.001
  5539.325 	     -0.028
  5540.320 	     -0.026
  5541.314 	     -0.034
  5542.309 	     -0.034
  5543.304 	     -0.025
  5544.299 	     -0.048
  5545.294 	     -0.027
  5546.289 	     -0.032
  5547.285 	     -0.021
  5548.280 	     -0.019
  5549.276 	     -0.032
  5550.272 	     -0.030
  5551.269 	     -0.041
  5552.265 	     -0.064
  5553.262 	     -0.056
  5554.259 	     -0.052
  5555.255 	     -0.043
  5556.253 	     -0.051
  5557.250 	     -0.024
  5558.247 	      0.010
  5559.245 	     -0.016
  5560.243 	     -0.017
  5561.241 	     -0.031
  5562.239 	     -0.022
  5563.238 	     -0.056
  5564.236 	     -0.047
  5565.235 	     -0.018
  5566.234 	     -0.047
  5567.233 	     -0.052
  5568.232 	     -0.061
  5569.232 	     -0.071
  5570.231 	     -0.081
  5571.231 	     -0.088
  5572.231 	     -0.091
  5573.232 	     -0.092
  5574.232 	     -0.090
  5575.232 	     -0.086
  5576.233 	     -0.081
  5577.234 	     -0.073
  5578.235 	     -0.063
  5579.236 	     -0.051
  5580.238 	     -0.043
  5581.240 	     -0.042
  5582.241 	     -0.048
  5583.243 	     -0.056
  5584.246 	     -0.062
  5585.248 	     -0.063
  5586.250 	     -0.060
  5587.253 	     -0.057
  5588.256 	     -0.056
  5589.259 	     -0.058
  5590.262 	     -0.049
  5591.266 	     -0.076
  5592.269 	     -0.095
  5593.273 	     -0.039
  5594.277 	     -0.060
  5595.281 	     -0.052
  5596.286 	     -0.037
  5597.290 	     -0.036
  5598.295 	     -0.042
  5599.300 	      0.001
  5600.305 	     -0.010
  5601.310 	     -0.026
  5602.315 	     -0.026
  5603.321 	     -0.055
  5604.327 	     -0.071
  5605.333 	     -0.043
  5606.339 	     -0.045
  5607.345 	     -0.082
  5608.352 	     -0.023
  5609.358 	     -0.046
  5610.365 	     -0.031
  5611.372 	     -0.034
  5612.379 	     -0.056
  5613.387 	     -0.062
  5614.394 	     -0.058
  5615.402 	     -0.069
  5616.410 	     -0.049
  5617.418 	     -0.035
  5618.427 	     -0.059
  5619.435 	     -0.099
  5620.444 	     -0.045
  5621.453 	     -0.032
  5622.462 	     -0.049
  5623.471 	     -0.058
  5624.480 	     -0.046
  5625.490 	     -0.060
  5626.499 	     -0.060
  5627.509 	     -0.075
  5628.520 	     -0.039
  5629.530 	     -0.068
  5630.540 	     -0.083
  5631.551 	     -0.068
  5632.562 	     -0.056
  5633.573 	     -0.057
  5634.584 	     -0.051
  5635.595 	     -0.037
  5636.607 	     -0.100
  5637.619 	     -0.068
  5638.631 	     -0.086
  5639.643 	     -0.119
  5640.655 	     -0.087
  5641.668 	     -0.088
  5642.680 	     -0.102
  5643.693 	     -0.074
  5644.706 	     -0.137
  5645.719 	     -0.077
  5646.733 	     -0.104
  5647.746 	     -0.087
  5648.760 	     -0.112
  5649.774 	     -0.073
  5650.788 	     -0.121
  5651.802 	     -0.059
  5652.817 	     -0.077
  5653.831 	     -0.139
  5654.846 	     -0.112
  5655.861 	     -0.101
  5656.876 	     -0.080
  5657.892 	     -0.097
  5658.907 	     -0.082
  5659.923 	     -0.091
  5660.939 	     -0.102
  5661.955 	     -0.104
  5662.972 	     -0.092
  5663.988 	     -0.079
  5665.005 	     -0.109
  5666.022 	     -0.114
  5667.039 	     -0.063
  5668.056 	     -0.071
  5669.073 	     -0.110
  5670.091 	     -0.119
  5671.109 	     -0.108
  5672.126 	     -0.100
  5673.145 	     -0.117
  5674.163 	     -0.129
  5675.181 	     -0.124
  5676.200 	     -0.122
  5677.219 	     -0.099
  5678.238 	     -0.117
  5679.257 	     -0.140
  5680.277 	     -0.134
  5681.296 	     -0.124
  5682.316 	     -0.123
  5683.336 	     -0.122
  5684.356 	     -0.140
  5685.376 	     -0.143
  5686.397 	     -0.129
  5687.418 	     -0.119
  5688.438 	     -0.124
  5689.459 	     -0.139
  5690.481 	     -0.126
  5691.502 	     -0.131
  5692.524 	     -0.138
  5693.545 	     -0.146
  5694.567 	     -0.128
  5695.590 	     -0.118
  5696.612 	     -0.137
  5697.634 	     -0.158
  5698.657 	     -0.179
  5699.680 	     -0.156
  5700.703 	     -0.144
  5701.726 	     -0.147
  5702.750 	     -0.125
  5703.773 	     -0.135
  5704.797 	     -0.155
  5705.821 	     -0.156
  5706.845 	     -0.169
  5707.870 	     -0.164
  5708.894 	     -0.169
  5709.919 	     -0.151
  5710.944 	     -0.160
  5711.969 	     -0.141
  5712.994 	     -0.158
  5714.020 	     -0.157
  5715.045 	     -0.148
  5716.071 	     -0.166
  5717.097 	     -0.131
  5718.123 	     -0.150
  5719.150 	     -0.157
  5720.176 	     -0.161
  5721.203 	     -0.185
  5722.230 	     -0.151
  5723.257 	     -0.167
  5724.284 	     -0.144
  5725.312 	     -0.175
  5726.340 	     -0.162
  5727.367 	     -0.161
  5728.396 	     -0.172
  5729.424 	     -0.126
  5730.452 	     -0.163
  5731.481 	     -0.165
  5732.510 	     -0.181
  5733.538 	     -0.184
  5734.568 	     -0.188
  5735.597 	     -0.177
  5736.626 	     -0.171
  5737.656 	     -0.179
  5738.686 	     -0.186
  5739.716 	     -0.190
  5740.746 	     -0.181
  5741.777 	     -0.154
  5742.807 	     -0.180
  5743.838 	     -0.204
  5744.869 	     -0.189
  5745.900 	     -0.170
  5746.932 	     -0.160
  5747.963 	     -0.170
  5748.995 	     -0.169
  5750.027 	     -0.163
  5751.059 	     -0.163
  5752.091 	     -0.164
  5753.124 	     -0.158
  5754.157 	     -0.160
  5755.189 	     -0.189
  5756.222 	     -0.184
  5757.256 	     -0.182
  5758.289 	     -0.203
  5759.323 	     -0.235
  5760.356 	     -0.230
  5761.390 	     -0.212
  5762.425 	     -0.192
  5763.459 	     -0.174
  5764.493 	     -0.165
  5765.528 	     -0.179
  5766.563 	     -0.201
  5767.598 	     -0.192
  5768.633 	     -0.178
  5769.669 	     -0.185
  5770.704 	     -0.181
  5771.740 	     -0.177
  5772.776 	     -0.185
  5773.812 	     -0.175
  5774.849 	     -0.196
  5775.885 	     -0.208
  5776.922 	     -0.206
  5777.959 	     -0.203
  5778.996 	     -0.201
  5780.033 	     -0.182
  5781.071 	     -0.176
  5782.109 	     -0.174
  5783.146 	     -0.173
  5784.185 	     -0.173
  5785.223 	     -0.187
  5786.261 	     -0.195
  5787.300 	     -0.173
  5788.339 	     -0.166
  5789.378 	     -0.175
  5790.417 	     -0.170
  5791.456 	     -0.182
  5792.496 	     -0.193
  5793.535 	     -0.185
  5794.575 	     -0.176
  5795.615 	     -0.181
  5796.656 	     -0.168
  5797.696 	     -0.146
  5798.737 	     -0.148
  5799.778 	     -0.176
  5800.819 	     -0.198
  5801.860 	     -0.193
  5802.901 	     -0.176
  5803.943 	     -0.195
  5804.985 	     -0.208
  5806.027 	     -0.188
  5807.069 	     -0.170
  5808.111 	     -0.133
  5809.154 	     -0.119
  5810.196 	     -0.139
  5811.239 	     -0.158
  5812.282 	     -0.171
  5813.326 	     -0.166
  5814.369 	     -0.166
  5815.413 	     -0.162
  5816.457 	     -0.129
  5817.501 	     -0.132
  5818.545 	     -0.157
  5819.589 	     -0.164
  5820.634 	     -0.167
  5821.679 	     -0.166
  5822.724 	     -0.170
  5823.769 	     -0.176
  5824.814 	     -0.178
  5825.860 	     -0.181
  5826.905 	     -0.156
  5827.951 	     -0.150
  5828.997 	     -0.160
  5830.044 	     -0.160
  5831.090 	     -0.157
  5832.137 	     -0.160
  5833.184 	     -0.200
  5834.231 	     -0.224
  5835.278 	     -0.230
  5836.325 	     -0.218
  5837.373 	     -0.196
  5838.421 	     -0.182
  5839.469 	     -0.173
  5840.517 	     -0.180
  5841.565 	     -0.182
  5842.614 	     -0.180
  5843.663 	     -0.174
  5844.711 	     -0.178
  5845.761 	     -0.159
  5846.810 	     -0.131
  5847.859 	     -0.155
  5848.909 	     -0.177
  5849.959 	     -0.166
  5851.009 	     -0.164
  5852.059 	     -0.150
  5853.110 	     -0.128
  5854.160 	     -0.132
  5855.211 	     -0.152
  5856.262 	     -0.125
  5857.313 	     -0.130
  5858.364 	     -0.119
  5859.416 	     -0.100
  5860.468 	     -0.076
  5861.520 	     -0.074
  5862.572 	     -0.063
  5863.624 	     -0.095
  5864.677 	     -0.124
  5865.729 	     -0.110
  5866.782 	     -0.105
  5867.835 	     -0.113
  5868.888 	     -0.104
  5869.942 	     -0.116
  5870.996 	     -0.129
  5872.049 	     -0.138
  5873.103 	     -0.115
  5874.158 	     -0.108
  5875.212 	     -0.081
  5876.267 	     -0.068
  5877.321 	     -0.060
  5878.376 	     -0.079
  5879.431 	     -0.101
  5880.487 	     -0.086
  5881.542 	     -0.081
  5882.598 	     -0.058
  5883.654 	     -0.104
  5884.710 	     -0.095
  5885.766 	     -0.114
  5886.823 	     -0.149
  5887.879 	     -0.130
  5888.936 	     -0.125
  5889.993 	     -0.142
  5891.051 	     -0.132
  5892.108 	     -0.131
  5893.166 	     -0.112
  5894.223 	     -0.086
  5895.281 	     -0.095
  5896.340 	     -0.109
  5897.398 	     -0.103
  5898.456 	     -0.105
  5899.515 	     -0.052
  5900.574 	     -0.062
  5901.633 	     -0.025
  5902.693 	     -0.022
  5903.752 	     -0.037
  5904.812 	     -0.038
  5905.872 	     -0.067
  5906.932 	     -0.088
  5907.992 	     -0.080
  5909.052 	     -0.056
  5910.113 	     -0.044
  5911.174 	     -0.045
  5912.235 	     -0.074
  5913.296 	     -0.070
  5914.358 	     -0.045
  5915.419 	     -0.071
  5916.481 	     -0.089
  5917.543 	     -0.084
  5918.605 	     -0.070
  5919.668 	     -0.060
  5920.730 	     -0.062
  5921.793 	     -0.061
  5922.856 	     -0.070
  5923.919 	     -0.095
  5924.982 	     -0.031
  5926.046 	     -0.019
  5927.109 	     -0.007
  5928.173 	     -0.010
  5929.237 	      0.001
  5930.302 	      0.021
  5931.366 	      0.060
  5932.431 	      0.047
  5933.496 	      0.026
  5934.561 	     -0.018
  5935.626 	     -0.045
  5936.691 	     -0.047
  5937.757 	     -0.034
  5938.823 	     -0.055
  5939.889 	     -0.108
  5940.955 	     -0.124
  5942.021 	     -0.230
  5943.088 	     -0.318
  5944.155 	     -0.406
  5945.222 	     -0.468
  5946.289 	     -0.528
  5947.356 	     -0.468
  5948.424 	     -0.438
  5949.491 	     -0.414
  5950.559 	     -0.421
  5951.627 	     -0.468
  5952.696 	     -0.460
  5953.764 	     -0.369
  5954.833 	     -0.269
  5955.902 	     -0.222
  5956.971 	     -0.099
  5958.040 	     -0.075
  5959.109 	     -0.056
  5960.179 	     -0.055
  5961.249 	     -0.040
  5962.319 	     -0.018
  5963.389 	     -0.035
  5964.460 	     -0.060
  5965.530 	     -0.003
  5966.601 	      0.019
  5967.672 	      0.031
  5968.743 	      0.024
  5969.814 	      0.004
  5970.886 	      0.005
  5971.958 	     -0.010
  5973.030 	      0.012
  5974.102 	      0.012
  5975.174 	     -0.014
  5976.247 	     -0.045
  5977.319 	     -0.037
  5978.392 	      0.001
  5979.465 	      0.028
  5980.539 	      0.029
  5981.612 	      0.026
  5982.686 	      0.006
  5983.760 	     -0.010
  5984.834 	     -0.021
  5985.908 	     -0.022
  5986.982 	     -0.006
  5988.057 	      0.013
  5989.132 	      0.018
  5990.207 	      0.024
  5991.282 	      0.035
  5992.358 	      0.021
  5993.433 	      0.022
  5994.509 	      0.026
  5995.585 	      0.014
  5996.661 	      0.001
  5997.738 	      0.017
  5998.814 	      0.006
  5999.891 	      0.002
  6000.968 	      0.011
  6002.045 	      0.037
  6003.122 	      0.029
  6004.200 	     -0.006
  6005.278 	     -0.007
  6006.356 	      0.009
  6007.434 	      0.008
  6008.512 	     -0.001
  6009.590 	     -0.009
  6010.669 	     -0.006
  6011.748 	      0.011
  6012.827 	      0.028
  6013.906 	      0.035
  6014.986 	      0.027
  6016.066 	      0.007
  6017.145 	     -0.006
  6018.225 	     -0.008
  6019.306 	     -0.005
  6020.386 	      0.007
  6021.467 	      0.032
  6022.548 	      0.043
  6023.629 	      0.035
  6024.710 	      0.024
  6025.791 	      0.014
  6026.873 	      0.014
  6027.955 	      0.019
  6029.037 	      0.021
  6030.119 	      0.021
  6031.201 	      0.020
  6032.284 	      0.017
  6033.367 	      0.012
  6034.450 	      0.011
  6035.533 	      0.016
  6036.616 	      0.021
  6037.700 	      0.028
  6038.783 	      0.037
  6039.867 	      0.047
  6040.951 	      0.035
  6042.036 	      0.006
  6043.120 	      0.008
  6044.205 	      0.032
  6045.290 	      0.042
  6046.375 	      0.038
  6047.460 	      0.029
  6048.546 	      0.027
  6049.631 	      0.036
  6050.717 	      0.036
  6051.803 	      0.032
  6052.890 	      0.035
  6053.976 	      0.046
  6055.063 	      0.050
  6056.150 	      0.049
  6057.237 	      0.048
  6058.324 	      0.048
  6059.411 	      0.038
  6060.499 	      0.032
  6061.587 	      0.033
  6062.675 	      0.030
  6063.763 	      0.033
  6064.852 	      0.034
  6065.940 	      0.034
  6067.029 	      0.045
  6068.118 	      0.051
  6069.207 	      0.033
  6070.297 	      0.005
  6071.386 	      0.001
  6072.476 	      0.016
  6073.566 	      0.035
  6074.656 	      0.047
  6075.747 	      0.043
  6076.837 	      0.040
  6077.928 	      0.040
  6079.019 	      0.045
  6080.110 	      0.062
  6081.201 	      0.065
  6082.293 	      0.074
  6083.385 	      0.090
  6084.477 	      0.104
  6085.569 	      0.096
  6086.661 	      0.089
  6087.754 	      0.104
  6088.846 	      0.137
  6089.939 	      0.135
  6091.032 	      0.120
  6092.126 	      0.110
  6093.219 	      0.101
  6094.313 	      0.090
  6095.407 	      0.093
  6096.501 	      0.100
  6097.595 	      0.105
  6098.690 	      0.103
  6099.784 	      0.100
  6100.879 	      0.109
  6101.974 	      0.113
  6103.070 	      0.134
  6104.165 	      0.137
  6105.261 	      0.120
  6106.357 	      0.082
  6107.453 	      0.087
  6108.549 	      0.126
  6109.646 	      0.134
  6110.742 	      0.100
  6111.839 	      0.090
  6112.936 	      0.092
  6114.033 	      0.100
  6115.131 	      0.092
  6155.875 	      0.083
  6156.980 	      0.097
  6158.085 	      0.143
  6159.190 	      0.151
  6160.296 	      0.144
  6161.402 	      0.145
  6162.508 	      0.134
  6163.614 	      0.120
  6164.720 	      0.134
  6165.827 	      0.159
  6166.933 	      0.164
  6168.040 	      0.147
  6169.148 	      0.136
  6170.255 	      0.137
  6171.362 	      0.152
  6172.470 	      0.149
  6173.578 	      0.130
  6174.686 	      0.120
  6175.795 	      0.130
  6176.903 	      0.122
  6178.012 	      0.126
  6179.121 	      0.162
  6180.230 	      0.169
  6181.339 	      0.158
  6182.449 	      0.137
  6183.558 	      0.166
  6184.668 	      0.194
  6185.778 	      0.167
  6186.889 	      0.151
  6187.999 	      0.170
  6189.110 	      0.163
  6190.221 	      0.142
  6191.332 	      0.137
  6192.443 	      0.150
  6193.555 	      0.170
  6194.667 	      0.179
  6195.779 	      0.169
  6196.891 	      0.160
  6198.003 	      0.151
  6199.116 	      0.144
  6200.228 	      0.131
  6201.341 	      0.128
  6202.454 	      0.135
  6203.568 	      0.155
  6204.681 	      0.180
  6205.795 	      0.193
  6206.909 	      0.190
  6208.023 	      0.185
  6209.137 	      0.179
  6210.252 	      0.173
  6211.366 	      0.166
  6212.481 	      0.149
  6213.596 	      0.131
  6214.712 	      0.123
  6215.827 	      0.130
  6216.943 	      0.130
  6218.059 	      0.125
  6219.175 	      0.117
  6220.291 	      0.116
  6221.408 	      0.125
  6222.525 	      0.145
  6223.641 	      0.153
  6224.759 	      0.152
  6225.876 	      0.152
  6226.993 	      0.156
  6228.111 	      0.164
  6229.229 	      0.182
  6230.347 	      0.192
  6231.466 	      0.168
  6232.584 	      0.150
  6233.703 	      0.155
  6234.822 	      0.166
  6235.941 	      0.159
  6237.060 	      0.149
  6238.180 	      0.146
  6239.299 	      0.149
  6240.419 	      0.145
  6241.539 	      0.140
  6242.660 	      0.141
  6243.780 	      0.140
  6244.901 	      0.144
  6246.022 	      0.149
  6247.143 	      0.150
  6248.264 	      0.153
  6249.386 	      0.158
  6250.508 	      0.169
  6251.630 	      0.165
  6252.752 	      0.156
  6253.874 	      0.158
  6254.997 	      0.157
  6256.119 	      0.146
  6257.242 	      0.145
  6258.366 	      0.148
  6259.489 	      0.146
  6260.612 	      0.138
  6261.736 	      0.127
  6262.860 	      0.118
  6263.984 	      0.111
  6265.109 	      0.107
  6266.233 	      0.104
  6267.358 	      0.103
  6268.483 	      0.105
  6269.608 	      0.110
  6270.734 	      0.119
  6271.859 	      0.132
  6272.985 	      0.143
  6274.111 	      0.147
  6275.237 	      0.145
  6276.363 	      0.138
  6277.490 	      0.132
  6278.617 	      0.129
  6279.744 	      0.125
  6280.871 	      0.118
  6281.998 	      0.111
  6283.126 	      0.104
  6284.254 	      0.098
  6285.382 	      0.094
  6286.510 	      0.095
  6287.638 	      0.101
  6288.767 	      0.111
  6289.896 	      0.118
  6291.025 	      0.115
  6292.154 	      0.101
  6293.283 	      0.082
  6294.413 	      0.065
  6295.543 	      0.058
  6296.673 	      0.059
  6297.803 	      0.066
  6298.933 	      0.073
  6300.064 	      0.101
  6301.195 	      0.103
  6302.326 	      0.103
  6303.457 	      0.101
  6304.589 	      0.095
  6305.720 	      0.084
  6306.852 	      0.071
  6307.984 	      0.116
  6309.117 	      0.084
  6310.249 	      0.116
  6311.382 	      0.139
  6312.514 	      0.148
  6313.648 	      0.153
  6314.781 	      0.143
  6315.914 	      0.132
  6317.048 	      0.128
  6318.182 	      0.159
  6319.316 	      0.143
  6320.450 	      0.151
  6321.585 	      0.135
  6322.719 	      0.139
  6323.854 	      0.164
  6324.989 	      0.164
  6326.125 	      0.139
  6327.260 	      0.118
  6328.396 	      0.109
  6329.532 	      0.110
  6330.668 	      0.122
  6331.804 	      0.126
  6332.941 	      0.141
  6334.078 	      0.126
  6335.215 	      0.111
  6336.352 	      0.120
  6337.489 	      0.133
  6338.627 	      0.139
  6339.764 	      0.130
  6340.902 	      0.099
  6342.041 	      0.084
  6343.179 	      0.081
  6344.317 	      0.063
  6345.456 	      0.044
  6346.595 	      0.087
  6347.734 	      0.092
  6348.874 	      0.068
  6350.013 	      0.084
  6351.153 	      0.137
  6352.293 	      0.146
  6353.433 	      0.157
  6354.574 	      0.167
  6355.714 	      0.179
  6356.855 	      0.182
  6357.996 	      0.227
  6359.138 	      0.309
  6360.279 	      0.353
  6361.421 	      0.343
  6362.563 	      0.271
  6363.705 	      0.204
  6364.847 	      0.168
  6365.989 	      0.131
  6367.132 	      0.110
  6368.275 	      0.088
  6369.418 	      0.095
  6370.561 	      0.089
  6371.705 	      0.094
  6372.848 	      0.109
  6373.992 	      0.102
  6375.136 	      0.109
  6376.281 	      0.129
  6377.425 	      0.132
  6378.570 	      0.083
  6379.715 	      0.070
  6380.860 	      0.092
  6382.005 	      0.091
  6383.151 	      0.095
  6384.297 	      0.114
  6385.443 	      0.124
  6386.589 	      0.121
  6387.735 	      0.140
  6388.882 	      0.139
  6390.028 	      0.122
  6391.175 	      0.125
  6392.323 	      0.108
  6393.470 	      0.121
  6394.618 	      0.112
  6395.765 	      0.109
  6396.913 	      0.139
  6398.062 	      0.136
  6399.210 	      0.112
  6400.359 	      0.088
  6401.508 	      0.076
  6402.657 	      0.115
  6403.806 	      0.100
  6404.955 	      0.108
  6406.105 	      0.099
  6407.255 	      0.094
  6408.405 	      0.111
  6409.555 	      0.089
  6410.706 	      0.109
  6411.856 	      0.100
  6413.007 	      0.095
  6414.158 	      0.100
  6415.310 	      0.107
  6416.461 	      0.102
  6417.613 	      0.099
  6418.765 	      0.080
  6419.917 	      0.093
  6421.069 	      0.099
  6422.222 	      0.073
  6423.375 	      0.089
  6424.528 	      0.098
  6425.681 	      0.121
  6426.834 	      0.108
  6427.988 	      0.093
  6429.142 	      0.106
  6430.296 	      0.103
  6431.450 	      0.085
  6432.604 	      0.082
  6433.759 	      0.097
  6434.914 	      0.085
  6436.069 	      0.074
  6437.224 	      0.062
  6438.380 	      0.073
  6439.535 	      0.091
  6440.691 	      0.090
  6441.847 	      0.056
  6443.003 	      0.038
  6444.160 	      0.057
  6445.317 	      0.072
  6446.474 	      0.091
  6447.631 	      0.084
  6448.788 	      0.057
  6449.945 	      0.045
  6451.103 	      0.074
  6452.261 	      0.108
  6453.419 	      0.107
  6454.578 	      0.071
  6455.736 	      0.071
  6456.895 	      0.053
  6458.054 	      0.059
  6459.213 	      0.077
  6460.373 	      0.082
  6461.532 	      0.054
  6462.692 	      0.024
  6463.852 	      0.040
  6465.012 	      0.053
  6466.173 	      0.047
  6467.333 	      0.018
  6468.494 	      0.017
  6469.655 	      0.023
  6470.817 	      0.025
  6471.978 	      0.018
  6473.140 	      0.026
  6474.302 	      0.000
  6475.464 	      0.002
  6476.626 	      0.056
  6477.789 	      0.031
  6478.951 	      0.037
  6480.114 	      0.055
  6481.277 	      0.025
  6482.441 	      0.024
  6483.604 	      0.026
  6484.768 	      0.012
  6485.932 	     -0.011
  6487.096 	      0.016
  6488.261 	      0.004
  6489.425 	      0.016
  6490.590 	      0.020
  6491.755 	      0.026
  6492.921 	      0.052
  6494.086 	      0.050
  6495.252 	      0.038
  6496.418 	      0.002
  6497.584 	      0.023
  6498.750 	      0.003
  6499.916 	      0.016
  6501.083 	      0.021
  6502.250 	      0.011
  6503.417 	     -0.013
  6504.584 	     -0.013
  6505.752 	     -0.001
  6506.920 	     -0.016
  6508.088 	     -0.006
  6509.256 	     -0.015
  6510.424 	     -0.006
  6511.593 	      0.002
  6512.762 	      0.000
  6513.931 	     -0.008
  6515.100 	      0.000
  6516.269 	     -0.001
  6517.439 	      0.009
  6518.609 	      0.030
  6519.779 	      0.041
  6520.949 	      0.045
  6522.120 	      0.035
  6523.290 	      0.035
  6524.461 	      0.034
  6525.632 	      0.022
  6526.804 	      0.039
  6527.975 	      0.045
  6529.147 	      0.026
  6530.319 	      0.016
  6531.491 	      0.028
  6532.664 	      0.015
  6533.836 	      0.013
  6535.009 	      0.038
  6536.182 	      0.026
  6537.355 	      0.036
  6538.529 	      0.022
  6539.702 	      0.042
  6540.876 	      0.055
  6542.050 	      0.043
  6543.224 	      0.061
  6544.399 	      0.070
  6545.574 	      0.053
  6546.748 	      0.026
  6547.924 	      0.023
  6549.099 	      0.057
  6550.274 	      0.095
  6551.450 	      0.055
  6552.626 	     -0.000
  6553.802 	     -0.033
  6554.979 	      0.015
  6556.155 	      0.026
  6557.332 	      0.046
  6558.509 	      0.039
  6559.686 	      0.000
  6560.864 	      0.015
  6562.041 	     -0.010
  6563.219 	     -0.033
  6564.397 	     -0.017
  6565.576 	      0.001
  6566.754 	      0.034
  6567.933 	      0.019
  6569.112 	      0.029
  6570.291 	      0.031
  6571.470 	      0.066
  6572.650 	      0.049
  6573.830 	      0.050
  6575.010 	      0.052
  6576.190 	      0.055
  6577.370 	      0.061
  6578.551 	      0.065
  6579.732 	      0.065
  6580.913 	      0.059
  6582.094 	      0.048
  6583.275 	      0.036
  6584.457 	      0.026
  6585.639 	      0.021
  6586.821 	      0.020
  6588.003 	      0.046
  6589.186 	      0.044
  6590.368 	      0.047
  6591.551 	      0.039
  6592.735 	      0.022
  6593.918 	      0.026
  6595.102 	      0.058
  6596.285 	      0.085
  6597.469 	      0.087
  6598.654 	      0.071
  6599.838 	      0.072
  6601.023 	      0.104
  6602.207 	      0.109
  6603.393 	      0.096
  6604.578 	      0.120
  6605.763 	      0.194
  6606.949 	      0.294
  6608.135 	      0.450
  6609.321 	      0.698
  6610.507 	      0.885
  6611.694 	      0.927
  6612.881 	      0.822
  6614.068 	      0.636
  6615.255 	      0.437
  6616.442 	      0.306
  6617.630 	      0.222
  6618.818 	      0.229
  6620.006 	      0.399
  6621.194 	      0.797
  6622.383 	      1.637
  6623.571 	      2.748
  6624.760 	      3.631
  6625.949 	      3.993
  6627.139 	      3.795
  6628.328 	      2.829
  6629.518 	      1.679
  6630.708 	      0.890
  6631.898 	      0.432
  6633.089 	      0.257
  6634.279 	      0.168
  6635.470 	      0.195
  6636.661 	      0.179
  6637.852 	      0.189
  6639.044 	      0.173
  6640.235 	      0.213
  6641.427 	      0.379
  6642.619 	      0.764
  6643.812 	      1.346
  6645.004 	      2.108
  6646.197 	      2.667
  6647.390 	      2.895
  6648.583 	      2.468
  6649.777 	      1.752
  6650.970 	      1.073
  6652.164 	      0.585
  6653.358 	      0.311
  6654.552 	      0.165
  6655.747 	      0.153
  6656.941 	      0.132
  6658.136 	      0.115
  6662.918 	      0.107
  6664.114 	      0.085
  6665.310 	      0.085
  6666.507 	      0.085
  6667.703 	      0.062
  6668.900 	      0.077
  6670.097 	      0.107
  6671.294 	      0.104
  6672.492 	      0.082
  6673.689 	      0.060
  6674.887 	      0.061
  6676.086 	      0.075
  6677.284 	      0.081
  6678.482 	      0.105
  6679.681 	      0.097
  6680.880 	      0.102
  6682.079 	      0.118
  6683.279 	      0.110
  6684.478 	      0.094
  6685.678 	      0.093
  6686.878 	      0.096
  6688.079 	      0.092
  6689.279 	      0.096
  6690.480 	      0.102
  6691.681 	      0.099
  6692.882 	      0.083
  6694.083 	      0.077
  6695.285 	      0.097
  6696.486 	      0.104
  6697.688 	      0.105
  6698.891 	      0.061
  6700.093 	      0.056
  6701.296 	      0.058
  6702.499 	      0.089
  6703.702 	      0.097
  6704.905 	      0.071
  6706.108 	      0.048
  6707.312 	      0.105
  6708.516 	      0.134
  6709.720 	      0.110
  6710.925 	      0.091
  6712.129 	      0.106
  6713.334 	      0.080
  6714.539 	      0.088
  6715.744 	      0.088
  6716.950 	      0.099
  6718.155 	      0.050
  6719.361 	      0.081
  6720.567 	      0.078
  6721.774 	      0.064
  6722.980 	      0.086
  6724.187 	      0.104
  6725.394 	      0.094
  6726.601 	      0.090
  6727.808 	      0.093
  6729.016 	      0.064
  6730.224 	      0.058
  6731.432 	      0.042
  6732.640 	      0.046
  6733.849 	      0.053
  6735.057 	      0.072
  6736.266 	      0.071
  6737.475 	      0.077
  6738.685 	      0.077
  6739.894 	      0.101
  6741.104 	      0.133
  6742.314 	      0.141
  6743.524 	      0.121
  6744.735 	      0.107
  6745.945 	      0.103
  6747.156 	      0.100
  6748.367 	      0.085
  6749.579 	      0.100
  6750.790 	      0.106
  6752.002 	      0.106
  6753.214 	      0.100
  6754.426 	      0.091
  6755.638 	      0.063
  6756.851 	      0.044
  6758.064 	      0.056
  6759.277 	      0.076
  6760.490 	      0.062
  6761.704 	      0.048
  6762.917 	      0.049
  6764.131 	      0.043
  6765.345 	      0.021
  6766.560 	      0.058
  6767.774 	      0.037
  6768.989 	      0.046
  6770.204 	      0.072
  6771.419 	      0.021
  6772.635 	      0.078
  6773.851 	      0.064
  6775.066 	      0.092
  6776.282 	      0.166
  6777.499 	      0.291
  6778.715 	      0.474
  6779.932 	      0.629
  6781.149 	      0.702
  6782.366 	      0.671
  6783.584 	      0.496
  6784.801 	      0.359
  6786.019 	      0.198
  6787.237 	      0.108
  6788.455 	      0.081
  6789.674 	      0.096
  6790.893 	      0.154
  6792.112 	      0.258
  6793.331 	      0.400
  6794.550 	      0.541
  6795.770 	      0.623
  6796.990 	      0.547
  6798.210 	      0.432
  6799.430 	      0.305
  6800.650 	      0.180
  6801.871 	      0.099
  6803.092 	      0.076
  6804.313 	      0.035
  6805.534 	      0.017
  6806.756 	      0.029
  6807.978 	      0.044
  6809.200 	      0.044
  6810.422 	      0.051
  6811.644 	      0.051
  6812.867 	      0.018
  6814.090 	      0.004
  6815.313 	      0.010
  6816.536 	      0.027
  6817.760 	      0.038
  6818.984 	      0.045
  6820.208 	      0.065
  6821.432 	      0.064
  6822.656 	      0.113
  6823.881 	      0.122
  6825.106 	      0.089
  6826.331 	      0.062
  6827.556 	      0.058
  6828.782 	      0.043
  6830.007 	      0.038
  6831.233 	      0.059
  6832.460 	      0.037
  6833.686 	      0.016
  6834.913 	      0.015
  6836.139 	      0.053
  6837.366 	      0.043
  6838.594 	      0.020
  6839.821 	      0.011
  6841.049 	      0.057
  6842.277 	      0.022
  6843.505 	      0.017
  6844.733 	      0.042
  6845.962 	      0.041
  6847.191 	      0.049
  6848.420 	      0.057
  6849.649 	      0.039
  6850.879 	     -0.011
  6852.108 	      0.000
  6853.338 	      0.031
  6854.568 	      0.051
  6855.799 	      0.036
  6857.029 	      0.026
  6858.260 	      0.080
  6859.491 	      0.121
  6860.722 	      0.064
  6861.954 	     -0.124
  6863.186 	     -0.339
  6864.418 	     -0.444
  6865.650 	     -0.441
  6866.882 	     -0.387
  6868.115 	     -0.362
  6869.347 	     -0.316
  6870.580 	     -0.266
  6871.814 	     -0.250
  6873.047 	     -0.214
  6874.281 	     -0.156
  6875.515 	     -0.066
  6876.749 	     -0.026
  6877.983 	     -0.014
  6879.218 	     -0.022
  6880.453 	     -0.093
  6881.688 	     -0.090
  6882.923 	     -0.108
  6884.158 	     -0.142
  6885.394 	     -0.141
  6886.630 	     -0.140
  6887.866 	     -0.130
  6889.102 	     -0.125
  6890.339 	     -0.137
  6891.576 	     -0.151
  6892.813 	     -0.121
  6894.050 	     -0.120
  6895.287 	     -0.102
  6896.525 	     -0.091
  6897.763 	     -0.087
  6899.001 	     -0.078
  6900.239 	     -0.082
  6901.478 	     -0.086
  6902.717 	     -0.071
  6903.956 	     -0.096
  6905.195 	     -0.095
  6906.434 	     -0.027
  6907.674 	     -0.013
  6908.914 	     -0.008
  6910.154 	     -0.040
  6911.395 	     -0.053
  6912.635 	     -0.037
  6913.876 	     -0.038
  6915.117 	     -0.054
  6916.358 	     -0.016
  6917.600 	     -0.004
  6918.841 	     -0.007
  6920.083 	     -0.000
  6921.325 	     -0.025
  6922.568 	     -0.037
  6923.810 	     -0.041
  6925.053 	     -0.039
  6926.296 	     -0.034
  6927.539 	     -0.024
  6928.783 	     -0.030
  6930.026 	     -0.031
  6931.270 	     -0.001
  6932.514 	      0.037
  6933.759 	      0.044
  6935.003 	      0.061
  6936.248 	      0.063
  6937.493 	      0.037
  6938.739 	     -0.010
  6939.984 	     -0.012
  6941.230 	      0.011
  6942.476 	      0.028
  6943.722 	      0.014
  6944.968 	      0.004
  6946.215 	      0.010
  6947.462 	     -0.002
  6948.709 	     -0.001
  6949.956 	     -0.010
  6951.203 	      0.005
  6952.451 	     -0.007
  6953.699 	     -0.009
  6954.947 	      0.006
  6956.196 	      0.028
  6957.444 	      0.011
  6958.693 	      0.031
  6959.942 	      0.034
  6961.191 	      0.075
  6962.441 	      0.072
  6963.691 	      0.048
  6964.941 	      0.069
  6966.191 	      0.048
  6967.441 	      0.048
  6968.692 	      0.019
  6969.943 	      0.007
  6971.194 	      0.029
  6972.445 	      0.039
  6973.696 	      0.055
  6974.948 	      0.096
  6976.200 	      0.034
  6977.452 	      0.020
  6978.705 	      0.020
  6979.957 	      0.053
  6981.210 	      0.025
  6982.463 	      0.008
  6983.717 	     -0.012
  6984.970 	     -0.029
  6986.224 	     -0.005
  6987.478 	     -0.002
  6988.732 	     -0.012
  6989.987 	     -0.010
  6991.241 	      0.010
  6992.496 	      0.005
  6993.751 	     -0.029
  6995.007 	     -0.046
  6996.262 	     -0.008
  6997.518 	      0.023
  6998.774 	      0.018
  7000.030 	      0.021
  7001.287 	      0.018
  7002.544 	      0.006
  7003.801 	      0.008
  7005.058 	      0.000
  7006.315 	      0.019
  7007.573 	     -0.003
  7008.831 	     -0.020
  7010.089 	     -0.012
  7011.347 	      0.014
  7012.605 	      0.011
  7013.864 	      0.008
  7015.123 	     -0.011
  7016.382 	     -0.007
  7017.642 	     -0.031
  7018.901 	     -0.054
  7020.161 	     -0.046
  7021.421 	     -0.014
  7022.682 	     -0.014
  7023.942 	     -0.001
  7025.203 	      0.003
  7026.464 	     -0.029
  7027.725 	     -0.017
  7028.987 	     -0.023
  7030.248 	      0.006
  7031.510 	      0.033
  7032.772 	      0.020
  7034.035 	      0.007
  7035.297 	      0.017
  7036.560 	      0.029
  7037.823 	      0.025
  7039.086 	      0.035
  7040.350 	      0.013
  7041.614 	      0.009
  7042.877 	      0.016
  7044.142 	      0.045
  7045.406 	      0.047
  7046.671 	      0.004
  7047.936 	     -0.019
  7049.201 	     -0.012
  7050.466 	      0.012
  7051.731 	      0.010
  7052.997 	      0.006
  7054.263 	      0.024
  7055.529 	      0.036
  7056.796 	      0.013
  7058.062 	      0.030
  7059.329 	      0.033
  7060.596 	      0.015
  7061.864 	      0.007
  7063.131 	     -0.007
  7064.399 	      0.013
  7065.667 	      0.032
  7066.936 	      0.056
  7068.204 	      0.033
  7069.473 	      0.011
  7070.742 	      0.025
  7072.011 	      0.032
  7073.280 	      0.006
  7074.550 	      0.009
  7075.820 	      0.012
  7077.090 	      0.003
  7078.360 	      0.018
  7079.631 	      0.019
  7080.901 	      0.032
  7082.172 	      0.012
  7083.444 	      0.012
  7084.715 	      0.022
  7085.987 	     -0.036
  7087.259 	     -0.030
  7088.531 	     -0.011
  7089.803 	      0.003
  7091.076 	      0.001
  7092.349 	      0.002
  7093.622 	     -0.003
  7094.895 	      0.025
  7096.168 	      0.037
  7097.442 	      0.017
  7098.716 	      0.011
  7099.990 	      0.023
  7101.265 	      0.032
  7102.539 	      0.061
  7103.814 	      0.053
  7105.089 	      0.036
  7106.365 	      0.040
  7107.640 	      0.037
  7108.916 	      0.012
  7110.192 	      0.003
  7111.468 	      0.025
  7112.745 	      0.033
  7114.021 	      0.060
  7115.298 	      0.038
  7116.576 	      0.005
  7117.853 	      0.006
  7119.131 	      0.026
  7120.408 	      0.055
  7121.687 	      0.049
  7122.965 	      0.038
  7124.243 	     -0.009
  7125.522 	     -0.015
  7126.801 	      0.003
  7128.080 	      0.011
  7129.360 	      0.007
  7130.640 	     -0.001
  7131.919 	     -0.017
  7133.200 	     -0.002
  7134.480 	      0.023
  7135.761 	     -0.002
  7137.041 	     -0.031
  7138.323 	     -0.023
  7139.604 	      0.009
  7140.885 	     -0.006
  7142.167 	      0.017
  7143.449 	      0.002
  7144.731 	     -0.024
  7146.014 	     -0.034
  7147.296 	     -0.011
  7148.579 	     -0.013
  7149.863 	      0.001
  7151.146 	     -0.009
  7152.430 	      0.023
  7153.713 	      0.033
  7154.997 	      0.033
  7156.282 	      0.037
  7157.566 	      0.039
  7158.851 	      0.027
  7160.136 	     -0.001
  7161.421 	     -0.030
  7162.707 	     -0.041
  7163.992 	     -0.038
  7165.278 	     -0.043
  7166.564 	     -0.047
  7167.851 	     -0.054
  7169.137 	     -0.076
  7170.424 	     -0.104
  7171.711 	     -0.092
  7172.998 	     -0.094
  7174.286 	     -0.055
  7175.574 	     -0.044
  7176.862 	     -0.078
  7178.150 	     -0.113
  7179.438 	     -0.141
  7180.727 	     -0.140
  7182.016 	     -0.142
  7183.305 	     -0.112
  7184.595 	     -0.096
  7185.884 	     -0.108
  7187.174 	     -0.132
  7188.464 	     -0.112
  7189.754 	     -0.116
  7191.045 	     -0.090
  7192.336 	     -0.060
  7193.627 	     -0.065
  7194.918 	     -0.117
  7196.209 	     -0.116
  7197.501 	     -0.126
  7198.793 	     -0.093
  7200.085 	     -0.081
  7201.377 	     -0.090
  7202.670 	     -0.079
  7203.963 	     -0.035
  7205.256 	     -0.048
  7206.549 	     -0.040
  7207.843 	     -0.015
  7209.137 	     -0.015
  7210.431 	     -0.054
  7211.725 	     -0.053
  7213.019 	     -0.055
  7214.314 	     -0.061
  7215.609 	     -0.045
  7216.904 	     -0.066
  7218.200 	     -0.067
  7219.495 	     -0.048
  7220.791 	     -0.053
  7222.087 	     -0.057
  7223.384 	     -0.061
  7224.680 	     -0.068
  7225.977 	     -0.069
  7227.274 	     -0.108
  7228.571 	     -0.131
  7229.869 	     -0.130
  7231.166 	     -0.095
  7232.464 	     -0.011
  7233.763 	      0.026
  7235.061 	      0.002
  7236.360 	     -0.037
  7237.659 	     -0.085
  7238.958 	     -0.041
  7240.257 	     -0.022
  7241.557 	     -0.076
  7242.857 	     -0.141
  7244.157 	     -0.154
  7245.457 	     -0.150
  7246.757 	     -0.145
  7248.058 	     -0.185
  7249.359 	     -0.123
  7250.660 	     -0.129
  7251.962 	     -0.114
  7253.264 	     -0.118
  7254.566 	     -0.132
  7255.868 	     -0.094
  7257.170 	     -0.062
  7258.473 	     -0.115
  7259.776 	     -0.125
  7261.079 	     -0.110
  7262.382 	     -0.091
  7263.686 	     -0.052
  7264.989 	     -0.058
  7266.293 	     -0.084
  7267.598 	     -0.085
  7268.902 	     -0.037
  7270.207 	      0.048
  7271.512 	      0.002
  7272.817 	     -0.079
  7274.123 	     -0.171
  7275.428 	     -0.173
  7276.734 	     -0.104
  7278.040 	     -0.056
  7279.347 	     -0.049
  7280.653 	     -0.104
  7281.960 	     -0.143
  7283.267 	     -0.139
  7284.575 	     -0.151
  7285.882 	     -0.144
  7287.190 	     -0.127
  7288.498 	     -0.108
  7289.806 	     -0.058
  7291.115 	     -0.055
  7292.423 	     -0.073
  7293.732 	     -0.107
  7295.042 	     -0.138
  7296.351 	     -0.131
  7297.661 	     -0.098
  7298.971 	     -0.095
  7300.281 	     -0.095
  7301.591 	     -0.088
  7302.902 	     -0.100
  7304.212 	     -0.121
  7305.524 	     -0.092
  7306.835 	     -0.062
  7308.146 	     -0.064
  7309.458 	      0.013
  7310.770 	      0.040
  7312.082 	      0.001
  7313.395 	     -0.099
  7314.708 	     -0.128
  7316.021 	     -0.107
  7317.334 	     -0.092
  7318.647 	     -0.100
  7319.961 	     -0.092
  7321.275 	     -0.073
  7322.589 	     -0.069
  7323.903 	     -0.048
  7325.218 	     -0.052
  7326.533 	     -0.091
  7327.848 	     -0.093
  7329.163 	     -0.072
  7330.479 	     -0.084
  7331.795 	     -0.075
  7333.111 	     -0.044
  7334.427 	      0.036
  7335.743 	      0.091
  7337.060 	     -0.008
  7338.377 	     -0.093
  7339.694 	     -0.101
