1 1 1011.57 1016.25
132.1762 
0.6683 
name    flux    f_err    vel    sig
Hgamma      	   4.93564	      0.12	 3188.2862	      0.54
Hbeta       	  12.31213	      0.12	 3188.2862	      0.54
Halpha      	  87.75950	      0.10	 3188.2862	      0.54
[SII]6716   	  10.44358	      0.11	 3167.7992	     59.14
[SII]6731   	   8.18735	      0.11	 3167.7992	     59.14
[OIII]5007_d	   1.27954	      0.16	 3167.7992	     59.14
[OI]6300_d  	   2.78409	      0.15	 3167.7992	     59.14
[NII]6583_d 	  63.85244	      0.14	 3167.7992	     59.14
