WV      	 Sigma   
4176.646	    0.125
4177.397	    0.120
4178.147	    0.115
4178.898	    0.109
4179.649	    0.099
4180.400	    0.089
4181.151	    0.077
4181.902	    0.062
4182.653	    0.036
4183.405	    0.024
4184.157	    0.049
4184.908	    0.065
4185.660	    0.084
4186.412	    0.094
4187.164	    0.105
4187.917	    0.117
4188.669	    0.120
4189.422	    0.124
4190.174	    0.123
4190.927	    0.107
4191.680	    0.096
4192.433	    0.045
4193.186	    0.064
4193.940	    0.080
4194.693	    0.034
4195.447	    0.079
4196.201	    0.065
4196.955	    0.143
4197.709	    0.121
4198.463	    0.083
4199.217	    0.044
4199.972	    0.072
4200.726	    0.116
4201.481	    0.100
4202.236	    0.068
4202.991	    0.068
4203.746	    0.112
4204.501	    0.098
4205.257	    0.074
4206.012	    0.076
4206.768	    0.102
4207.524	    0.109
4208.280	    0.109
4209.036	    0.093
4209.792	    0.024
4210.548	    0.060
4211.305	    0.086
4212.061	    0.094
4212.818	    0.106
4213.575	    0.106
4214.332	    0.108
4215.089	    0.121
4215.846	    0.117
4216.604	    0.102
4217.361	    0.098
4218.119	    0.128
4218.877	    0.131
4219.635	    0.114
4220.393	    0.092
4221.151	    0.066
4221.910	    0.131
4222.668	    0.106
4223.427	    0.083
4224.186	    0.094
4224.945	    0.115
4225.704	    0.103
4226.463	    0.092
4227.222	    0.086
4227.982	    0.067
4228.741	    0.089
4229.501	    0.090
4230.261	    0.059
4231.021	    0.113
4231.781	    0.134
4232.542	    0.103
4233.302	    0.096
4234.063	    0.027
4234.823	    0.051
4235.584	    0.056
4236.345	    0.024
4237.106	    0.075
4237.868	    0.031
4238.629	    0.024
4239.390	    0.049
4240.152	    0.080
4240.914	    0.112
4241.676	    0.108
4242.438	    0.087
4243.200	    0.091
4243.963	    0.046
4244.725	    0.051
4245.488	    0.074
4246.250	    0.082
4247.013	    0.091
4247.776	    0.083
4248.540	    0.056
4249.303	    0.086
4250.066	    0.027
4250.830	    0.071
4251.594	    0.093
4252.357	    0.085
4253.121	    0.124
4253.886	    0.115
4254.650	    0.103
4255.414	    0.096
4256.179	    0.077
4256.944	    0.087
4257.708	    0.110
4258.473	    0.140
4259.238	    0.061
4260.004	    0.065
4260.769	    0.079
4261.535	    0.092
4262.300	    0.052
4263.066	    0.079
4263.832	    0.046
4264.598	    0.071
4265.364	    0.058
4266.130	    0.090
4266.897	    0.081
4267.664	    0.039
4268.430	    0.048
4269.197	    0.022
4269.964	    0.091
4270.731	    0.128
4271.499	    0.148
4272.266	    0.140
4273.034	    0.134
4273.801	    0.121
4274.569	    0.090
4275.337	    0.104
4276.105	    0.099
4276.874	    0.087
4277.642	    0.064
4278.411	    0.038
4279.179	    0.045
4279.948	    0.066
4280.717	    0.115
4281.486	    0.106
4282.255	    0.079
4283.025	    0.081
4283.794	    0.087
4284.564	    0.063
4285.334	    0.055
4286.104	    0.068
4286.874	    0.057
4287.644	    0.068
4288.414	    0.048
4289.185	    0.031
4289.955	    0.053
4290.726	    0.089
4291.497	    0.128
4292.268	    0.104
4293.039	    0.015
4293.811	    0.094
4294.582	    0.110
4295.354	    0.132
4296.125	    0.066
4296.897	    0.082
4297.669	    0.078
4298.441	    0.044
4299.214	    0.051
4299.986	    0.058
4300.759	    0.046
4301.531	    0.011
4302.304	    0.056
4303.077	    0.036
4303.850	    0.101
4304.623	    0.090
4305.397	    0.059
4306.170	    0.076
4306.944	    0.096
4307.718	    0.068
4308.492	    0.063
4309.266	    0.050
4310.040	    0.031
4310.814	    0.027
4311.589	    0.015
4312.364	    0.050
4313.138	    0.073
4313.913	    0.091
4314.688	    0.103
4315.464	    0.019
4316.239	    0.063
4317.014	    0.061
4317.790	    0.045
4318.566	    0.101
4319.342	    0.101
4320.118	    0.093
4320.894	    0.085
4321.670	    0.055
4322.447	    0.087
4323.223	    0.072
4324.000	    0.055
4324.777	    0.111
4325.554	    0.042
4326.331	    0.076
4327.108	    0.076
4327.886	    0.077
4328.663	    0.103
4329.441	    0.072
4330.219	    0.027
4330.997	    0.041
4331.775	    0.076
4332.553	    0.103
4333.332	    0.072
4334.110	    0.068
4334.889	    0.068
4335.668	    0.031
4336.447	    0.022
4337.226	    0.034
4338.005	    0.057
4338.784	    0.100
4339.564	    0.064
4340.344	    0.101
4341.123	    0.091
4341.903	    0.079
4342.683	    0.051
4343.464	    0.064
4344.244	    0.106
4345.024	    0.069
4345.805	    0.041
4346.586	    0.064
4347.367	    0.076
4348.148	    0.077
4348.929	    0.087
4349.710	    0.090
4350.492	    0.084
4351.274	    0.065
4352.055	    0.050
4352.837	    0.045
4353.619	    0.082
4354.402	    0.102
4355.184	    0.111
4355.966	    0.104
4356.749	    0.106
4357.532	    0.129
4358.315	    0.142
4359.098	    0.083
4359.881	    0.079
4360.664	    0.063
4361.448	    0.041
4362.231	    0.046
4363.015	    0.076
4363.799	    0.060
4364.583	    0.031
4365.367	    0.057
4366.151	    0.094
4366.936	    0.055
4367.720	    0.082
4368.505	    0.087
4369.290	    0.079
4370.075	    0.091
4370.860	    0.112
4371.645	    0.092
4372.431	    0.057
4373.216	    0.079
4374.002	    0.051
4374.788	    0.082
4375.574	    0.099
4376.360	    0.071
4377.146	    0.111
4377.933	    0.104
4378.719	    0.121
4379.506	    0.127
4380.293	    0.082
4381.080	    0.033
4381.867	    0.089
4382.654	    0.116
4383.442	    0.121
4391.324	    0.066
4392.113	    0.088
4392.902	    0.092
4393.691	    0.100
4394.480	    0.113
4395.270	    0.137
4396.059	    0.135
4396.849	    0.136
4397.639	    0.134
4398.429	    0.127
4399.220	    0.111
4400.010	    0.147
4400.801	    0.165
4401.591	    0.170
4402.382	    0.166
4403.173	    0.155
4403.964	    0.167
4404.755	    0.166
4405.547	    0.142
4406.338	    0.153
4407.130	    0.178
4407.922	    0.166
4408.714	    0.143
4409.506	    0.134
4410.298	    0.147
4411.090	    0.147
4411.883	    0.156
4412.675	    0.165
4413.468	    0.154
4414.261	    0.123
4415.054	    0.102
4415.848	    0.098
4416.641	    0.112
4417.434	    0.088
4418.228	    0.115
4419.022	    0.138
4419.816	    0.146
4420.610	    0.125
4421.404	    0.015
4422.199	    0.044
4422.993	    0.075
4423.788	    0.085
4424.583	    0.011
4425.377	    0.056
4426.173	    0.061
4426.968	    0.038
4427.763	    0.053
4428.559	    0.079
4429.354	    0.105
4430.150	    0.090
4430.946	    0.072
4431.742	    0.070
4432.538	    0.063
4433.335	    0.069
4434.131	    0.075
4434.928	    0.076
4435.725	    0.064
4436.522	    0.036
4437.319	    0.041
4438.116	    0.034
4438.913	    0.015
4439.711	    0.038
4440.509	    0.068
4441.306	    0.056
4442.104	    0.079
4442.902	    0.103
4443.701	    0.061
4444.499	    0.011
4445.298	    0.091
4446.096	    0.118
4446.895	    0.121
4447.694	    0.110
4448.493	    0.061
4449.292	    0.068
4450.092	    0.082
4450.891	    0.089
4451.691	    0.132
4452.491	    0.062
4453.291	    0.068
4454.091	    0.085
4454.891	    0.074
4455.691	    0.011
4456.492	    0.056
4457.293	    0.075
4458.093	    0.075
4458.894	    0.034
4459.695	    0.049
4460.497	    0.072
4461.298	    0.094
4462.100	    0.114
4462.901	    0.134
4463.703	    0.107
4464.505	    0.052
4465.307	    0.046
4466.109	    0.079
4466.912	    0.101
4467.714	    0.089
4468.517	    0.067
4469.320	    0.033
4470.123	    0.011
4470.926	    0.070
4471.729	    0.137
4472.533	    0.165
4473.336	    0.178
4474.140	    0.180
4474.944	    0.177
4475.748	    0.173
4476.552	    0.170
4477.356	    0.166
4478.161	    0.163
4478.965	    0.159
4479.770	    0.155
4480.575	    0.151
4481.380	    0.147
4482.185	    0.143
4482.990	    0.139
4483.796	    0.134
4484.601	    0.130
4485.407	    0.126
4486.213	    0.121
4487.019	    0.116
4487.825	    0.111
4488.631	    0.106
4489.438	    0.101
4490.244	    0.096
4491.051	    0.089
4491.858	    0.082
4492.665	    0.075
4493.472	    0.068
4494.280	    0.052
4495.087	    0.046
4495.895	    0.087
4496.702	    0.027
4497.510	    0.039
4498.318	    0.022
4499.127	    0.056
4499.935	    0.022
4500.743	    0.019
4501.552	    0.069
4502.361	    0.096
4503.170	    0.088
4503.979	    0.109
4504.788	    0.110
4505.597	    0.096
4506.407	    0.089
4507.216	    0.116
4508.026	    0.107
4508.836	    0.059
4509.646	    0.019
4510.456	    0.011
4511.267	    0.060
4512.077	    0.081
4512.888	    0.103
4513.699	    0.125
4514.510	    0.133
4515.321	    0.120
4516.132	    0.091
4516.943	    0.118
4517.755	    0.113
4518.567	    0.104
4519.379	    0.104
4520.191	    0.097
4521.003	    0.075
4521.815	    0.060
4522.627	    0.027
4523.440	    0.053
4524.253	    0.029
4525.065	    0.050
4525.878	    0.071
4526.692	    0.092
4538.091	    0.066
4538.906	    0.065
4539.722	    0.070
4540.537	    0.088
4541.353	    0.091
4542.169	    0.072
4542.985	    0.065
4543.801	    0.071
4544.618	    0.071
4545.434	    0.056
4546.251	    0.050
4547.068	    0.084
4547.885	    0.093
4548.702	    0.097
4549.519	    0.110
4550.336	    0.065
4551.154	    0.042
4551.972	    0.041
4552.789	    0.051
4553.607	    0.060
4554.425	    0.070
4555.244	    0.087
4556.062	    0.094
4556.881	    0.096
4557.699	    0.094
4558.518	    0.083
4559.337	    0.085
4560.156	    0.096
4560.976	    0.092
4561.795	    0.077
4562.615	    0.060
4563.435	    0.096
4564.254	    0.117
4565.074	    0.107
4565.895	    0.085
4566.715	    0.072
4567.535	    0.088
4568.356	    0.039
4569.177	    0.064
4569.998	    0.091
4570.819	    0.108
4571.640	    0.124
4572.461	    0.125
4573.283	    0.079
4574.105	    0.087
4574.926	    0.107
4575.748	    0.096
4576.570	    0.134
4577.393	    0.118
4578.215	    0.119
4579.038	    0.125
4579.860	    0.126
4580.683	    0.105
4581.506	    0.140
4582.329	    0.136
4583.153	    0.107
4583.976	    0.074
4584.800	    0.084
4585.623	    0.084
4586.447	    0.058
4587.271	    0.048
4588.095	    0.070
4588.920	    0.099
4589.744	    0.096
4590.569	    0.111
4591.394	    0.102
4592.219	    0.094
4593.044	    0.092
4593.869	    0.102
4594.694	    0.113
4595.520	    0.097
4596.345	    0.101
4597.171	    0.107
4597.997	    0.108
4598.823	    0.097
4599.649	    0.078
4600.476	    0.094
4601.302	    0.090
4602.129	    0.065
4602.956	    0.011
4603.783	    0.076
4604.610	    0.091
4605.437	    0.083
4606.265	    0.079
4607.092	    0.089
4607.920	    0.112
4608.748	    0.123
4609.576	    0.097
4610.404	    0.079
4611.232	    0.077
4612.061	    0.085
4612.890	    0.086
4613.718	    0.070
4614.547	    0.068
4615.376	    0.057
4616.206	    0.046
4617.035	    0.063
4617.864	    0.075
4618.694	    0.048
4619.524	    0.027
4620.354	    0.058
4621.184	    0.091
4622.014	    0.092
4622.845	    0.059
4623.675	    0.064
4624.506	    0.061
4625.337	    0.056
4626.168	    0.068
4626.999	    0.124
4627.830	    0.119
4628.662	    0.114
4629.493	    0.101
4630.325	    0.088
4631.157	    0.086
4631.989	    0.063
4632.821	    0.074
4633.654	    0.115
4634.486	    0.125
4641.152	    0.081
4641.985	    0.072
4642.819	    0.065
4643.654	    0.068
4644.488	    0.083
4645.322	    0.100
4646.157	    0.098
4646.992	    0.103
4647.827	    0.110
4648.662	    0.118
4649.497	    0.113
4650.332	    0.092
4651.168	    0.102
4652.003	    0.106
4652.839	    0.092
4653.675	    0.076
4654.511	    0.066
4655.347	    0.073
4656.184	    0.095
4657.020	    0.102
4657.857	    0.096
4658.694	    0.071
4659.531	    0.024
4660.368	    0.044
4661.205	    0.024
4662.043	    0.076
4662.881	    0.076
4663.718	    0.064
4664.556	    0.064
4665.394	    0.090
4666.232	    0.105
4667.071	    0.113
4667.909	    0.114
4668.748	    0.107
4669.587	    0.100
4670.426	    0.102
4671.265	    0.101
4672.104	    0.104
4672.944	    0.118
4673.783	    0.104
4674.623	    0.073
4675.463	    0.080
4676.303	    0.072
4677.143	    0.070
4677.983	    0.081
4678.824	    0.103
4679.664	    0.120
4680.505	    0.118
4681.346	    0.071
4682.187	    0.065
4683.028	    0.077
4683.870	    0.097
4684.711	    0.091
4685.553	    0.031
4686.395	    0.101
4687.237	    0.042
4688.079	    0.055
4688.921	    0.011
4689.764	    0.044
4690.606	    0.121
4691.449	    0.099
4692.292	    0.052
4693.135	    0.074
4693.978	    0.067
4694.821	    0.042
4695.665	    0.077
4696.508	    0.098
4697.352	    0.078
4698.196	    0.011
4699.040	    0.022
4699.885	    0.064
4700.729	    0.078
4701.574	    0.034
4702.418	    0.048
4703.263	    0.067
4704.108	    0.077
4704.953	    0.071
4705.799	    0.050
4706.644	    0.019
4707.490	    0.039
4708.335	    0.050
4709.181	    0.055
4710.027	    0.011
4710.874	    0.064
4711.720	    0.077
4712.567	    0.058
4713.413	    0.079
4714.260	    0.096
4715.107	    0.107
4715.954	    0.112
4716.802	    0.110
4717.649	    0.114
4718.497	    0.078
4719.344	    0.078
4720.192	    0.092
4721.040	    0.084
4721.888	    0.044
4722.737	    0.046
4723.585	    0.082
4724.434	    0.064
4725.283	    0.031
4726.132	    0.045
4726.981	    0.074
4727.830	    0.068
4728.680	    0.015
4729.529	    0.071
4730.379	    0.099
4731.229	    0.079
4732.079	    0.011
4732.929	    0.056
4733.779	    0.087
4734.630	    0.064
4735.480	    0.049
4736.331	    0.048
4737.182	    0.048
4738.033	    0.091
4738.885	    0.062
4739.736	    0.062
4740.588	    0.084
4741.439	    0.093
4742.291	    0.110
4743.143	    0.115
4743.995	    0.096
4744.848	    0.124
4745.700	    0.053
4746.553	    0.079
4747.406	    0.048
4748.259	    0.033
4749.112	    0.039
4749.965	    0.094
4750.818	    0.093
4751.672	    0.091
4752.526	    0.112
4753.379	    0.107
4754.233	    0.097
4755.088	    0.112
4755.942	    0.118
4756.796	    0.125
4757.651	    0.091
4758.506	    0.108
4759.361	    0.112
4760.216	    0.089
4761.071	    0.082
4761.926	    0.097
4762.782	    0.091
4763.638	    0.063
4764.494	    0.063
4765.350	    0.082
4766.206	    0.095
4767.062	    0.084
4767.919	    0.057
4768.775	    0.058
4769.632	    0.049
4770.489	    0.046
4771.346	    0.072
4772.203	    0.070
4773.061	    0.088
4773.918	    0.064
4774.776	    0.076
4775.634	    0.092
4776.492	    0.101
4777.350	    0.099
4778.208	    0.092
4779.067	    0.097
4779.925	    0.099
4780.784	    0.114
4781.643	    0.124
4782.502	    0.115
4783.361	    0.091
4784.221	    0.086
4785.080	    0.094
4785.940	    0.096
4786.800	    0.101
4787.660	    0.094
4788.520	    0.075
4789.381	    0.059
4790.241	    0.094
4791.102	    0.115
4791.962	    0.093
4792.823	    0.086
4793.684	    0.091
4794.546	    0.100
4795.407	    0.101
4796.269	    0.068
4797.130	    0.015
4797.992	    0.061
4798.854	    0.064
4799.717	    0.074
4800.579	    0.084
4801.441	    0.091
4802.304	    0.095
4803.167	    0.100
4804.030	    0.112
4804.893	    0.092
4805.756	    0.096
4806.620	    0.112
4807.483	    0.106
4808.347	    0.036
4809.211	    0.140
4810.075	    0.089
4810.939	    0.092
4811.803	    0.089
4812.668	    0.094
4813.533	    0.123
4814.397	    0.124
4815.262	    0.103
4816.128	    0.082
4816.993	    0.111
4817.858	    0.117
4818.724	    0.105
4819.590	    0.092
4820.456	    0.080
4821.322	    0.120
4822.188	    0.112
4823.054	    0.091
4823.921	    0.087
4824.787	    0.087
4825.654	    0.082
4826.521	    0.096
4827.388	    0.087
4828.256	    0.078
4829.123	    0.103
4829.991	    0.095
4830.859	    0.077
4831.727	    0.079
4832.595	    0.099
4833.463	    0.069
4834.331	    0.060
4835.200	    0.041
4836.069	    0.048
4836.937	    0.078
4837.806	    0.105
4838.676	    0.116
4839.545	    0.112
4840.415	    0.096
4841.284	    0.091
4842.154	    0.110
4843.024	    0.099
4843.894	    0.076
4844.764	    0.082
4845.635	    0.094
4846.505	    0.099
4847.376	    0.090
4848.247	    0.082
4849.118	    0.092
4849.989	    0.092
4850.861	    0.067
4851.732	    0.039
4852.604	    0.091
4853.476	    0.094
4854.348	    0.071
4855.220	    0.073
4856.092	    0.091
4856.965	    0.097
4857.837	    0.087
4858.710	    0.116
4859.583	    0.105
4860.456	    0.071
4861.329	    0.063
4862.203	    0.093
4863.076	    0.105
4863.950	    0.090
4864.824	    0.079
4865.698	    0.112
4866.572	    0.116
4867.447	    0.049
4868.321	    0.049
4869.196	    0.074
4870.071	    0.088
4870.946	    0.053
4871.821	    0.095
4872.696	    0.076
4873.571	    0.121
4874.447	    0.127
4875.323	    0.111
4876.199	    0.107
4877.075	    0.125
4877.951	    0.136
4878.827	    0.104
4879.704	    0.099
4880.581	    0.110
4881.458	    0.134
4882.335	    0.135
4883.212	    0.114
4896.388	    0.143
4897.268	    0.110
4898.148	    0.118
4899.028	    0.139
4899.908	    0.124
4900.789	    0.101
4901.669	    0.125
4902.550	    0.133
4903.431	    0.129
4904.312	    0.126
4905.193	    0.130
4906.074	    0.134
4906.955	    0.126
4907.837	    0.121
4908.719	    0.108
4909.601	    0.065
4910.483	    0.242
4911.365	    0.391
4912.247	    0.505
4913.130	    0.556
4914.013	    0.547
4914.896	    0.443
4915.779	    0.283
4916.662	    0.134
4917.545	    0.038
4918.429	    0.070
4919.312	    0.090
4920.196	    0.071
4921.080	    0.022
4921.964	    0.052
4922.849	    0.065
4923.733	    0.068
4924.618	    0.064
4925.502	    0.076
4926.387	    0.100
4927.273	    0.111
4928.158	    0.079
4929.043	    0.103
4929.929	    0.088
4930.815	    0.102
4931.700	    0.102
4932.586	    0.099
4933.473	    0.103
4934.359	    0.099
4935.246	    0.094
4936.132	    0.079
4937.019	    0.087
4937.906	    0.098
4938.793	    0.060
4939.681	    0.034
4940.568	    0.024
4941.456	    0.027
4942.344	    0.087
4943.232	    0.031
4944.120	    0.099
4945.008	    0.034
4945.896	    0.038
4946.785	    0.031
4947.674	    0.078
4948.563	    0.107
4949.452	    0.045
4950.341	    0.036
4951.230	    0.057
4952.120	    0.097
4953.010	    0.080
4953.900	    0.097
4954.790	    0.087
4955.680	    0.049
4956.570	    0.065
4957.461	    0.082
4958.351	    0.084
4959.242	    0.104
4960.133	    0.113
4961.024	    0.120
4961.916	    0.099
4962.807	    0.097
4963.699	    0.115
4964.591	    0.091
4965.483	    0.087
4966.375	    0.080
4967.267	    0.097
4968.159	    0.104
4969.052	    0.111
4969.945	    0.134
4970.838	    0.143
4971.731	    0.133
4972.624	    0.136
4973.518	    0.143
4974.411	    0.155
4975.305	    0.111
4976.199	    0.103
4977.093	    0.126
4977.987	    0.113
4978.881	    0.076
4979.776	    0.067
4980.671	    0.059
4981.565	    0.048
4982.460	    0.076
4983.356	    0.076
4984.251	    0.075
4985.146	    0.084
4986.042	    0.099
4986.938	    0.111
4987.834	    0.117
4988.730	    0.124
4989.626	    0.120
4990.523	    0.119
4991.419	    0.114
4992.316	    0.097
4993.213	    0.088
4994.110	    0.090
4995.007	    0.096
4995.905	    0.081
4996.802	    0.031
4997.700	    0.029
4998.598	    0.091
4999.496	    0.084
5000.394	    0.091
5001.293	    0.102
5002.191	    0.099
5003.090	    0.080
5003.989	    0.073
5004.888	    0.107
5005.787	    0.116
5006.687	    0.101
5007.586	    0.107
5008.486	    0.107
5009.386	    0.099
5010.286	    0.078
5011.186	    0.022
5012.086	    0.074
5012.987	    0.071
5013.887	    0.055
5014.788	    0.029
5015.689	    0.106
5016.590	    0.105
5017.492	    0.076
5018.393	    0.076
5019.295	    0.103
5020.197	    0.123
5021.098	    0.127
5022.001	    0.115
5022.903	    0.117
5023.805	    0.111
5024.708	    0.118
5025.611	    0.075
5026.514	    0.084
5027.417	    0.081
5028.320	    0.069
5029.223	    0.079
5030.127	    0.105
5031.031	    0.131
5031.935	    0.163
5032.839	    0.145
5033.743	    0.110
5034.647	    0.161
5035.552	    0.164
5036.456	    0.141
5037.361	    0.132
5038.266	    0.134
5039.172	    0.119
5040.077	    0.108
5040.982	    0.082
5041.888	    0.143
5042.794	    0.140
5043.700	    0.112
5044.606	    0.095
5045.513	    0.088
5046.419	    0.094
5047.326	    0.113
5048.233	    0.119
5049.140	    0.075
5050.047	    0.097
5050.954	    0.096
5051.861	    0.096
5052.769	    0.125
5053.677	    0.113
5054.585	    0.088
5055.493	    0.089
5056.401	    0.092
5057.310	    0.038
5058.218	    0.106
5059.127	    0.166
5060.036	    0.177
5060.945	    0.169
5061.855	    0.128
5062.764	    0.057
5063.674	    0.119
5064.583	    0.119
5065.493	    0.113
5066.403	    0.126
5067.314	    0.137
5068.224	    0.153
5069.135	    0.105
5070.045	    0.082
5070.956	    0.078
5071.867	    0.106
5072.779	    0.099
5073.690	    0.094
5074.602	    0.101
5075.513	    0.101
5076.425	    0.095
5077.337	    0.099
5078.249	    0.080
5079.162	    0.039
5080.074	    0.053
5080.987	    0.090
5081.900	    0.086
5082.813	    0.088
5083.726	    0.097
5084.640	    0.097
5085.553	    0.080
5086.467	    0.039
5087.381	    0.024
5088.295	    0.065
5089.209	    0.078
5090.123	    0.055
5091.038	    0.065
5091.952	    0.061
5092.867	    0.063
5093.782	    0.074
5094.697	    0.084
5095.613	    0.081
5096.528	    0.057
5097.444	    0.041
5098.360	    0.061
5099.276	    0.052
5100.192	    0.062
5101.108	    0.011
5102.025	    0.062
5102.941	    0.105
5103.858	    0.105
5104.775	    0.071
5105.692	    0.046
5106.610	    0.052
5107.527	    0.085
5108.445	    0.101
5109.363	    0.109
5110.281	    0.050
5111.199	    0.019
5112.117	    0.073
5113.036	    0.091
5113.954	    0.068
5114.873	    0.011
5115.792	    0.011
5116.711	    0.056
5117.630	    0.084
5118.550	    0.112
5129.596	    0.082
5130.518	    0.097
5131.440	    0.105
5132.362	    0.099
5133.284	    0.106
5134.206	    0.095
5135.128	    0.092
5136.051	    0.109
5136.974	    0.106
5137.897	    0.071
5138.820	    0.071
5139.743	    0.079
5140.666	    0.101
5141.590	    0.126
5142.514	    0.093
5143.438	    0.127
5144.362	    0.111
5145.286	    0.079
5146.211	    0.079
5147.135	    0.097
5148.060	    0.086
5148.985	    0.039
5149.910	    0.063
5150.835	    0.044
5151.761	    0.102
5152.686	    0.068
5153.612	    0.110
5154.538	    0.096
5155.464	    0.099
5156.390	    0.086
5157.317	    0.101
5158.243	    0.092
5159.170	    0.077
5160.097	    0.114
5161.024	    0.122
5161.951	    0.090
5162.879	    0.110
5163.806	    0.136
5164.734	    0.112
5165.662	    0.123
5166.590	    0.090
5167.518	    0.086
5168.447	    0.093
5169.375	    0.099
5170.304	    0.077
5171.233	    0.045
5172.162	    0.064
5173.091	    0.064
5174.021	    0.015
5174.950	    0.105
5175.880	    0.087
5176.810	    0.090
5177.740	    0.108
5178.670	    0.101
5179.601	    0.122
5180.531	    0.102
5181.462	    0.113
5182.393	    0.131
5183.324	    0.122
5184.255	    0.121
5185.187	    0.118
5186.118	    0.123
5187.050	    0.059
5187.982	    0.110
5188.914	    0.076
5189.846	    0.036
5190.779	    0.033
5191.712	    0.038
5192.644	    0.053
5193.577	    0.071
5194.510	    0.082
5195.444	    0.087
5196.377	    0.074
5197.311	    0.071
5198.244	    0.069
5199.178	    0.065
5200.112	    0.063
5201.047	    0.059
5201.981	    0.056
5202.916	    0.051
5203.851	    0.048
5204.786	    0.042
5205.721	    0.038
5206.656	    0.031
5207.591	    0.024
5208.527	    0.015
5209.463	    0.015
5210.399	    0.024
5211.335	    0.031
5212.271	    0.036
5213.208	    0.039
5214.144	    0.044
5215.081	    0.046
5216.018	    0.049
5216.955	    0.051
5217.892	    0.052
5218.830	    0.053
5219.768	    0.055
5220.705	    0.056
5221.643	    0.057
5222.582	    0.058
5223.520	    0.059
5224.458	    0.060
5225.397	    0.061
5226.336	    0.062
5227.275	    0.063
5228.214	    0.064
5229.153	    0.066
5230.093	    0.068
5231.032	    0.070
5231.972	    0.072
5232.912	    0.074
5233.852	    0.076
5234.793	    0.084
5235.733	    0.089
5236.674	    0.096
5237.615	    0.113
5238.556	    0.091
5239.497	    0.019
5240.438	    0.011
5241.380	    0.063
5242.322	    0.034
5243.263	    0.067
5244.205	    0.036
5245.148	    0.052
5246.090	    0.056
5247.033	    0.072
5247.975	    0.052
5248.918	    0.031
5249.861	    0.034
5250.804	    0.060
5251.748	    0.103
5252.691	    0.119
5253.635	    0.116
5254.579	    0.120
5255.523	    0.114
5256.467	    0.111
5257.412	    0.053
5258.356	    0.041
5259.301	    0.056
5260.246	    0.046
5261.191	    0.069
5262.136	    0.077
5263.082	    0.067
5264.027	    0.069
5264.973	    0.079
5265.919	    0.062
5266.865	    0.029
5267.811	    0.038
5268.758	    0.053
5269.704	    0.060
5270.651	    0.019
5271.598	    0.015
5272.545	    0.082
5273.493	    0.057
5274.440	    0.011
5275.388	    0.024
5276.335	    0.056
5277.283	    0.045
5278.232	    0.019
5279.180	    0.103
5280.128	    0.130
5281.077	    0.102
5282.026	    0.073
5282.975	    0.087
5283.924	    0.077
5284.873	    0.055
5285.823	    0.055
5286.773	    0.092
5287.722	    0.071
5288.672	    0.108
5289.623	    0.073
5290.573	    0.056
5291.523	    0.063
5292.474	    0.067
5293.425	    0.044
5294.376	    0.036
5295.327	    0.015
5296.279	    0.045
5297.230	    0.065
5298.182	    0.082
5299.134	    0.090
5300.086	    0.073
5301.038	    0.074
5301.991	    0.015
5302.943	    0.042
5303.896	    0.106
5304.849	    0.102
5305.802	    0.060
5306.755	    0.082
5307.709	    0.090
5308.662	    0.103
5309.616	    0.076
5310.570	    0.072
5311.524	    0.084
5312.478	    0.070
5313.433	    0.064
5314.388	    0.049
5315.342	    0.053
5316.297	    0.082
5317.252	    0.091
5318.208	    0.103
5319.163	    0.106
5320.119	    0.101
5321.075	    0.111
5322.031	    0.094
5322.987	    0.087
5323.943	    0.096
5324.900	    0.117
5325.857	    0.121
5326.813	    0.124
5327.770	    0.072
5328.728	    0.079
5329.685	    0.058
5330.643	    0.038
5331.600	    0.051
5332.558	    0.065
5333.516	    0.074
5334.475	    0.070
5335.433	    0.056
5336.392	    0.052
5337.350	    0.069
5338.309	    0.096
5339.268	    0.114
5340.228	    0.096
5341.187	    0.102
5342.147	    0.031
5343.107	    0.044
5344.067	    0.024
5345.027	    0.052
5345.987	    0.071
5346.947	    0.053
5347.908	    0.061
5348.869	    0.046
5349.830	    0.046
5350.791	    0.036
5351.752	    0.057
5352.714	    0.084
5353.676	    0.090
5354.638	    0.087
5355.600	    0.095
5356.562	    0.101
5357.524	    0.055
5358.487	    0.064
5359.449	    0.067
5360.412	    0.113
5361.375	    0.104
5362.339	    0.055
5363.302	    0.103
5364.266	    0.027
5365.230	    0.071
5366.193	    0.019
5367.158	    0.060
5368.122	    0.029
5369.086	    0.044
5370.051	    0.080
5371.016	    0.081
5371.981	    0.098
5372.946	    0.097
5373.911	    0.071
5374.877	    0.069
5375.842	    0.093
5376.808	    0.098
5377.774	    0.067
5378.741	    0.062
5379.707	    0.091
5380.673	    0.082
5394.223	    0.101
5395.192	    0.110
5396.162	    0.091
5397.131	    0.080
5398.101	    0.090
5399.071	    0.082
5400.041	    0.079
5401.011	    0.088
5401.981	    0.073
5402.952	    0.079
5403.923	    0.107
5404.894	    0.099
5405.865	    0.084
5406.836	    0.072
5407.807	    0.019
5408.779	    0.038
5409.751	    0.076
5410.723	    0.094
5411.695	    0.063
5412.667	    0.011
5413.639	    0.034
5414.612	    0.036
5415.585	    0.083
5416.558	    0.019
5417.531	    0.038
5418.504	    0.094
5419.478	    0.119
5420.452	    0.092
5421.426	    0.080
5422.400	    0.094
5423.374	    0.089
5424.348	    0.108
5425.323	    0.096
5426.297	    0.098
5427.272	    0.106
5428.247	    0.108
5429.223	    0.123
5430.198	    0.109
5431.174	    0.075
5432.150	    0.082
5433.126	    0.084
5434.102	    0.079
5435.078	    0.082
5436.055	    0.071
5437.031	    0.079
5438.008	    0.097
5438.985	    0.082
5439.962	    0.063
5440.940	    0.069
5441.917	    0.105
5442.895	    0.109
5443.873	    0.098
5444.851	    0.078
5445.829	    0.102
5446.808	    0.091
5447.786	    0.097
5448.765	    0.076
5449.744	    0.089
5450.723	    0.107
5451.702	    0.091
5452.682	    0.094
5453.661	    0.091
5454.641	    0.096
5455.621	    0.087
5456.601	    0.077
5457.582	    0.084
5458.562	    0.096
5459.543	    0.084
5460.524	    0.103
5461.505	    0.117
5462.486	    0.115
5463.468	    0.114
5464.449	    0.114
5465.431	    0.108
5466.413	    0.091
5467.395	    0.076
5468.377	    0.071
5469.360	    0.067
5470.343	    0.084
5471.325	    0.094
5472.308	    0.074
5473.292	    0.056
5474.275	    0.055
5475.258	    0.066
5476.242	    0.076
5477.226	    0.077
5478.210	    0.049
5479.194	    0.060
5480.179	    0.069
5481.163	    0.109
5482.148	    0.078
5483.133	    0.078
5484.118	    0.069
5485.104	    0.077
5486.089	    0.087
5487.075	    0.075
5488.060	    0.078
5489.047	    0.076
5490.033	    0.101
5491.019	    0.110
5492.006	    0.101
5492.992	    0.109
5493.979	    0.096
5494.966	    0.069
5495.954	    0.062
5496.941	    0.068
5497.929	    0.061
5498.916	    0.050
5499.904	    0.058
5500.892	    0.084
5501.881	    0.105
5502.869	    0.110
5503.858	    0.118
5504.847	    0.106
5505.836	    0.096
5506.825	    0.088
5507.814	    0.079
5508.804	    0.074
5509.794	    0.059
5510.784	    0.062
5511.774	    0.069
5512.764	    0.080
5513.754	    0.109
5514.745	    0.108
5515.736	    0.072
5516.727	    0.059
5517.718	    0.071
5518.709	    0.064
5519.701	    0.066
5520.693	    0.087
5521.684	    0.109
5522.677	    0.109
5523.669	    0.088
5524.661	    0.089
5525.654	    0.092
5526.647	    0.084
5527.639	    0.068
5528.633	    0.046
5529.626	    0.068
5530.619	    0.079
5531.613	    0.060
5532.607	    0.080
5533.601	    0.108
5534.595	    0.125
5535.589	    0.117
5536.584	    0.084
5537.579	    0.061
5538.574	    0.057
5539.569	    0.076
5540.564	    0.073
5541.559	    0.069
5542.555	    0.079
5543.551	    0.042
5544.547	    0.051
5545.543	    0.088
5546.539	    0.042
5547.536	    0.138
5548.533	    0.139
5549.529	    0.071
5550.527	    0.088
5551.524	    0.097
5552.521	    0.089
5553.519	    0.057
5554.517	    0.039
5555.514	    0.057
5556.513	    0.079
5557.511	    0.061
5558.509	    0.082
5559.508	    0.097
5560.507	    0.071
5561.506	    0.092
5562.505	    0.109
5563.505	    0.107
5564.504	    0.099
5565.504	    0.082
5566.504	    0.081
5567.504	    0.089
5568.504	    0.073
5569.505	    0.076
5570.505	    0.080
5571.506	    0.095
5572.507	    0.087
5573.508	    0.072
5574.510	    0.059
5575.511	    0.033
5576.513	    0.057
5577.515	    0.102
5578.517	    0.064
5579.519	    0.053
5580.522	    0.090
5581.524	    0.080
5582.527	    0.079
5583.530	    0.096
5584.533	    0.084
5585.537	    0.092
5586.540	    0.108
5587.544	    0.090
5588.548	    0.091
5589.552	    0.106
5590.556	    0.086
5591.560	    0.087
5592.565	    0.102
5593.570	    0.107
5594.575	    0.099
5595.580	    0.083
5596.585	    0.103
5597.591	    0.120
5598.596	    0.101
5599.602	    0.094
5600.608	    0.098
5601.615	    0.092
5602.621	    0.091
5603.628	    0.094
5604.634	    0.095
5605.641	    0.091
5606.649	    0.100
5607.656	    0.093
5608.663	    0.099
5609.671	    0.109
5610.679	    0.117
5611.687	    0.112
5612.695	    0.106
5613.704	    0.120
5614.712	    0.122
5615.721	    0.103
5616.730	    0.094
5617.739	    0.117
5618.748	    0.123
5619.758	    0.105
5620.767	    0.094
5621.777	    0.079
5622.787	    0.066
5623.798	    0.093
5624.808	    0.112
5625.819	    0.105
5626.829	    0.109
5627.840	    0.113
5628.851	    0.091
5629.863	    0.113
5630.874	    0.125
5631.886	    0.130
5632.898	    0.126
5633.910	    0.094
5634.922	    0.085
5635.934	    0.110
5636.947	    0.106
5637.960	    0.091
5638.973	    0.101
5639.986	    0.128
5640.999	    0.140
5642.013	    0.127
5643.026	    0.121
5644.040	    0.118
5645.054	    0.129
5646.068	    0.128
5647.083	    0.131
5648.097	    0.133
5649.112	    0.125
5650.127	    0.129
5651.142	    0.138
5652.157	    0.129
5653.173	    0.137
5654.189	    0.123
5655.205	    0.121
5656.221	    0.138
5657.237	    0.117
5658.253	    0.105
5659.270	    0.101
5660.287	    0.119
5661.304	    0.122
5662.321	    0.130
5663.338	    0.145
5664.355	    0.131
5665.373	    0.116
5666.391	    0.122
5667.409	    0.111
5668.427	    0.115
5669.446	    0.106
5670.464	    0.112
5671.483	    0.128
5672.502	    0.114
5673.521	    0.127
5674.541	    0.121
5675.560	    0.127
5676.580	    0.140
5677.600	    0.144
5678.620	    0.124
5679.640	    0.122
5680.660	    0.134
5681.681	    0.119
5682.702	    0.125
5683.723	    0.130
5684.744	    0.133
5685.765	    0.147
5686.787	    0.145
5687.809	    0.136
5688.830	    0.145
5689.853	    0.126
5690.875	    0.126
5691.897	    0.133
5692.920	    0.147
5693.943	    0.154
5694.966	    0.154
5695.989	    0.139
5697.012	    0.137
5698.036	    0.148
5699.060	    0.146
5700.084	    0.151
5701.108	    0.153
5702.132	    0.160
5703.156	    0.152
5704.181	    0.136
5705.206	    0.124
5706.231	    0.122
5707.256	    0.124
5708.282	    0.080
5709.307	    0.071
5710.333	    0.106
5711.359	    0.130
5712.385	    0.133
5713.411	    0.143
5714.438	    0.140
5715.464	    0.143
5716.491	    0.128
5717.518	    0.135
5718.546	    0.147
5719.573	    0.149
5720.601	    0.155
5721.628	    0.131
5722.656	    0.145
5723.685	    0.161
5724.713	    0.152
5725.741	    0.154
5726.770	    0.130
5727.799	    0.161
5728.828	    0.149
5729.857	    0.150
5730.887	    0.149
5731.916	    0.120
5732.946	    0.126
5733.976	    0.131
5735.007	    0.142
5736.037	    0.147
5737.067	    0.110
5738.098	    0.108
5739.129	    0.140
5740.160	    0.144
5741.192	    0.139
5742.223	    0.138
5743.255	    0.133
5744.287	    0.144
5745.319	    0.167
5746.351	    0.158
5747.383	    0.145
5748.416	    0.155
5749.449	    0.155
5750.482	    0.139
5751.515	    0.139
5752.548	    0.145
5753.582	    0.139
5754.615	    0.149
5755.649	    0.144
5756.683	    0.146
5757.718	    0.157
5758.752	    0.152
5759.787	    0.148
5760.822	    0.165
5761.857	    0.167
5762.892	    0.167
5763.927	    0.158
5764.963	    0.155
5765.999	    0.153
5767.035	    0.184
5768.071	    0.173
5769.107	    0.161
5770.143	    0.158
5771.180	    0.161
5772.217	    0.165
5773.254	    0.154
5774.291	    0.171
5775.329	    0.143
5776.366	    0.152
5777.404	    0.127
5778.442	    0.135
5779.480	    0.136
5780.519	    0.161
5781.557	    0.157
5782.596	    0.145
5783.635	    0.147
5784.674	    0.143
5785.713	    0.141
5786.753	    0.133
5787.793	    0.136
5788.832	    0.163
5789.873	    0.149
5790.913	    0.130
5791.953	    0.147
5792.994	    0.151
5794.035	    0.145
5795.076	    0.153
5796.117	    0.154
5797.158	    0.154
5798.200	    0.168
5799.241	    0.151
5800.283	    0.139
5801.325	    0.149
5802.368	    0.147
5803.410	    0.158
5804.453	    0.162
5805.496	    0.173
5806.539	    0.156
5807.582	    0.164
5808.625	    0.166
5809.669	    0.159
5810.713	    0.161
5811.757	    0.166
5812.801	    0.176
5813.845	    0.165
5814.890	    0.144
5815.935	    0.142
5816.980	    0.151
5818.025	    0.152
5819.070	    0.139
5820.115	    0.145
5821.161	    0.149
5822.207	    0.135
5823.253	    0.160
5824.299	    0.155
5825.346	    0.137
5826.392	    0.134
5827.439	    0.148
5828.486	    0.151
5829.533	    0.147
5830.581	    0.137
5831.628	    0.141
5832.676	    0.149
5833.724	    0.143
5834.772	    0.143
5835.820	    0.149
5836.869	    0.151
5837.917	    0.157
5838.966	    0.158
5840.015	    0.165
5841.065	    0.159
5842.114	    0.167
5843.164	    0.170
5844.213	    0.171
5845.263	    0.165
5846.314	    0.153
5847.364	    0.153
5854.722	    0.135
5855.774	    0.137
5856.826	    0.143
5857.878	    0.142
5858.931	    0.143
5859.983	    0.143
5861.036	    0.125
5862.089	    0.117
5863.142	    0.135
5864.196	    0.145
5865.249	    0.136
5866.303	    0.124
5867.357	    0.115
5868.411	    0.105
5869.466	    0.093
5870.520	    0.096
5871.575	    0.128
5872.630	    0.140
5873.685	    0.125
5874.740	    0.137
5875.796	    0.149
5876.851	    0.137
5877.907	    0.112
5878.963	    0.110
5880.019	    0.114
5881.076	    0.114
5882.133	    0.129
5883.189	    0.119
5884.246	    0.111
5885.304	    0.117
5886.361	    0.112
5887.419	    0.116
5888.476	    0.118
5889.534	    0.116
5890.592	    0.127
5891.651	    0.120
5892.709	    0.108
5893.768	    0.114
5894.827	    0.141
5895.886	    0.159
5896.945	    0.150
5898.005	    0.124
5899.064	    0.116
5900.124	    0.085
5901.184	    0.085
5902.245	    0.115
5903.305	    0.118
5904.366	    0.096
5905.426	    0.103
5906.487	    0.131
5907.549	    0.129
5908.610	    0.118
5909.671	    0.103
5910.733	    0.088
5911.795	    0.099
5912.857	    0.094
5913.920	    0.113
5914.982	    0.131
5916.045	    0.121
5917.108	    0.119
5918.171	    0.134
5919.234	    0.126
5920.298	    0.105
5921.361	    0.124
5922.425	    0.128
5923.489	    0.121
5924.554	    0.133
5925.618	    0.117
5926.683	    0.102
5927.747	    0.114
5928.812	    0.113
5929.878	    0.096
5930.943	    0.067
5932.009	    0.074
5933.074	    0.099
5960.852	    0.067
5961.923	    0.055
5962.994	    0.082
5964.065	    0.089
5965.137	    0.060
5966.209	    0.050
5967.280	    0.061
5968.353	    0.055
5969.425	    0.034
5970.497	    0.068
5971.570	    0.015
5972.643	    0.011
5973.716	    0.036
5974.789	    0.038
5975.863	    0.042
5976.936	    0.011
5978.010	    0.034
5979.084	    0.031
5980.158	    0.055
5981.233	    0.044
5982.308	    0.050
5983.382	    0.053
5984.457	    0.046
5985.533	    0.031
5986.608	    0.101
5987.684	    0.034
5988.759	    0.038
5989.835	    0.060
5990.911	    0.041
5991.988	    0.027
5993.064	    0.065
5994.141	    0.042
5995.218	    0.022
5996.295	    0.044
5997.372	    0.081
5998.450	    0.087
5999.528	    0.069
6000.606	    0.038
6001.684	    0.024
6002.762	    0.052
6003.840	    0.019
6004.919	    0.024
6005.998	    0.019
6007.077	    0.055
6008.156	    0.046
6009.236	    0.034
6010.315	    0.078
6011.395	    0.092
6012.475	    0.105
6013.556	    0.091
6014.636	    0.064
6015.717	    0.060
6016.797	    0.062
6017.878	    0.051
6018.960	    0.064
6020.041	    0.078
6021.123	    0.094
6022.204	    0.083
6023.286	    0.083
6024.369	    0.086
6025.451	    0.051
6026.534	    0.033
6027.616	    0.073
6028.699	    0.011
6029.782	    0.074
6030.866	    0.074
6031.949	    0.036
6033.033	    0.073
6034.117	    0.072
6035.201	    0.011
6036.285	    0.053
6037.370	    0.019
6038.455	    0.045
6039.539	    0.050
6040.625	    0.066
6041.710	    0.058
6042.795	    0.033
6043.881	    0.055
6044.967	    0.044
6046.053	    0.076
6047.139	    0.015
6048.226	    0.029
6049.312	    0.039
6050.399	    0.011
6051.486	    0.045
6052.573	    0.015
6053.661	    0.041
6054.749	    0.015
6055.836	    0.022
6056.924	    0.064
6058.013	    0.069
6059.101	    0.052
6060.190	    0.011
6061.278	    0.045
6062.367	    0.052
6063.457	    0.077
6064.546	    0.042
6065.636	    0.042
6066.725	    0.038
6067.815	    0.011
6068.906	    0.057
6069.996	    0.033
6071.086	    0.044
6072.177	    0.022
6073.268	    0.034
6074.359	    0.051
6075.451	    0.052
6076.542	    0.036
6077.634	    0.057
6078.726	    0.046
6079.818	    0.038
6080.910	    0.064
6082.003	    0.082
6083.096	    0.044
6084.189	    0.039
6085.282	    0.072
6086.375	    0.071
6087.468	    0.050
6088.562	    0.050
6089.656	    0.039
6090.750	    0.052
6091.844	    0.102
6092.939	    0.089
6094.034	    0.104
6095.129	    0.107
6096.224	    0.082
6097.319	    0.107
6098.414	    0.084
6099.510	    0.046
6100.606	    0.067
6101.702	    0.034
6102.798	    0.041
6103.895	    0.073
6104.991	    0.060
6106.088	    0.029
6107.185	    0.074
6108.282	    0.086
6109.380	    0.105
6110.478	    0.110
6111.575	    0.072
6112.673	    0.112
6113.772	    0.099
6114.870	    0.153
6115.969	    0.153
6117.068	    0.134
6118.167	    0.137
6119.266	    0.153
6120.365	    0.133
6121.465	    0.104
6122.565	    0.162
6123.665	    0.206
6124.765	    0.200
6125.865	    0.192
6126.966	    0.183
6128.067	    0.175
6129.168	    0.165
6130.269	    0.156
6131.370	    0.145
6132.472	    0.134
6133.574	    0.121
6134.676	    0.108
6135.778	    0.091
6136.880	    0.071
6137.983	    0.042
6139.086	    0.038
6140.189	    0.069
6141.292	    0.089
6142.395	    0.106
6143.499	    0.120
6144.602	    0.134
6145.706	    0.145
6146.811	    0.117
6147.915	    0.103
6149.020	    0.082
6150.124	    0.064
6151.229	    0.057
6152.334	    0.052
6153.440	    0.065
6154.545	    0.083
6155.651	    0.114
6156.757	    0.115
6157.863	    0.095
6158.970	    0.119
6160.076	    0.116
6161.183	    0.105
6162.290	    0.107
6163.397	    0.112
6164.504	    0.113
6165.612	    0.121
6166.720	    0.106
6167.828	    0.096
6168.936	    0.112
6170.044	    0.081
6171.153	    0.060
6172.261	    0.093
6173.370	    0.108
6174.479	    0.110
6175.589	    0.092
6176.698	    0.095
6177.808	    0.120
6178.918	    0.113
6180.028	    0.127
6181.138	    0.114
6182.249	    0.104
6183.360	    0.115
6184.471	    0.118
6185.582	    0.094
6186.693	    0.077
6187.805	    0.084
6188.916	    0.120
6190.028	    0.115
6191.140	    0.107
6192.253	    0.120
6193.365	    0.109
6194.478	    0.122
6195.591	    0.119
6196.704	    0.125
6197.817	    0.134
6198.931	    0.115
6200.045	    0.082
6201.159	    0.098
6202.273	    0.088
6203.387	    0.102
6204.502	    0.128
6205.616	    0.110
6206.731	    0.112
6207.846	    0.139
6208.962	    0.144
6210.077	    0.110
6211.193	    0.111
6212.309	    0.122
6213.425	    0.121
6214.541	    0.086
6215.658	    0.101
6216.775	    0.125
6217.892	    0.102
6219.009	    0.088
6220.126	    0.105
6221.244	    0.084
6222.361	    0.115
6223.479	    0.101
6224.597	    0.081
6225.716	    0.069
6226.834	    0.081
6227.953	    0.065
6229.072	    0.059
6230.191	    0.101
6231.310	    0.126
6232.430	    0.129
6233.550	    0.112
6234.670	    0.093
6235.790	    0.090
6236.910	    0.092
6238.031	    0.091
6239.152	    0.089
6240.272	    0.106
6241.394	    0.113
6242.515	    0.111
6243.637	    0.096
6244.758	    0.089
6245.880	    0.072
6247.002	    0.108
6248.125	    0.112
6249.247	    0.084
6250.370	    0.074
6251.493	    0.109
6252.616	    0.131
6253.740	    0.111
6254.863	    0.102
6255.987	    0.101
6257.111	    0.101
6258.235	    0.099
6259.360	    0.098
6260.484	    0.097
6261.609	    0.096
6262.734	    0.094
6263.859	    0.093
6264.985	    0.092
6266.110	    0.091
6267.236	    0.089
6268.362	    0.087
6269.488	    0.086
6270.615	    0.084
6271.741	    0.082
6272.868	    0.081
6273.995	    0.079
6275.122	    0.077
6276.250	    0.076
6277.377	    0.074
6278.505	    0.072
6279.633	    0.071
6280.761	    0.069
6281.890	    0.068
6283.018	    0.066
6284.147	    0.065
6285.276	    0.064
6286.406	    0.063
6287.535	    0.061
6288.665	    0.060
6289.795	    0.059
6290.925	    0.057
6292.055	    0.055
6293.185	    0.053
6294.316	    0.051
6295.447	    0.050
6296.578	    0.048
6297.709	    0.046
6298.841	    0.044
6299.972	    0.110
6301.104	    0.088
6302.236	    0.115
6303.369	    0.085
6304.501	    0.092
6305.634	    0.111
6306.767	    0.082
6307.900	    0.058
6309.033	    0.076
6310.167	    0.091
6311.300	    0.113
6312.434	    0.134
6313.568	    0.126
6314.703	    0.131
6315.837	    0.106
6316.972	    0.094
6318.107	    0.092
6319.242	    0.099
6320.377	    0.118
6321.513	    0.126
6322.649	    0.125
6323.785	    0.120
6324.921	    0.107
6326.057	    0.094
6327.194	    0.111
6328.331	    0.137
6329.468	    0.140
6330.605	    0.130
6331.742	    0.117
6332.880	    0.125
6334.017	    0.134
6335.155	    0.107
6336.294	    0.127
6337.432	    0.127
6338.571	    0.145
6339.710	    0.141
6340.849	    0.117
6341.988	    0.115
6343.127	    0.114
6344.267	    0.116
6345.407	    0.115
6346.547	    0.081
6347.687	    0.064
6348.827	    0.091
6349.968	    0.089
6351.109	    0.081
6352.250	    0.071
6353.391	    0.062
6354.533	    0.091
6355.674	    0.099
6356.816	    0.107
6357.958	    0.121
6359.101	    0.118
6360.243	    0.113
6361.386	    0.132
6362.529	    0.143
6363.672	    0.145
6364.815	    0.155
6365.959	    0.188
6367.103	    0.214
6368.247	    0.215
6369.391	    0.192
6370.535	    0.151
6371.680	    0.130
6372.824	    0.122
6373.969	    0.102
6375.115	    0.097
6376.260	    0.113
6377.406	    0.119
6378.551	    0.129
6379.697	    0.123
6380.844	    0.117
6381.990	    0.097
6383.137	    0.095
6384.283	    0.092
6385.430	    0.108
6386.578	    0.086
6387.725	    0.092
6388.873	    0.117
6390.021	    0.121
6391.169	    0.087
6392.317	    0.084
6393.465	    0.110
6394.614	    0.113
6395.763	    0.114
6396.912	    0.096
6398.061	    0.087
6399.211	    0.127
6400.361	    0.107
6401.511	    0.106
6402.661	    0.101
6403.811	    0.103
6404.962	    0.094
6406.112	    0.097
6407.263	    0.101
6408.414	    0.117
6409.566	    0.111
6410.717	    0.101
6411.869	    0.096
6413.021	    0.082
6414.173	    0.063
6415.326	    0.097
6416.478	    0.108
6417.631	    0.115
6418.784	    0.085
6419.937	    0.074
6421.091	    0.106
6422.245	    0.107
6423.398	    0.082
6424.552	    0.053
6425.707	    0.100
6426.861	    0.115
6428.016	    0.096
6429.171	    0.115
6430.326	    0.143
6431.481	    0.159
6432.637	    0.150
6433.792	    0.132
6434.948	    0.120
6436.104	    0.116
6437.261	    0.107
6438.417	    0.115
6439.574	    0.119
6440.731	    0.117
6441.888	    0.119
6443.046	    0.109
6444.203	    0.100
6445.361	    0.102
6446.519	    0.094
6447.677	    0.093
6448.836	    0.077
6449.994	    0.074
6451.153	    0.112
6452.312	    0.105
6453.471	    0.097
6454.631	    0.101
6455.791	    0.090
6456.950	    0.098
6458.111	    0.106
6459.271	    0.101
6460.431	    0.101
6461.592	    0.079
6462.753	    0.125
6463.914	    0.278
6465.075	    0.414
6466.237	    0.388
6467.399	    0.257
6468.561	    0.118
6469.723	    0.076
6470.885	    0.099
6472.048	    0.072
6473.211	    0.082
6474.374	    0.071
6475.537	    0.065
6476.700	    0.039
6477.864	    0.019
6479.028	    0.045
6480.192	    0.059
6481.356	    0.099
6482.521	    0.067
6483.685	    0.015
6484.850	    0.027
6486.015	    0.050
6487.181	    0.033
6488.346	    0.069
6489.512	    0.058
6490.678	    0.039
6491.844	    0.027
6493.010	    0.036
6494.177	    0.051
6495.344	    0.041
6496.511	    0.044
6497.678	    0.034
6498.845	    0.050
6500.013	    0.015
6501.181	    0.029
6502.349	    0.055
6503.517	    0.079
6504.685	    0.089
6505.854	    0.074
6507.023	    0.015
6508.192	    0.024
6509.361	    0.036
6510.531	    0.044
6511.700	    0.064
6512.870	    0.079
6514.041	    0.090
6515.211	    0.077
6516.381	    0.024
6517.552	    0.101
6518.723	    0.107
6519.894	    0.067
6521.066	    0.011
6522.237	    0.058
6523.409	    0.089
6524.581	    0.079
6525.753	    0.055
6526.926	    0.056
6528.099	    0.052
6529.271	    0.011
6530.445	    0.101
6531.618	    0.120
6532.791	    0.061
6533.965	    0.015
6535.139	    0.034
6536.313	    0.050
6537.487	    0.055
6538.662	    0.045
6539.837	    0.072
6541.012	    0.065
6542.187	    0.041
6543.362	    0.053
6544.538	    0.094
6545.714	    0.093
6546.890	    0.048
6548.066	    0.067
6549.243	    0.064
6550.419	    0.015
6551.596	    0.045
6552.773	    0.045
6553.950	    0.057
6555.128	    0.050
6556.306	    0.060
6557.484	    0.055
6558.662	    0.089
6559.840	    0.024
6561.019	    0.069
6562.198	    0.060
6563.377	    0.084
6564.556	    0.087
6565.735	    0.134
6566.915	    0.137
6568.095	    0.133
6569.275	    0.129
6570.455	    0.125
6571.635	    0.121
6572.816	    0.117
6573.997	    0.112
6575.178	    0.108
6576.359	    0.104
6577.541	    0.100
6578.723	    0.096
6579.905	    0.091
6581.087	    0.086
6582.269	    0.081
6583.452	    0.076
6584.635	    0.070
6585.818	    0.064
6587.001	    0.056
6588.184	    0.048
6589.368	    0.011
6590.552	    0.062
6591.736	    0.058
6592.920	    0.055
6594.105	    0.090
6595.290	    0.088
6596.475	    0.080
6597.660	    0.086
6598.845	    0.082
6600.031	    0.095
6601.216	    0.098
6602.402	    0.065
6603.589	    0.011
6604.775	    0.011
6605.962	    0.022
6607.149	    0.076
6608.336	    0.080
6609.523	    0.071
6610.710	    0.247
6611.898	    0.585
6613.086	    0.695
6614.274	    1.018
6615.463	    1.253
6616.651	    0.912
6617.840	    0.676
6619.029	    0.611
6620.218	    0.413
6621.408	    0.201
6622.597	    0.125
6623.787	    0.142
6624.977	    0.134
6626.167	    0.155
6627.358	    0.198
6628.549	    0.297
6629.740	    0.609
6630.931	    1.170
6632.122	    1.618
6633.314	    1.717
6634.505	    1.386
6635.697	    0.829
6636.890	    0.405
6638.082	    0.238
6639.275	    0.202
6640.467	    0.191
6641.660	    0.182
6642.854	    0.177
6644.047	    0.175
6645.241	    0.168
6646.435	    0.183
6647.629	    0.219
6648.823	    0.254
6650.018	    0.336
6651.213	    0.606
6652.408	    0.958
6653.603	    1.127
6654.798	    1.038
6655.994	    0.749
6657.190	    0.421
6658.386	    0.227
6659.582	    0.178
6660.779	    0.166
6661.975	    0.164
6663.172	    0.166
6664.369	    0.156
6665.567	    0.156
6666.764	    0.160
6667.962	    0.148
6669.160	    0.149
6670.358	    0.148
6671.557	    0.159
6672.755	    0.165
6673.954	    0.147
6675.153	    0.143
6676.353	    0.128
6677.552	    0.099
6678.752	    0.122
6679.952	    0.120
6681.152	    0.121
6682.352	    0.121
6683.553	    0.111
6684.754	    0.121
6685.955	    0.122
6687.156	    0.114
6688.357	    0.125
6689.559	    0.115
6690.761	    0.108
6691.963	    0.112
6693.165	    0.101
6694.368	    0.078
6695.571	    0.074
6696.774	    0.103
6697.977	    0.118
6699.180	    0.105
6700.384	    0.060
6701.588	    0.019
6702.792	    0.044
6703.996	    0.062
6705.200	    0.082
6706.405	    0.082
6707.610	    0.074
6708.815	    0.077
6710.020	    0.049
6711.226	    0.066
6712.432	    0.093
6713.638	    0.103
6714.844	    0.084
6716.050	    0.072
6717.257	    0.067
6718.464	    0.064
6719.671	    0.077
6720.878	    0.064
6722.086	    0.050
6723.293	    0.082
6724.501	    0.069
6725.710	    0.069
6726.918	    0.091
6728.127	    0.083
6729.335	    0.073
6730.544	    0.053
6731.754	    0.039
6732.963	    0.051
6734.173	    0.041
6735.383	    0.015
6736.593	    0.046
6737.803	    0.063
6739.014	    0.070
6740.224	    0.084
6741.435	    0.094
6742.647	    0.074
6743.858	    0.056
6745.070	    0.034
6746.281	    0.066
6747.494	    0.097
6748.706	    0.126
6749.918	    0.137
6751.131	    0.115
6752.344	    0.094
6753.557	    0.111
6754.771	    0.112
6755.984	    0.080
6757.198	    0.060
6758.412	    0.075
6759.626	    0.081
6760.841	    0.084
6762.055	    0.089
6763.270	    0.058
6764.485	    0.045
6765.701	    0.089
6766.916	    0.069
6768.132	    0.015
6769.348	    0.073
6770.564	    0.101
6771.781	    0.086
6772.997	    0.053
6774.214	    0.087
6775.431	    0.071
6776.649	    0.039
6777.866	    0.064
6779.084	    0.065
6780.302	    0.073
6781.520	    0.107
6782.738	    0.101
6783.957	    0.141
6785.176	    0.247
6786.395	    0.435
6787.614	    0.552
6788.834	    0.545
6790.053	    0.425
6791.273	    0.245
6792.494	    0.094
6793.714	    0.033
6794.935	    0.067
6796.155	    0.091
6797.376	    0.091
6798.598	    0.138
6799.819	    0.253
6801.041	    0.398
6802.263	    0.489
6803.485	    0.476
6804.707	    0.360
6805.930	    0.209
6807.153	    0.113
6808.376	    0.089
6809.599	    0.080
6810.822	    0.057
6812.046	    0.050
6813.270	    0.071
6814.494	    0.057
6815.718	    0.042
6816.943	    0.060
6818.168	    0.034
6819.392	    0.074
6820.618	    0.078
6821.843	    0.064
6823.069	    0.051
6824.295	    0.024
6831.654	    0.103
6832.882	    0.074
6834.109	    0.079
6835.337	    0.082
6836.565	    0.087
6837.794	    0.087
6839.022	    0.061
6840.251	    0.059
6841.480	    0.034
6842.709	    0.070
6843.938	    0.045
6845.168	    0.052
6846.398	    0.071
6847.628	    0.076
6848.858	    0.074
6850.089	    0.081
6851.319	    0.079
6852.550	    0.051
6853.782	    0.064
6855.013	    0.041
6856.245	    0.029
6857.476	    0.051
6858.708	    0.060
6859.941	    0.053
6861.173	    0.058
6862.406	    0.039
6863.639	    0.066
6864.872	    0.084
6866.105	    0.137
6867.339	    0.181
6868.573	    0.207
6869.807	    0.216
6871.041	    0.192
6872.276	    0.178
6873.510	    0.180
6874.745	    0.174
6875.980	    0.166
6877.216	    0.151
6878.451	    0.133
6879.687	    0.115
6880.923	    0.086
6882.159	    0.045
6883.396	    0.087
6884.633	    0.099
6885.870	    0.139
6887.107	    0.143
6888.344	    0.142
6889.582	    0.130
6890.820	    0.153
6892.058	    0.123
6893.296	    0.092
6894.534	    0.112
6895.773	    0.112
6897.012	    0.111
6898.251	    0.098
6899.490	    0.086
6900.730	    0.085
6901.970	    0.102
6903.210	    0.098
6904.450	    0.092
6905.691	    0.116
6906.931	    0.103
6908.172	    0.106
6909.413	    0.111
6910.655	    0.097
6911.896	    0.097
6913.138	    0.092
6914.380	    0.108
6915.623	    0.099
6916.865	    0.077
6918.108	    0.082
6919.351	    0.087
6920.594	    0.049
6921.837	    0.041
6923.081	    0.068
6924.325	    0.075
6925.569	    0.064
6926.813	    0.078
6928.058	    0.075
6929.302	    0.064
6930.547	    0.067
6931.792	    0.079
6933.038	    0.080
6934.284	    0.034
6935.529	    0.078
6936.775	    0.079
6938.022	    0.024
6939.268	    0.048
6940.515	    0.059
6941.762	    0.079
6943.009	    0.069
6944.257	    0.071
6945.504	    0.022
6946.752	    0.042
6948.000	    0.042
6949.248	    0.061
6950.497	    0.104
6951.746	    0.082
6952.995	    0.022
6954.244	    0.051
6955.493	    0.076
6956.743	    0.055
6957.993	    0.055
6959.243	    0.076
6960.493	    0.091
6961.744	    0.063
6962.995	    0.071
6964.246	    0.079
6965.497	    0.118
6966.748	    0.154
6968.000	    0.118
6969.252	    0.079
6970.504	    0.061
6971.756	    0.064
6973.009	    0.052
6974.262	    0.058
6975.515	    0.059
6976.768	    0.059
6978.022	    0.036
6979.275	    0.024
6980.529	    0.022
6981.783	    0.041
6983.038	    0.041
6984.292	    0.011
6985.547	    0.022
6986.802	    0.050
6988.058	    0.088
6989.313	    0.089
6990.569	    0.084
6991.825	    0.077
6993.081	    0.075
6994.337	    0.065
6995.594	    0.063
6996.851	    0.053
6998.108	    0.077
6999.365	    0.077
7000.623	    0.075
7001.881	    0.046
7003.139	    0.041
7004.397	    0.059
7005.655	    0.046
7006.914	    0.079
7008.173	    0.083
7009.432	    0.068
7010.691	    0.063
7011.951	    0.074
7013.211	    0.072
7014.471	    0.082
7015.731	    0.070
7016.991	    0.042
7018.252	    0.049
7019.513	    0.031
7020.774	    0.033
7022.036	    0.041
7023.297	    0.049
7024.559	    0.081
7025.821	    0.084
7027.083	    0.053
7028.346	    0.011
7029.609	    0.036
7030.872	    0.019
7032.135	    0.019
7033.398	    0.041
7034.662	    0.073
7035.926	    0.078
7037.190	    0.072
7038.454	    0.070
7039.719	    0.079
7040.984	    0.052
7042.249	    0.027
7043.514	    0.015
7044.779	    0.027
7046.045	    0.050
7047.311	    0.076
7048.577	    0.088
7049.844	    0.092
7051.110	    0.071
7052.377	    0.105
7053.644	    0.039
7054.911	    0.113
7056.179	    0.089
7057.447	    0.044
7058.715	    0.033
7059.983	    0.041
7061.251	    0.059
7062.520	    0.075
7063.789	    0.033
7065.058	    0.015
7066.327	    0.058
7067.597	    0.011
7068.867	    0.038
7070.137	    0.042
7071.407	    0.064
7072.677	    0.064
7073.948	    0.061
7075.219	    0.060
7076.490	    0.029
7077.762	    0.075
7079.033	    0.088
7080.305	    0.077
7081.577	    0.074
7082.850	    0.074
7084.122	    0.058
7085.395	    0.015
7086.668	    0.049
7087.941	    0.019
7089.214	    0.011
7090.488	    0.051
7091.762	    0.057
7093.036	    0.027
7094.311	    0.050
7095.585	    0.064
7096.860	    0.057
7098.135	    0.046
7099.410	    0.067
7100.686	    0.039
7101.962	    0.060
7103.238	    0.033
7104.514	    0.042
7105.790	    0.036
7107.067	    0.055
7108.344	    0.036
7109.621	    0.015
7110.898	    0.060
7112.176	    0.051
7113.454	    0.033
7114.732	    0.038
7116.010	    0.038
7117.288	    0.076
7118.567	    0.045
7119.846	    0.082
7121.125	    0.048
7122.405	    0.044
7123.684	    0.015
7124.964	    0.036
7126.244	    0.080
7127.525	    0.089
7128.805	    0.094
7130.086	    0.084
7131.367	    0.080
7132.648	    0.090
7133.930	    0.097
7135.212	    0.084
7136.494	    0.055
7137.776	    0.045
7139.058	    0.053
7140.341	    0.078
7141.624	    0.045
7142.907	    0.074
7144.190	    0.089
7145.474	    0.070
7146.757	    0.031
7148.041	    0.015
7149.326	    0.053
7150.610	    0.052
7151.895	    0.046
7153.180	    0.024
7154.465	    0.031
7155.750	    0.039
7157.036	    0.045
7158.322	    0.068
7159.608	    0.097
7160.894	    0.107
7162.181	    0.094
7163.468	    0.091
7164.755	    0.092
7166.042	    0.125
7167.329	    0.139
7168.617	    0.138
7169.905	    0.132
7171.193	    0.141
7172.482	    0.130
7173.770	    0.134
7175.059	    0.123
7176.348	    0.144
7177.638	    0.146
7178.927	    0.130
7180.217	    0.128
7181.507	    0.135
7182.797	    0.134
7184.088	    0.149
7185.379	    0.174
7186.670	    0.166
7187.961	    0.137
7189.252	    0.131
7190.544	    0.148
7191.836	    0.157
7193.128	    0.153
7194.420	    0.144
7195.713	    0.134
7197.006	    0.130
7198.299	    0.140
7199.592	    0.148
7200.885	    0.145
7202.179	    0.124
7203.473	    0.140
7204.767	    0.162
7206.062	    0.138
7207.356	    0.118
7208.651	    0.085
7209.947	    0.062
7211.242	    0.125
7212.538	    0.106
7213.833	    0.034
7215.129	    0.113
7216.426	    0.120
7217.722	    0.097
7219.019	    0.116
7220.316	    0.107
7221.613	    0.082
7222.911	    0.110
7224.208	    0.099
7225.506	    0.097
7226.805	    0.102
7228.103	    0.092
7229.402	    0.079
7230.700	    0.118
7232.000	    0.144
7233.299	    0.151
7234.599	    0.153
7235.898	    0.136
7237.198	    0.091
7238.499	    0.098
7239.799	    0.127
7241.100	    0.122
7242.401	    0.111
7243.702	    0.117
7245.003	    0.119
7246.305	    0.107
7247.607	    0.097
7248.909	    0.109
7250.212	    0.116
7251.514	    0.144
7252.817	    0.155
7254.120	    0.142
7255.423	    0.122
7256.727	    0.103
7258.031	    0.091
7259.335	    0.083
7260.639	    0.082
7261.943	    0.134
7263.248	    0.156
7264.553	    0.163
7265.858	    0.135
7267.164	    0.102
7268.469	    0.115
7269.775	    0.125
7271.081	    0.123
7272.388	    0.125
7273.694	    0.077
7275.001	    0.143
7276.308	    0.148
7277.616	    0.170
7278.923	    0.141
7280.231	    0.099
7281.539	    0.108
7282.847	    0.103
7284.156	    0.064
7285.464	    0.119
7286.773	    0.135
7288.082	    0.124
7289.392	    0.137
7290.701	    0.143
7292.011	    0.134
7293.321	    0.111
7294.632	    0.091
7295.942	    0.092
7297.253	    0.124
7298.564	    0.130
7299.876	    0.129
7301.187	    0.142
7302.499	    0.138
7303.811	    0.131
7305.123	    0.111
7306.436	    0.079
7307.748	    0.074
7309.061	    0.101
7310.374	    0.111
7311.688	    0.094
7313.002	    0.051
7314.315	    0.031
7315.630	    0.087
7316.944	    0.108
7318.259	    0.124
7319.573	    0.126
7320.888	    0.113
7322.204	    0.133
7323.519	    0.133
7324.835	    0.118
7326.151	    0.080
7327.467	    0.090
7328.784	    0.104
7330.101	    0.080
