wlen 	 newgal_spectrum 
  4184.326 	      0.060
  4185.077 	     -0.040
  4185.828 	     -0.097
  4186.580 	     -0.107
  4187.331 	     -0.125
  4188.083 	     -0.086
  4188.835 	     -0.049
  4189.586 	     -0.017
  4190.339 	     -0.036
  4191.091 	     -0.035
  4191.843 	     -0.024
  4192.595 	      0.001
  4193.348 	     -0.027
  4194.101 	     -0.005
  4194.853 	      0.023
  4195.606 	      0.059
  4196.359 	      0.081
  4197.113 	      0.066
  4197.866 	      0.050
  4198.620 	      0.039
  4199.373 	     -0.002
  4200.127 	     -0.027
  4200.881 	     -0.036
  4201.635 	     -0.013
  4202.389 	     -0.013
  4203.143 	      0.000
  4203.898 	     -0.003
  4204.652 	     -0.048
  4205.407 	     -0.061
  4206.162 	     -0.106
  4206.917 	     -0.147
  4207.672 	     -0.166
  4208.427 	     -0.167
  4209.183 	     -0.132
  4209.938 	     -0.103
  4210.694 	     -0.103
  4211.450 	     -0.101
  4212.206 	     -0.091
  4212.962 	     -0.081
  4213.718 	     -0.069
  4214.474 	     -0.063
  4215.231 	     -0.039
  4215.987 	     -0.005
  4216.744 	      0.051
  4217.501 	      0.040
  4218.258 	      0.017
  4219.015 	      0.008
  4219.773 	      0.035
  4220.530 	      0.047
  4221.288 	      0.047
  4222.045 	      0.054
  4222.803 	      0.080
  4223.561 	      0.076
  4224.319 	      0.082
  4225.077 	      0.087
  4225.836 	      0.088
  4226.594 	      0.148
  4227.353 	      0.200
  4228.112 	      0.244
  4228.871 	      0.280
  4229.630 	      0.238
  4230.389 	      0.211
  4231.148 	      0.149
  4231.908 	      0.030
  4232.667 	     -0.078
  4233.427 	     -0.118
  4234.187 	     -0.117
  4234.947 	     -0.066
  4235.707 	      0.027
  4236.468 	      0.076
  4237.228 	      0.118
  4237.989 	      0.152
  4238.749 	      0.213
  4239.510 	      0.191
  4240.271 	      0.156
  4241.032 	      0.109
  4241.793 	      0.062
  4242.555 	      0.033
  4243.316 	      0.007
  4244.078 	     -0.016
  4244.840 	     -0.019
  4245.602 	     -0.013
  4246.364 	      0.050
  4247.126 	      0.144
  4247.888 	      0.215
  4248.651 	      0.186
  4249.413 	      0.138
  4250.176 	      0.087
  4250.939 	      0.070
  4251.702 	      0.015
  4252.465 	     -0.040
  4253.229 	     -0.076
  4253.992 	     -0.034
  4254.756 	      0.012
  4255.519 	      0.010
  4256.283 	     -0.010
  4257.047 	     -0.047
  4257.811 	     -0.077
  4258.575 	     -0.074
  4259.340 	     -0.060
  4260.104 	     -0.034
  4260.869 	     -0.029
  4261.634 	      0.064
  4262.399 	      0.139
  4263.164 	      0.176
  4263.929 	      0.143
  4264.695 	      0.109
  4265.460 	      0.106
  4266.226 	      0.130
  4266.991 	      0.027
  4267.757 	      0.007
  4268.523 	      0.011
  4269.290 	      0.039
  4270.056 	      0.133
  4270.822 	      0.178
  4271.589 	      0.219
  4272.356 	      0.261
  4273.123 	      0.313
  4273.890 	      0.274
  4274.657 	      0.240
  4275.424 	      0.201
  4276.191 	      0.139
  4276.959 	      0.096
  4277.727 	      0.137
  4278.494 	      0.169
  4279.262 	      0.160
  4280.031 	      0.051
  4280.799 	      0.034
  4281.567 	      0.028
  4282.336 	      0.028
  4283.104 	     -0.066
  4283.873 	      0.012
  4284.642 	      0.105
  4285.411 	      0.199
  4286.180 	      0.197
  4286.950 	      0.195
  4287.719 	      0.193
  4288.489 	      0.171
  4289.259 	      0.058
  4290.029 	     -0.035
  4290.799 	     -0.021
  4291.569 	      0.011
  4292.339 	      0.025
  4293.110 	      0.055
  4293.880 	      0.095
  4294.651 	      0.149
  4295.422 	      0.223
  4296.193 	      0.215
  4296.964 	      0.213
  4297.735 	      0.204
  4298.507 	      0.185
  4299.278 	      0.137
  4300.050 	      0.104
  4300.822 	      0.093
  4301.594 	      0.089
  4302.366 	      0.070
  4303.138 	      0.206
  4303.910 	      0.215
  4304.683 	      0.170
  4305.456 	      0.069
  4306.229 	      0.001
  4307.001 	      0.012
  4307.775 	     -0.025
  4308.548 	     -0.118
  4309.321 	     -0.067
  4310.095 	      0.011
  4310.868 	      0.065
  4311.642 	      0.101
  4312.416 	      0.116
  4313.190 	      0.100
  4313.964 	      0.099
  4314.739 	      0.114
  4315.513 	      0.168
  4316.288 	      0.194
  4317.062 	      0.224
  4317.837 	      0.264
  4318.612 	      0.314
  4319.388 	      0.328
  4320.163 	      0.279
  4320.938 	      0.241
  4321.714 	      0.208
  4322.490 	      0.162
  4323.266 	      0.105
  4324.042 	      0.077
  4324.818 	      0.061
  4325.594 	      0.055
  4326.370 	      0.080
  4327.147 	      0.082
  4327.924 	      0.084
  4328.700 	      0.087
  4329.477 	      0.111
  4330.255 	      0.153
  4331.032 	      0.136
  4331.809 	      0.076
  4332.587 	     -0.012
  4333.364 	     -0.020
  4334.142 	     -0.008
  4334.920 	      0.003
  4335.698 	     -0.002
  4336.477 	      0.014
  4337.255 	      0.078
  4338.034 	      0.077
  4338.812 	      0.013
  4339.591 	     -0.053
  4340.370 	     -0.104
  4341.149 	     -0.067
  4341.928 	     -0.008
  4342.708 	      0.005
  4343.487 	      0.136
  4344.267 	      0.163
  4345.046 	      0.186
  4345.826 	      0.217
  4346.606 	      0.125
  4347.387 	      0.094
  4348.167 	      0.064
  4348.947 	      0.045
  4349.728 	      0.067
  4350.509 	      0.030
  4351.290 	      0.023
  4352.071 	      0.025
  4352.852 	      0.032
  4353.633 	      0.038
  4354.415 	      0.036
  4355.196 	      0.084
  4355.978 	      0.164
  4356.760 	      0.219
  4357.542 	      0.190
  4358.324 	      0.140
  4359.106 	      0.099
  4359.889 	      0.088
  4360.671 	      0.063
  4361.454 	      0.089
  4362.237 	      0.120
  4363.020 	      0.154
  4363.803 	      0.187
  4364.587 	      0.194
  4365.370 	      0.167
  4366.153 	      0.115
  4366.937 	      0.038
  4367.721 	      0.013
  4368.505 	      0.039
  4369.289 	      0.064
  4370.073 	      0.094
  4370.858 	      0.178
  4371.642 	      0.195
  4372.427 	      0.230
  4373.212 	      0.267
  4373.997 	      0.295
  4374.782 	      0.299
  4375.567 	      0.266
  4376.353 	      0.279
  4377.138 	      0.324
  4377.924 	      0.296
  4378.710 	      0.327
  4379.496 	      0.361
  4380.282 	      0.407
  4381.068 	      0.472
  4381.854 	      0.455
  4382.641 	      0.398
  4383.428 	      0.333
  4384.214 	      0.275
  4385.001 	      0.255
  4385.788 	      0.208
  4386.576 	      0.198
  4387.363 	      0.216
  4388.151 	      0.260
  4388.938 	      0.236
  4389.726 	      0.178
  4390.514 	      0.128
  4391.302 	      0.088
  4392.090 	      0.061
  4392.879 	      0.017
  4393.667 	      0.015
  4394.456 	      0.020
  4395.245 	      0.027
  4396.033 	      0.034
  4396.823 	      0.021
  4397.612 	      0.046
  4398.401 	      0.076
  4399.191 	      0.086
  4399.980 	      0.058
  4400.770 	      0.030
  4401.560 	      0.009
  4402.350 	     -0.006
  4403.140 	     -0.026
  4403.931 	      0.044
  4404.721 	      0.111
  4405.512 	      0.156
  4406.302 	      0.166
  4407.093 	      0.178
  4407.884 	      0.170
  4408.676 	      0.115
  4409.467 	      0.056
  4410.258 	      0.044
  4411.050 	      0.063
  4411.842 	      0.066
  4412.634 	      0.077
  4413.426 	      0.092
  4414.218 	      0.096
  4415.010 	      0.075
  4415.803 	      0.061
  4416.595 	      0.049
  4417.388 	      0.036
  4418.181 	      0.005
  4418.974 	      0.042
  4419.767 	      0.087
  4420.561 	      0.128
  4421.354 	      0.148
  4422.148 	      0.111
  4422.941 	      0.121
  4423.735 	      0.128
  4424.529 	      0.119
  4425.324 	      0.055
  4426.118 	      0.064
  4426.912 	      0.114
  4427.707 	      0.156
  4428.502 	      0.175
  4429.297 	      0.151
  4430.092 	      0.154
  4430.887 	      0.183
  4431.682 	      0.210
  4432.478 	      0.217
  4433.273 	      0.205
  4434.069 	      0.234
  4434.865 	      0.234
  4435.661 	      0.195
  4436.457 	      0.090
  4437.253 	     -0.007
  4438.050 	     -0.067
  4438.847 	     -0.138
  4439.643 	     -0.209
  4440.440 	     -0.250
  4441.237 	     -0.225
  4442.034 	     -0.204
  4442.832 	     -0.188
  4443.629 	     -0.177
  4444.427 	     -0.156
  4445.225 	     -0.144
  4446.023 	     -0.147
  4446.821 	     -0.157
  4447.619 	     -0.170
  4448.417 	     -0.178
  4449.216 	     -0.184
  4450.014 	     -0.198
  4450.813 	     -0.220
  4451.612 	     -0.253
  4452.411 	     -0.314
  4453.210 	     -0.342
  4454.009 	     -0.328
  4454.809 	     -0.276
  4455.609 	     -0.190
  4456.408 	     -0.120
  4457.208 	     -0.089
  4458.008 	     -0.069
  4458.808 	     -0.063
  4459.609 	     -0.084
  4460.409 	     -0.119
  4461.210 	     -0.116
  4462.011 	     -0.096
  4462.812 	     -0.068
  4463.613 	     -0.049
  4464.414 	     -0.054
  4465.215 	     -0.070
  4466.017 	     -0.093
  4466.818 	     -0.119
  4467.620 	     -0.143
  4468.422 	     -0.169
  4469.224 	     -0.205
  4470.026 	     -0.248
  4470.829 	     -0.292
  4471.631 	     -0.321
  4472.434 	     -0.303
  4473.237 	     -0.273
  4474.039 	     -0.240
  4474.843 	     -0.210
  4475.646 	     -0.206
  4476.449 	     -0.218
  4477.253 	     -0.247
  4478.056 	     -0.287
  4478.860 	     -0.330
  4479.664 	     -0.360
  4480.468 	     -0.353
  4481.272 	     -0.343
  4482.077 	     -0.328
  4482.881 	     -0.311
  4483.686 	     -0.287
  4484.491 	     -0.268
  4485.296 	     -0.253
  4486.101 	     -0.242
  4486.906 	     -0.234
  4487.711 	     -0.224
  4488.517 	     -0.217
  4489.322 	     -0.209
  4490.128 	     -0.198
  4490.934 	     -0.186
  4491.740 	     -0.134
  4492.547 	     -0.113
  4493.353 	     -0.092
  4494.160 	     -0.071
  4494.966 	     -0.057
  4495.773 	     -0.080
  4496.580 	     -0.133
  4497.387 	     -0.151
  4498.194 	     -0.153
  4499.002 	     -0.154
  4499.809 	     -0.171
  4500.617 	     -0.150
  4501.425 	     -0.110
  4502.233 	     -0.077
  4503.041 	     -0.074
  4503.849 	     -0.123
  4504.658 	     -0.145
  4505.466 	     -0.152
  4506.275 	     -0.158
  4507.084 	     -0.170
  4507.893 	     -0.192
  4508.702 	     -0.182
  4509.511 	     -0.162
  4510.321 	     -0.140
  4511.130 	     -0.124
  4511.940 	     -0.108
  4512.750 	     -0.101
  4513.560 	     -0.107
  4514.370 	     -0.119
  4515.180 	     -0.132
  4515.991 	     -0.135
  4516.802 	     -0.138
  4517.612 	     -0.131
  4518.423 	     -0.106
  4519.234 	     -0.067
  4520.045 	     -0.028
  4520.857 	     -0.040
  4521.668 	     -0.061
  4522.480 	     -0.069
  4523.292 	     -0.065
  4524.103 	     -0.051
  4524.916 	     -0.055
  4525.728 	     -0.065
  4526.540 	     -0.071
  4527.353 	     -0.074
  4528.165 	     -0.082
  4528.978 	     -0.103
  4529.791 	     -0.103
  4530.604 	     -0.088
  4531.417 	     -0.067
  4532.231 	     -0.049
  4533.044 	     -0.058
  4533.858 	     -0.098
  4534.672 	     -0.158
  4535.486 	     -0.221
  4536.300 	     -0.267
  4537.114 	     -0.253
  4537.928 	     -0.206
  4538.743 	     -0.168
  4539.558 	     -0.131
  4540.372 	     -0.094
  4541.187 	     -0.061
  4542.002 	     -0.084
  4542.818 	     -0.125
  4543.633 	     -0.155
  4544.449 	     -0.163
  4545.264 	     -0.145
  4546.080 	     -0.126
  4546.896 	     -0.112
  4547.712 	     -0.088
  4548.529 	     -0.057
  4549.345 	     -0.022
  4550.162 	     -0.018
  4550.979 	     -0.042
  4551.795 	     -0.059
  4552.612 	     -0.065
  4553.430 	     -0.059
  4554.247 	     -0.076
  4555.064 	     -0.097
  4555.882 	     -0.091
  4556.700 	     -0.072
  4557.518 	     -0.052
  4558.336 	     -0.059
  4559.154 	     -0.067
  4559.972 	     -0.054
  4560.791 	     -0.044
  4561.609 	     -0.049
  4562.428 	     -0.085
  4563.247 	     -0.130
  4564.066 	     -0.140
  4564.885 	     -0.145
  4565.705 	     -0.156
  4566.524 	     -0.182
  4567.344 	     -0.214
  4568.164 	     -0.209
  4568.984 	     -0.195
  4569.804 	     -0.182
  4570.624 	     -0.171
  4571.445 	     -0.152
  4572.265 	     -0.131
  4573.086 	     -0.131
  4573.907 	     -0.143
  4574.728 	     -0.154
  4575.549 	     -0.149
  4576.370 	     -0.109
  4577.192 	     -0.084
  4578.013 	     -0.078
  4578.835 	     -0.090
  4579.657 	     -0.110
  4580.479 	     -0.129
  4581.301 	     -0.146
  4582.123 	     -0.152
  4582.946 	     -0.135
  4583.768 	     -0.096
  4584.591 	     -0.039
  4585.414 	     -0.014
  4586.237 	     -0.032
  4587.060 	     -0.056
  4587.884 	     -0.076
  4588.707 	     -0.090
  4589.531 	     -0.108
  4590.355 	     -0.103
  4591.179 	     -0.068
  4592.003 	     -0.019
  4592.827 	      0.029
  4593.651 	      0.060
  4594.476 	      0.065
  4595.301 	      0.055
  4596.125 	      0.035
  4596.950 	      0.006
  4597.776 	     -0.028
  4598.601 	     -0.069
  4599.426 	     -0.102
  4600.252 	     -0.125
  4601.078 	     -0.134
  4601.903 	     -0.128
  4602.730 	     -0.110
  4603.556 	     -0.097
  4604.382 	     -0.091
  4605.208 	     -0.088
  4606.035 	     -0.091
  4606.862 	     -0.102
  4607.689 	     -0.121
  4608.516 	     -0.135
  4609.343 	     -0.148
  4610.170 	     -0.157
  4610.998 	     -0.159
  4611.826 	     -0.150
  4612.653 	     -0.126
  4613.481 	     -0.100
  4614.309 	     -0.070
  4615.138 	     -0.044
  4615.966 	     -0.031
  4616.795 	     -0.048
  4617.623 	     -0.096
  4618.452 	     -0.132
  4619.281 	     -0.148
  4620.110 	     -0.145
  4620.940 	     -0.126
  4621.769 	     -0.097
  4622.599 	     -0.070
  4623.428 	     -0.051
  4624.258 	     -0.044
  4625.088 	     -0.045
  4625.918 	     -0.046
  4626.749 	     -0.034
  4627.579 	     -0.022
  4628.410 	     -0.018
  4629.241 	     -0.024
  4630.072 	     -0.040
  4630.903 	     -0.063
  4631.734 	     -0.080
  4632.565 	     -0.089
  4633.397 	     -0.093
  4634.229 	     -0.095
  4635.060 	     -0.098
  4635.892 	     -0.113
  4636.724 	     -0.143
  4637.557 	     -0.168
  4638.389 	     -0.180
  4639.222 	     -0.172
  4640.054 	     -0.147
  4640.887 	     -0.126
  4641.720 	     -0.123
  4642.553 	     -0.126
  4643.387 	     -0.137
  4644.220 	     -0.154
  4645.054 	     -0.170
  4645.888 	     -0.166
  4646.722 	     -0.154
  4647.556 	     -0.143
  4648.390 	     -0.133
  4649.224 	     -0.124
  4650.059 	     -0.126
  4650.893 	     -0.145
  4651.728 	     -0.147
  4652.563 	     -0.127
  4653.398 	     -0.096
  4654.234 	     -0.071
  4655.069 	     -0.074
  4655.905 	     -0.079
  4656.740 	     -0.075
  4657.576 	     -0.078
  4658.412 	     -0.092
  4659.248 	     -0.117
  4660.085 	     -0.126
  4660.921 	     -0.112
  4661.758 	     -0.103
  4662.594 	     -0.097
  4663.431 	     -0.089
  4664.268 	     -0.067
  4665.106 	     -0.026
  4665.943 	     -0.006
  4666.781 	     -0.001
  4667.618 	      0.001
  4668.456 	      0.003
  4669.294 	      0.006
  4670.132 	     -0.006
  4670.970 	     -0.030
  4671.809 	     -0.056
  4672.647 	     -0.085
  4673.486 	     -0.116
  4674.325 	     -0.151
  4675.164 	     -0.180
  4676.003 	     -0.185
  4676.843 	     -0.174
  4677.682 	     -0.148
  4678.522 	     -0.107
  4679.361 	     -0.058
  4680.201 	     -0.029
  4681.041 	     -0.026
  4681.882 	     -0.015
  4682.722 	     -0.011
  4683.563 	     -0.035
  4684.403 	     -0.107
  4685.244 	     -0.109
  4686.085 	     -0.102
  4686.926 	     -0.107
  4687.767 	     -0.101
  4688.609 	     -0.071
  4689.450 	     -0.021
  4690.292 	     -0.033
  4691.134 	      0.018
  4691.976 	      0.056
  4692.818 	      0.062
  4693.661 	      0.044
  4694.503 	      0.032
  4695.346 	      0.076
  4696.189 	      0.031
  4697.032 	     -0.015
  4697.875 	     -0.028
  4698.718 	     -0.014
  4699.561 	     -0.001
  4700.405 	     -0.025
  4701.249 	     -0.014
  4702.092 	      0.013
  4702.936 	      0.021
  4703.781 	      0.027
  4704.625 	      0.058
  4705.469 	      0.088
  4706.314 	      0.102
  4707.159 	      0.095
  4708.004 	      0.087
  4708.849 	      0.068
  4709.694 	      0.034
  4710.539 	      0.015
  4711.385 	      0.030
  4712.231 	      0.047
  4713.076 	      0.045
  4713.922 	      0.032
  4714.768 	      0.012
  4715.615 	     -0.021
  4716.461 	     -0.056
  4717.308 	     -0.074
  4718.154 	     -0.086
  4719.001 	     -0.091
  4719.848 	     -0.086
  4720.696 	     -0.068
  4721.543 	     -0.063
  4722.390 	     -0.044
  4723.238 	     -0.026
  4724.086 	      0.002
  4724.934 	      0.026
  4725.782 	      0.032
  4726.630 	      0.044
  4727.479 	      0.036
  4728.327 	      0.043
  4729.176 	      0.051
  4730.025 	      0.064
  4730.874 	      0.084
  4731.723 	      0.083
  4732.572 	      0.095
  4733.422 	      0.082
  4734.271 	      0.053
  4735.121 	      0.012
  4735.971 	     -0.034
  4736.821 	     -0.070
  4737.671 	     -0.064
  4738.522 	     -0.039
  4739.372 	     -0.014
  4740.223 	      0.005
  4741.074 	      0.024
  4741.925 	      0.049
  4742.776 	      0.057
  4743.627 	      0.035
  4744.479 	      0.018
  4745.330 	      0.010
  4746.182 	      0.002
  4747.034 	     -0.010
  4747.886 	     -0.020
  4748.738 	     -0.017
  4749.591 	     -0.024
  4750.443 	     -0.043
  4751.296 	     -0.034
  4752.149 	     -0.011
  4753.002 	     -0.009
  4753.855 	      0.008
  4754.708 	      0.040
  4755.562 	      0.051
  4756.415 	      0.034
  4757.269 	     -0.001
  4758.123 	     -0.035
  4758.977 	     -0.043
  4759.831 	     -0.040
  4760.686 	     -0.012
  4761.540 	     -0.002
  4762.395 	      0.011
  4763.250 	      0.018
  4764.105 	      0.002
  4764.960 	     -0.045
  4765.815 	     -0.054
  4766.671 	     -0.041
  4767.526 	     -0.038
  4768.382 	     -0.048
  4769.238 	     -0.058
  4770.094 	     -0.041
  4770.950 	     -0.017
  4771.807 	     -0.010
  4772.663 	      0.015
  4773.520 	      0.046
  4774.377 	      0.064
  4775.234 	      0.063
  4776.091 	      0.063
  4776.948 	      0.062
  4777.805 	      0.069
  4778.663 	      0.073
  4779.521 	      0.084
  4780.379 	      0.092
  4781.237 	      0.086
  4782.095 	      0.091
  4782.953 	      0.056
  4783.812 	      0.041
  4784.670 	      0.039
  4785.529 	      0.064
  4786.388 	      0.100
  4787.247 	      0.115
  4788.107 	      0.115
  4788.966 	      0.100
  4789.826 	      0.081
  4790.686 	      0.039
  4791.545 	      0.006
  4792.405 	      0.003
  4793.266 	      0.005
  4794.126 	     -0.007
  4794.987 	      0.039
  4795.847 	      0.090
  4796.708 	      0.067
  4797.569 	      0.034
  4798.430 	      0.058
  4799.292 	      0.118
  4800.153 	      0.105
  4801.015 	      0.016
  4801.876 	      0.043
  4802.738 	      0.040
  4803.600 	     -0.006
  4804.463 	     -0.059
  4805.325 	     -0.107
  4806.188 	     -0.078
  4807.050 	     -0.093
  4807.913 	     -0.056
  4808.776 	     -0.034
  4809.639 	     -0.033
  4810.503 	     -0.030
  4811.366 	     -0.025
  4812.230 	     -0.069
  4813.093 	     -0.100
  4813.957 	     -0.078
  4814.821 	     -0.048
  4815.686 	     -0.035
  4816.550 	     -0.039
  4817.415 	     -0.038
  4818.279 	     -0.015
  4819.144 	     -0.025
  4820.009 	     -0.021
  4820.874 	     -0.020
  4821.740 	     -0.006
  4822.605 	      0.031
  4823.471 	      0.065
  4824.337 	      0.075
  4825.203 	      0.063
  4826.069 	      0.076
  4826.935 	      0.078
  4827.801 	      0.055
  4828.668 	      0.017
  4829.535 	     -0.006
  4830.401 	     -0.023
  4831.269 	     -0.051
  4832.136 	     -0.082
  4833.003 	     -0.092
  4833.871 	     -0.081
  4834.738 	     -0.065
  4835.606 	     -0.058
  4836.474 	     -0.040
  4837.342 	     -0.014
  4838.210 	     -0.025
  4839.079 	     -0.056
  4839.947 	     -0.074
  4840.816 	     -0.063
  4841.685 	     -0.029
  4842.554 	      0.021
  4843.423 	      0.013
  4844.293 	      0.041
  4845.162 	      0.066
  4846.032 	      0.068
  4846.902 	      0.052
  4847.772 	      0.049
  4848.642 	      0.112
  4849.512 	      0.109
  4850.383 	      0.080
  4851.253 	      0.072
  4852.124 	      0.076
  4852.995 	      0.050
  4853.866 	     -0.002
  4854.737 	      0.026
  4855.609 	      0.096
  4856.480 	      0.134
  4857.352 	      0.113
  4858.224 	      0.111
  4859.096 	      0.088
  4859.968 	      0.034
  4860.841 	     -0.001
  4861.713 	     -0.010
  4862.586 	     -0.017
  4863.459 	     -0.014
  4864.332 	     -0.021
  4865.205 	     -0.025
  4866.078 	     -0.040
  4866.951 	     -0.076
  4867.825 	     -0.087
  4868.699 	     -0.099
  4869.573 	     -0.070
  4870.447 	     -0.076
  4871.321 	     -0.040
  4872.195 	      0.022
  4873.070 	      0.071
  4873.945 	      0.083
  4874.819 	      0.070
  4875.694 	      0.076
  4876.570 	      0.059
  4877.445 	      0.029
  4878.320 	      0.009
  4879.196 	      0.023
  4880.072 	      0.061
  4880.948 	      0.058
  4881.824 	     -0.010
  4882.700 	     -0.054
  4883.577 	     -0.047
  4884.453 	     -0.056
  4885.330 	     -0.046
  4886.207 	     -0.013
  4887.084 	      0.008
  4887.961 	      0.005
  4888.838 	     -0.033
  4889.716 	     -0.062
  4890.594 	     -0.094
  4891.472 	     -0.097
  4892.350 	     -0.077
  4893.228 	     -0.053
  4894.106 	     -0.036
  4894.984 	     -0.031
  4895.863 	     -0.034
  4896.742 	     -0.047
  4897.621 	     -0.052
  4898.500 	     -0.039
  4899.379 	     -0.006
  4900.259 	      0.032
  4901.138 	      0.056
  4902.018 	      0.097
  4902.898 	      0.185
  4903.778 	      0.311
  4904.658 	      0.477
  4905.538 	      0.677
  4906.419 	      0.838
  4907.300 	      0.888
  4908.180 	      0.818
  4909.061 	      0.655
  4909.943 	      0.401
  4910.824 	      0.172
  4911.705 	      0.038
  4912.587 	     -0.000
  4913.469 	      0.010
  4914.351 	      0.033
  4915.233 	      0.077
  4916.115 	      0.094
  4916.998 	      0.088
  4917.880 	      0.083
  4918.763 	      0.100
  4919.646 	      0.101
  4920.529 	      0.097
  4921.412 	      0.109
  4922.295 	      0.118
  4923.179 	      0.097
  4924.063 	      0.039
  4924.947 	     -0.003
  4925.831 	     -0.022
  4926.715 	     -0.060
  4927.599 	     -0.081
  4928.484 	     -0.048
  4929.368 	      0.012
  4930.253 	      0.067
  4931.138 	      0.043
  4932.023 	      0.122
  4932.908 	      0.120
  4933.794 	      0.071
  4934.679 	      0.015
  4935.565 	     -0.007
  4936.451 	      0.015
  4937.337 	      0.009
  4938.223 	      0.018
  4939.110 	      0.029
  4939.996 	      0.049
  4940.883 	      0.038
  4941.770 	     -0.000
  4942.657 	     -0.023
  4943.544 	     -0.005
  4944.431 	     -0.010
  4945.319 	     -0.012
  4946.207 	     -0.017
  4947.094 	     -0.040
  4947.982 	     -0.043
  4948.871 	      0.027
  4949.759 	      0.113
  4950.647 	      0.136
  4951.536 	      0.101
  4952.425 	      0.072
  4953.314 	      0.033
  4954.203 	     -0.067
  4955.092 	     -0.109
  4955.981 	     -0.063
  4956.871 	     -0.005
  4957.761 	      0.017
  4958.651 	      0.021
  4959.541 	      0.046
  4960.431 	      0.036
  4961.321 	      0.023
  4962.212 	      0.060
  4963.103 	      0.057
  4963.993 	      0.023
  4964.884 	     -0.009
  4965.776 	     -0.029
  4966.667 	     -0.060
  4967.558 	     -0.088
  4968.450 	     -0.036
  4969.342 	      0.025
  4970.234 	      0.060
  4971.126 	      0.058
  4972.018 	      0.054
  4972.911 	      0.056
  4973.803 	      0.044
  4974.696 	      0.015
  4975.589 	      0.026
  4976.482 	      0.063
  4977.375 	      0.052
  4978.269 	      0.035
  4979.162 	      0.027
  4980.056 	     -0.003
  4980.950 	     -0.055
  4981.844 	     -0.092
  4982.738 	     -0.107
  4983.633 	     -0.117
  4984.527 	     -0.093
  4985.422 	     -0.050
  4986.317 	      0.005
  4987.212 	      0.043
  4988.107 	      0.064
  4989.002 	      0.069
  4989.898 	      0.050
  4990.794 	      0.011
  4991.689 	     -0.025
  4992.585 	     -0.069
  4993.482 	     -0.092
  4994.378 	     -0.091
  4995.274 	     -0.080
  4996.171 	     -0.088
  4997.068 	     -0.106
  4997.965 	     -0.097
  4998.862 	     -0.080
  4999.759 	     -0.083
  5000.657 	     -0.078
  5001.554 	     -0.076
  5002.452 	     -0.045
  5003.350 	     -0.015
  5004.248 	      0.001
  5005.146 	      0.005
  5006.045 	      0.017
  5006.943 	      0.062
  5007.842 	      0.057
  5008.741 	      0.050
  5009.640 	      0.035
  5010.539 	      0.049
  5011.438 	      0.037
  5012.338 	      0.015
  5013.238 	      0.001
  5014.137 	     -0.002
  5015.037 	      0.003
  5015.938 	     -0.021
  5016.838 	     -0.009
  5017.738 	     -0.010
  5018.639 	     -0.030
  5019.540 	     -0.045
  5020.441 	     -0.017
  5021.342 	     -0.005
  5022.243 	     -0.021
  5023.145 	      0.003
  5024.046 	      0.006
  5024.948 	      0.004
  5025.850 	     -0.026
  5026.752 	     -0.010
  5027.655 	     -0.011
  5028.557 	     -0.007
  5029.460 	     -0.008
  5030.362 	     -0.014
  5031.265 	     -0.013
  5032.168 	     -0.013
  5033.072 	     -0.023
  5033.975 	     -0.059
  5034.879 	     -0.052
  5035.782 	     -0.079
  5036.686 	     -0.086
  5037.590 	     -0.096
  5038.495 	     -0.085
  5039.399 	     -0.060
  5040.304 	     -0.058
  5041.208 	     -0.035
  5042.113 	     -0.007
  5043.018 	     -0.007
  5043.923 	     -0.054
  5044.829 	     -0.039
  5045.734 	     -0.019
  5046.640 	     -0.010
  5047.546 	      0.003
  5048.452 	      0.036
  5049.358 	      0.070
  5050.264 	      0.069
  5051.171 	      0.148
  5052.078 	      0.194
  5052.984 	      0.219
  5053.891 	      0.264
  5054.799 	      0.310
  5055.706 	      0.294
  5056.613 	      0.233
  5057.521 	      0.183
  5058.429 	      0.152
  5059.337 	      0.109
  5060.245 	      0.066
  5061.153 	      0.004
  5062.062 	     -0.000
  5062.970 	     -0.010
  5063.879 	     -0.039
  5064.788 	     -0.059
  5065.697 	     -0.054
  5066.606 	     -0.044
  5067.516 	     -0.046
  5068.425 	     -0.022
  5069.335 	      0.006
  5070.245 	     -0.011
  5071.155 	     -0.012
  5072.065 	     -0.029
  5072.976 	     -0.080
  5073.886 	     -0.121
  5074.797 	     -0.140
  5075.708 	     -0.142
  5076.619 	     -0.126
  5077.530 	     -0.084
  5078.442 	     -0.041
  5079.353 	     -0.015
  5080.265 	      0.014
  5081.177 	      0.004
  5082.089 	     -0.019
  5083.001 	     -0.020
  5083.914 	      0.008
  5084.826 	      0.029
  5085.739 	      0.019
  5086.652 	      0.005
  5087.565 	      0.006
  5088.478 	      0.003
  5089.391 	     -0.046
  5090.305 	     -0.050
  5091.219 	     -0.026
  5092.132 	     -0.017
  5093.046 	     -0.020
  5093.961 	     -0.029
  5094.875 	     -0.025
  5095.789 	      0.000
  5096.704 	      0.024
  5097.619 	      0.051
  5098.534 	      0.044
  5099.449 	      0.071
  5100.364 	      0.057
  5101.280 	      0.038
  5102.196 	      0.021
  5103.111 	      0.006
  5104.027 	     -0.005
  5104.944 	     -0.014
  5105.860 	     -0.022
  5106.776 	     -0.020
  5107.693 	     -0.000
  5108.610 	      0.038
  5109.527 	      0.014
  5110.444 	     -0.003
  5111.361 	     -0.027
  5112.279 	     -0.062
  5113.196 	     -0.112
  5114.114 	     -0.117
  5115.032 	     -0.085
  5115.950 	     -0.063
  5116.868 	     -0.033
  5117.787 	     -0.001
  5118.706 	      0.005
  5119.624 	     -0.024
  5120.543 	     -0.055
  5121.462 	     -0.086
  5122.382 	     -0.089
  5123.301 	     -0.086
  5124.221 	     -0.073
  5125.141 	     -0.054
  5126.060 	     -0.034
  5126.981 	     -0.022
  5127.901 	     -0.038
  5128.821 	      0.014
  5129.742 	      0.008
  5130.663 	      0.023
  5131.584 	      0.045
  5132.505 	      0.063
  5133.426 	      0.024
  5134.347 	      0.007
  5135.269 	      0.010
  5136.191 	      0.004
  5137.113 	     -0.003
  5138.035 	     -0.000
  5138.957 	      0.012
  5139.879 	     -0.025
  5140.802 	     -0.011
  5141.725 	     -0.009
  5142.648 	      0.006
  5143.571 	      0.008
  5144.494 	      0.017
  5145.417 	      0.023
  5146.341 	      0.002
  5147.265 	     -0.042
  5148.189 	     -0.077
  5149.113 	     -0.079
  5150.037 	     -0.095
  5150.961 	     -0.113
  5151.886 	     -0.066
  5152.811 	     -0.027
  5153.736 	      0.000
  5154.661 	      0.022
  5155.586 	      0.043
  5156.511 	      0.033
  5157.437 	     -0.006
  5158.363 	     -0.042
  5159.289 	     -0.054
  5160.215 	     -0.045
  5161.141 	     -0.027
  5162.067 	      0.017
  5162.994 	      0.056
  5163.921 	      0.066
  5164.848 	      0.027
  5165.775 	     -0.032
  5166.702 	     -0.086
  5167.629 	     -0.110
  5168.557 	     -0.111
  5169.485 	     -0.094
  5170.412 	     -0.065
  5171.341 	     -0.038
  5172.269 	     -0.027
  5173.197 	     -0.051
  5174.126 	     -0.062
  5175.054 	     -0.028
  5175.983 	      0.018
  5176.912 	      0.040
  5177.842 	      0.060
  5178.771 	      0.071
  5179.701 	      0.071
  5180.630 	      0.061
  5181.560 	      0.047
  5182.490 	      0.044
  5183.421 	      0.069
  5184.351 	      0.098
  5185.282 	      0.104
  5186.212 	      0.096
  5187.143 	      0.121
  5188.074 	      0.101
  5189.006 	      0.049
  5189.937 	      0.014
  5190.868 	     -0.003
  5191.800 	     -0.020
  5192.732 	     -0.030
  5193.664 	     -0.021
  5194.596 	     -0.007
  5195.529 	     -0.007
  5196.461 	     -0.006
  5197.394 	     -0.004
  5198.327 	     -0.002
  5199.260 	      0.002
  5200.193 	      0.005
  5201.127 	      0.007
  5202.060 	      0.005
  5202.994 	      0.000
  5203.928 	     -0.007
  5204.862 	     -0.015
  5205.796 	     -0.022
  5206.731 	     -0.027
  5207.665 	     -0.030
  5208.600 	     -0.029
  5209.535 	     -0.026
  5210.470 	     -0.020
  5211.405 	     -0.011
  5212.341 	      0.003
  5213.276 	      0.022
  5214.212 	      0.046
  5215.148 	      0.070
  5216.084 	      0.090
  5217.021 	      0.101
  5217.957 	      0.105
  5218.894 	      0.105
  5219.830 	      0.104
  5220.767 	      0.102
  5221.704 	      0.095
  5222.642 	      0.083
  5223.579 	      0.066
  5224.517 	      0.048
  5225.454 	      0.033
  5226.392 	      0.024
  5227.331 	      0.021
  5228.269 	      0.024
  5229.207 	      0.034
  5230.146 	      0.050
  5231.085 	      0.068
  5232.024 	      0.082
  5232.963 	      0.087
  5233.902 	      0.083
  5234.842 	      0.085
  5235.781 	      0.112
  5236.721 	      0.139
  5237.661 	      0.127
  5238.601 	      0.125
  5239.541 	      0.130
  5240.482 	      0.096
  5241.423 	      0.084
  5242.363 	      0.102
  5243.304 	      0.136
  5244.245 	      0.142
  5245.187 	      0.154
  5246.128 	      0.147
  5247.070 	      0.122
  5248.012 	      0.112
  5248.954 	      0.103
  5249.896 	      0.128
  5250.838 	      0.090
  5251.781 	      0.079
  5252.723 	      0.035
  5253.666 	      0.016
  5254.609 	      0.003
  5255.552 	      0.017
  5256.496 	      0.018
  5257.439 	      0.026
  5258.383 	      0.013
  5259.327 	     -0.032
  5260.271 	     -0.070
  5261.215 	     -0.060
  5262.159 	     -0.033
  5263.104 	     -0.023
  5264.049 	      0.007
  5264.994 	      0.030
  5265.939 	      0.046
  5266.884 	      0.063
  5267.829 	      0.077
  5268.775 	      0.094
  5269.721 	      0.103
  5270.666 	      0.092
  5271.612 	      0.027
  5272.559 	     -0.001
  5273.505 	     -0.011
  5274.452 	     -0.012
  5275.398 	     -0.000
  5276.345 	      0.034
  5277.292 	      0.078
  5278.240 	      0.100
  5279.187 	      0.100
  5280.135 	      0.106
  5281.082 	      0.122
  5282.030 	      0.108
  5282.979 	      0.058
  5283.927 	      0.061
  5284.875 	      0.029
  5285.824 	      0.006
  5286.773 	      0.027
  5287.722 	      0.089
  5288.671 	      0.129
  5289.620 	      0.162
  5290.569 	      0.179
  5291.519 	      0.164
  5292.469 	      0.124
  5293.419 	      0.075
  5294.369 	      0.039
  5295.319 	      0.020
  5296.270 	      0.008
  5297.220 	      0.046
  5298.171 	      0.060
  5299.122 	      0.064
  5300.073 	      0.085
  5301.025 	      0.109
  5301.976 	      0.080
  5302.928 	      0.063
  5303.880 	      0.063
  5304.832 	      0.057
  5305.784 	      0.050
  5306.736 	      0.044
  5307.689 	      0.049
  5308.642 	      0.046
  5309.595 	      0.014
  5310.548 	     -0.006
  5311.501 	      0.000
  5312.454 	     -0.010
  5313.408 	     -0.021
  5314.362 	     -0.003
  5315.315 	      0.044
  5316.270 	      0.045
  5317.224 	      0.045
  5318.178 	      0.048
  5319.133 	      0.070
  5320.088 	      0.079
  5321.043 	      0.075
  5321.998 	      0.074
  5322.953 	      0.070
  5323.908 	      0.039
  5324.864 	      0.002
  5325.820 	     -0.025
  5326.776 	     -0.026
  5327.732 	     -0.021
  5328.688 	     -0.021
  5329.645 	     -0.010
  5330.601 	     -0.013
  5331.558 	     -0.023
  5332.515 	     -0.039
  5333.472 	     -0.024
  5334.430 	      0.021
  5335.387 	      0.070
  5336.345 	      0.092
  5337.303 	      0.116
  5338.261 	      0.157
  5339.219 	      0.141
  5340.177 	      0.113
  5341.136 	      0.115
  5342.094 	      0.101
  5343.053 	      0.067
  5344.012 	      0.048
  5344.972 	      0.050
  5345.931 	      0.045
  5346.891 	      0.039
  5347.850 	      0.044
  5348.810 	      0.040
  5349.770 	      0.024
  5350.731 	      0.009
  5351.691 	      0.004
  5352.652 	      0.005
  5353.612 	      0.020
  5354.573 	      0.023
  5355.535 	      0.012
  5356.496 	      0.033
  5357.457 	      0.039
  5358.419 	      0.046
  5359.381 	      0.073
  5360.343 	      0.099
  5361.305 	      0.101
  5362.267 	      0.090
  5363.230 	      0.070
  5364.192 	      0.053
  5365.155 	      0.057
  5366.118 	      0.075
  5367.081 	      0.098
  5368.045 	      0.124
  5369.008 	      0.132
  5369.972 	      0.109
  5370.936 	      0.083
  5371.900 	      0.063
  5372.864 	      0.050
  5373.829 	      0.058
  5374.793 	      0.082
  5375.758 	      0.067
  5376.723 	      0.038
  5377.688 	      0.025
  5378.653 	      0.010
  5379.619 	      0.007
  5380.584 	      0.003
  5381.550 	      0.001
  5382.516 	      0.023
  5383.482 	      0.027
  5384.449 	      0.003
  5385.415 	     -0.138
  5386.382 	     -0.234
  5387.349 	     -0.278
  5388.316 	     -0.361
  5389.283 	     -0.438
  5390.250 	     -0.380
  5391.218 	     -0.257
  5392.185 	     -0.217
  5393.153 	     -0.205
  5394.121 	     -0.156
  5395.090 	     -0.116
  5396.058 	     -0.092
  5397.027 	     -0.089
  5397.995 	     -0.076
  5398.964 	     -0.043
  5399.933 	     -0.043
  5400.903 	     -0.055
  5401.872 	     -0.071
  5402.842 	     -0.048
  5403.811 	     -0.055
  5404.781 	     -0.034
  5405.751 	      0.004
  5406.722 	      0.012
  5407.692 	      0.013
  5408.663 	      0.039
  5409.634 	      0.055
  5410.605 	      0.059
  5411.576 	      0.092
  5412.547 	      0.138
  5413.519 	      0.142
  5414.491 	      0.110
  5415.462 	      0.069
  5416.434 	      0.033
  5417.407 	      0.002
  5418.379 	     -0.008
  5419.352 	      0.024
  5420.324 	      0.062
  5421.297 	      0.093
  5422.270 	      0.084
  5423.244 	      0.058
  5424.217 	      0.040
  5425.191 	      0.014
  5426.165 	     -0.020
  5427.139 	     -0.013
  5428.113 	     -0.020
  5429.087 	     -0.045
  5430.062 	     -0.031
  5431.036 	     -0.035
  5432.011 	     -0.040
  5432.986 	     -0.045
  5433.961 	     -0.014
  5434.937 	     -0.016
  5435.912 	      0.004
  5436.888 	      0.040
  5437.864 	      0.070
  5438.840 	      0.073
  5439.816 	      0.085
  5440.793 	      0.107
  5441.769 	      0.062
  5442.746 	      0.021
  5443.723 	      0.029
  5444.700 	      0.042
  5445.677 	      0.035
  5446.655 	      0.048
  5447.632 	      0.069
  5448.610 	      0.040
  5449.588 	      0.005
  5450.566 	     -0.012
  5451.545 	     -0.016
  5452.523 	      0.000
  5453.502 	      0.045
  5454.481 	      0.080
  5455.460 	      0.105
  5456.439 	      0.103
  5457.419 	      0.080
  5458.398 	      0.082
  5459.378 	      0.091
  5460.358 	      0.015
  5461.338 	     -0.007
  5462.318 	      0.020
  5463.299 	     -0.020
  5464.279 	     -0.048
  5465.260 	      0.004
  5466.241 	      0.022
  5467.222 	      0.016
  5468.204 	      0.047
  5469.185 	      0.072
  5470.167 	      0.071
  5471.149 	      0.087
  5472.131 	      0.083
  5473.113 	      0.084
  5474.096 	      0.065
  5475.078 	      0.023
  5476.061 	     -0.000
  5477.044 	      0.005
  5478.027 	     -0.018
  5479.010 	     -0.036
  5479.994 	      0.001
  5480.977 	      0.033
  5481.961 	      0.025
  5482.945 	      0.033
  5483.929 	      0.058
  5484.914 	      0.052
  5485.898 	      0.043
  5486.883 	      0.065
  5487.868 	      0.074
  5488.853 	      0.061
  5489.838 	      0.056
  5490.823 	      0.053
  5491.809 	      0.043
  5492.795 	      0.055
  5493.781 	      0.085
  5494.767 	      0.096
  5495.753 	      0.148
  5496.740 	      0.131
  5497.726 	      0.117
  5498.713 	      0.080
  5499.700 	      0.052
  5500.687 	     -0.012
  5501.675 	     -0.024
  5502.662 	     -0.066
  5503.650 	     -0.068
  5504.638 	     -0.042
  5505.626 	     -0.001
  5506.614 	      0.053
  5507.602 	      0.048
  5508.591 	      0.034
  5509.580 	      0.032
  5510.569 	      0.013
  5511.558 	     -0.012
  5512.547 	      0.024
  5513.537 	      0.066
  5514.526 	      0.076
  5515.516 	      0.070
  5516.506 	      0.059
  5517.496 	      0.038
  5518.487 	      0.054
  5519.477 	      0.080
  5520.468 	      0.103
  5521.459 	      0.093
  5522.450 	      0.094
  5523.441 	      0.049
  5524.433 	      0.025
  5525.424 	      0.026
  5526.416 	      0.043
  5527.408 	      0.056
  5528.400 	      0.061
  5529.392 	      0.028
  5530.385 	      0.010
  5531.378 	      0.029
  5532.370 	      0.063
  5533.363 	      0.104
  5534.357 	      0.117
  5535.350 	      0.092
  5536.344 	      0.059
  5537.337 	      0.038
  5538.331 	      0.026
  5539.325 	      0.051
  5540.320 	      0.076
  5541.314 	      0.079
  5542.309 	      0.092
  5543.304 	      0.073
  5544.299 	      0.049
  5545.294 	      0.070
  5546.289 	      0.101
  5547.285 	      0.124
  5548.280 	      0.107
  5549.276 	      0.091
  5550.272 	      0.076
  5551.269 	      0.077
  5552.265 	      0.030
  5553.262 	      0.049
  5554.259 	      0.087
  5555.255 	      0.087
  5556.253 	      0.060
  5557.250 	      0.047
  5558.247 	      0.053
  5559.245 	      0.044
  5560.243 	      0.041
  5561.241 	      0.055
  5562.239 	      0.067
  5563.238 	      0.038
  5564.236 	      0.069
  5565.235 	      0.086
  5566.234 	      0.092
  5567.233 	      0.117
  5568.232 	      0.159
  5569.232 	      0.148
  5570.231 	      0.138
  5571.231 	      0.131
  5572.231 	      0.125
  5573.232 	      0.122
  5574.232 	      0.120
  5575.232 	      0.119
  5576.233 	      0.121
  5577.234 	      0.124
  5578.235 	      0.128
  5579.236 	      0.131
  5580.238 	      0.131
  5581.240 	      0.126
  5582.241 	      0.119
  5583.243 	      0.111
  5584.246 	      0.105
  5585.248 	      0.101
  5586.250 	      0.098
  5587.253 	      0.095
  5588.256 	      0.090
  5589.259 	      0.084
  5590.262 	      0.077
  5591.266 	      0.071
  5592.269 	      0.057
  5593.273 	      0.021
  5594.277 	     -0.002
  5595.281 	      0.032
  5596.286 	      0.054
  5597.290 	      0.053
  5598.295 	      0.077
  5599.300 	      0.093
  5600.305 	      0.068
  5601.310 	      0.023
  5602.315 	      0.014
  5603.321 	      0.031
  5604.327 	      0.053
  5605.333 	      0.028
  5606.339 	      0.029
  5607.345 	      0.037
  5608.352 	      0.002
  5609.358 	     -0.037
  5610.365 	     -0.048
  5611.372 	     -0.045
  5612.379 	     -0.042
  5613.387 	     -0.044
  5614.394 	     -0.012
  5615.402 	      0.024
  5616.410 	      0.041
  5617.418 	      0.039
  5618.427 	      0.071
  5619.435 	      0.065
  5620.444 	      0.055
  5621.453 	      0.039
  5622.462 	      0.051
  5623.471 	      0.027
  5624.480 	      0.012
  5625.490 	     -0.020
  5626.499 	     -0.026
  5627.509 	     -0.048
  5628.520 	     -0.048
  5629.530 	     -0.018
  5630.540 	      0.007
  5631.551 	      0.010
  5632.562 	      0.018
  5633.573 	      0.015
  5634.584 	     -0.029
  5635.595 	     -0.038
  5636.607 	     -0.029
  5637.619 	     -0.004
  5638.631 	      0.006
  5639.643 	      0.010
  5640.655 	     -0.015
  5641.668 	     -0.003
  5642.680 	     -0.035
  5643.693 	     -0.026
  5644.706 	      0.001
  5645.719 	      0.023
  5646.733 	      0.015
  5647.746 	      0.017
  5648.760 	     -0.007
  5649.774 	     -0.031
  5650.788 	     -0.030
  5651.802 	     -0.055
  5652.817 	     -0.052
  5653.831 	     -0.048
  5654.846 	     -0.043
  5655.861 	     -0.030
  5656.876 	     -0.027
  5657.892 	      0.010
  5658.907 	      0.053
  5659.923 	      0.057
  5660.939 	      0.041
  5661.955 	      0.058
  5662.972 	      0.044
  5663.988 	      0.022
  5665.005 	      0.000
  5666.022 	      0.011
  5667.039 	      0.006
  5668.056 	     -0.033
  5669.073 	     -0.026
  5670.091 	     -0.026
  5671.109 	     -0.028
  5672.126 	     -0.051
  5673.145 	     -0.065
  5674.163 	     -0.102
  5675.181 	     -0.084
  5676.200 	     -0.064
  5677.219 	     -0.018
  5678.238 	      0.020
  5679.257 	      0.028
  5680.277 	      0.032
  5681.296 	      0.040
  5682.316 	      0.018
  5683.336 	      0.029
  5684.356 	      0.043
  5685.376 	      0.050
  5686.397 	      0.037
  5687.418 	      0.019
  5688.438 	     -0.009
  5689.459 	     -0.017
  5690.481 	     -0.025
  5691.502 	     -0.033
  5692.524 	     -0.034
  5693.545 	     -0.026
  5694.567 	     -0.019
  5695.590 	     -0.019
  5696.612 	     -0.011
  5697.634 	      0.005
  5698.657 	      0.008
  5699.680 	     -0.010
  5700.703 	     -0.033
  5701.726 	     -0.029
  5702.750 	     -0.020
  5703.773 	     -0.021
  5704.797 	     -0.012
  5705.821 	     -0.021
  5706.845 	     -0.059
  5707.870 	     -0.088
  5708.894 	     -0.098
  5709.919 	     -0.094
  5710.944 	     -0.069
  5711.969 	     -0.016
  5712.994 	      0.010
  5714.020 	      0.046
  5715.045 	      0.036
  5716.071 	      0.011
  5717.097 	     -0.011
  5718.123 	     -0.005
  5719.150 	     -0.031
  5720.176 	     -0.020
  5721.203 	      0.028
  5722.230 	      0.032
  5723.257 	      0.038
  5724.284 	      0.048
  5725.312 	      0.058
  5726.340 	      0.035
  5727.367 	      0.028
  5728.396 	      0.030
  5729.424 	      0.036
  5730.452 	      0.030
  5731.481 	      0.012
  5732.510 	     -0.004
  5733.538 	     -0.034
  5734.568 	     -0.067
  5735.597 	     -0.072
  5736.626 	     -0.072
  5737.656 	     -0.076
  5738.686 	     -0.092
  5739.716 	     -0.088
  5740.746 	     -0.094
  5741.777 	     -0.112
  5761.390 	     -0.065
  5762.425 	     -0.054
  5763.459 	     -0.069
  5764.493 	     -0.063
  5765.528 	     -0.056
  5766.563 	     -0.085
  5767.598 	     -0.110
  5768.633 	     -0.143
  5769.669 	     -0.162
  5770.704 	     -0.167
  5771.740 	     -0.171
  5772.776 	     -0.167
  5773.812 	     -0.137
  5774.849 	     -0.138
  5775.885 	     -0.130
  5776.922 	     -0.088
  5777.959 	     -0.048
  5778.996 	     -0.053
  5780.033 	     -0.057
  5781.071 	     -0.076
  5782.109 	     -0.121
  5783.146 	     -0.150
  5784.185 	     -0.153
  5785.223 	     -0.144
  5786.261 	     -0.126
  5787.300 	     -0.112
  5788.339 	     -0.115
  5789.378 	     -0.113
  5790.417 	     -0.106
  5791.456 	     -0.099
  5792.496 	     -0.101
  5793.535 	     -0.121
  5794.575 	     -0.145
  5795.615 	     -0.155
  5796.656 	     -0.156
  5797.696 	     -0.139
  5798.737 	     -0.115
  5799.778 	     -0.092
  5800.819 	     -0.099
  5801.860 	     -0.113
  5802.901 	     -0.095
  5803.943 	     -0.067
  5804.985 	     -0.080
  5806.027 	     -0.081
  5807.069 	     -0.088
  5808.111 	     -0.112
  5809.154 	     -0.118
  5810.196 	     -0.115
  5811.239 	     -0.102
  5812.282 	     -0.104
  5813.326 	     -0.131
  5814.369 	     -0.156
  5815.413 	     -0.159
  5816.457 	     -0.152
  5817.501 	     -0.137
  5818.545 	     -0.123
  5819.589 	     -0.118
  5820.634 	     -0.112
  5821.679 	     -0.110
  5822.724 	     -0.102
  5823.769 	     -0.073
  5824.814 	     -0.038
  5825.860 	     -0.031
  5826.905 	     -0.033
  5827.951 	     -0.051
  5828.997 	     -0.093
  5830.044 	     -0.131
  5831.090 	     -0.153
  5832.137 	     -0.168
  5833.184 	     -0.162
  5834.231 	     -0.129
  5835.278 	     -0.101
  5836.325 	     -0.081
  5837.373 	     -0.077
  5838.421 	     -0.088
  5839.469 	     -0.096
  5840.517 	     -0.095
  5841.565 	     -0.077
  5842.614 	     -0.038
  5843.663 	     -0.026
  5844.711 	     -0.043
  5845.761 	     -0.065
  5846.810 	     -0.098
  5847.859 	     -0.136
  5848.909 	     -0.155
  5849.959 	     -0.156
  5851.009 	     -0.146
  5852.059 	     -0.141
  5853.110 	     -0.129
  5854.160 	     -0.106
  5855.211 	     -0.110
  5856.262 	     -0.104
  5857.313 	     -0.089
  5858.364 	     -0.062
  5859.416 	     -0.000
  5860.468 	      0.064
  5861.520 	      0.058
  5862.572 	      0.023
  5863.624 	     -0.042
  5864.677 	     -0.120
  5865.729 	     -0.157
  5866.782 	     -0.159
  5867.835 	     -0.147
  5868.888 	     -0.122
  5869.942 	     -0.108
  5870.996 	     -0.110
  5872.049 	     -0.113
  5873.103 	     -0.115
  5874.158 	     -0.124
  5875.212 	     -0.116
  5876.267 	     -0.107
  5877.321 	     -0.108
  5878.376 	     -0.122
  5879.431 	     -0.116
  5889.993 	     -0.131
  5891.051 	     -0.121
  5892.108 	     -0.116
  5893.166 	     -0.184
  5894.223 	     -0.271
  5895.281 	     -0.310
  5896.340 	     -0.303
  5897.398 	     -0.269
  5898.456 	     -0.214
  5899.515 	     -0.177
  5900.574 	     -0.139
  5901.633 	     -0.108
  5902.693 	     -0.082
  5903.752 	     -0.044
  5904.812 	      0.013
  5905.872 	      0.003
  5906.932 	      0.015
  5907.992 	      0.090
  5909.052 	      0.111
  5910.113 	      0.094
  5911.174 	      0.103
  5912.235 	      0.098
  5913.296 	      0.049
  5914.358 	      0.010
  5915.419 	     -0.010
  5916.481 	     -0.017
  5917.543 	     -0.021
  5918.605 	     -0.042
  5919.668 	     -0.043
  5920.730 	     -0.055
  5921.793 	     -0.085
  5922.856 	     -0.084
  5923.919 	     -0.031
  5924.982 	     -0.012
  5926.046 	      0.028
  5927.109 	      0.051
  5928.173 	      0.099
  5929.237 	      0.128
  5930.302 	      0.134
  5931.366 	      0.104
  5932.431 	      0.054
  5933.496 	     -0.013
  5934.561 	     -0.058
  5935.626 	     -0.095
  5936.691 	     -0.092
  5937.757 	     -0.056
  5938.823 	     -0.025
  5939.889 	      0.011
  5940.955 	      0.061
  5942.021 	      0.052
  5943.088 	      0.053
  5944.155 	      0.054
  5945.222 	      0.004
  5946.289 	      0.019
  5947.356 	      0.059
  5948.424 	      0.077
  5949.491 	      0.083
  5950.559 	      0.088
  5951.627 	      0.033
  5952.696 	     -0.030
  5953.764 	     -0.064
  5954.833 	     -0.063
  5955.902 	     -0.062
  5956.971 	     -0.037
  5958.040 	     -0.055
  5959.109 	     -0.047
  5960.179 	     -0.029
  5961.249 	     -0.000
  5962.319 	      0.057
  5963.389 	      0.096
  5964.460 	      0.093
  5965.530 	      0.078
  5966.601 	      0.044
  5967.672 	      0.019
  5968.743 	      0.042
  5969.814 	      0.053
  5970.886 	      0.084
  5971.958 	      0.136
  5973.030 	      0.116
  5974.102 	      0.085
  5975.174 	      0.067
  5976.247 	      0.033
  5977.319 	     -0.013
  5978.392 	     -0.030
  5979.465 	     -0.038
  5980.539 	     -0.033
  5981.612 	     -0.024
  5982.686 	     -0.021
  5983.760 	     -0.005
  5984.834 	     -0.019
  5985.908 	     -0.033
  5986.982 	     -0.023
  5988.057 	     -0.025
  5989.132 	     -0.011
  5990.207 	      0.006
  5991.282 	     -0.001
  5992.358 	     -0.005
  5993.433 	      0.000
  5994.509 	     -0.010
  5995.585 	      0.017
  5996.661 	      0.081
  5997.738 	      0.115
  5998.814 	      0.120
  5999.891 	      0.113
  6000.968 	      0.065
  6002.045 	      0.021
  6003.122 	      0.035
  6004.200 	      0.057
  6005.278 	      0.061
  6006.356 	      0.060
  6007.434 	      0.037
  6008.512 	     -0.004
  6009.590 	     -0.034
  6010.669 	     -0.025
  6011.748 	      0.011
  6012.827 	      0.038
  6013.906 	      0.050
  6014.986 	      0.053
  6016.066 	      0.047
  6017.145 	      0.035
  6018.225 	      0.032
  6019.306 	      0.035
  6020.386 	      0.032
  6021.467 	      0.022
  6022.548 	      0.017
  6023.629 	      0.028
  6024.710 	      0.039
  6025.791 	      0.033
  6026.873 	      0.029
  6027.955 	      0.037
  6029.037 	      0.048
  6030.119 	      0.065
  6031.201 	      0.089
  6032.284 	      0.097
  6033.367 	      0.084
  6034.450 	      0.073
  6035.533 	      0.074
  6036.616 	      0.080
  6037.700 	      0.077
  6038.783 	      0.059
  6039.867 	      0.032
  6040.951 	      0.016
  6042.036 	      0.016
  6043.120 	      0.021
  6044.205 	      0.019
  6045.290 	      0.010
  6046.375 	      0.005
  6047.460 	      0.018
  6048.546 	      0.060
  6049.631 	      0.119
  6050.717 	      0.171
  6051.803 	      0.196
  6052.890 	      0.179
  6053.976 	      0.130
  6055.063 	      0.093
  6056.150 	      0.087
  6057.237 	      0.099
  6058.324 	      0.117
  6059.411 	      0.137
  6060.499 	      0.144
  6061.587 	      0.129
  6062.675 	      0.111
  6063.763 	      0.106
  6064.852 	      0.106
  6065.940 	      0.099
  6067.029 	      0.093
  6068.118 	      0.082
  6069.207 	      0.056
  6070.297 	      0.021
  6071.386 	      0.012
  6072.476 	      0.036
  6073.566 	      0.065
  6074.656 	      0.082
  6075.747 	      0.094
  6076.837 	      0.095
  6077.928 	      0.097
  6079.019 	      0.130
  6080.110 	      0.179
  6081.201 	      0.208
  6082.293 	      0.214
  6083.385 	      0.200
  6084.477 	      0.185
  6085.569 	      0.183
  6086.661 	      0.185
  6087.754 	      0.173
  6088.846 	      0.149
  6089.939 	      0.126
  6091.032 	      0.107
  6092.126 	      0.093
  6093.219 	      0.091
  6094.313 	      0.091
  6095.407 	      0.083
  6096.501 	      0.073
  6097.595 	      0.076
  6098.690 	      0.092
  6099.784 	      0.107
  6100.879 	      0.122
  6101.974 	      0.148
  6103.070 	      0.178
  6104.165 	      0.187
  6105.261 	      0.186
  6106.357 	      0.174
  6107.453 	      0.159
  6108.549 	      0.136
  6109.646 	      0.130
  6110.742 	      0.105
  6111.839 	      0.098
  6112.936 	      0.092
  6158.085 	      0.089
  6159.190 	      0.130
  6160.296 	      0.128
  6161.402 	      0.099
  6162.508 	      0.116
  6163.614 	      0.152
  6164.720 	      0.161
  6165.827 	      0.141
  6166.933 	      0.107
  6168.040 	      0.074
  6169.148 	      0.058
  6170.255 	      0.061
  6171.362 	      0.066
  6172.470 	      0.068
  6173.578 	      0.071
  6174.686 	      0.074
  6175.795 	      0.090
  6176.903 	      0.128
  6178.012 	      0.156
  6179.121 	      0.159
  6180.230 	      0.156
  6181.339 	      0.173
  6182.449 	      0.194
  6183.558 	      0.203
  6184.668 	      0.207
  6185.778 	      0.202
  6186.889 	      0.171
  6187.999 	      0.130
  6189.110 	      0.116
  6190.221 	      0.116
  6191.332 	      0.117
  6192.443 	      0.123
  6193.555 	      0.126
  6194.667 	      0.135
  6195.779 	      0.158
  6196.891 	      0.175
  6198.003 	      0.176
  6199.116 	      0.179
  6200.228 	      0.177
  6201.341 	      0.164
  6202.454 	      0.161
  6203.568 	      0.156
  6204.681 	      0.134
  6205.795 	      0.111
  6206.909 	      0.102
  6208.023 	      0.119
  6209.137 	      0.158
  6210.252 	      0.185
  6211.366 	      0.184
  6212.481 	      0.168
  6213.596 	      0.154
  6214.712 	      0.151
  6215.827 	      0.157
  6216.943 	      0.154
  6218.059 	      0.128
  6219.175 	      0.104
  6220.291 	      0.102
  6320.450 	      0.011
  6321.585 	      0.051
  6322.719 	      0.114
  6323.854 	      0.193
  6324.989 	      0.258
  6326.125 	      0.268
  6327.260 	      0.186
  6328.396 	      0.098
  6329.532 	      0.017
  6330.668 	     -0.044
  6331.804 	     -0.045
  6332.941 	     -0.010
  6334.078 	      0.034
  6335.215 	      0.088
  6336.352 	      0.108
  6337.489 	      0.118
  6338.627 	      0.141
  6339.764 	      0.155
  6340.902 	      0.160
  6342.041 	      0.177
  6343.179 	      0.182
  6344.317 	      0.145
  6345.456 	      0.133
  6346.595 	      0.161
  6347.734 	      0.184
  6348.874 	      0.197
  6350.013 	      0.225
  6351.153 	      0.259
  6352.293 	      0.252
  6353.433 	      0.215
  6354.574 	      0.211
  6355.714 	      0.300
  6356.855 	      0.478
  6357.996 	      0.688
  6359.138 	      0.850
  6360.279 	      0.806
  6361.421 	      0.525
  6362.563 	      0.208
  6363.705 	     -0.039
  6364.847 	     -0.172
  6365.989 	     -0.187
  6367.132 	     -0.138
  6368.275 	     -0.089
  6369.418 	     -0.044
  6370.561 	     -0.004
  6371.705 	      0.025
  6372.848 	      0.081
  6373.992 	      0.119
  6375.136 	      0.126
  6376.281 	      0.134
  6377.425 	      0.127
  6378.570 	      0.134
  6379.715 	      0.123
  6380.860 	      0.136
  6382.005 	      0.149
  6383.151 	      0.103
  6384.297 	      0.062
  6385.443 	      0.033
  6386.589 	      0.003
  6387.735 	     -0.019
  6388.882 	      0.025
  6390.028 	      0.060
  6391.175 	      0.094
  6392.323 	      0.129
  6393.470 	      0.105
  6394.618 	      0.091
  6395.765 	      0.101
  6396.913 	      0.096
  6398.062 	      0.099
  6399.210 	      0.118
  6400.359 	      0.135
  6401.508 	      0.125
  6402.657 	      0.144
  6403.806 	      0.196
  6404.955 	      0.180
  6406.105 	      0.169
  6407.255 	      0.150
  6408.405 	      0.100
  6409.555 	      0.091
  6410.706 	      0.078
  6411.856 	      0.088
  6413.007 	      0.118
  6414.158 	      0.112
  6415.310 	      0.100
  6416.461 	      0.090
  6417.613 	      0.087
  6418.765 	      0.082
  6419.917 	      0.098
  6421.069 	      0.111
  6422.222 	      0.110
  6423.375 	      0.120
  6424.528 	      0.136
  6425.681 	      0.140
  6426.834 	      0.142
  6427.988 	      0.152
  6429.142 	      0.161
  6430.296 	      0.170
  6431.450 	      0.193
  6432.604 	      0.196
  6433.759 	      0.181
  6434.914 	      0.178
  6436.069 	      0.165
  6437.224 	      0.161
  6438.380 	      0.148
  6439.535 	      0.145
  6440.691 	      0.129
  6441.847 	      0.083
  6443.003 	      0.074
  6444.160 	      0.075
  6445.317 	      0.061
  6446.474 	      0.074
  6447.631 	      0.063
  6448.788 	      0.034
  6449.945 	      0.022
  6451.103 	     -0.005
  6452.261 	      0.000
  6453.419 	      0.043
  6454.578 	      0.080
  6455.736 	      0.112
  6456.895 	      0.128
  6458.054 	      0.129
  6459.213 	      0.149
  6460.373 	      0.148
  6461.532 	      0.126
  6462.692 	      0.096
  6463.852 	      0.062
  6465.012 	      0.035
  6466.173 	      0.017
  6467.333 	     -0.021
  6468.494 	     -0.061
  6469.655 	     -0.099
  6470.817 	     -0.122
  6471.978 	     -0.108
  6473.140 	     -0.096
  6474.302 	     -0.094
  6475.464 	     -0.098
  6476.626 	     -0.109
  6477.789 	     -0.104
  6478.951 	     -0.112
  6480.114 	     -0.136
  6481.277 	     -0.139
  6563.219 	     -0.144
  6564.397 	     -0.114
  6565.576 	     -0.105
  6566.754 	     -0.107
  6567.933 	     -0.102
  6569.112 	     -0.112
  6570.291 	     -0.091
  6571.470 	     -0.020
  6572.650 	      0.040
  6573.830 	      0.090
  6575.010 	      0.142
  6576.190 	      0.142
  6577.370 	      0.140
  6578.551 	      0.135
  6579.732 	      0.128
  6580.913 	      0.118
  6582.094 	      0.106
  6583.275 	      0.094
  6584.457 	      0.085
  6585.639 	      0.077
  6586.821 	      0.069
  6588.003 	      0.073
  6589.186 	      0.080
  6590.368 	      0.084
  6591.551 	      0.088
  6592.735 	      0.084
  6593.918 	      0.063
  6595.102 	      0.047
  6596.285 	      0.062
  6597.469 	      0.089
  6598.654 	      0.116
  6599.838 	      0.155
  6601.023 	      0.177
  6602.207 	      0.164
  6603.393 	      0.159
  6604.578 	      0.156
  6605.763 	      0.158
  6606.949 	      0.240
  6608.135 	      0.409
  6609.321 	      0.592
  6610.507 	      0.717
  6611.694 	      0.710
  6612.881 	      0.566
  6614.068 	      0.391
  6615.255 	      0.215
  6616.442 	      0.128
  6617.630 	      0.172
  6618.818 	      0.268
  6620.006 	      0.464
  6621.194 	      0.902
  6622.383 	      1.846
  6623.571 	      2.920
  6624.760 	      3.803
  6625.949 	      3.992
  6627.139 	      3.418
  6628.328 	      2.333
  6629.518 	      1.180
  6630.708 	      0.522
  6631.898 	      0.274
  6633.089 	      0.190
  6634.279 	      0.139
  6635.470 	      0.102
  6636.661 	      0.119
  6637.852 	      0.090
  6639.044 	      0.081
  6640.235 	      0.138
  6641.427 	      0.296
  6642.619 	      0.774
  6643.812 	      1.454
  6645.004 	      2.090
  6646.197 	      2.391
  6647.390 	      2.237
  6648.583 	      1.611
  6649.777 	      0.949
  6650.970 	      0.504
  6652.164 	      0.307
  6653.358 	      0.230
  6654.552 	      0.167
  6655.747 	      0.106
  6656.941 	      0.079
  6658.136 	      0.067
  6659.331 	      0.059
  6660.527 	      0.047
  6661.722 	      0.030
  6662.918 	      0.033
  6664.114 	      0.046
  6665.310 	      0.078
  6666.507 	      0.112
  6667.703 	      0.108
  6668.900 	      0.083
  6670.097 	      0.051
  6671.294 	      0.015
  6672.492 	     -0.000
  6673.689 	      0.010
  6674.887 	      0.014
  6676.086 	     -0.004
  6677.284 	     -0.009
  6678.482 	      0.003
  6679.681 	      0.004
  6680.880 	      0.012
  6682.079 	      0.022
  6683.279 	     -0.003
  6684.478 	     -0.007
  6685.678 	      0.027
  6686.878 	      0.042
  6688.079 	      0.061
  6689.279 	      0.088
  6690.480 	      0.073
  6691.681 	      0.051
  6692.882 	      0.030
  6694.083 	     -0.000
  6695.285 	     -0.006
  6696.486 	     -0.013
  6697.688 	     -0.010
  6698.891 	      0.002
  6700.093 	      0.012
  6701.296 	      0.028
  6702.499 	      0.024
  6703.702 	     -0.004
  6704.905 	     -0.003
  6706.108 	      0.018
  6707.312 	      0.023
  6708.516 	      0.056
  6709.720 	      0.070
  6710.925 	      0.082
  6712.129 	      0.089
  6713.334 	      0.049
  6714.539 	      0.027
  6715.744 	     -0.019
  6716.950 	     -0.039
  6718.155 	     -0.029
  6719.361 	     -0.033
  6720.567 	     -0.024
  6721.774 	     -0.003
  6722.980 	      0.034
  6724.187 	      0.079
  6725.394 	      0.101
  6726.601 	      0.095
  6727.808 	      0.081
  6729.016 	      0.050
  6730.224 	     -0.007
  6731.432 	     -0.041
  6732.640 	     -0.053
  6733.849 	     -0.048
  6735.057 	     -0.031
  6736.266 	     -0.006
  6737.475 	      0.014
  6738.685 	      0.049
  6739.894 	      0.098
  6741.104 	      0.116
  6742.314 	      0.086
  6743.524 	      0.057
  6744.735 	      0.016
  6745.945 	      0.011
  6747.156 	      0.048
  6748.367 	      0.040
  6749.579 	      0.008
  6750.790 	      0.009
  6752.002 	     -0.010
  6753.214 	     -0.000
  6754.426 	      0.052
  6755.638 	      0.025
  6756.851 	     -0.012
  6758.064 	     -0.056
  6759.277 	     -0.120
  6760.490 	     -0.139
  6761.704 	     -0.140
  6762.917 	     -0.119
  6764.131 	     -0.078
  6765.345 	     -0.035
  6766.560 	     -0.006
  6767.774 	      0.038
  6768.989 	      0.061
  6770.204 	      0.058
  6771.419 	      0.025
  6772.635 	     -0.028
  6773.851 	     -0.035
  6775.066 	     -0.023
  6776.282 	      0.084
  6777.499 	      0.320
  6778.715 	      0.617
  6779.932 	      0.831
  6781.149 	      0.886
  6782.366 	      0.752
  6783.584 	      0.472
  6784.801 	      0.232
  6786.019 	      0.112
  6787.237 	      0.071
  6788.455 	      0.021
  6789.674 	      0.023
  6790.893 	      0.101
  6792.112 	      0.268
  6793.331 	      0.498
  6794.550 	      0.638
  6795.770 	      0.631
  6796.990 	      0.495
  6798.210 	      0.310
  6799.430 	      0.171
  6800.650 	      0.104
  6801.871 	      0.096
  6803.092 	      0.090
  6804.313 	      0.058
  6805.534 	      0.018
  6806.756 	     -0.031
  6807.978 	     -0.077
  6809.200 	     -0.084
  6978.705 	     -0.149
  6979.957 	     -0.110
  6981.210 	     -0.050
  6982.463 	     -0.026
  6983.717 	     -0.021
  6984.970 	     -0.036
  6986.224 	     -0.059
  6987.478 	     -0.064
  6988.732 	     -0.057
  6989.987 	     -0.045
  6991.241 	     -0.025
  6992.496 	     -0.015
  6993.751 	      0.007
  6995.007 	      0.034
  6996.262 	      0.050
  6997.518 	      0.088
  6998.774 	      0.095
  7000.030 	      0.057
  7001.287 	     -0.001
  7002.544 	     -0.033
  7003.801 	     -0.018
  7005.058 	      0.028
  7006.315 	      0.075
  7007.573 	      0.070
  7008.831 	     -0.003
  7010.089 	     -0.075
  7011.347 	     -0.140
  7012.605 	     -0.170
  7013.864 	     -0.155
  7015.123 	     -0.135
  7016.382 	     -0.093
  7017.642 	     -0.063
  7018.901 	     -0.045
  7020.161 	     -0.025
  7021.421 	     -0.017
  7022.682 	     -0.035
  7023.942 	     -0.052
  7025.203 	     -0.054
  7026.464 	     -0.053
  7027.725 	     -0.027
  7028.987 	     -0.013
  7030.248 	     -0.032
  7031.510 	     -0.057
  7032.772 	     -0.060
  7034.035 	     -0.045
  7035.297 	     -0.012
  7036.560 	      0.014
  7037.823 	      0.017
  7039.086 	      0.018
  7040.350 	      0.003
  7041.614 	      0.031
  7042.877 	      0.044
  7044.142 	      0.041
  7045.406 	      0.045
  7046.671 	      0.013
  7047.936 	      0.002
  7049.201 	      0.032
  7050.466 	      0.062
  7051.731 	      0.064
  7052.997 	      0.054
  7054.263 	      0.020
  7055.529 	     -0.021
  7056.796 	     -0.023
  7058.062 	     -0.010
  7059.329 	     -0.020
  7060.596 	     -0.013
  7061.864 	      0.010
  7063.131 	      0.012
  7064.399 	      0.022
  7065.667 	      0.020
  7066.936 	     -0.004
  7068.204 	     -0.011
  7069.473 	     -0.031
  7070.742 	     -0.077
  7072.011 	     -0.087
  7073.280 	     -0.084
  7074.550 	     -0.078
  7075.820 	     -0.060
  7077.090 	     -0.041
  7078.360 	     -0.067
  7079.631 	     -0.075
  7080.901 	     -0.054
  7082.172 	     -0.027
  7083.444 	      0.010
  7084.715 	      0.047
  7085.987 	      0.057
  7087.259 	      0.011
  7088.531 	     -0.017
  7089.803 	     -0.039
  7091.076 	     -0.041
  7092.349 	     -0.038
  7093.622 	     -0.042
  7094.895 	     -0.042
  7096.168 	     -0.055
  7097.442 	     -0.072
  7098.716 	     -0.089
  7099.990 	     -0.112
  7101.265 	     -0.103
  7102.539 	     -0.058
  7103.814 	      0.011
  7105.089 	      0.075
  7106.365 	      0.082
  7107.640 	      0.049
  7108.916 	      0.004
  7110.192 	     -0.023
  7111.468 	     -0.040
  7112.745 	     -0.056
  7114.021 	     -0.047
  7115.298 	     -0.060
  7116.576 	     -0.050
  7117.853 	     -0.003
  7119.131 	      0.022
  7120.408 	      0.037
  7121.687 	      0.065
  7122.965 	      0.058
  7124.243 	      0.032
  7125.522 	      0.018
  7126.801 	     -0.014
  7128.080 	     -0.039
  7129.360 	     -0.034
  7130.640 	     -0.057
  7131.919 	     -0.074
  7133.200 	     -0.062
  7134.480 	     -0.080
  7135.761 	     -0.054
  7137.041 	     -0.008
  7138.323 	     -0.037
  7139.604 	     -0.034
  7140.885 	     -0.043
  7142.167 	     -0.058
  7143.449 	      0.009
  7144.731 	      0.044
  7146.014 	      0.022
  7147.296 	     -0.017
  7148.579 	     -0.072
  7149.863 	     -0.087
  7151.146 	     -0.037
  7152.430 	     -0.000
  7153.713 	      0.027
  7154.997 	      0.021
  7156.282 	      0.016
  7157.566 	      0.018
  7158.851 	      0.016
  7160.136 	      0.018
  7161.421 	      0.011
  7162.707 	     -0.002
  7163.992 	     -0.027
  7165.278 	     -0.036
  7166.564 	     -0.025
  7167.851 	     -0.017
  7169.137 	     -0.008
  7170.424 	     -0.008
  7171.711 	     -0.024
  7172.998 	     -0.044
  7174.286 	     -0.044
  7175.574 	     -0.035
  7176.862 	     -0.047
  7178.150 	     -0.051
  7179.438 	     -0.073
  7180.727 	     -0.092
  7182.016 	     -0.083
  7183.305 	     -0.073
  7184.595 	     -0.065
  7185.884 	     -0.098
  7187.174 	     -0.115
  7188.464 	     -0.122
  7189.754 	     -0.112
  7191.045 	     -0.085
  7192.336 	     -0.085
  7193.627 	     -0.085
  7194.918 	     -0.082
  7196.209 	     -0.058
  7197.501 	     -0.040
  7198.793 	     -0.036
  7200.085 	     -0.017
  7201.377 	     -0.008
  7202.670 	      0.010
  7203.963 	      0.039
  7205.256 	      0.014
  7206.549 	     -0.014
  7207.843 	     -0.000
  7209.137 	     -0.016
  7210.431 	     -0.010
  7211.725 	     -0.011
  7213.019 	     -0.033
  7214.314 	     -0.019
  7215.609 	     -0.024
  7216.904 	     -0.007
  7218.200 	      0.009
  7219.495 	      0.010
  7220.791 	      0.032
  7222.087 	     -0.008
  7223.384 	     -0.037
  7224.680 	     -0.053
  7225.977 	     -0.097
  7227.274 	     -0.107
  7228.571 	     -0.131
  7229.869 	     -0.099
  7231.166 	      0.125
  7232.464 	      0.445
  7233.763 	      0.751
  7235.061 	      0.886
  7236.360 	      0.842
  7237.659 	      0.708
  7238.958 	      0.590
  7240.257 	      0.368
  7241.557 	      0.008
  7242.857 	     -0.369
  7244.157 	     -0.715
  7245.457 	     -0.778
  7246.757 	     -0.624
  7248.058 	     -0.481
  7249.359 	     -0.403
  7250.660 	     -0.366
  7251.962 	     -0.359
  7253.264 	     -0.347
  7254.566 	     -0.304
  7255.868 	     -0.275
  7257.170 	     -0.237
  7258.473 	     -0.193
  7259.776 	     -0.160
  7261.079 	     -0.126
  7262.382 	     -0.097
  7263.686 	     -0.071
  7264.989 	     -0.056
  7266.293 	     -0.010
  7267.598 	      0.281
  7268.902 	      0.694
  7270.207 	      1.072
  7271.512 	      1.070
  7272.817 	      0.547
  7274.123 	     -0.076
  7275.428 	     -0.554
  7276.734 	     -0.534
  7278.040 	     -0.318
  7279.347 	     -0.193
  7280.653 	     -0.288
  7281.960 	     -0.442
  7283.267 	     -0.533
  7284.575 	     -0.513
  7285.882 	     -0.435
  7287.190 	     -0.344
  7288.498 	     -0.241
  7289.806 	     -0.153
  7291.115 	     -0.100
  7292.423 	     -0.119
  7293.732 	     -0.176
  7295.042 	     -0.127
  7296.351 	     -0.008
  7297.661 	      0.109
  7298.971 	      0.138
  7300.281 	      0.051
  7301.591 	     -0.087
  7302.902 	     -0.160
  7304.212 	     -0.178
  7305.524 	     -0.147
  7306.835 	      0.008
  7308.146 	      0.381
  7309.458 	      0.739
  7310.770 	      0.917
  7312.082 	      0.651
  7313.395 	      0.112
  7314.708 	     -0.429
  7316.021 	     -0.688
  7317.334 	     -0.670
  7318.647 	     -0.579
  7319.961 	     -0.419
  7321.275 	     -0.205
  7322.589 	      0.033
  7323.903 	      0.183
  7325.218 	      0.124
  7326.533 	     -0.047
  7327.848 	     -0.272
  7329.163 	     -0.343
  7330.479 	     -0.298
  7331.795 	     -0.019
  7333.111 	      0.512
  7334.427 	      0.900
  7335.743 	      0.947
  7337.060 	      0.430
  7338.377 	     -0.377
  7339.694 	     -0.808
