WV      	 Sigma   
4184.326	    0.256
4185.077	    0.209
4185.828	    0.326
4186.580	    0.342
4187.331	    0.370
4188.083	    0.307
4188.835	    0.232
4189.586	    0.136
4190.339	    0.199
4191.091	    0.196
4191.843	    0.162
4192.595	    0.033
4193.348	    0.172
4194.101	    0.074
4194.853	    0.159
4195.606	    0.254
4196.359	    0.298
4197.113	    0.269
4197.866	    0.234
4198.620	    0.207
4199.373	    0.047
4200.127	    0.172
4200.881	    0.199
4201.635	    0.119
4202.389	    0.119
4203.143	    0.119
4203.898	    0.057
4204.652	    0.229
4205.407	    0.258
4206.162	    0.341
4206.917	    0.401
4207.672	    0.426
4208.427	    0.428
4209.183	    0.380
4209.938	    0.336
4210.694	    0.336
4211.450	    0.333
4212.206	    0.316
4212.962	    0.298
4213.718	    0.275
4214.474	    0.263
4215.231	    0.207
4215.987	    0.074
4216.744	    0.236
4217.501	    0.209
4218.258	    0.136
4219.015	    0.094
4219.773	    0.196
4220.530	    0.227
4221.288	    0.227
4222.045	    0.243
4222.803	    0.296
4223.561	    0.288
4224.319	    0.300
4225.077	    0.309
4225.836	    0.310
4226.594	    0.403
4227.353	    0.468
4228.112	    0.517
4228.871	    0.554
4229.630	    0.510
4230.389	    0.481
4231.148	    0.404
4231.908	    0.181
4232.667	    0.292
4233.427	    0.359
4234.187	    0.358
4234.947	    0.269
4235.707	    0.172
4236.468	    0.288
4237.228	    0.359
4237.989	    0.408
4238.749	    0.483
4239.510	    0.457
4240.271	    0.413
4241.032	    0.345
4241.793	    0.261
4242.555	    0.190
4243.316	    0.088
4244.078	    0.132
4244.840	    0.144
4245.602	    0.119
4246.364	    0.234
4247.126	    0.397
4247.888	    0.485
4248.651	    0.451
4249.413	    0.389
4250.176	    0.309
4250.939	    0.277
4251.702	    0.128
4252.465	    0.209
4253.229	    0.288
4253.992	    0.193
4254.756	    0.115
4255.519	    0.105
4256.283	    0.105
4257.047	    0.227
4257.811	    0.290
4258.575	    0.285
4259.340	    0.256
4260.104	    0.193
4260.869	    0.178
4261.634	    0.265
4262.399	    0.390
4263.164	    0.439
4263.929	    0.396
4264.695	    0.345
4265.460	    0.341
4266.226	    0.377
4266.991	    0.172
4267.757	    0.088
4268.523	    0.110
4269.290	    0.207
4270.056	    0.382
4270.822	    0.441
4271.589	    0.490
4272.356	    0.535
4273.123	    0.585
4273.890	    0.548
4274.657	    0.513
4275.424	    0.469
4276.191	    0.390
4276.959	    0.324
4277.727	    0.387
4278.494	    0.430
4279.262	    0.419
4280.031	    0.236
4280.799	    0.193
4281.567	    0.175
4282.336	    0.175
4283.104	    0.269
4283.873	    0.115
4284.642	    0.339
4285.411	    0.467
4286.180	    0.464
4286.950	    0.462
4287.719	    0.460
4288.489	    0.433
4289.259	    0.252
4290.029	    0.196
4290.799	    0.152
4291.569	    0.110
4292.339	    0.165
4293.110	    0.245
4293.880	    0.322
4294.651	    0.404
4295.422	    0.494
4296.193	    0.485
4296.964	    0.483
4297.735	    0.473
4298.507	    0.450
4299.278	    0.387
4300.050	    0.337
4300.822	    0.319
4301.594	    0.312
4302.366	    0.277
4303.138	    0.475
4303.910	    0.485
4304.683	    0.431
4305.456	    0.275
4306.229	    0.033
4307.001	    0.115
4307.775	    0.165
4308.548	    0.359
4309.321	    0.271
4310.095	    0.110
4310.868	    0.267
4311.642	    0.333
4312.416	    0.356
4313.190	    0.331
4313.964	    0.329
4314.739	    0.353
4315.513	    0.429
4316.288	    0.461
4317.062	    0.495
4317.837	    0.538
4318.612	    0.586
4319.388	    0.599
4320.163	    0.553
4320.938	    0.514
4321.714	    0.477
4322.490	    0.421
4323.266	    0.339
4324.042	    0.290
4324.818	    0.258
4325.594	    0.245
4326.370	    0.296
4327.147	    0.300
4327.924	    0.303
4328.700	    0.309
4329.477	    0.349
4330.255	    0.409
4331.032	    0.386
4331.809	    0.288
4332.587	    0.115
4333.364	    0.148
4334.142	    0.094
4334.920	    0.057
4335.698	    0.047
4336.477	    0.124
4337.255	    0.292
4338.034	    0.290
4338.812	    0.119
4339.591	    0.241
4340.370	    0.337
4341.149	    0.271
4341.928	    0.094
4342.708	    0.074
4343.487	    0.386
4344.267	    0.422
4345.046	    0.451
4345.826	    0.487
4346.606	    0.370
4347.387	    0.321
4348.167	    0.265
4348.947	    0.222
4349.728	    0.271
4350.509	    0.181
4351.290	    0.159
4352.071	    0.165
4352.852	    0.187
4353.633	    0.204
4354.415	    0.199
4355.196	    0.303
4355.978	    0.424
4356.760	    0.490
4357.542	    0.456
4358.324	    0.391
4359.106	    0.329
4359.889	    0.310
4360.671	    0.263
4361.454	    0.312
4362.237	    0.362
4363.020	    0.411
4363.803	    0.452
4364.587	    0.461
4365.370	    0.428
4366.153	    0.355
4366.937	    0.204
4367.721	    0.119
4368.505	    0.207
4369.289	    0.265
4370.073	    0.321
4370.858	    0.441
4371.642	    0.462
4372.427	    0.502
4373.212	    0.541
4373.997	    0.568
4374.782	    0.572
4375.567	    0.540
4376.353	    0.553
4377.138	    0.596
4377.924	    0.569
4378.710	    0.598
4379.496	    0.629
4380.282	    0.667
4381.068	    0.719
4381.854	    0.706
4382.641	    0.660
4383.428	    0.604
4384.214	    0.549
4385.001	    0.528
4385.788	    0.477
4386.576	    0.466
4387.363	    0.486
4388.151	    0.533
4388.938	    0.508
4389.726	    0.441
4390.514	    0.374
4391.302	    0.310
4392.090	    0.258
4392.879	    0.136
4393.667	    0.128
4394.456	    0.148
4395.245	    0.172
4396.033	    0.193
4396.823	    0.152
4397.612	    0.224
4398.401	    0.288
4399.191	    0.307
4399.980	    0.252
4400.770	    0.181
4401.560	    0.099
4402.350	    0.081
4403.140	    0.169
4403.931	    0.219
4404.721	    0.349
4405.512	    0.413
4406.302	    0.426
4407.093	    0.441
4407.884	    0.431
4408.676	    0.355
4409.467	    0.248
4410.258	    0.219
4411.050	    0.263
4411.842	    0.269
4412.634	    0.290
4413.426	    0.317
4414.218	    0.324
4415.010	    0.287
4415.803	    0.258
4416.595	    0.232
4417.388	    0.199
4418.181	    0.074
4418.974	    0.214
4419.767	    0.309
4420.561	    0.374
4421.354	    0.403
4422.148	    0.349
4422.941	    0.364
4423.735	    0.374
4424.529	    0.361
4425.324	    0.245
4426.118	    0.265
4426.912	    0.353
4427.707	    0.413
4428.502	    0.438
4429.297	    0.407
4430.092	    0.411
4430.887	    0.448
4431.682	    0.479
4432.478	    0.487
4433.273	    0.474
4434.069	    0.506
4434.865	    0.506
4435.661	    0.462
4436.457	    0.314
4437.253	    0.088
4438.050	    0.271
4438.847	    0.389
4439.643	    0.478
4440.440	    0.523
4441.237	    0.496
4442.034	    0.473
4442.832	    0.454
4443.629	    0.440
4444.427	    0.413
4445.225	    0.397
4446.023	    0.401
4446.821	    0.415
4447.619	    0.431
4448.417	    0.441
4449.216	    0.449
4450.014	    0.466
4450.813	    0.491
4451.612	    0.526
4452.411	    0.586
4453.210	    0.612
4454.009	    0.599
4454.809	    0.550
4455.609	    0.456
4456.408	    0.362
4457.208	    0.312
4458.008	    0.275
4458.808	    0.263
4459.609	    0.303
4460.409	    0.361
4461.210	    0.356
4462.011	    0.324
4462.812	    0.273
4463.613	    0.232
4464.414	    0.243
4465.215	    0.277
4466.017	    0.319
4466.818	    0.361
4467.620	    0.396
4468.422	    0.430
4469.224	    0.474
4470.026	    0.521
4470.829	    0.565
4471.631	    0.593
4472.434	    0.576
4473.237	    0.547
4474.039	    0.513
4474.843	    0.479
4475.646	    0.475
4476.449	    0.489
4477.253	    0.520
4478.056	    0.561
4478.860	    0.601
4479.664	    0.628
4480.468	    0.622
4481.272	    0.613
4482.077	    0.599
4482.881	    0.583
4483.686	    0.561
4484.491	    0.542
4485.296	    0.526
4486.101	    0.515
4486.906	    0.506
4487.711	    0.495
4488.517	    0.487
4489.322	    0.478
4490.128	    0.466
4490.934	    0.451
4491.740	    0.383
4492.547	    0.352
4493.353	    0.317
4494.160	    0.279
4494.966	    0.250
4495.773	    0.296
4496.580	    0.382
4497.387	    0.407
4498.194	    0.409
4499.002	    0.411
4499.809	    0.433
4500.617	    0.405
4501.425	    0.347
4502.233	    0.290
4503.041	    0.285
4503.849	    0.367
4504.658	    0.398
4505.466	    0.408
4506.275	    0.416
4507.084	    0.431
4507.893	    0.458
4508.702	    0.446
4509.511	    0.421
4510.321	    0.391
4511.130	    0.368
4511.940	    0.344
4512.750	    0.333
4513.560	    0.342
4514.370	    0.361
4515.180	    0.380
4515.991	    0.384
4516.802	    0.389
4517.612	    0.379
4518.423	    0.341
4519.234	    0.271
4520.045	    0.175
4520.857	    0.209
4521.668	    0.258
4522.480	    0.275
4523.292	    0.267
4524.103	    0.236
4524.916	    0.245
4525.728	    0.267
4526.540	    0.279
4527.353	    0.285
4528.165	    0.300
4528.978	    0.336
4529.791	    0.336
4530.604	    0.310
4531.417	    0.271
4532.231	    0.232
4533.044	    0.252
4533.858	    0.328
4534.672	    0.416
4535.486	    0.492
4536.300	    0.541
4537.114	    0.526
4537.928	    0.475
4538.743	    0.429
4539.558	    0.379
4540.372	    0.321
4541.187	    0.258
4542.002	    0.303
4542.818	    0.370
4543.633	    0.412
4544.449	    0.422
4545.264	    0.398
4546.080	    0.371
4546.896	    0.350
4547.712	    0.310
4548.529	    0.250
4549.345	    0.155
4550.162	    0.140
4550.979	    0.214
4551.795	    0.254
4552.612	    0.267
4553.430	    0.254
4554.247	    0.288
4555.064	    0.326
4555.882	    0.316
4556.700	    0.281
4557.518	    0.239
4558.336	    0.254
4559.154	    0.271
4559.972	    0.243
4560.791	    0.219
4561.609	    0.232
4562.428	    0.305
4563.247	    0.377
4564.066	    0.391
4564.885	    0.398
4565.705	    0.413
4566.524	    0.446
4567.344	    0.484
4568.164	    0.478
4568.984	    0.462
4569.804	    0.446
4570.624	    0.433
4571.445	    0.408
4572.265	    0.379
4573.086	    0.379
4573.907	    0.396
4574.728	    0.411
4575.549	    0.404
4576.370	    0.345
4577.192	    0.303
4578.013	    0.292
4578.835	    0.314
4579.657	    0.347
4580.479	    0.376
4581.301	    0.400
4582.123	    0.408
4582.946	    0.384
4583.768	    0.324
4584.591	    0.207
4585.414	    0.124
4586.237	    0.187
4587.060	    0.248
4587.884	    0.288
4588.707	    0.314
4589.531	    0.344
4590.355	    0.336
4591.179	    0.273
4592.003	    0.144
4592.827	    0.178
4593.651	    0.256
4594.476	    0.267
4595.301	    0.245
4596.125	    0.196
4596.950	    0.081
4597.776	    0.175
4598.601	    0.275
4599.426	    0.334
4600.252	    0.370
4601.078	    0.383
4601.903	    0.374
4602.730	    0.347
4603.556	    0.326
4604.382	    0.316
4605.208	    0.310
4606.035	    0.316
4606.862	    0.334
4607.689	    0.364
4608.516	    0.384
4609.343	    0.403
4610.170	    0.415
4610.998	    0.417
4611.826	    0.405
4612.653	    0.371
4613.481	    0.331
4614.309	    0.277
4615.138	    0.219
4615.966	    0.184
4616.795	    0.229
4617.623	    0.324
4618.452	    0.380
4619.281	    0.403
4620.110	    0.398
4620.940	    0.371
4621.769	    0.326
4622.599	    0.277
4623.428	    0.236
4624.258	    0.219
4625.088	    0.222
4625.918	    0.224
4626.749	    0.193
4627.579	    0.155
4628.410	    0.140
4629.241	    0.162
4630.072	    0.209
4630.903	    0.263
4631.734	    0.296
4632.565	    0.312
4633.397	    0.319
4634.229	    0.322
4635.060	    0.328
4635.892	    0.352
4636.724	    0.396
4637.557	    0.429
4638.389	    0.444
4639.222	    0.434
4640.054	    0.401
4640.887	    0.371
4641.720	    0.367
4642.553	    0.371
4643.387	    0.387
4644.220	    0.411
4645.054	    0.431
4645.888	    0.426
4646.722	    0.411
4647.556	    0.396
4648.390	    0.382
4649.224	    0.368
4650.059	    0.371
4650.893	    0.398
4651.728	    0.401
4652.563	    0.373
4653.398	    0.324
4654.234	    0.279
4655.069	    0.285
4655.905	    0.294
4656.740	    0.287
4657.576	    0.292
4658.412	    0.317
4659.248	    0.358
4660.085	    0.371
4660.921	    0.350
4661.758	    0.336
4662.594	    0.326
4663.431	    0.312
4664.268	    0.271
4665.106	    0.169
4665.943	    0.081
4666.781	    0.033
4667.618	    0.033
4668.456	    0.057
4669.294	    0.081
4670.132	    0.081
4670.970	    0.181
4671.809	    0.248
4672.647	    0.305
4673.486	    0.356
4674.325	    0.407
4675.164	    0.444
4676.003	    0.450
4676.843	    0.436
4677.682	    0.403
4678.522	    0.342
4679.361	    0.252
4680.201	    0.178
4681.041	    0.169
4681.882	    0.128
4682.722	    0.110
4683.563	    0.196
4684.403	    0.342
4685.244	    0.345
4686.085	    0.334
4686.926	    0.342
4687.767	    0.333
4688.609	    0.279
4689.450	    0.152
4690.292	    0.190
4691.134	    0.140
4691.976	    0.248
4692.818	    0.261
4693.661	    0.219
4694.503	    0.187
4695.346	    0.288
4696.189	    0.184
4697.032	    0.128
4697.875	    0.175
4698.718	    0.124
4699.561	    0.033
4700.405	    0.165
4701.249	    0.124
4702.092	    0.119
4702.936	    0.152
4703.781	    0.172
4704.625	    0.252
4705.469	    0.310
4706.314	    0.334
4707.159	    0.322
4708.004	    0.309
4708.849	    0.273
4709.694	    0.193
4710.539	    0.128
4711.385	    0.181
4712.231	    0.227
4713.076	    0.222
4713.922	    0.187
4714.768	    0.115
4715.615	    0.152
4716.461	    0.248
4717.308	    0.285
4718.154	    0.307
4719.001	    0.316
4719.848	    0.307
4720.696	    0.273
4721.543	    0.263
4722.390	    0.219
4723.238	    0.169
4724.086	    0.047
4724.934	    0.169
4725.782	    0.187
4726.630	    0.219
4727.479	    0.199
4728.327	    0.217
4729.176	    0.236
4730.025	    0.265
4730.874	    0.303
4731.723	    0.301
4732.572	    0.322
4733.422	    0.300
4734.271	    0.241
4735.121	    0.115
4735.971	    0.193
4736.821	    0.277
4737.671	    0.265
4738.522	    0.207
4739.372	    0.124
4740.223	    0.074
4741.074	    0.162
4741.925	    0.232
4742.776	    0.250
4743.627	    0.196
4744.479	    0.140
4745.330	    0.105
4746.182	    0.047
4747.034	    0.105
4747.886	    0.148
4748.738	    0.136
4749.591	    0.162
4750.443	    0.217
4751.296	    0.193
4752.149	    0.110
4753.002	    0.099
4753.855	    0.094
4754.708	    0.209
4755.562	    0.236
4756.415	    0.193
4757.269	    0.033
4758.123	    0.196
4758.977	    0.217
4759.831	    0.209
4760.686	    0.115
4761.540	    0.047
4762.395	    0.110
4763.250	    0.140
4764.105	    0.047
4764.960	    0.222
4765.815	    0.243
4766.671	    0.212
4767.526	    0.204
4768.382	    0.229
4769.238	    0.252
4770.094	    0.212
4770.950	    0.136
4771.807	    0.105
4772.663	    0.128
4773.520	    0.224
4774.377	    0.265
4775.234	    0.263
4776.091	    0.263
4776.948	    0.261
4777.805	    0.275
4778.663	    0.283
4779.521	    0.303
4780.379	    0.317
4781.237	    0.307
4782.095	    0.316
4782.953	    0.248
4783.812	    0.212
4784.670	    0.207
4785.529	    0.265
4786.388	    0.331
4787.247	    0.355
4788.107	    0.355
4788.966	    0.331
4789.826	    0.298
4790.686	    0.207
4791.545	    0.081
4792.405	    0.057
4793.266	    0.074
4794.126	    0.088
4794.987	    0.207
4795.847	    0.314
4796.708	    0.271
4797.569	    0.193
4798.430	    0.252
4799.292	    0.359
4800.153	    0.339
4801.015	    0.132
4801.876	    0.217
4802.738	    0.209
4803.600	    0.081
4804.463	    0.254
4805.325	    0.342
4806.188	    0.292
4807.050	    0.319
4807.913	    0.248
4808.776	    0.193
4809.639	    0.190
4810.503	    0.181
4811.366	    0.165
4812.230	    0.275
4813.093	    0.331
4813.957	    0.292
4814.821	    0.229
4815.686	    0.196
4816.550	    0.207
4817.415	    0.204
4818.279	    0.128
4819.144	    0.165
4820.009	    0.152
4820.874	    0.148
4821.740	    0.081
4822.605	    0.184
4823.471	    0.267
4824.337	    0.287
4825.203	    0.263
4826.069	    0.288
4826.935	    0.292
4827.801	    0.245
4828.668	    0.136
4829.535	    0.081
4830.401	    0.159
4831.269	    0.236
4832.136	    0.300
4833.003	    0.317
4833.871	    0.298
4834.738	    0.267
4835.606	    0.252
4836.474	    0.209
4837.342	    0.124
4838.210	    0.165
4839.079	    0.248
4839.947	    0.285
4840.816	    0.263
4841.685	    0.178
4842.554	    0.152
4843.423	    0.119
4844.293	    0.212
4845.162	    0.269
4846.032	    0.273
4846.902	    0.239
4847.772	    0.232
4848.642	    0.350
4849.512	    0.345
4850.383	    0.296
4851.253	    0.281
4852.124	    0.288
4852.995	    0.234
4853.866	    0.047
4854.737	    0.169
4855.609	    0.324
4856.480	    0.383
4857.352	    0.352
4858.224	    0.349
4859.096	    0.310
4859.968	    0.193
4860.841	    0.033
4861.713	    0.105
4862.586	    0.136
4863.459	    0.124
4864.332	    0.152
4865.205	    0.165
4866.078	    0.209
4866.951	    0.288
4867.825	    0.309
4868.699	    0.329
4869.573	    0.277
4870.447	    0.288
4871.321	    0.209
4872.195	    0.155
4873.070	    0.279
4873.945	    0.301
4874.819	    0.277
4875.694	    0.288
4876.570	    0.254
4877.445	    0.178
4878.320	    0.099
4879.196	    0.159
4880.072	    0.258
4880.948	    0.252
4881.824	    0.105
4882.700	    0.243
4883.577	    0.227
4884.453	    0.248
4885.330	    0.224
4886.207	    0.119
4887.084	    0.094
4887.961	    0.074
4888.838	    0.190
4889.716	    0.261
4890.594	    0.321
4891.472	    0.326
4892.350	    0.290
4893.228	    0.241
4894.106	    0.199
4894.984	    0.184
4895.863	    0.193
4896.742	    0.227
4897.621	    0.239
4898.500	    0.207
4899.379	    0.081
4900.259	    0.187
4901.138	    0.248
4902.018	    0.326
4902.898	    0.450
4903.778	    0.583
4904.658	    0.723
4905.538	    0.861
4906.419	    0.958
4907.300	    0.986
4908.180	    0.946
4909.061	    0.847
4909.943	    0.663
4910.824	    0.434
4911.705	    0.204
4912.587	    0.204
4913.469	    0.105
4914.351	    0.190
4915.233	    0.290
4916.115	    0.321
4916.998	    0.310
4917.880	    0.301
4918.763	    0.331
4919.646	    0.333
4920.529	    0.326
4921.412	    0.345
4922.295	    0.359
4923.179	    0.326
4924.063	    0.207
4924.947	    0.057
4925.831	    0.155
4926.715	    0.256
4927.599	    0.298
4928.484	    0.229
4929.368	    0.115
4930.253	    0.271
4931.138	    0.217
4932.023	    0.365
4932.908	    0.362
4933.794	    0.279
4934.679	    0.128
4935.565	    0.088
4936.451	    0.128
4937.337	    0.099
4938.223	    0.140
4939.110	    0.178
4939.996	    0.232
4940.883	    0.204
4941.770	    0.204
4942.657	    0.159
4943.544	    0.074
4944.431	    0.105
4945.319	    0.115
4946.207	    0.136
4947.094	    0.209
4947.982	    0.217
4948.871	    0.172
4949.759	    0.352
4950.647	    0.386
4951.536	    0.333
4952.425	    0.281
4953.314	    0.190
4954.203	    0.271
4955.092	    0.345
4955.981	    0.263
4956.871	    0.074
4957.761	    0.136
4958.651	    0.152
4959.541	    0.224
4960.431	    0.199
4961.321	    0.159
4962.212	    0.256
4963.103	    0.250
4963.993	    0.159
4964.884	    0.099
4965.776	    0.178
4966.667	    0.256
4967.558	    0.310
4968.450	    0.199
4969.342	    0.165
4970.234	    0.256
4971.126	    0.252
4972.018	    0.243
4972.911	    0.248
4973.803	    0.219
4974.696	    0.128
4975.589	    0.169
4976.482	    0.263
4977.375	    0.239
4978.269	    0.196
4979.162	    0.172
4980.056	    0.057
4980.950	    0.245
4981.844	    0.317
4982.738	    0.342
4983.633	    0.358
4984.527	    0.319
4985.422	    0.234
4986.317	    0.074
4987.212	    0.217
4988.107	    0.265
4989.002	    0.275
4989.898	    0.234
4990.794	    0.110
4991.689	    0.165
4992.585	    0.275
4993.482	    0.317
4994.378	    0.316
4995.274	    0.296
4996.171	    0.310
4997.068	    0.341
4997.965	    0.326
4998.862	    0.296
4999.759	    0.301
5000.657	    0.292
5001.554	    0.288
5002.452	    0.222
5003.350	    0.128
5004.248	    0.033
5005.146	    0.074
5006.045	    0.136
5006.943	    0.261
5007.842	    0.250
5008.741	    0.234
5009.640	    0.196
5010.539	    0.232
5011.438	    0.201
5012.338	    0.128
5013.238	    0.033
5014.137	    0.047
5015.037	    0.057
5015.938	    0.152
5016.838	    0.099
5017.738	    0.105
5018.639	    0.181
5019.540	    0.222
5020.441	    0.136
5021.342	    0.074
5022.243	    0.152
5023.145	    0.057
5024.046	    0.081
5024.948	    0.066
5025.850	    0.169
5026.752	    0.105
5027.655	    0.110
5028.557	    0.088
5029.460	    0.094
5030.362	    0.124
5031.265	    0.119
5032.168	    0.119
5033.072	    0.159
5033.975	    0.254
5034.879	    0.239
5035.782	    0.294
5036.686	    0.307
5037.590	    0.324
5038.495	    0.305
5039.399	    0.256
5040.304	    0.252
5041.208	    0.196
5042.113	    0.088
5043.018	    0.088
5043.923	    0.243
5044.829	    0.207
5045.734	    0.144
5046.640	    0.105
5047.546	    0.057
5048.452	    0.199
5049.358	    0.277
5050.264	    0.275
5051.171	    0.403
5052.078	    0.461
5052.984	    0.490
5053.891	    0.538
5054.799	    0.583
5055.706	    0.567
5056.613	    0.505
5057.521	    0.448
5058.429	    0.408
5059.337	    0.345
5060.245	    0.269
5061.153	    0.066
5062.062	    0.066
5062.970	    0.105
5063.879	    0.207
5064.788	    0.254
5065.697	    0.243
5066.606	    0.219
5067.516	    0.224
5068.425	    0.155
5069.335	    0.081
5070.245	    0.110
5071.155	    0.115
5072.065	    0.178
5072.976	    0.296
5073.886	    0.364
5074.797	    0.391
5075.708	    0.394
5076.619	    0.371
5077.530	    0.303
5078.442	    0.212
5079.353	    0.128
5080.265	    0.124
5081.177	    0.066
5082.089	    0.144
5083.001	    0.148
5083.914	    0.094
5084.826	    0.178
5085.739	    0.144
5086.652	    0.074
5087.565	    0.081
5088.478	    0.057
5089.391	    0.224
5090.305	    0.234
5091.219	    0.169
5092.132	    0.136
5093.046	    0.148
5093.961	    0.178
5094.875	    0.165
5095.789	    0.165
5096.704	    0.162
5097.619	    0.236
5098.534	    0.219
5099.449	    0.279
5100.364	    0.250
5101.280	    0.204
5102.196	    0.152
5103.111	    0.081
5104.027	    0.074
5104.944	    0.124
5105.860	    0.155
5106.776	    0.148
5107.693	    0.148
5108.610	    0.204
5109.527	    0.124
5110.444	    0.057
5111.361	    0.172
5112.279	    0.261
5113.196	    0.350
5114.114	    0.358
5115.032	    0.305
5115.950	    0.263
5116.868	    0.190
5117.787	    0.033
5118.706	    0.074
5119.624	    0.162
5120.543	    0.245
5121.462	    0.307
5122.382	    0.312
5123.301	    0.307
5124.221	    0.283
5125.141	    0.243
5126.060	    0.193
5126.981	    0.155
5127.901	    0.204
5128.821	    0.124
5129.742	    0.094
5130.663	    0.159
5131.584	    0.222
5132.505	    0.263
5133.426	    0.162
5134.347	    0.088
5135.269	    0.105
5136.191	    0.066
5137.113	    0.057
5138.035	    0.057
5138.957	    0.115
5139.879	    0.165
5140.802	    0.110
5141.725	    0.099
5142.648	    0.081
5143.571	    0.094
5144.494	    0.136
5145.417	    0.159
5146.341	    0.047
5147.265	    0.214
5148.189	    0.290
5149.113	    0.294
5150.037	    0.322
5150.961	    0.352
5151.886	    0.269
5152.811	    0.172
5153.736	    0.172
5154.661	    0.155
5155.586	    0.217
5156.511	    0.190
5157.437	    0.081
5158.363	    0.214
5159.289	    0.243
5160.215	    0.222
5161.141	    0.172
5162.067	    0.136
5162.994	    0.248
5163.921	    0.269
5164.848	    0.172
5165.775	    0.187
5166.702	    0.307
5167.629	    0.347
5168.557	    0.349
5169.485	    0.321
5170.412	    0.267
5171.341	    0.204
5172.269	    0.172
5173.197	    0.236
5174.126	    0.261
5175.054	    0.175
5175.983	    0.140
5176.912	    0.209
5177.842	    0.256
5178.771	    0.279
5179.701	    0.279
5180.630	    0.258
5181.560	    0.227
5182.490	    0.219
5183.421	    0.275
5184.351	    0.328
5185.282	    0.337
5186.212	    0.324
5187.143	    0.364
5188.074	    0.333
5189.006	    0.232
5189.937	    0.124
5190.868	    0.057
5191.800	    0.148
5192.732	    0.181
5193.664	    0.152
5194.596	    0.088
5195.529	    0.088
5196.461	    0.081
5197.394	    0.066
5198.327	    0.047
5199.260	    0.047
5200.193	    0.074
5201.127	    0.088
5202.060	    0.074
5202.994	    0.074
5203.928	    0.088
5204.862	    0.128
5205.796	    0.155
5206.731	    0.172
5207.665	    0.181
5208.600	    0.178
5209.535	    0.169
5210.470	    0.148
5211.405	    0.110
5212.341	    0.057
5213.276	    0.155
5214.212	    0.224
5215.148	    0.277
5216.084	    0.314
5217.021	    0.333
5217.957	    0.339
5218.894	    0.339
5219.830	    0.337
5220.767	    0.334
5221.704	    0.322
5222.642	    0.301
5223.579	    0.269
5224.517	    0.229
5225.454	    0.190
5226.392	    0.162
5227.331	    0.152
5228.269	    0.162
5229.207	    0.193
5230.146	    0.234
5231.085	    0.273
5232.024	    0.300
5232.963	    0.309
5233.902	    0.301
5234.842	    0.305
5235.781	    0.350
5236.721	    0.390
5237.661	    0.373
5238.601	    0.370
5239.541	    0.377
5240.482	    0.324
5241.423	    0.303
5242.363	    0.334
5243.304	    0.386
5244.245	    0.394
5245.187	    0.411
5246.128	    0.401
5247.070	    0.365
5248.012	    0.350
5248.954	    0.336
5249.896	    0.374
5250.838	    0.314
5251.781	    0.294
5252.723	    0.196
5253.666	    0.132
5254.609	    0.057
5255.552	    0.136
5256.496	    0.140
5257.439	    0.169
5258.383	    0.119
5259.327	    0.187
5260.271	    0.277
5261.215	    0.256
5262.159	    0.190
5263.104	    0.159
5264.049	    0.088
5264.994	    0.181
5265.939	    0.224
5266.884	    0.263
5267.829	    0.290
5268.775	    0.321
5269.721	    0.336
5270.666	    0.317
5271.612	    0.172
5272.559	    0.033
5273.505	    0.110
5274.452	    0.115
5275.398	    0.115
5276.345	    0.193
5277.292	    0.292
5278.240	    0.331
5279.187	    0.331
5280.135	    0.341
5281.082	    0.365
5282.030	    0.344
5282.979	    0.252
5283.927	    0.258
5284.875	    0.178
5285.824	    0.081
5286.773	    0.172
5287.722	    0.312
5288.671	    0.376
5289.620	    0.421
5290.569	    0.443
5291.519	    0.424
5292.469	    0.368
5293.419	    0.287
5294.369	    0.207
5295.319	    0.148
5296.270	    0.094
5297.220	    0.224
5298.171	    0.256
5299.122	    0.265
5300.073	    0.305
5301.025	    0.345
5301.976	    0.296
5302.928	    0.263
5303.880	    0.263
5304.832	    0.250
5305.784	    0.234
5306.736	    0.219
5307.689	    0.232
5308.642	    0.224
5309.595	    0.124
5310.548	    0.081
5311.501	    0.081
5312.454	    0.105
5313.408	    0.152
5314.362	    0.057
5315.315	    0.219
5316.270	    0.222
5317.224	    0.222
5318.178	    0.229
5319.133	    0.277
5320.088	    0.294
5321.043	    0.287
5321.998	    0.285
5322.953	    0.277
5323.908	    0.207
5324.864	    0.047
5325.820	    0.165
5326.776	    0.169
5327.732	    0.152
5328.688	    0.152
5329.645	    0.105
5330.601	    0.119
5331.558	    0.159
5332.515	    0.207
5333.472	    0.162
5334.430	    0.152
5335.387	    0.277
5336.345	    0.317
5337.303	    0.356
5338.261	    0.415
5339.219	    0.393
5340.177	    0.352
5341.136	    0.355
5342.094	    0.333
5343.053	    0.271
5344.012	    0.229
5344.972	    0.234
5345.931	    0.222
5346.891	    0.207
5347.850	    0.219
5348.810	    0.209
5349.770	    0.162
5350.731	    0.099
5351.691	    0.066
5352.652	    0.074
5353.612	    0.148
5354.573	    0.159
5355.535	    0.115
5356.496	    0.190
5357.457	    0.207
5358.419	    0.224
5359.381	    0.283
5360.343	    0.329
5361.305	    0.333
5362.267	    0.314
5363.230	    0.277
5364.192	    0.241
5365.155	    0.250
5366.118	    0.287
5367.081	    0.328
5368.045	    0.368
5369.008	    0.380
5369.972	    0.345
5370.936	    0.301
5371.900	    0.263
5372.864	    0.234
5373.829	    0.252
5374.793	    0.300
5375.758	    0.271
5376.723	    0.204
5377.688	    0.165
5378.653	    0.105
5379.619	    0.088
5380.584	    0.057
5381.550	    0.033
5382.516	    0.159
5383.482	    0.172
5384.449	    0.057
5385.415	    0.389
5386.382	    0.506
5387.349	    0.552
5388.316	    0.629
5389.283	    0.692
5390.250	    0.645
5391.218	    0.530
5392.185	    0.487
5393.153	    0.474
5394.121	    0.413
5395.090	    0.356
5396.058	    0.317
5397.027	    0.312
5397.995	    0.288
5398.964	    0.217
5399.933	    0.217
5400.903	    0.245
5401.872	    0.279
5402.842	    0.229
5403.811	    0.245
5404.781	    0.193
5405.751	    0.066
5406.722	    0.115
5407.692	    0.119
5408.663	    0.207
5409.634	    0.245
5410.605	    0.254
5411.576	    0.317
5412.547	    0.389
5413.519	    0.394
5414.491	    0.347
5415.462	    0.275
5416.434	    0.190
5417.407	    0.047
5418.379	    0.094
5419.352	    0.162
5420.324	    0.261
5421.297	    0.319
5422.270	    0.303
5423.244	    0.252
5424.217	    0.209
5425.191	    0.124
5426.165	    0.148
5427.139	    0.119
5428.113	    0.148
5429.087	    0.222
5430.062	    0.184
5431.036	    0.196
5432.011	    0.209
5432.986	    0.222
5433.961	    0.124
5434.937	    0.132
5435.912	    0.066
5436.888	    0.209
5437.864	    0.277
5438.840	    0.283
5439.816	    0.305
5440.793	    0.342
5441.769	    0.261
5442.746	    0.152
5443.723	    0.178
5444.700	    0.214
5445.677	    0.196
5446.655	    0.229
5447.632	    0.275
5448.610	    0.209
5449.588	    0.074
5450.566	    0.115
5451.545	    0.132
5452.523	    0.132
5453.502	    0.222
5454.481	    0.296
5455.460	    0.339
5456.439	    0.336
5457.419	    0.296
5458.398	    0.300
5459.378	    0.316
5460.358	    0.128
5461.338	    0.088
5462.318	    0.148
5463.299	    0.148
5464.279	    0.229
5465.260	    0.066
5466.241	    0.155
5467.222	    0.132
5468.204	    0.227
5469.185	    0.281
5470.167	    0.279
5471.149	    0.309
5472.131	    0.301
5473.113	    0.303
5474.096	    0.267
5475.078	    0.159
5476.061	    0.159
5477.044	    0.074
5478.027	    0.140
5479.010	    0.199
5479.994	    0.033
5480.977	    0.190
5481.961	    0.165
5482.945	    0.190
5483.929	    0.252
5484.914	    0.239
5485.898	    0.217
5486.883	    0.267
5487.868	    0.285
5488.853	    0.258
5489.838	    0.248
5490.823	    0.241
5491.809	    0.217
5492.795	    0.245
5493.781	    0.305
5494.767	    0.324
5495.753	    0.403
5496.740	    0.379
5497.726	    0.358
5498.713	    0.296
5499.700	    0.239
5500.687	    0.115
5501.675	    0.162
5502.662	    0.269
5503.650	    0.273
5504.638	    0.214
5505.626	    0.033
5506.614	    0.241
5507.602	    0.229
5508.591	    0.193
5509.580	    0.187
5510.569	    0.119
5511.558	    0.115
5512.547	    0.162
5513.537	    0.269
5514.526	    0.288
5515.516	    0.277
5516.506	    0.254
5517.496	    0.204
5518.487	    0.243
5519.477	    0.296
5520.468	    0.336
5521.459	    0.319
5522.450	    0.321
5523.441	    0.232
5524.433	    0.165
5525.424	    0.169
5526.416	    0.217
5527.408	    0.248
5528.400	    0.258
5529.392	    0.175
5530.385	    0.105
5531.378	    0.178
5532.370	    0.263
5533.363	    0.337
5534.357	    0.358
5535.350	    0.317
5536.344	    0.254
5537.337	    0.204
5538.331	    0.169
5539.325	    0.236
5540.320	    0.288
5541.314	    0.294
5542.309	    0.317
5543.304	    0.283
5544.299	    0.232
5545.294	    0.277
5546.289	    0.333
5547.285	    0.368
5548.280	    0.342
5549.276	    0.316
5550.272	    0.288
5551.269	    0.290
5552.265	    0.181
5553.262	    0.232
5554.259	    0.309
5555.255	    0.309
5556.253	    0.256
5557.250	    0.227
5558.247	    0.241
5559.245	    0.219
5560.243	    0.212
5561.241	    0.245
5562.239	    0.271
5563.238	    0.204
5564.236	    0.275
5565.235	    0.307
5566.234	    0.317
5567.233	    0.358
5568.232	    0.417
5569.232	    0.403
5570.231	    0.389
5571.231	    0.379
5572.231	    0.370
5573.232	    0.365
5574.232	    0.362
5575.232	    0.361
5576.233	    0.364
5577.234	    0.368
5578.235	    0.374
5579.236	    0.379
5580.238	    0.379
5581.240	    0.371
5582.241	    0.361
5583.243	    0.349
5584.246	    0.339
5585.248	    0.333
5586.250	    0.328
5587.253	    0.322
5588.256	    0.314
5589.259	    0.303
5590.262	    0.290
5591.266	    0.279
5592.269	    0.250
5593.273	    0.152
5594.277	    0.047
5595.281	    0.187
5596.286	    0.243
5597.290	    0.241
5598.295	    0.290
5599.300	    0.319
5600.305	    0.273
5601.310	    0.159
5602.315	    0.124
5603.321	    0.184
5604.327	    0.241
5605.333	    0.175
5606.339	    0.178
5607.345	    0.201
5608.352	    0.047
5609.358	    0.201
5610.365	    0.229
5611.372	    0.222
5612.379	    0.214
5613.387	    0.219
5614.394	    0.115
5615.402	    0.162
5616.410	    0.212
5617.418	    0.207
5618.427	    0.279
5619.435	    0.267
5620.444	    0.245
5621.453	    0.207
5622.462	    0.236
5623.471	    0.172
5624.480	    0.115
5625.490	    0.148
5626.499	    0.169
5627.509	    0.229
5628.520	    0.229
5629.530	    0.140
5630.540	    0.088
5631.551	    0.105
5632.562	    0.140
5633.573	    0.128
5634.584	    0.178
5635.595	    0.204
5636.607	    0.178
5637.619	    0.066
5638.631	    0.081
5639.643	    0.105
5640.655	    0.128
5641.668	    0.057
5642.680	    0.196
5643.693	    0.169
5644.706	    0.033
5645.719	    0.159
5646.733	    0.128
5647.746	    0.136
5648.760	    0.088
5649.774	    0.184
5650.788	    0.181
5651.802	    0.245
5652.817	    0.239
5653.831	    0.229
5654.846	    0.217
5655.861	    0.181
5656.876	    0.172
5657.892	    0.105
5658.907	    0.241
5659.923	    0.250
5660.939	    0.212
5661.955	    0.252
5662.972	    0.219
5663.988	    0.155
5665.005	    0.155
5666.022	    0.110
5667.039	    0.081
5668.056	    0.190
5669.073	    0.169
5670.091	    0.169
5671.109	    0.175
5672.126	    0.236
5673.145	    0.267
5674.163	    0.334
5675.181	    0.303
5676.200	    0.265
5677.219	    0.140
5678.238	    0.148
5679.257	    0.175
5680.277	    0.187
5681.296	    0.209
5682.316	    0.140
5683.336	    0.178
5684.356	    0.217
5685.376	    0.234
5686.397	    0.201
5687.418	    0.144
5688.438	    0.099
5689.459	    0.136
5690.481	    0.165
5691.502	    0.190
5692.524	    0.193
5693.545	    0.169
5694.567	    0.144
5695.590	    0.144
5696.612	    0.110
5697.634	    0.074
5698.657	    0.094
5699.680	    0.105
5700.703	    0.190
5701.726	    0.178
5702.750	    0.148
5703.773	    0.152
5704.797	    0.115
5705.821	    0.152
5706.845	    0.254
5707.870	    0.310
5708.894	    0.328
5709.919	    0.321
5710.944	    0.275
5711.969	    0.132
5712.994	    0.105
5714.020	    0.224
5715.045	    0.199
5716.071	    0.110
5717.097	    0.110
5718.123	    0.074
5719.150	    0.184
5720.176	    0.148
5721.203	    0.175
5722.230	    0.187
5723.257	    0.204
5724.284	    0.229
5725.312	    0.252
5726.340	    0.196
5727.367	    0.175
5728.396	    0.181
5729.424	    0.199
5730.452	    0.181
5731.481	    0.115
5732.510	    0.066
5733.538	    0.193
5734.568	    0.271
5735.597	    0.281
5736.626	    0.281
5737.656	    0.288
5738.686	    0.317
5739.716	    0.310
5740.746	    0.321
5741.777	    0.350
5761.390	    0.267
5762.425	    0.243
5763.459	    0.275
5764.493	    0.263
5765.528	    0.248
5766.563	    0.305
5767.598	    0.347
5768.633	    0.396
5769.669	    0.421
5770.704	    0.428
5771.740	    0.433
5772.776	    0.428
5773.812	    0.387
5774.849	    0.389
5775.885	    0.377
5776.922	    0.310
5777.959	    0.229
5778.996	    0.241
5780.033	    0.250
5781.071	    0.288
5782.109	    0.364
5783.146	    0.405
5784.185	    0.409
5785.223	    0.397
5786.261	    0.371
5787.300	    0.350
5788.339	    0.355
5789.378	    0.352
5790.417	    0.341
5791.456	    0.329
5792.496	    0.333
5793.535	    0.364
5794.575	    0.398
5795.615	    0.412
5796.656	    0.413
5797.696	    0.390
5798.737	    0.355
5799.778	    0.317
5800.819	    0.329
5801.860	    0.352
5802.901	    0.322
5803.943	    0.271
5804.985	    0.296
5806.027	    0.298
5807.069	    0.310
5808.111	    0.350
5809.154	    0.359
5810.196	    0.355
5811.239	    0.334
5812.282	    0.337
5813.326	    0.379
5814.369	    0.413
5815.413	    0.417
5816.457	    0.408
5817.501	    0.387
5818.545	    0.367
5819.589	    0.359
5820.634	    0.350
5821.679	    0.347
5822.724	    0.334
5823.769	    0.283
5824.814	    0.204
5825.860	    0.184
5826.905	    0.190
5827.951	    0.236
5828.997	    0.319
5830.044	    0.379
5831.090	    0.409
5832.137	    0.429
5833.184	    0.421
5834.231	    0.376
5835.278	    0.333
5836.325	    0.298
5837.373	    0.290
5838.421	    0.310
5839.469	    0.324
5840.517	    0.322
5841.565	    0.290
5842.614	    0.204
5843.663	    0.169
5844.711	    0.217
5845.761	    0.267
5846.810	    0.328
5847.859	    0.386
5848.909	    0.412
5849.959	    0.413
5851.009	    0.400
5852.059	    0.393
5853.110	    0.376
5854.160	    0.341
5855.211	    0.347
5856.262	    0.337
5857.313	    0.312
5858.364	    0.261
5859.416	    0.261
5860.468	    0.265
5861.520	    0.252
5862.572	    0.159
5863.624	    0.214
5864.677	    0.362
5865.729	    0.415
5866.782	    0.417
5867.835	    0.401
5868.888	    0.365
5869.942	    0.344
5870.996	    0.347
5872.049	    0.352
5873.103	    0.355
5874.158	    0.368
5875.212	    0.356
5876.267	    0.342
5877.321	    0.344
5878.376	    0.365
5879.431	    0.356
5889.993	    0.379
5891.051	    0.364
5892.108	    0.356
5893.166	    0.449
5894.223	    0.545
5895.281	    0.583
5896.340	    0.576
5897.398	    0.543
5898.456	    0.484
5899.515	    0.440
5900.574	    0.390
5901.633	    0.344
5902.693	    0.300
5903.752	    0.219
5904.812	    0.119
5905.872	    0.057
5906.932	    0.128
5907.992	    0.314
5909.052	    0.349
5910.113	    0.321
5911.174	    0.336
5912.235	    0.328
5913.296	    0.232
5914.358	    0.105
5915.419	    0.105
5916.481	    0.136
5917.543	    0.152
5918.605	    0.214
5919.668	    0.217
5920.730	    0.245
5921.793	    0.305
5922.856	    0.303
5923.919	    0.184
5924.982	    0.115
5926.046	    0.175
5927.109	    0.236
5928.173	    0.329
5929.237	    0.374
5930.302	    0.383
5931.366	    0.337
5932.431	    0.243
5933.496	    0.119
5934.561	    0.252
5935.626	    0.322
5936.691	    0.317
5937.757	    0.248
5938.823	    0.165
5939.889	    0.110
5940.955	    0.258
5942.021	    0.239
5943.088	    0.241
5944.155	    0.243
5945.222	    0.066
5946.289	    0.144
5947.356	    0.254
5948.424	    0.290
5949.491	    0.301
5950.559	    0.310
5951.627	    0.190
5952.696	    0.181
5953.764	    0.265
5954.833	    0.263
5955.902	    0.261
5956.971	    0.201
5958.040	    0.245
5959.109	    0.227
5960.179	    0.178
5961.249	    0.178
5962.319	    0.250
5963.389	    0.324
5964.460	    0.319
5965.530	    0.292
5966.601	    0.219
5967.672	    0.144
5968.743	    0.214
5969.814	    0.241
5970.886	    0.303
5971.958	    0.386
5973.030	    0.356
5974.102	    0.305
5975.174	    0.271
5976.247	    0.190
5977.319	    0.119
5978.392	    0.181
5979.465	    0.204
5980.539	    0.190
5981.612	    0.162
5982.686	    0.152
5983.760	    0.074
5984.834	    0.144
5985.908	    0.190
5986.982	    0.159
5988.057	    0.165
5989.132	    0.110
5990.207	    0.081
5991.282	    0.033
5992.358	    0.074
5993.433	    0.074
5994.509	    0.105
5995.585	    0.136
5996.661	    0.298
5997.738	    0.355
5998.814	    0.362
5999.891	    0.352
6000.968	    0.267
6002.045	    0.152
6003.122	    0.196
6004.200	    0.250
6005.278	    0.258
6006.356	    0.256
6007.434	    0.201
6008.512	    0.066
6009.590	    0.193
6010.669	    0.165
6011.748	    0.110
6012.827	    0.204
6013.906	    0.234
6014.986	    0.241
6016.066	    0.227
6017.145	    0.196
6018.225	    0.187
6019.306	    0.196
6020.386	    0.187
6021.467	    0.155
6022.548	    0.136
6023.629	    0.175
6024.710	    0.207
6025.791	    0.190
6026.873	    0.178
6027.955	    0.201
6029.037	    0.229
6030.119	    0.267
6031.201	    0.312
6032.284	    0.326
6033.367	    0.303
6034.450	    0.283
6035.533	    0.285
6036.616	    0.296
6037.700	    0.290
6038.783	    0.254
6039.867	    0.187
6040.951	    0.132
6042.036	    0.132
6043.120	    0.152
6044.205	    0.144
6045.290	    0.105
6046.375	    0.074
6047.460	    0.140
6048.546	    0.256
6049.631	    0.361
6050.717	    0.433
6051.803	    0.463
6052.890	    0.443
6053.976	    0.377
6055.063	    0.319
6056.150	    0.309
6057.237	    0.329
6058.324	    0.358
6059.411	    0.387
6060.499	    0.397
6061.587	    0.376
6062.675	    0.349
6063.763	    0.341
6064.852	    0.341
6065.940	    0.329
6067.029	    0.319
6068.118	    0.300
6069.207	    0.248
6070.297	    0.152
6071.386	    0.115
6072.476	    0.199
6073.566	    0.267
6074.656	    0.300
6075.747	    0.321
6076.837	    0.322
6077.928	    0.326
6079.019	    0.377
6080.110	    0.443
6081.201	    0.477
6082.293	    0.484
6083.385	    0.468
6084.477	    0.450
6085.569	    0.448
6086.661	    0.450
6087.754	    0.435
6088.846	    0.404
6089.939	    0.371
6091.032	    0.342
6092.126	    0.319
6093.219	    0.316
6094.313	    0.316
6095.407	    0.301
6096.501	    0.283
6097.595	    0.288
6098.690	    0.317
6099.784	    0.342
6100.879	    0.365
6101.974	    0.403
6103.070	    0.441
6104.165	    0.452
6105.261	    0.451
6106.357	    0.436
6107.453	    0.417
6108.549	    0.386
6109.646	    0.377
6110.742	    0.339
6111.839	    0.328
6112.936	    0.317
6158.085	    0.312
6159.190	    0.377
6160.296	    0.374
6161.402	    0.329
6162.508	    0.356
6163.614	    0.408
6164.720	    0.420
6165.827	    0.393
6166.933	    0.342
6168.040	    0.285
6169.148	    0.252
6170.255	    0.258
6171.362	    0.269
6172.470	    0.273
6173.578	    0.279
6174.686	    0.285
6175.795	    0.314
6176.903	    0.374
6178.012	    0.413
6179.121	    0.417
6180.230	    0.413
6181.339	    0.435
6182.449	    0.461
6183.558	    0.471
6184.668	    0.476
6185.778	    0.470
6186.889	    0.433
6187.999	    0.377
6189.110	    0.356
6190.221	    0.356
6191.332	    0.358
6192.443	    0.367
6193.555	    0.371
6194.667	    0.384
6195.779	    0.416
6196.891	    0.438
6198.003	    0.439
6199.116	    0.443
6200.228	    0.440
6201.341	    0.424
6202.454	    0.420
6203.568	    0.413
6204.681	    0.383
6205.795	    0.349
6206.909	    0.334
6208.023	    0.361
6209.137	    0.416
6210.252	    0.450
6211.366	    0.449
6212.481	    0.429
6213.596	    0.411
6214.712	    0.407
6215.827	    0.415
6216.943	    0.411
6218.059	    0.374
6219.175	    0.337
6220.291	    0.334
6320.450	    0.110
6321.585	    0.236
6322.719	    0.353
6323.854	    0.460
6324.989	    0.531
6326.125	    0.542
6327.260	    0.451
6328.396	    0.328
6329.532	    0.136
6330.668	    0.219
6331.804	    0.222
6332.941	    0.105
6334.078	    0.193
6335.215	    0.310
6336.352	    0.344
6337.489	    0.359
6338.627	    0.393
6339.764	    0.412
6340.902	    0.419
6342.041	    0.440
6343.179	    0.446
6344.317	    0.398
6345.456	    0.382
6346.595	    0.420
6347.734	    0.449
6348.874	    0.464
6350.013	    0.496
6351.153	    0.532
6352.293	    0.525
6353.433	    0.485
6354.574	    0.481
6355.714	    0.573
6356.855	    0.723
6357.996	    0.868
6359.138	    0.965
6360.279	    0.939
6361.421	    0.758
6362.563	    0.477
6363.705	    0.207
6364.847	    0.434
6365.989	    0.452
6367.132	    0.389
6368.275	    0.312
6369.418	    0.219
6370.561	    0.066
6371.705	    0.165
6372.848	    0.298
6373.992	    0.361
6375.136	    0.371
6376.281	    0.383
6377.425	    0.373
6378.570	    0.383
6379.715	    0.367
6380.860	    0.386
6382.005	    0.404
6383.151	    0.336
6384.297	    0.261
6385.443	    0.190
6386.589	    0.057
6387.735	    0.144
6388.882	    0.165
6390.028	    0.256
6391.175	    0.321
6392.323	    0.376
6393.470	    0.339
6394.618	    0.316
6395.765	    0.333
6396.913	    0.324
6398.062	    0.329
6399.210	    0.359
6400.359	    0.384
6401.508	    0.370
6402.657	    0.397
6403.806	    0.463
6404.955	    0.444
6406.105	    0.430
6407.255	    0.405
6408.405	    0.331
6409.555	    0.316
6410.706	    0.292
6411.856	    0.310
6413.007	    0.359
6414.158	    0.350
6415.310	    0.331
6416.461	    0.314
6417.613	    0.309
6418.765	    0.300
6419.917	    0.328
6421.069	    0.349
6422.222	    0.347
6423.375	    0.362
6424.528	    0.386
6425.681	    0.391
6426.834	    0.394
6427.988	    0.408
6429.142	    0.420
6430.296	    0.431
6431.450	    0.460
6432.604	    0.463
6433.759	    0.445
6434.914	    0.441
6436.069	    0.425
6437.224	    0.420
6438.380	    0.403
6439.535	    0.398
6440.691	    0.376
6441.847	    0.301
6443.003	    0.285
6444.160	    0.287
6445.317	    0.258
6446.474	    0.285
6447.631	    0.263
6448.788	    0.193
6449.945	    0.155
6451.103	    0.074
6452.261	    0.074
6453.419	    0.217
6454.578	    0.296
6455.736	    0.350
6456.895	    0.374
6458.054	    0.376
6459.213	    0.404
6460.373	    0.403
6461.532	    0.371
6462.692	    0.324
6463.852	    0.261
6465.012	    0.196
6466.173	    0.136
6467.333	    0.152
6468.494	    0.258
6469.655	    0.329
6470.817	    0.365
6471.978	    0.344
6473.140	    0.324
6474.302	    0.321
6475.464	    0.328
6476.626	    0.345
6477.789	    0.337
6478.951	    0.350
6480.114	    0.386
6481.277	    0.390
6563.219	    0.397
6564.397	    0.353
6565.576	    0.339
6566.754	    0.342
6567.933	    0.334
6569.112	    0.350
6570.291	    0.316
6571.470	    0.148
6572.650	    0.209
6573.830	    0.314
6575.010	    0.394
6576.190	    0.394
6577.370	    0.391
6578.551	    0.384
6579.732	    0.374
6580.913	    0.359
6582.094	    0.341
6583.275	    0.321
6584.457	    0.305
6585.639	    0.290
6586.821	    0.275
6588.003	    0.283
6589.186	    0.296
6590.368	    0.303
6591.551	    0.310
6592.735	    0.303
6593.918	    0.263
6595.102	    0.227
6596.285	    0.261
6597.469	    0.312
6598.654	    0.356
6599.838	    0.412
6601.023	    0.440
6602.207	    0.424
6603.393	    0.417
6604.578	    0.413
6605.763	    0.416
6606.949	    0.513
6608.135	    0.669
6609.321	    0.805
6610.507	    0.886
6611.694	    0.882
6612.881	    0.787
6614.068	    0.654
6615.255	    0.485
6616.442	    0.374
6617.630	    0.434
6618.818	    0.542
6620.006	    0.713
6621.194	    0.994
6622.383	    1.422
6623.571	    1.788
6624.760	    2.040
6625.949	    2.090
6627.139	    1.934
6628.328	    1.598
6629.518	    1.137
6630.708	    0.756
6631.898	    0.548
6633.089	    0.456
6634.279	    0.390
6635.470	    0.334
6636.661	    0.361
6637.852	    0.314
6639.044	    0.298
6640.235	    0.389
6641.427	    0.569
6642.619	    0.920
6643.812	    1.262
6645.004	    1.513
6646.197	    1.618
6647.390	    1.565
6648.583	    1.328
6649.777	    1.019
6650.970	    0.743
6652.164	    0.580
6653.358	    0.502
6654.552	    0.428
6655.747	    0.341
6656.941	    0.294
6658.136	    0.271
6659.331	    0.254
6660.527	    0.227
6661.722	    0.181
6662.918	    0.190
6664.114	    0.224
6665.310	    0.292
6666.507	    0.350
6667.703	    0.344
6668.900	    0.301
6670.097	    0.236
6671.294	    0.128
6672.492	    0.128
6673.689	    0.105
6674.887	    0.124
6676.086	    0.066
6677.284	    0.099
6678.482	    0.057
6679.681	    0.066
6680.880	    0.115
6682.079	    0.155
6683.279	    0.057
6684.478	    0.088
6685.678	    0.172
6686.878	    0.214
6688.079	    0.258
6689.279	    0.310
6690.480	    0.283
6691.681	    0.236
6692.882	    0.181
6694.083	    0.181
6695.285	    0.081
6696.486	    0.119
6697.688	    0.105
6698.891	    0.047
6700.093	    0.115
6701.296	    0.175
6702.499	    0.162
6703.702	    0.066
6704.905	    0.057
6706.108	    0.140
6707.312	    0.159
6708.516	    0.248
6709.720	    0.277
6710.925	    0.300
6712.129	    0.312
6713.334	    0.232
6714.539	    0.172
6715.744	    0.144
6716.950	    0.207
6718.155	    0.178
6719.361	    0.190
6720.567	    0.162
6721.774	    0.057
6722.980	    0.193
6724.187	    0.294
6725.394	    0.333
6726.601	    0.322
6727.808	    0.298
6729.016	    0.234
6730.224	    0.088
6731.432	    0.212
6732.640	    0.241
6733.849	    0.229
6735.057	    0.184
6736.266	    0.081
6737.475	    0.124
6738.685	    0.232
6739.894	    0.328
6741.104	    0.356
6742.314	    0.307
6743.524	    0.250
6744.735	    0.132
6745.945	    0.110
6747.156	    0.229
6748.367	    0.209
6749.579	    0.094
6750.790	    0.099
6752.002	    0.105
6753.214	    0.105
6754.426	    0.239
6755.638	    0.165
6756.851	    0.115
6758.064	    0.248
6759.277	    0.362
6760.490	    0.390
6761.704	    0.391
6762.917	    0.361
6764.131	    0.292
6765.345	    0.196
6766.560	    0.081
6767.774	    0.204
6768.989	    0.258
6770.204	    0.252
6771.419	    0.165
6772.635	    0.175
6773.851	    0.196
6775.066	    0.159
6776.282	    0.303
6777.499	    0.592
6778.715	    0.822
6779.932	    0.954
6781.149	    0.985
6782.366	    0.907
6783.584	    0.719
6784.801	    0.504
6786.019	    0.350
6787.237	    0.279
6788.455	    0.152
6789.674	    0.159
6790.893	    0.333
6792.112	    0.542
6793.331	    0.738
6794.550	    0.836
6795.770	    0.831
6796.990	    0.736
6798.210	    0.583
6799.430	    0.433
6800.650	    0.337
6801.871	    0.324
6803.092	    0.314
6804.313	    0.252
6805.534	    0.140
6806.756	    0.184
6807.978	    0.290
6809.200	    0.303
6978.705	    0.404
6979.957	    0.347
6981.210	    0.234
6982.463	    0.169
6983.717	    0.152
6984.970	    0.199
6986.224	    0.254
6987.478	    0.265
6988.732	    0.250
6989.987	    0.222
6991.241	    0.165
6992.496	    0.128
6993.751	    0.088
6995.007	    0.193
6996.262	    0.234
6997.518	    0.310
6998.774	    0.322
7000.030	    0.250
7001.287	    0.033
7002.544	    0.190
7003.801	    0.140
7005.058	    0.175
7006.315	    0.287
7007.573	    0.277
7008.831	    0.057
7010.089	    0.287
7011.347	    0.391
7012.605	    0.431
7013.864	    0.412
7015.123	    0.384
7016.382	    0.319
7017.642	    0.263
7018.901	    0.222
7020.161	    0.165
7021.421	    0.136
7022.682	    0.196
7023.942	    0.239
7025.203	    0.243
7026.464	    0.241
7027.725	    0.172
7028.987	    0.119
7030.248	    0.187
7031.510	    0.250
7032.772	    0.256
7034.035	    0.222
7035.297	    0.115
7036.560	    0.124
7037.823	    0.136
7039.086	    0.140
7040.350	    0.057
7041.614	    0.184
7042.877	    0.219
7044.142	    0.212
7045.406	    0.222
7046.671	    0.119
7047.936	    0.047
7049.201	    0.187
7050.466	    0.261
7051.731	    0.265
7052.997	    0.243
7054.263	    0.148
7055.529	    0.152
7056.796	    0.159
7058.062	    0.105
7059.329	    0.148
7060.596	    0.119
7061.864	    0.105
7063.131	    0.115
7064.399	    0.155
7065.667	    0.148
7066.936	    0.066
7068.204	    0.110
7069.473	    0.184
7070.742	    0.290
7072.011	    0.309
7073.280	    0.303
7074.550	    0.292
7075.820	    0.256
7077.090	    0.212
7078.360	    0.271
7079.631	    0.287
7080.901	    0.243
7082.172	    0.172
7083.444	    0.105
7084.715	    0.227
7085.987	    0.250
7087.259	    0.110
7088.531	    0.136
7089.803	    0.207
7091.076	    0.212
7092.349	    0.204
7093.622	    0.214
7094.895	    0.214
7096.168	    0.245
7097.442	    0.281
7098.716	    0.312
7099.990	    0.350
7101.265	    0.336
7102.539	    0.252
7103.814	    0.110
7105.089	    0.287
7106.365	    0.300
7107.640	    0.232
7108.916	    0.066
7110.192	    0.159
7111.468	    0.209
7112.745	    0.248
7114.021	    0.227
7115.298	    0.256
7116.576	    0.234
7117.853	    0.057
7119.131	    0.155
7120.408	    0.201
7121.687	    0.267
7122.965	    0.252
7124.243	    0.187
7125.522	    0.140
7126.801	    0.124
7128.080	    0.207
7129.360	    0.193
7130.640	    0.250
7131.919	    0.285
7133.200	    0.261
7134.480	    0.296
7135.761	    0.243
7137.041	    0.094
7138.323	    0.201
7139.604	    0.193
7140.885	    0.217
7142.167	    0.252
7143.449	    0.099
7144.731	    0.219
7146.014	    0.155
7147.296	    0.136
7148.579	    0.281
7149.863	    0.309
7151.146	    0.201
7152.430	    0.201
7153.713	    0.172
7154.997	    0.152
7156.282	    0.132
7157.566	    0.140
7158.851	    0.132
7160.136	    0.140
7161.421	    0.110
7162.707	    0.047
7163.992	    0.172
7165.278	    0.199
7166.564	    0.165
7167.851	    0.136
7169.137	    0.094
7170.424	    0.094
7171.711	    0.162
7172.998	    0.219
7174.286	    0.219
7175.574	    0.196
7176.862	    0.227
7178.150	    0.236
7179.438	    0.283
7180.727	    0.317
7182.016	    0.301
7183.305	    0.283
7184.595	    0.267
7185.884	    0.328
7187.174	    0.355
7188.464	    0.365
7189.754	    0.350
7191.045	    0.305
7192.336	    0.305
7193.627	    0.305
7194.918	    0.300
7196.209	    0.252
7197.501	    0.209
7198.793	    0.199
7200.085	    0.136
7201.377	    0.094
7202.670	    0.105
7203.963	    0.207
7205.256	    0.124
7206.549	    0.124
7207.843	    0.124
7209.137	    0.132
7210.431	    0.105
7211.725	    0.110
7213.019	    0.190
7214.314	    0.144
7215.609	    0.162
7216.904	    0.088
7218.200	    0.099
7219.495	    0.105
7220.791	    0.187
7222.087	    0.094
7223.384	    0.201
7224.680	    0.241
7225.977	    0.326
7227.274	    0.342
7228.571	    0.379
7229.869	    0.329
7231.166	    0.370
7232.464	    0.698
7233.763	    0.907
7235.061	    0.985
7236.360	    0.960
7237.659	    0.880
7238.958	    0.804
7240.257	    0.635
7241.557	    0.094
7242.857	    0.636
7244.157	    0.885
7245.457	    0.923
7246.757	    0.826
7248.058	    0.726
7249.359	    0.664
7250.660	    0.633
7251.962	    0.627
7253.264	    0.616
7254.566	    0.577
7255.868	    0.549
7257.170	    0.509
7258.473	    0.460
7259.776	    0.419
7261.079	    0.371
7262.382	    0.326
7263.686	    0.279
7264.989	    0.248
7266.293	    0.105
7267.598	    0.555
7268.902	    0.872
7270.207	    1.083
7271.512	    1.082
7272.817	    0.774
7274.123	    0.288
7275.428	    0.779
7276.734	    0.765
7278.040	    0.590
7279.347	    0.460
7280.653	    0.561
7281.960	    0.696
7283.267	    0.764
7284.575	    0.749
7285.882	    0.690
7287.190	    0.614
7288.498	    0.514
7289.806	    0.409
7291.115	    0.331
7292.423	    0.361
7293.732	    0.439
7295.042	    0.373
7296.351	    0.094
7297.661	    0.345
7298.971	    0.389
7300.281	    0.236
7301.591	    0.309
7302.902	    0.419
7304.212	    0.441
7305.524	    0.401
7306.835	    0.094
7308.146	    0.646
7309.458	    0.899
7310.770	    1.002
7312.082	    0.844
7313.395	    0.350
7314.708	    0.685
7316.021	    0.868
7317.334	    0.856
7318.647	    0.796
7319.961	    0.677
7321.275	    0.474
7322.589	    0.190
7323.903	    0.448
7325.218	    0.368
7326.533	    0.227
7327.848	    0.546
7329.163	    0.613
7330.479	    0.571
7331.795	    0.144
7333.111	    0.749
7334.427	    0.993
7335.743	    1.018
7337.060	    0.686
7338.377	    0.642
7339.694	    0.940
