WV      	 Sigma   
4259.984	    0.078
4260.688	    0.076
4261.392	    0.076
4262.096	    0.073
4262.800	    0.073
4263.505	    0.070
4264.209	    0.070
4264.914	    0.068
4265.618	    0.068
4266.323	    0.068
4267.028	    0.065
4267.733	    0.065
4268.439	    0.062
4269.144	    0.062
4269.849	    0.062
4270.555	    0.059
4271.261	    0.055
4271.966	    0.094
4272.672	    0.116
4273.378	    0.149
4274.084	    0.142
4274.791	    0.039
4275.497	    0.149
4276.204	    0.161
4276.910	    0.157
4277.617	    0.149
4278.324	    0.197
4279.031	    0.204
4279.738	    0.190
4280.445	    0.153
4281.152	    0.096
4281.860	    0.070
4282.567	    0.020
4283.275	    0.073
4283.983	    0.125
4284.691	    0.109
4285.399	    0.103
4286.107	    0.092
4286.815	    0.059
4287.523	    0.105
4288.232	    0.092
4288.940	    0.062
4289.649	    0.020
4290.358	    0.044
4291.067	    0.052
4291.776	    0.065
4292.485	    0.068
4293.194	    0.039
4293.904	    0.081
4294.613	    0.087
4295.323	    0.078
4296.033	    0.039
4296.743	    0.083
4297.453	    0.094
4298.163	    0.065
4298.873	    0.070
4299.583	    0.048
4300.294	    0.052
4301.004	    0.111
4301.715	    0.149
4302.426	    0.163
4303.137	    0.070
4303.848	    0.062
4304.559	    0.090
4305.270	    0.085
4305.982	    0.039
4306.693	    0.020
4307.405	    0.044
4308.117	    0.083
4308.829	    0.105
4309.541	    0.105
4310.253	    0.085
4310.965	    0.034
4311.677	    0.134
4312.390	    0.055
4313.102	    0.034
4313.815	    0.048
4314.528	    0.103
4315.241	    0.039
4315.954	    0.059
4316.667	    0.078
4317.380	    0.134
4318.094	    0.154
4318.807	    0.131
4319.521	    0.122
4320.235	    0.105
4320.949	    0.076
4321.663	    0.044
4322.377	    0.070
4323.091	    0.119
4323.805	    0.150
4324.520	    0.146
4325.234	    0.134
4325.949	    0.127
4326.664	    0.109
4327.379	    0.065
4328.094	    0.070
4328.809	    0.052
4329.524	    0.039
4330.240	    0.081
4330.955	    0.114
4331.671	    0.094
4332.387	    0.111
4333.103	    0.132
4333.819	    0.155
4334.535	    0.131
4335.251	    0.081
4335.968	    0.044
4336.684	    0.052
4337.401	    0.096
4338.117	    0.114
4338.834	    0.103
4339.551	    0.100
4340.268	    0.117
4340.985	    0.177
4341.703	    0.188
4342.420	    0.159
4343.138	    0.102
4343.855	    0.055
4344.573	    0.076
4345.291	    0.062
4346.009	    0.034
4346.727	    0.044
4347.445	    0.068
4348.164	    0.055
4348.882	    0.073
4349.601	    0.103
4350.320	    0.081
4351.039	    0.122
4351.758	    0.105
4352.477	    0.070
4353.196	    0.034
4353.915	    0.048
4354.635	    0.116
4355.354	    0.100
4356.074	    0.028
4356.794	    0.135
4357.514	    0.193
4358.234	    0.229
4358.954	    0.237
4359.674	    0.225
4360.394	    0.192
4361.115	    0.183
4361.836	    0.194
4362.556	    0.197
4363.277	    0.190
4363.998	    0.174
4364.719	    0.137
4365.441	    0.134
4366.162	    0.145
4366.883	    0.157
4367.605	    0.109
4368.327	    0.078
4369.049	    0.065
4369.771	    0.068
4370.493	    0.068
4371.215	    0.059
4371.937	    0.068
4372.660	    0.068
4373.382	    0.065
4374.105	    0.128
4374.828	    0.175
4375.550	    0.180
4376.273	    0.169
4376.997	    0.149
4377.720	    0.142
4378.443	    0.120
4379.167	    0.103
4379.890	    0.090
4380.614	    0.078
4390.759	    0.078
4391.485	    0.119
4392.210	    0.120
4392.936	    0.114
4393.662	    0.112
4394.388	    0.151
4395.114	    0.155
4395.840	    0.170
4396.567	    0.182
4397.293	    0.186
4398.020	    0.156
4398.747	    0.162
4399.473	    0.188
4400.200	    0.203
4400.928	    0.192
4401.655	    0.196
4402.382	    0.188
4403.110	    0.189
4403.837	    0.204
4404.565	    0.238
4405.293	    0.284
4406.021	    0.306
4406.749	    0.295
4407.477	    0.260
4408.205	    0.232
4408.934	    0.213
4409.662	    0.218
4410.391	    0.226
4411.119	    0.229
4411.848	    0.226
4412.577	    0.193
4413.307	    0.165
4414.036	    0.154
4414.765	    0.168
4415.495	    0.175
4416.224	    0.174
4416.954	    0.174
4417.684	    0.170
4418.414	    0.163
4419.144	    0.130
4419.874	    0.120
4420.605	    0.137
4421.335	    0.153
4422.066	    0.149
4422.796	    0.103
4423.527	    0.131
4424.258	    0.159
4424.989	    0.180
4425.720	    0.188
4426.452	    0.193
4427.183	    0.146
4427.915	    0.070
4428.646	    0.076
4429.378	    0.048
4430.110	    0.020
4430.842	    0.068
4431.574	    0.044
4432.307	    0.096
4433.039	    0.149
4433.772	    0.081
4434.504	    0.068
4435.237	    0.062
4435.970	    0.073
4436.703	    0.161
4437.436	    0.168
4438.169	    0.154
4438.903	    0.132
4439.636	    0.116
4440.370	    0.156
4441.103	    0.103
4441.837	    0.092
4442.571	    0.081
4443.305	    0.065
4444.040	    0.117
4444.774	    0.132
4445.508	    0.128
4446.243	    0.127
4446.978	    0.134
4447.713	    0.142
4448.447	    0.161
4449.183	    0.166
4449.918	    0.153
4450.653	    0.117
4451.388	    0.112
4452.124	    0.096
4452.860	    0.062
4453.596	    0.039
4454.331	    0.076
4455.067	    0.062
4455.804	    0.028
4456.540	    0.034
4457.276	    0.059
4458.013	    0.100
4458.750	    0.127
4459.486	    0.102
4460.223	    0.073
4460.960	    0.034
4461.697	    0.044
4462.435	    0.039
4463.172	    0.078
4463.909	    0.094
4464.647	    0.065
4465.385	    0.076
4466.123	    0.055
4466.861	    0.122
4467.599	    0.127
4468.337	    0.111
4469.075	    0.087
4469.814	    0.087
4470.552	    0.044
4471.291	    0.085
4472.030	    0.127
4472.769	    0.150
4473.508	    0.117
4474.247	    0.085
4474.987	    0.059
4475.726	    0.085
4476.466	    0.150
4477.205	    0.170
4477.945	    0.132
4478.685	    0.070
4479.425	    0.059
4480.165	    0.087
4480.906	    0.028
4481.646	    0.128
4482.387	    0.094
4483.127	    0.114
4483.868	    0.151
4484.609	    0.157
4485.350	    0.155
4486.091	    0.138
4486.833	    0.119
4487.574	    0.090
4488.316	    0.020
4489.057	    0.098
4489.799	    0.073
4490.541	    0.065
4491.283	    0.052
4492.025	    0.034
4492.767	    0.039
4493.510	    0.116
4494.252	    0.150
4494.995	    0.161
4495.738	    0.147
4496.481	    0.044
4497.224	    0.073
4497.967	    0.052
4498.710	    0.052
4499.453	    0.096
4500.197	    0.124
4500.940	    0.092
4501.684	    0.052
4502.428	    0.100
4503.172	    0.100
4503.916	    0.065
4504.660	    0.124
4505.405	    0.107
4506.149	    0.094
4506.894	    0.103
4507.639	    0.144
4508.383	    0.159
4509.128	    0.141
4509.873	    0.125
4510.619	    0.107
4511.364	    0.090
4512.109	    0.117
4512.855	    0.130
4513.601	    0.130
4514.347	    0.125
4515.093	    0.117
4515.839	    0.100
4516.585	    0.100
4517.331	    0.140
4518.078	    0.138
4518.824	    0.124
4519.571	    0.150
4520.318	    0.171
4521.065	    0.173
4521.812	    0.157
4522.559	    0.145
4523.306	    0.157
4524.054	    0.175
4524.801	    0.154
4525.549	    0.137
4526.297	    0.112
4527.045	    0.065
4527.793	    0.070
4528.541	    0.048
4529.289	    0.076
4530.038	    0.114
4530.786	    0.130
4531.535	    0.127
4532.284	    0.154
4533.033	    0.132
4533.782	    0.137
4534.531	    0.140
4535.280	    0.122
4536.030	    0.109
4536.779	    0.163
4537.529	    0.169
4538.279	    0.166
4539.028	    0.159
4539.779	    0.134
4540.529	    0.134
4541.279	    0.142
4542.029	    0.147
4542.780	    0.154
4543.531	    0.165
4544.281	    0.173
4545.032	    0.195
4545.783	    0.186
4546.534	    0.159
4547.286	    0.120
4548.037	    0.105
4548.789	    0.102
4549.540	    0.165
4550.292	    0.199
4551.044	    0.198
4551.796	    0.140
4552.548	    0.102
4553.300	    0.131
4554.053	    0.134
4554.805	    0.116
4555.558	    0.073
4556.311	    0.055
4557.064	    0.105
4557.817	    0.107
4558.570	    0.090
4559.323	    0.087
4560.076	    0.130
4560.830	    0.130
4561.584	    0.073
4562.337	    0.065
4563.091	    0.076
4563.845	    0.085
4564.599	    0.112
4565.354	    0.124
4566.108	    0.134
4566.863	    0.142
4567.617	    0.132
4568.372	    0.090
4569.127	    0.159
4569.882	    0.131
4570.637	    0.119
4571.392	    0.120
4572.148	    0.128
4572.903	    0.127
4573.659	    0.065
4574.415	    0.102
4575.170	    0.114
4575.926	    0.087
4576.683	    0.083
4577.439	    0.124
4578.195	    0.020
4578.952	    0.109
4579.708	    0.107
4580.465	    0.039
4581.222	    0.102
4581.979	    0.065
4582.736	    0.083
4583.493	    0.020
4584.251	    0.081
4585.008	    0.078
4585.766	    0.048
4586.524	    0.062
4587.282	    0.117
4588.040	    0.128
4588.798	    0.105
4589.556	    0.083
4590.314	    0.085
4591.073	    0.100
4591.832	    0.103
4592.590	    0.076
4593.349	    0.028
4594.108	    0.081
4594.867	    0.090
4595.627	    0.090
4596.386	    0.068
4597.146	    0.114
4597.905	    0.130
4598.665	    0.078
4599.425	    0.068
4600.185	    0.028
4600.945	    0.065
4601.705	    0.087
4602.466	    0.107
4603.226	    0.153
4603.987	    0.184
4604.748	    0.165
4605.508	    0.137
4606.269	    0.120
4607.031	    0.130
4607.792	    0.142
4608.553	    0.127
4609.315	    0.127
4610.076	    0.116
4610.838	    0.092
4611.600	    0.073
4612.362	    0.083
4613.124	    0.055
4613.887	    0.092
4614.649	    0.122
4615.412	    0.135
4616.174	    0.128
4616.937	    0.119
4617.700	    0.096
4618.463	    0.103
4619.226	    0.114
4619.989	    0.114
4620.753	    0.107
4621.516	    0.137
4622.280	    0.127
4623.044	    0.112
4623.808	    0.114
4624.572	    0.132
4625.336	    0.153
4626.100	    0.055
4626.865	    0.020
4627.629	    0.028
4628.394	    0.081
4629.159	    0.117
4629.924	    0.105
4630.689	    0.028
4631.454	    0.078
4632.219	    0.065
4632.985	    0.062
4633.750	    0.114
4634.516	    0.117
4635.282	    0.142
4636.048	    0.137
4636.814	    0.130
4637.580	    0.114
4638.346	    0.076
4639.113	    0.102
4639.879	    0.039
4640.646	    0.020
4641.413	    0.044
4642.180	    0.055
4642.947	    0.052
4643.714	    0.052
4644.481	    0.085
4645.249	    0.085
4646.016	    0.083
4646.784	    0.055
4647.552	    0.062
4648.320	    0.048
4649.088	    0.044
4649.856	    0.044
4650.625	    0.028
4651.393	    0.028
4652.162	    0.039
4652.930	    0.081
4653.699	    0.087
4654.468	    0.081
4655.237	    0.094
4656.007	    0.117
4656.776	    0.140
4657.546	    0.159
4658.315	    0.154
4659.085	    0.145
4659.855	    0.140
4660.625	    0.119
4661.395	    0.094
4662.165	    0.122
4662.936	    0.150
4663.706	    0.119
4664.477	    0.112
4665.247	    0.120
4666.018	    0.112
4666.789	    0.028
4667.561	    0.048
4668.332	    0.100
4669.103	    0.109
4669.875	    0.039
4670.646	    0.124
4671.418	    0.177
4672.190	    0.194
4672.962	    0.163
4673.734	    0.096
4674.507	    0.048
4675.279	    0.020
4676.052	    0.124
4676.824	    0.135
4677.597	    0.105
4678.370	    0.124
4679.143	    0.132
4679.916	    0.124
4680.690	    0.105
4681.463	    0.103
4682.237	    0.048
4683.010	    0.059
4683.784	    0.039
4684.558	    0.039
4685.332	    0.081
4686.106	    0.081
4686.881	    0.068
4687.655	    0.109
4688.430	    0.073
4689.205	    0.028
4689.979	    0.062
4690.754	    0.062
4691.529	    0.090
4692.305	    0.070
4693.080	    0.052
4693.856	    0.044
4694.631	    0.062
4695.407	    0.028
4696.183	    0.044
4696.959	    0.073
4697.735	    0.076
4698.511	    0.065
4699.288	    0.039
4700.064	    0.102
4700.841	    0.103
4701.618	    0.059
4702.394	    0.034
4703.171	    0.020
4703.949	    0.059
4704.726	    0.090
4705.503	    0.105
4706.281	    0.114
4707.059	    0.107
4707.836	    0.102
4708.614	    0.117
4709.392	    0.120
4710.171	    0.105
4710.949	    0.073
4711.727	    0.055
4712.506	    0.107
4713.285	    0.127
4714.063	    0.102
4714.842	    0.028
4715.621	    0.100
4716.401	    0.117
4717.180	    0.103
4717.960	    0.102
4718.739	    0.096
4719.519	    0.065
4720.299	    0.055
4721.079	    0.092
4721.859	    0.065
4722.639	    0.085
4723.419	    0.039
4724.200	    0.048
4724.981	    0.048
4725.761	    0.076
4726.542	    0.076
4727.323	    0.052
4728.104	    0.059
4728.886	    0.116
4729.667	    0.127
4730.449	    0.105
4731.230	    0.062
4732.012	    0.052
4732.794	    0.062
4733.576	    0.055
4734.358	    0.105
4735.141	    0.137
4735.923	    0.145
4736.706	    0.138
4737.488	    0.062
4738.271	    0.096
4739.054	    0.034
4739.837	    0.102
4740.620	    0.130
4741.404	    0.140
4742.187	    0.105
4742.971	    0.078
4743.755	    0.070
4744.538	    0.083
4745.322	    0.098
4746.107	    0.092
4746.891	    0.034
4747.675	    0.094
4748.460	    0.087
4749.244	    0.052
4750.029	    0.039
4750.814	    0.062
4751.599	    0.081
4752.384	    0.070
4753.170	    0.052
4753.955	    0.085
4754.741	    0.052
4755.526	    0.065
4756.312	    0.087
4757.098	    0.094
4757.884	    0.070
4758.670	    0.073
4759.457	    0.034
4760.243	    0.048
4761.030	    0.034
4761.816	    0.065
4762.603	    0.081
4763.390	    0.039
4764.177	    0.109
4764.965	    0.105
4765.752	    0.103
4766.539	    0.070
4767.327	    0.062
4768.115	    0.105
4768.903	    0.114
4769.691	    0.078
4770.479	    0.098
4771.267	    0.094
4772.056	    0.055
4772.844	    0.039
4773.633	    0.062
4774.422	    0.062
4775.211	    0.092
4776.000	    0.083
4776.789	    0.039
4777.578	    0.081
4778.368	    0.073
4779.157	    0.034
4779.947	    0.034
4780.737	    0.039
4781.527	    0.039
4782.317	    0.034
4783.107	    0.059
4783.897	    0.087
4784.688	    0.109
4785.479	    0.111
4786.269	    0.094
4787.060	    0.102
4787.851	    0.087
4788.642	    0.034
4789.434	    0.076
4790.225	    0.107
4791.017	    0.125
4791.808	    0.083
4792.600	    0.094
4793.392	    0.138
4794.184	    0.132
4794.976	    0.090
4795.769	    0.052
4796.561	    0.090
4797.354	    0.020
4798.146	    0.059
4798.939	    0.065
4799.732	    0.096
4800.525	    0.055
4801.319	    0.065
4802.112	    0.070
4802.906	    0.085
4803.699	    0.062
4804.493	    0.076
4805.287	    0.052
4806.081	    0.055
4806.875	    0.078
4807.669	    0.068
4808.464	    0.039
4809.258	    0.078
4810.053	    0.150
4810.848	    0.170
4811.643	    0.155
4812.438	    0.107
4813.233	    0.034
4814.028	    0.085
4814.824	    0.044
4815.620	    0.146
4816.415	    0.117
4817.211	    0.068
4818.007	    0.044
4818.803	    0.092
4819.600	    0.117
4820.396	    0.102
4821.192	    0.094
4821.989	    0.100
4822.786	    0.117
4823.583	    0.081
4824.380	    0.044
4825.177	    0.048
4825.974	    0.078
4826.772	    0.094
4827.569	    0.103
4828.367	    0.116
4829.165	    0.128
4829.963	    0.119
4830.761	    0.085
4831.559	    0.028
4832.358	    0.020
4833.156	    0.073
4833.955	    0.090
4834.754	    0.076
4835.553	    0.070
4836.352	    0.081
4837.151	    0.062
4837.950	    0.090
4838.750	    0.109
4839.549	    0.078
4840.349	    0.092
4841.149	    0.102
4841.949	    0.076
4842.749	    0.052
4843.549	    0.087
4844.349	    0.076
4845.150	    0.092
4845.950	    0.127
4846.751	    0.122
4847.552	    0.125
4848.353	    0.125
4849.154	    0.112
4849.955	    0.092
4850.757	    0.098
4851.558	    0.127
4852.360	    0.119
4853.162	    0.124
4853.964	    0.124
4854.766	    0.103
4855.568	    0.070
4856.370	    0.048
4857.173	    0.039
4857.976	    0.092
4858.778	    0.092
4859.581	    0.034
4860.384	    0.090
4861.187	    0.062
4861.991	    0.052
4862.794	    0.062
4863.598	    0.119
4864.401	    0.052
4865.205	    0.052
4866.009	    0.073
4866.813	    0.034
4867.617	    0.062
4868.422	    0.034
4869.226	    0.087
4870.031	    0.120
4870.835	    0.131
4871.640	    0.102
4872.445	    0.090
4873.250	    0.078
4874.056	    0.081
4874.861	    0.119
4875.667	    0.161
4876.472	    0.146
4877.278	    0.175
4878.084	    0.145
4878.890	    0.078
4879.696	    0.111
4880.503	    0.068
4881.309	    0.062
4882.116	    0.085
4882.922	    0.090
4883.729	    0.078
4884.536	    0.114
4885.343	    0.100
4886.151	    0.070
4886.958	    0.087
4887.766	    0.135
4888.573	    0.112
4889.381	    0.044
4890.189	    0.044
4890.997	    0.070
4891.805	    0.094
4892.613	    0.096
4893.422	    0.107
4894.231	    0.124
4895.039	    0.130
4895.848	    0.109
4896.657	    0.078
4897.466	    0.114
4898.276	    0.109
4899.085	    0.065
4899.894	    0.044
4900.704	    0.020
4901.514	    0.087
4902.324	    0.116
4903.134	    0.092
4903.944	    0.020
4904.754	    0.020
4905.565	    0.107
4906.376	    0.090
4907.186	    0.163
4907.997	    0.339
4908.808	    0.522
4909.619	    0.693
4910.431	    0.830
4911.242	    0.896
4912.054	    0.894
4912.865	    0.825
4913.677	    0.693
4914.489	    0.518
4915.301	    0.334
4916.113	    0.185
4916.926	    0.111
4917.738	    0.048
4918.551	    0.083
4919.363	    0.098
4920.176	    0.094
4920.989	    0.107
4921.803	    0.131
4922.616	    0.137
4923.429	    0.103
4924.243	    0.078
4925.057	    0.028
4925.870	    0.092
4926.684	    0.116
4927.498	    0.119
4928.313	    0.125
4929.127	    0.149
4929.941	    0.175
4930.756	    0.175
4931.571	    0.142
4932.386	    0.127
4933.201	    0.107
4934.016	    0.117
4934.831	    0.103
4935.647	    0.020
4936.462	    0.083
4937.278	    0.083
4938.094	    0.100
4938.910	    0.138
4939.726	    0.100
4940.542	    0.083
4941.359	    0.034
4942.175	    0.048
4942.992	    0.090
4943.809	    0.103
4944.625	    0.102
4945.443	    0.116
4946.260	    0.125
4947.077	    0.098
4947.895	    0.116
4948.712	    0.083
4949.530	    0.073
4950.348	    0.090
4951.166	    0.083
4951.984	    0.081
4952.802	    0.119
4953.621	    0.039
4954.439	    0.070
4955.258	    0.087
4956.077	    0.117
4956.896	    0.085
4957.715	    0.068
4958.534	    0.117
4959.353	    0.117
4960.173	    0.078
4960.992	    0.068
4961.812	    0.052
4962.632	    0.059
4963.452	    0.059
4964.272	    0.034
4965.093	    0.062
4965.913	    0.078
4966.734	    0.109
4967.554	    0.109
4968.375	    0.087
4969.196	    0.105
4970.017	    0.122
4970.838	    0.116
4971.660	    0.127
4972.481	    0.135
4973.303	    0.134
4974.125	    0.137
4974.947	    0.125
4975.769	    0.065
4976.591	    0.105
4977.413	    0.116
4978.236	    0.098
4979.058	    0.070
4979.881	    0.087
4980.704	    0.119
4981.527	    0.124
4982.350	    0.100
4983.174	    0.094
4983.997	    0.055
4984.821	    0.083
4985.644	    0.073
4986.468	    0.044
4987.292	    0.062
4988.116	    0.090
4988.940	    0.081
4989.765	    0.034
4990.589	    0.044
4991.414	    0.044
4992.239	    0.020
4993.064	    0.020
4993.889	    0.059
4994.714	    0.055
4995.539	    0.044
4996.365	    0.065
4997.190	    0.065
4998.016	    0.087
4998.842	    0.114
4999.668	    0.140
5000.494	    0.145
5001.320	    0.112
5002.147	    0.109
5002.973	    0.140
5003.800	    0.146
5004.627	    0.100
5005.454	    0.076
5006.281	    0.081
5007.108	    0.081
5007.936	    0.116
5008.763	    0.144
5009.591	    0.162
5010.419	    0.157
5011.247	    0.154
5012.075	    0.147
5012.903	    0.122
5013.731	    0.065
5014.560	    0.028
5015.388	    0.073
5016.217	    0.070
5017.046	    0.092
5017.875	    0.114
5018.704	    0.087
5019.533	    0.076
5020.363	    0.092
5021.192	    0.100
5022.022	    0.105
5022.852	    0.127
5023.682	    0.112
5024.512	    0.087
5025.342	    0.055
5026.173	    0.081
5027.003	    0.090
5027.834	    0.081
5028.665	    0.090
5029.496	    0.087
5030.327	    0.052
5031.158	    0.059
5031.989	    0.098
5032.821	    0.145
5033.653	    0.156
5034.484	    0.134
5035.316	    0.117
5036.148	    0.130
5036.980	    0.119
5037.813	    0.100
5038.645	    0.098
5039.478	    0.094
5040.311	    0.073
5041.143	    0.090
5041.976	    0.135
5042.810	    0.153
5043.643	    0.141
5044.476	    0.132
5045.310	    0.125
5046.144	    0.112
5046.977	    0.094
5047.811	    0.092
5048.645	    0.117
5049.480	    0.105
5050.314	    0.134
5051.149	    0.140
5051.983	    0.132
5052.818	    0.144
5053.653	    0.128
5054.488	    0.039
5055.323	    0.147
5056.159	    0.194
5056.994	    0.233
5057.830	    0.277
5058.666	    0.317
5059.501	    0.290
5060.337	    0.249
5061.174	    0.214
5062.010	    0.142
5062.846	    0.055
5063.683	    0.065
5064.520	    0.109
5065.357	    0.124
5066.194	    0.107
5067.031	    0.116
5067.868	    0.131
5068.706	    0.111
5069.543	    0.081
5070.381	    0.100
5071.219	    0.105
5072.057	    0.092
5072.895	    0.130
5073.733	    0.154
5074.571	    0.132
5075.410	    0.068
5076.249	    0.055
5077.087	    0.059
5077.926	    0.107
5078.765	    0.094
5079.605	    0.107
5080.444	    0.048
5081.283	    0.081
5082.123	    0.092
5082.963	    0.107
5083.803	    0.119
5084.643	    0.124
5085.483	    0.125
5086.323	    0.112
5087.164	    0.070
5088.004	    0.065
5088.845	    0.090
5089.686	    0.096
5090.527	    0.078
5091.368	    0.055
5092.210	    0.065
5093.051	    0.083
5093.893	    0.092
5094.734	    0.100
5095.576	    0.102
5096.418	    0.090
5097.260	    0.052
5098.103	    0.048
5098.945	    0.062
5099.788	    0.087
5100.630	    0.081
5101.473	    0.028
5102.316	    0.087
5103.159	    0.070
5104.003	    0.039
5104.846	    0.020
5105.689	    0.065
5106.533	    0.020
5107.377	    0.073
5108.221	    0.098
5109.065	    0.114
5109.909	    0.102
5110.754	    0.070
5111.598	    0.070
5112.443	    0.039
5113.288	    0.020
5114.132	    0.065
5114.978	    0.100
5115.823	    0.100
5116.668	    0.065
5117.514	    0.034
5118.359	    0.020
5119.205	    0.076
5120.051	    0.085
5120.897	    0.044
5121.743	    0.076
5122.589	    0.094
5123.436	    0.052
5124.283	    0.096
5125.129	    0.111
5125.976	    0.034
5126.823	    0.102
5127.670	    0.122
5128.518	    0.090
5129.365	    0.055
5130.213	    0.039
5131.060	    0.039
5131.908	    0.112
5132.756	    0.116
5133.604	    0.114
5134.453	    0.127
5135.301	    0.132
5136.150	    0.102
5136.998	    0.052
5137.847	    0.087
5138.696	    0.081
5139.545	    0.103
5140.395	    0.105
5141.244	    0.085
5142.094	    0.062
5142.943	    0.073
5143.793	    0.112
5144.643	    0.094
5145.493	    0.094
5146.343	    0.094
5147.194	    0.039
5148.044	    0.076
5148.895	    0.098
5149.746	    0.111
5150.597	    0.131
5151.448	    0.135
5152.299	    0.112
5153.151	    0.112
5154.002	    0.114
5154.854	    0.102
5155.706	    0.096
5156.557	    0.055
5157.410	    0.059
5158.262	    0.020
5159.114	    0.109
5159.967	    0.137
5160.819	    0.094
5161.672	    0.059
5162.525	    0.068
5163.378	    0.094
5164.231	    0.122
5165.085	    0.052
5165.938	    0.068
5166.792	    0.065
5167.645	    0.062
5168.499	    0.048
5169.353	    0.039
5170.208	    0.065
5171.062	    0.094
5171.916	    0.068
5172.771	    0.039
5173.626	    0.052
5174.481	    0.109
5175.336	    0.131
5176.191	    0.039
5177.046	    0.076
5177.902	    0.092
5178.757	    0.146
5179.613	    0.112
5180.469	    0.081
5181.325	    0.119
5182.181	    0.131
5183.037	    0.114
5183.894	    0.134
5184.751	    0.130
5185.607	    0.034
5186.464	    0.055
5187.321	    0.059
5188.178	    0.062
5189.036	    0.087
5189.893	    0.062
5190.751	    0.111
5191.608	    0.144
5192.466	    0.144
5193.324	    0.125
5194.182	    0.100
5195.041	    0.090
5195.899	    0.092
5196.758	    0.094
5197.616	    0.096
5198.475	    0.098
5199.334	    0.102
5200.194	    0.103
5201.053	    0.105
5201.912	    0.107
5202.772	    0.109
5203.632	    0.111
5204.491	    0.112
5205.351	    0.114
5206.212	    0.116
5207.072	    0.117
5207.932	    0.119
5208.793	    0.120
5209.654	    0.122
5210.514	    0.124
5211.375	    0.124
5212.236	    0.125
5213.098	    0.127
5213.959	    0.128
5214.821	    0.128
5215.682	    0.130
5216.544	    0.130
5217.406	    0.131
5218.268	    0.155
5219.131	    0.178
5219.993	    0.194
5220.856	    0.198
5221.718	    0.194
5222.581	    0.202
5223.444	    0.206
5224.307	    0.203
5225.171	    0.178
5226.034	    0.192
5226.898	    0.180
5227.761	    0.090
5228.625	    0.070
5229.489	    0.076
5230.353	    0.112
5231.218	    0.092
5232.082	    0.028
5232.947	    0.028
5233.811	    0.083
5234.676	    0.112
5235.541	    0.132
5236.406	    0.154
5237.271	    0.160
5238.137	    0.153
5239.002	    0.134
5239.868	    0.117
5240.734	    0.109
5241.600	    0.119
5242.466	    0.085
5243.332	    0.105
5244.199	    0.119
5245.065	    0.096
5245.932	    0.107
5246.799	    0.125
5247.666	    0.132
5248.533	    0.090
5249.400	    0.102
5250.268	    0.157
5251.135	    0.191
5252.003	    0.227
5252.871	    0.241
5253.739	    0.238
5254.607	    0.239
5255.475	    0.208
5256.344	    0.130
5257.212	    0.076
5258.081	    0.103
5258.950	    0.137
5259.819	    0.171
5260.688	    0.138
5261.557	    0.105
5262.427	    0.102
5263.296	    0.125
5264.166	    0.141
5265.036	    0.144
5265.906	    0.132
5266.776	    0.109
5267.646	    0.111
5268.517	    0.145
5269.387	    0.162
5270.258	    0.146
5271.129	    0.092
5272.000	    0.059
5272.871	    0.083
5273.742	    0.065
5274.614	    0.039
5275.485	    0.100
5276.357	    0.185
5277.229	    0.199
5278.101	    0.192
5278.973	    0.197
5279.845	    0.112
5280.718	    0.183
5281.591	    0.161
5282.463	    0.134
5283.336	    0.128
5284.209	    0.142
5285.082	    0.135
5285.956	    0.131
5286.829	    0.151
5287.703	    0.154
5288.577	    0.171
5289.450	    0.128
5290.324	    0.112
5291.199	    0.154
5292.073	    0.125
5292.947	    0.127
5293.822	    0.156
5294.697	    0.151
5295.572	    0.100
5296.447	    0.102
5297.322	    0.135
5298.197	    0.100
5299.073	    0.081
5299.948	    0.112
5300.824	    0.114
5301.700	    0.134
5302.576	    0.146
5303.452	    0.140
5304.329	    0.127
5305.205	    0.132
5306.082	    0.147
5306.959	    0.144
5307.836	    0.103
5308.713	    0.166
5309.590	    0.137
5310.467	    0.128
5311.345	    0.098
5312.222	    0.073
5313.100	    0.168
5313.978	    0.153
5314.856	    0.145
5315.734	    0.150
5316.613	    0.175
5317.491	    0.209
5318.370	    0.211
5319.249	    0.197
5320.128	    0.209
5321.007	    0.220
5321.886	    0.218
5322.766	    0.222
5323.645	    0.224
5324.525	    0.196
5325.405	    0.186
5326.285	    0.215
5327.165	    0.180
5328.045	    0.168
5328.925	    0.169
5329.806	    0.212
5330.687	    0.197
5331.568	    0.149
5332.449	    0.109
5333.330	    0.128
5334.211	    0.131
5335.092	    0.068
5335.974	    0.140
5336.856	    0.166
5337.738	    0.159
5338.620	    0.167
5339.502	    0.147
5340.384	    0.125
5341.267	    0.134
5342.149	    0.130
5343.032	    0.116
5343.915	    0.137
5344.798	    0.062
5345.681	    0.085
5346.564	    0.100
5347.448	    0.078
5348.331	    0.157
5349.215	    0.116
5350.099	    0.185
5350.983	    0.183
5351.867	    0.166
5352.752	    0.150
5353.636	    0.173
5354.521	    0.159
5355.406	    0.170
5356.291	    0.161
5357.176	    0.151
5358.061	    0.125
5358.946	    0.105
5359.832	    0.128
5360.718	    0.145
5361.603	    0.109
5362.489	    0.059
5363.375	    0.081
5364.262	    0.096
5365.148	    0.098
5366.035	    0.065
5366.921	    0.154
5367.808	    0.141
5368.695	    0.124
5369.582	    0.144
5370.470	    0.155
5371.357	    0.159
5372.245	    0.195
5373.132	    0.166
5374.020	    0.202
5374.908	    0.189
5375.796	    0.154
5376.685	    0.154
5377.573	    0.125
5378.462	    0.159
5379.350	    0.163
5380.239	    0.173
5381.128	    0.184
5382.018	    0.211
5382.907	    0.197
5383.796	    0.202
5384.686	    0.229
5385.576	    0.222
5386.466	    0.192
5387.356	    0.180
5388.246	    0.168
5389.136	    0.150
5390.027	    0.150
5390.918	    0.131
5391.808	    0.116
5392.699	    0.140
5393.590	    0.151
5394.482	    0.191
5395.373	    0.186
5396.265	    0.212
5397.156	    0.199
5398.048	    0.198
5398.940	    0.154
5399.832	    0.147
5400.724	    0.150
5401.617	    0.175
5402.509	    0.223
5403.402	    0.179
5404.295	    0.203
5405.188	    0.192
5406.081	    0.149
5406.975	    0.173
5407.868	    0.166
5408.762	    0.155
5409.655	    0.103
5410.549	    0.034
5411.443	    0.044
5412.338	    0.100
5413.232	    0.119
5414.126	    0.124
5415.021	    0.141
5415.916	    0.160
5416.811	    0.163
5417.706	    0.162
5418.601	    0.174
5419.496	    0.165
5420.392	    0.150
5421.288	    0.168
5422.183	    0.166
5423.079	    0.184
5423.976	    0.193
5424.872	    0.193
5425.768	    0.204
5426.665	    0.204
5427.561	    0.217
5428.458	    0.217
5429.355	    0.153
5430.253	    0.150
5431.150	    0.177
5432.047	    0.146
5432.945	    0.146
5433.843	    0.189
5434.741	    0.150
5435.639	    0.149
5436.537	    0.163
5437.435	    0.127
5438.334	    0.177
5439.232	    0.124
5440.131	    0.127
5441.030	    0.166
5441.929	    0.166
5442.828	    0.160
5443.728	    0.179
5444.627	    0.186
5445.527	    0.162
5446.427	    0.165
5447.327	    0.163
5448.227	    0.162
5449.127	    0.187
5450.028	    0.189
5450.928	    0.184
5451.829	    0.200
5452.730	    0.221
5453.631	    0.221
5454.532	    0.187
5455.433	    0.151
5456.335	    0.156
5457.236	    0.187
5458.138	    0.204
5459.040	    0.185
5459.942	    0.180
5460.844	    0.197
5461.747	    0.215
5462.649	    0.217
5463.552	    0.197
5464.455	    0.193
5465.358	    0.207
5466.261	    0.191
5467.164	    0.166
5468.067	    0.149
5468.971	    0.149
5469.875	    0.155
5470.778	    0.144
5471.682	    0.102
5472.587	    0.116
5473.491	    0.130
5474.395	    0.163
5475.300	    0.162
5476.205	    0.141
5477.110	    0.184
5478.015	    0.192
5478.920	    0.178
5479.825	    0.174
5480.731	    0.114
5481.636	    0.122
5482.542	    0.177
5483.448	    0.153
5484.354	    0.149
5485.260	    0.169
5486.167	    0.174
5487.073	    0.185
5487.980	    0.191
5488.887	    0.212
5489.794	    0.218
5490.701	    0.212
5491.608	    0.194
5492.516	    0.174
5493.423	    0.187
5494.331	    0.181
5495.239	    0.173
5496.147	    0.125
5497.055	    0.117
5497.964	    0.155
5498.872	    0.171
5499.781	    0.178
5500.689	    0.170
5501.598	    0.155
5502.507	    0.170
5503.417	    0.202
5504.326	    0.215
5505.236	    0.212
5506.145	    0.202
5507.055	    0.179
5507.965	    0.169
5508.875	    0.185
5509.786	    0.193
5510.696	    0.196
5511.607	    0.211
5512.517	    0.206
5513.428	    0.176
5514.339	    0.162
5515.251	    0.185
5516.162	    0.194
5517.073	    0.171
5517.985	    0.161
5518.897	    0.165
5519.809	    0.166
5520.721	    0.162
5521.633	    0.159
5522.546	    0.166
5523.458	    0.161
5524.371	    0.168
5525.284	    0.177
5526.197	    0.171
5527.110	    0.179
5528.023	    0.189
5528.937	    0.192
5529.850	    0.195
5530.764	    0.205
5531.678	    0.222
5532.592	    0.236
5533.506	    0.236
5534.421	    0.227
5535.335	    0.221
5536.250	    0.207
5537.165	    0.192
5538.080	    0.207
5538.995	    0.220
5539.910	    0.208
5540.825	    0.175
5541.741	    0.166
5542.657	    0.176
5543.573	    0.177
5544.489	    0.177
5545.405	    0.186
5546.321	    0.182
5547.238	    0.187
5548.154	    0.193
5549.071	    0.177
5549.988	    0.185
5550.905	    0.192
5551.822	    0.194
5552.740	    0.216
5553.657	    0.225
5554.575	    0.205
5555.493	    0.180
5556.411	    0.200
5557.329	    0.217
5558.247	    0.207
5559.166	    0.212
5560.084	    0.224
5561.003	    0.228
5561.922	    0.223
5562.841	    0.209
5563.760	    0.205
5564.680	    0.204
5565.599	    0.200
5566.519	    0.198
5567.439	    0.197
5568.359	    0.201
5569.279	    0.205
5570.199	    0.211
5571.119	    0.212
5572.040	    0.206
5572.961	    0.189
5583.099	    0.218
5584.021	    0.232
5584.944	    0.233
5585.867	    0.237
5586.790	    0.250
5587.713	    0.233
5588.637	    0.213
5589.560	    0.196
5590.484	    0.178
5591.407	    0.198
5592.331	    0.220
5593.255	    0.235
5594.180	    0.233
5595.104	    0.223
5596.029	    0.221
5596.953	    0.215
5597.878	    0.204
5598.803	    0.229
5599.728	    0.244
5600.654	    0.234
5601.579	    0.220
5602.505	    0.226
5603.431	    0.250
5604.356	    0.249
5605.283	    0.221
5606.209	    0.191
5607.135	    0.179
5608.062	    0.181
5608.988	    0.189
5609.915	    0.224
5610.842	    0.246
5611.769	    0.242
5612.697	    0.229
5613.624	    0.224
5614.552	    0.232
5615.479	    0.234
5616.407	    0.228
5617.335	    0.225
5618.264	    0.234
5619.192	    0.242
5620.121	    0.242
5621.049	    0.248
5621.978	    0.252
5622.907	    0.250
5623.836	    0.255
5624.765	    0.242
5625.695	    0.224
5626.625	    0.230
5627.554	    0.242
5628.484	    0.250
5629.414	    0.251
5630.344	    0.242
5631.275	    0.241
5632.205	    0.249
5633.136	    0.251
5634.067	    0.252
5634.998	    0.246
5635.929	    0.238
5636.860	    0.240
5637.792	    0.235
5638.723	    0.242
5639.655	    0.258
5640.587	    0.258
5641.519	    0.264
5642.451	    0.264
5643.384	    0.249
5644.316	    0.258
5645.249	    0.274
5646.182	    0.283
5647.115	    0.276
5648.048	    0.269
5648.981	    0.271
5649.915	    0.255
5650.848	    0.255
5651.782	    0.266
5652.716	    0.264
5653.650	    0.273
5654.584	    0.349
5655.518	    0.384
5656.453	    0.267
5657.388	    0.250
5658.322	    0.260
5659.257	    0.279
5660.193	    0.286
5661.128	    0.253
5662.063	    0.263
5662.999	    0.255
5663.935	    0.243
5664.871	    0.246
5665.807	    0.238
5666.743	    0.234
5667.679	    0.245
5668.616	    0.245
5669.553	    0.256
5670.489	    0.247
5671.426	    0.252
5672.364	    0.257
5673.301	    0.263
5674.238	    0.259
5675.176	    0.261
5676.114	    0.271
5677.052	    0.272
5677.990	    0.273
5678.928	    0.269
5679.866	    0.263
5680.805	    0.248
5681.744	    0.235
5682.683	    0.233
5683.622	    0.255
5684.561	    0.271
5685.500	    0.253
5686.440	    0.240
5687.379	    0.248
5688.319	    0.242
5689.259	    0.214
5690.199	    0.209
5691.139	    0.229
5692.080	    0.244
5693.020	    0.253
5693.961	    0.257
5694.902	    0.246
5695.843	    0.229
5696.784	    0.250
5697.725	    0.274
5698.667	    0.268
5699.609	    0.271
5700.550	    0.286
5701.492	    0.275
5702.435	    0.252
5703.377	    0.260
5704.319	    0.273
5705.262	    0.250
5706.205	    0.249
5707.147	    0.279
5708.091	    0.260
5709.034	    0.273
5709.977	    0.279
5710.921	    0.269
5711.864	    0.251
5712.808	    0.273
5713.752	    0.288
5714.696	    0.279
5715.641	    0.283
5716.585	    0.279
5717.530	    0.276
5718.475	    0.264
5719.419	    0.273
5720.365	    0.280
5721.310	    0.280
5722.255	    0.280
5723.201	    0.275
5724.146	    0.273
5725.092	    0.280
5726.038	    0.286
5726.985	    0.281
5727.931	    0.261
5728.877	    0.261
5729.824	    0.276
5730.771	    0.256
5731.718	    0.250
5732.665	    0.260
5733.612	    0.262
5734.560	    0.274
5735.507	    0.270
5736.455	    0.267
5737.403	    0.260
5738.351	    0.276
5739.299	    0.264
5740.247	    0.259
5741.196	    0.273
5742.145	    0.280
5743.094	    0.288
5744.043	    0.269
5744.992	    0.276
5745.941	    0.267
5746.890	    0.254
5747.840	    0.242
5748.790	    0.252
5749.740	    0.261
5750.690	    0.242
5751.640	    0.228
5752.591	    0.232
5753.541	    0.242
5754.492	    0.259
5755.443	    0.275
5756.394	    0.262
5757.345	    0.242
5758.296	    0.251
5759.248	    0.263
5760.200	    0.271
5761.151	    0.284
5762.103	    0.281
5763.055	    0.271
5764.008	    0.269
5764.960	    0.271
5765.913	    0.295
5766.866	    0.278
5767.819	    0.281
5768.772	    0.292
5769.725	    0.288
5770.678	    0.262
5771.632	    0.253
5772.586	    0.247
5773.539	    0.238
5774.493	    0.253
5775.448	    0.265
5776.402	    0.266
5777.357	    0.263
5778.311	    0.245
5779.266	    0.238
5780.221	    0.249
5781.176	    0.249
5782.131	    0.249
5783.087	    0.249
5784.042	    0.229
5784.998	    0.245
5785.954	    0.252
5786.910	    0.277
5787.866	    0.237
5788.823	    0.251
5789.779	    0.193
5790.736	    0.255
5791.693	    0.238
5792.650	    0.226
5793.607	    0.227
5794.565	    0.200
5795.522	    0.228
5796.480	    0.226
5797.438	    0.230
5798.396	    0.234
5799.354	    0.241
5800.312	    0.233
5801.270	    0.245
5802.229	    0.233
5803.188	    0.215
5804.147	    0.212
5805.106	    0.221
5806.065	    0.237
5807.024	    0.237
5807.984	    0.256
5808.944	    0.255
5809.904	    0.216
5810.864	    0.231
5811.824	    0.227
5812.784	    0.208
5813.745	    0.196
5814.705	    0.192
5815.666	    0.207
5816.627	    0.217
5817.588	    0.206
5818.550	    0.235
5819.511	    0.221
5820.473	    0.208
5821.435	    0.207
5822.397	    0.224
5823.359	    0.224
5824.321	    0.209
5825.283	    0.193
5826.246	    0.187
5827.209	    0.188
5828.172	    0.190
5829.135	    0.210
5830.098	    0.208
5831.061	    0.196
5832.025	    0.185
5832.988	    0.190
5833.952	    0.208
5834.916	    0.198
5835.880	    0.177
5836.845	    0.181
5837.809	    0.199
5838.774	    0.228
5839.739	    0.238
5840.704	    0.267
5841.669	    0.279
5842.634	    0.272
5843.600	    0.262
5844.565	    0.241
5845.531	    0.188
5846.497	    0.200
5847.463	    0.212
5848.429	    0.201
5849.396	    0.199
5850.362	    0.171
5851.329	    0.147
5852.296	    0.175
5853.263	    0.186
5854.230	    0.180
5855.197	    0.160
5856.165	    0.155
5857.133	    0.181
5858.100	    0.186
5859.068	    0.181
5860.037	    0.156
5861.005	    0.124
5861.973	    0.160
5862.942	    0.156
5863.911	    0.131
5864.880	    0.105
5865.849	    0.020
5866.818	    0.094
5867.788	    0.127
5868.757	    0.120
5869.727	    0.048
5870.697	    0.048
5871.667	    0.055
5872.637	    0.070
5873.608	    0.117
5874.578	    0.105
5875.549	    0.112
5876.520	    0.128
5877.491	    0.119
5878.462	    0.102
5879.434	    0.096
5880.405	    0.103
5881.377	    0.100
5882.349	    0.102
5883.321	    0.087
5884.293	    0.098
5885.265	    0.105
5886.238	    0.020
5887.210	    0.162
5888.183	    0.290
5889.156	    0.388
5890.129	    0.428
5891.102	    0.428
5892.076	    0.403
5893.050	    0.373
5894.023	    0.308
5894.997	    0.274
5895.971	    0.271
5896.946	    0.268
5897.920	    0.274
5898.895	    0.256
5899.869	    0.150
5900.844	    0.131
5901.819	    0.128
5902.795	    0.094
5903.770	    0.044
5904.746	    0.048
5905.721	    0.048
5906.697	    0.065
5907.673	    0.085
5908.649	    0.128
5909.626	    0.100
5910.602	    0.078
5911.579	    0.119
5912.556	    0.120
5913.533	    0.076
5914.510	    0.076
5915.487	    0.070
5916.465	    0.070
5917.442	    0.098
5918.420	    0.065
5919.398	    0.127
5920.376	    0.162
5921.355	    0.156
5922.333	    0.137
5923.312	    0.103
5924.290	    0.048
5925.269	    0.028
5926.248	    0.034
5927.228	    0.044
5928.207	    0.068
5929.187	    0.055
5930.166	    0.076
5931.146	    0.098
5932.126	    0.154
5933.107	    0.202
5934.087	    0.258
5935.068	    0.292
5936.048	    0.311
5937.029	    0.279
5938.010	    0.179
5938.992	    0.116
5939.973	    0.055
5940.954	    0.134
5941.936	    0.120
5942.918	    0.147
5943.900	    0.154
5944.882	    0.065
5945.865	    0.078
5946.847	    0.154
5947.830	    0.195
5948.813	    0.278
5949.796	    0.366
5950.779	    0.427
5951.762	    0.456
5952.745	    0.460
5953.729	    0.438
5954.713	    0.419
5955.697	    0.412
5956.681	    0.406
5957.665	    0.413
5958.650	    0.422
5959.634	    0.404
5960.619	    0.372
5961.604	    0.316
5962.589	    0.241
5963.574	    0.162
5964.560	    0.127
5965.546	    0.130
5966.531	    0.149
5967.517	    0.207
5968.503	    0.404
5969.490	    0.449
5970.476	    0.078
5971.463	    0.087
5972.449	    0.103
5973.436	    0.062
5974.423	    0.127
5975.410	    0.134
5976.398	    0.111
5977.385	    0.137
5978.373	    0.105
5979.361	    0.120
5980.349	    0.073
5981.337	    0.055
5982.326	    0.096
5983.314	    0.094
5984.303	    0.087
5985.292	    0.100
5986.281	    0.146
5987.270	    0.124
5988.259	    0.114
5989.249	    0.153
5990.238	    0.132
5991.228	    0.117
5992.218	    0.169
5993.208	    0.153
5994.199	    0.128
5995.189	    0.149
5996.180	    0.130
5997.171	    0.065
5998.162	    0.098
5999.153	    0.150
6000.144	    0.150
6001.136	    0.116
6002.127	    0.125
6003.119	    0.114
6004.111	    0.103
6005.103	    0.103
6006.095	    0.068
6007.088	    0.109
6008.081	    0.127
6009.073	    0.162
6010.066	    0.156
6011.059	    0.103
6012.053	    0.130
6013.046	    0.132
6014.040	    0.124
6015.033	    0.140
6016.027	    0.167
6017.022	    0.137
6018.016	    0.146
6019.010	    0.119
6020.005	    0.170
6021.000	    0.170
6021.994	    0.138
6022.990	    0.147
6023.985	    0.162
6024.980	    0.135
6025.976	    0.128
6026.972	    0.122
6027.967	    0.094
6028.964	    0.073
6029.960	    0.100
6030.956	    0.160
6031.953	    0.146
6032.949	    0.134
6033.946	    0.147
6034.943	    0.138
6035.941	    0.140
6036.938	    0.165
6037.936	    0.176
6038.933	    0.162
6039.931	    0.153
6040.929	    0.146
6041.927	    0.117
6042.926	    0.125
6043.924	    0.128
6044.923	    0.130
6045.922	    0.167
6046.921	    0.173
6047.920	    0.167
6048.920	    0.135
6049.919	    0.144
6050.919	    0.181
6051.919	    0.155
6052.919	    0.109
6053.919	    0.127
6054.919	    0.112
6055.920	    0.090
6056.920	    0.073
6057.921	    0.078
6058.922	    0.081
6059.924	    0.083
6060.925	    0.128
6061.926	    0.145
6062.928	    0.135
6063.930	    0.096
6064.932	    0.111
6065.934	    0.107
6066.937	    0.103
6067.939	    0.090
6068.942	    0.119
6069.945	    0.141
6070.948	    0.103
6071.951	    0.134
6072.954	    0.124
6073.958	    0.120
6074.961	    0.130
6075.965	    0.090
6076.969	    0.098
6077.973	    0.131
6078.978	    0.138
6079.982	    0.083
6080.987	    0.117
6081.992	    0.094
6082.997	    0.034
6084.002	    0.062
6085.007	    0.078
6086.013	    0.039
6087.018	    0.112
6088.024	    0.078
6089.030	    0.076
6090.036	    0.076
6091.043	    0.078
6092.049	    0.116
6093.056	    0.154
6094.063	    0.124
6095.070	    0.122
6096.077	    0.102
6097.084	    0.112
6098.092	    0.178
6099.099	    0.176
6100.107	    0.147
6101.115	    0.111
6102.123	    0.127
6103.132	    0.157
6104.140	    0.155
6105.149	    0.163
6106.157	    0.105
6107.166	    0.156
6108.176	    0.178
6109.185	    0.166
6110.194	    0.127
6111.204	    0.189
6112.214	    0.210
6113.224	    0.216
6114.234	    0.183
6115.244	    0.153
6116.255	    0.119
6117.266	    0.189
6118.276	    0.184
6119.287	    0.151
6120.299	    0.141
6121.310	    0.179
6122.321	    0.201
6123.333	    0.223
6124.345	    0.201
6125.357	    0.144
6126.369	    0.142
6127.381	    0.171
6128.394	    0.167
6129.407	    0.199
6130.419	    0.185
6131.432	    0.222
6132.446	    0.224
6133.459	    0.212
6134.472	    0.214
6135.486	    0.197
6136.500	    0.215
6137.514	    0.253
6138.528	    0.251
6139.542	    0.273
6140.557	    0.263
6141.572	    0.252
6142.586	    0.248
6143.601	    0.227
6144.617	    0.225
6145.632	    0.222
6146.648	    0.241
6147.663	    0.242
6148.679	    0.226
6149.695	    0.224
6150.711	    0.230
6151.728	    0.227
6152.744	    0.204
6153.761	    0.185
6154.778	    0.213
6155.795	    0.234
6156.812	    0.234
6157.829	    0.234
6158.847	    0.235
6159.865	    0.235
6160.882	    0.236
6161.900	    0.236
6162.919	    0.236
6163.937	    0.237
6164.956	    0.237
6165.974	    0.238
6166.993	    0.238
6168.012	    0.238
6169.031	    0.238
6170.051	    0.239
6171.070	    0.239
6172.090	    0.240
6173.110	    0.240
6174.130	    0.241
6175.150	    0.241
6176.171	    0.242
6177.191	    0.242
6178.212	    0.240
6179.233	    0.236
6180.254	    0.242
6181.275	    0.242
6182.296	    0.219
6183.318	    0.203
6184.340	    0.209
6185.362	    0.205
6186.384	    0.208
6187.406	    0.240
6188.428	    0.259
6189.451	    0.246
6190.474	    0.238
6191.497	    0.249
6192.520	    0.247
6193.543	    0.252
6194.567	    0.265
6195.590	    0.248
6196.614	    0.270
6197.638	    0.261
6198.662	    0.252
6199.686	    0.229
6200.711	    0.222
6201.735	    0.234
6202.760	    0.227
6203.785	    0.270
6204.810	    0.282
6205.835	    0.288
6206.861	    0.265
6207.887	    0.255
6208.912	    0.250
6209.938	    0.267
6210.964	    0.256
6211.991	    0.240
6213.017	    0.274
6214.044	    0.255
6215.071	    0.266
6216.098	    0.280
6217.125	    0.284
6218.152	    0.260
6219.180	    0.234
6220.207	    0.242
6221.235	    0.262
6222.263	    0.254
6223.291	    0.229
6224.320	    0.210
6225.348	    0.220
6226.377	    0.197
6227.406	    0.196
6228.435	    0.212
6229.464	    0.187
6230.493	    0.184
6231.523	    0.196
6232.553	    0.196
6233.583	    0.234
6234.613	    0.288
6235.643	    0.343
6236.673	    0.378
6237.704	    0.355
6238.734	    0.341
6239.765	    0.323
6240.796	    0.289
6241.828	    0.290
6242.859	    0.309
6243.891	    0.308
6244.922	    0.287
6245.954	    0.281
6246.986	    0.277
6248.019	    0.261
6249.051	    0.244
6250.084	    0.219
6251.117	    0.221
6252.149	    0.226
6253.183	    0.231
6254.216	    0.249
6255.249	    0.236
6256.283	    0.270
6257.317	    0.320
6258.351	    0.338
6259.385	    0.336
6260.419	    0.346
6261.454	    0.343
6262.488	    0.308
6263.523	    0.290
6264.558	    0.287
6265.593	    0.293
6266.629	    0.303
6267.664	    0.306
6268.700	    0.297
6269.736	    0.278
6270.772	    0.280
6271.808	    0.265
6272.844	    0.239
6273.881	    0.220
6274.918	    0.222
6275.954	    0.231
6276.991	    0.218
6278.029	    0.176
6279.066	    0.149
6280.104	    0.117
6281.141	    0.114
6282.179	    0.087
6283.217	    0.094
6284.256	    0.162
6285.294	    0.205
6286.333	    0.256
6287.371	    0.305
6288.410	    0.311
6289.449	    0.308
6290.489	    0.301
6291.528	    0.276
6292.568	    0.203
6293.608	    0.168
6294.648	    0.163
6295.688	    0.186
6296.728	    0.241
6297.769	    0.344
6306.099	    0.308
6307.141	    0.325
6308.183	    0.348
6309.225	    0.352
6310.268	    0.333
6311.310	    0.284
6312.353	    0.248
6313.396	    0.217
6314.440	    0.204
6315.483	    0.252
6316.527	    0.261
6317.570	    0.243
6318.614	    0.227
6319.658	    0.190
6320.703	    0.204
6321.747	    0.242
6322.792	    0.249
6323.837	    0.263
6324.882	    0.283
6325.927	    0.278
6326.972	    0.258
6328.017	    0.261
6329.063	    0.317
6330.109	    0.349
6331.155	    0.341
6332.201	    0.336
6333.247	    0.309
6334.294	    0.266
6335.341	    0.246
6336.388	    0.241
6337.435	    0.248
6338.482	    0.244
6339.529	    0.238
6340.577	    0.232
6341.624	    0.231
6342.672	    0.234
6343.720	    0.236
6344.769	    0.234
6345.817	    0.234
6346.866	    0.194
6347.914	    0.153
6348.963	    0.167
6350.012	    0.191
6351.062	    0.194
6352.111	    0.214
6353.161	    0.246
6354.211	    0.252
6355.261	    0.266
6356.311	    0.289
6357.361	    0.306
6358.412	    0.303
6359.462	    0.306
6360.513	    0.290
6361.564	    0.342
6362.615	    0.546
6363.667	    0.692
6364.718	    0.732
6365.770	    0.725
6366.822	    0.685
6367.874	    0.539
6368.926	    0.337
6369.979	    0.258
6371.031	    0.249
6372.084	    0.261
6373.137	    0.238
6374.190	    0.242
6375.243	    0.247
6376.297	    0.249
6377.350	    0.264
6378.404	    0.252
6379.458	    0.241
6380.512	    0.231
6381.567	    0.236
6382.621	    0.231
6383.676	    0.185
6384.731	    0.209
6385.786	    0.251
6386.841	    0.271
6387.896	    0.286
6388.952	    0.266
6390.008	    0.273
6391.063	    0.269
6392.120	    0.261
6393.176	    0.263
6394.232	    0.255
6395.289	    0.256
6396.346	    0.280
6397.403	    0.279
6398.460	    0.265
6399.517	    0.268
6400.574	    0.247
6401.632	    0.241
6402.690	    0.246
6403.748	    0.238
6404.806	    0.242
6405.864	    0.242
6406.923	    0.250
6407.982	    0.232
6409.040	    0.217
6410.099	    0.221
6411.159	    0.221
6412.218	    0.242
6413.278	    0.244
6414.337	    0.232
6415.397	    0.251
6416.457	    0.280
6417.518	    0.274
6418.578	    0.250
6419.639	    0.255
6420.700	    0.252
6421.760	    0.224
6422.822	    0.225
6423.883	    0.235
6424.944	    0.220
6426.006	    0.228
6427.068	    0.246
6428.130	    0.272
6429.192	    0.290
6430.255	    0.271
6431.317	    0.256
6432.380	    0.246
6433.443	    0.245
6434.506	    0.257
6435.569	    0.251
6436.632	    0.234
6437.696	    0.253
6438.760	    0.268
6439.824	    0.259
6440.888	    0.240
6441.952	    0.244
6443.017	    0.255
6444.081	    0.248
6445.146	    0.225
6446.211	    0.234
6447.276	    0.232
6448.342	    0.254
6449.407	    0.242
6450.473	    0.286
6451.539	    0.279
6452.605	    0.266
6453.671	    0.280
6454.738	    0.267
6455.804	    0.264
6456.871	    0.263
6457.938	    0.244
6459.005	    0.234
6460.072	    0.232
6461.140	    0.234
6462.207	    0.266
6463.275	    0.284
6464.343	    0.301
6465.411	    0.319
6466.480	    0.317
6467.548	    0.308
6468.617	    0.313
6469.686	    0.338
6470.755	    0.325
6471.824	    0.283
6472.894	    0.280
6473.963	    0.287
6475.033	    0.266
6476.103	    0.246
6477.173	    0.249
6478.243	    0.254
6479.314	    0.261
6480.385	    0.246
6481.455	    0.231
6482.526	    0.229
6483.598	    0.244
6484.669	    0.219
6485.740	    0.190
6486.812	    0.168
6487.884	    0.217
6488.956	    0.242
6490.028	    0.244
6491.101	    0.252
6492.173	    0.256
6493.246	    0.250
6494.319	    0.242
6495.392	    0.216
6496.466	    0.222
6497.539	    0.282
6498.613	    0.338
6499.687	    0.352
6500.761	    0.356
6501.835	    0.336
6502.909	    0.278
6503.984	    0.243
6505.058	    0.252
6506.133	    0.271
6507.208	    0.262
6508.284	    0.230
6509.359	    0.224
6510.435	    0.230
6511.511	    0.250
6512.587	    0.251
6513.663	    0.249
6514.739	    0.200
6515.816	    0.125
6516.892	    0.116
6517.969	    0.116
6519.046	    0.122
6520.123	    0.149
6521.201	    0.159
6522.278	    0.204
6523.356	    0.232
6524.434	    0.233
6525.512	    0.238
6526.590	    0.218
6527.669	    0.150
6528.748	    0.174
6529.826	    0.192
6530.905	    0.219
6531.985	    0.306
6533.064	    0.315
6534.143	    0.301
6535.223	    0.322
6536.303	    0.289
6537.383	    0.238
6538.463	    0.217
6539.544	    0.211
6540.624	    0.213
6541.705	    0.226
6542.786	    0.228
6543.867	    0.254
6544.949	    0.273
6546.030	    0.239
6547.112	    0.247
6548.194	    0.211
6549.276	    0.190
6550.358	    0.191
6551.440	    0.229
6552.523	    0.307
6553.606	    0.338
6554.689	    0.322
6555.772	    0.303
6556.855	    0.275
6557.938	    0.216
6559.022	    0.119
6560.106	    0.087
6561.190	    0.146
6562.274	    0.211
6563.358	    0.230
6564.443	    0.242
6565.528	    0.242
6566.613	    0.228
6567.698	    0.213
6568.783	    0.208
6569.868	    0.235
6570.954	    0.255
6572.040	    0.235
6573.126	    0.201
6574.212	    0.219
6575.298	    0.248
6576.385	    0.277
6577.471	    0.290
6578.558	    0.291
6579.645	    0.304
6580.733	    0.295
6581.820	    0.231
6582.908	    0.220
6583.995	    0.202
6585.083	    0.186
6586.171	    0.181
6587.260	    0.190
6588.348	    0.161
6589.437	    0.203
6590.526	    0.214
6591.615	    0.157
6592.704	    0.161
6593.793	    0.192
6594.883	    0.198
6595.973	    0.196
6597.063	    0.220
6598.153	    0.221
6599.243	    0.226
6600.334	    0.215
6601.424	    0.200
6602.515	    0.211
6603.606	    0.237
6604.697	    0.254
6605.789	    0.273
6606.880	    0.268
6607.972	    0.265
6609.064	    0.255
6610.156	    0.273
6611.248	    0.357
6612.341	    0.509
6613.433	    0.710
6614.526	    0.878
6615.619	    0.926
6616.712	    0.847
6617.806	    0.665
6618.899	    0.490
6619.993	    0.359
6621.087	    0.280
6622.181	    0.242
6623.275	    0.242
6624.370	    0.319
6625.464	    0.513
6626.559	    0.874
6627.654	    1.422
6628.749	    2.036
6629.844	    2.375
6630.940	    2.293
6632.036	    1.932
6633.132	    1.425
6634.228	    0.917
6635.324	    0.549
6636.420	    0.390
6637.517	    0.299
6638.614	    0.249
6639.711	    0.242
6640.808	    0.248
6641.905	    0.261
6643.003	    0.277
6644.100	    0.289
6645.198	    0.319
6646.296	    0.426
6647.395	    0.655
6648.493	    0.992
6649.592	    1.363
6650.691	    1.602
6651.789	    1.577
6652.889	    1.327
6653.988	    0.990
6655.087	    0.678
6656.187	    0.470
6657.287	    0.351
6658.387	    0.261
6659.487	    0.237
6660.588	    0.232
6661.688	    0.225
6662.789	    0.230
6663.890	    0.199
6664.991	    0.204
6666.093	    0.217
6667.194	    0.210
6668.296	    0.219
6669.398	    0.216
6670.500	    0.205
6671.602	    0.206
6672.705	    0.150
6673.807	    0.134
6674.910	    0.163
6676.013	    0.190
6677.116	    0.201
6678.219	    0.183
6679.323	    0.144
6680.427	    0.140
6681.530	    0.162
6682.635	    0.188
6683.739	    0.184
6684.843	    0.174
6685.948	    0.181
6687.053	    0.188
6688.158	    0.157
6689.263	    0.125
6690.368	    0.150
6691.474	    0.134
6692.579	    0.134
6693.685	    0.140
6694.791	    0.137
6695.898	    0.145
6697.004	    0.174
6698.111	    0.171
6699.217	    0.147
6700.324	    0.144
6701.432	    0.125
6702.539	    0.078
6703.647	    0.059
6704.754	    0.020
6705.862	    0.114
6706.970	    0.140
6708.079	    0.120
6709.187	    0.140
6710.296	    0.114
6711.404	    0.083
6712.513	    0.039
6713.623	    0.103
6714.732	    0.076
6715.842	    0.098
6716.951	    0.119
6718.061	    0.081
6719.171	    0.044
6720.282	    0.103
6721.392	    0.039
6722.503	    0.087
6723.614	    0.096
6724.725	    0.127
6725.836	    0.127
6726.947	    0.107
6728.059	    0.048
6729.171	    0.083
6730.283	    0.078
6731.395	    0.114
6732.507	    0.034
6733.619	    0.059
6734.732	    0.081
6735.845	    0.068
6736.958	    0.068
6738.071	    0.073
6739.185	    0.068
6740.298	    0.034
6741.412	    0.039
6742.526	    0.059
6743.640	    0.076
6744.754	    0.109
6745.869	    0.124
6746.984	    0.055
6748.099	    0.062
6749.214	    0.081
6750.329	    0.065
6751.444	    0.062
6752.560	    0.028
6753.676	    0.068
6754.792	    0.034
6755.908	    0.028
6757.024	    0.076
6758.141	    0.062
6759.258	    0.081
6760.374	    0.122
6761.492	    0.078
6762.609	    0.078
6763.726	    0.076
6764.844	    0.119
6765.962	    0.135
6767.080	    0.127
6768.198	    0.134
6769.316	    0.130
6770.435	    0.140
6771.554	    0.142
6772.673	    0.120
6773.792	    0.102
6774.911	    0.083
6776.031	    0.039
6777.150	    0.070
6778.270	    0.076
6779.390	    0.055
6780.510	    0.117
6781.631	    0.257
6782.752	    0.445
6783.872	    0.660
6784.993	    0.789
6786.114	    0.765
6787.236	    0.626
6788.357	    0.449
6789.479	    0.274
6790.601	    0.090
6791.723	    0.083
6792.845	    0.070
6793.968	    0.020
6795.090	    0.102
6796.213	    0.231
6797.336	    0.423
6798.459	    0.601
6799.583	    0.707
6800.706	    0.693
6801.830	    0.556
6802.954	    0.397
6804.078	    0.234
6805.203	    0.062
6806.327	    0.140
6807.452	    0.135
6808.577	    0.140
6809.702	    0.142
6810.827	    0.154
6811.952	    0.147
6813.078	    0.167
6814.204	    0.162
6815.330	    0.163
6816.456	    0.202
6817.582	    0.197
6818.709	    0.183
6819.836	    0.169
6820.963	    0.168
6822.090	    0.177
6823.217	    0.200
6824.344	    0.173
6825.472	    0.144
6826.600	    0.068
6827.728	    0.217
6828.856	    0.288
6829.985	    0.293
6831.113	    0.294
6832.242	    0.271
6833.371	    0.289
6834.500	    0.273
6835.630	    0.265
6836.759	    0.215
6837.889	    0.111
6839.019	    0.081
6840.149	    0.111
6841.279	    0.020
6842.410	    0.076
6843.540	    0.044
6844.671	    0.020
6845.802	    0.087
6846.933	    0.132
6848.065	    0.138
6849.196	    0.141
6850.328	    0.155
6851.460	    0.181
6852.592	    0.176
6853.724	    0.196
6854.857	    0.218
6855.990	    0.224
6857.123	    0.200
6858.256	    0.189
6859.389	    0.183
6860.522	    0.147
6861.656	    0.062
6862.790	    0.236
6863.924	    0.313
6865.058	    0.323
6866.193	    0.270
6867.327	    0.125
6868.462	    0.339
6869.597	    0.412
6870.732	    0.440
6871.867	    0.448
6873.003	    0.428
6874.139	    0.405
6875.274	    0.387
6876.411	    0.385
6877.547	    0.369
6878.683	    0.346
6879.820	    0.311
6880.957	    0.253
6882.094	    0.228
6883.231	    0.204
6884.368	    0.234
6885.506	    0.286
6886.644	    0.306
6887.782	    0.290
6888.920	    0.285
6890.058	    0.279
6891.197	    0.282
6892.335	    0.305
6893.474	    0.286
6894.613	    0.300
6895.753	    0.330
6896.892	    0.319
6898.032	    0.310
6899.172	    0.311
6900.312	    0.292
6901.452	    0.276
6902.592	    0.279
6903.733	    0.273
6904.874	    0.282
6906.015	    0.278
6907.156	    0.290
6908.297	    0.292
6909.439	    0.270
6910.580	    0.250
6911.722	    0.232
6912.864	    0.212
6914.007	    0.191
6915.149	    0.165
6916.292	    0.199
6917.435	    0.238
6918.578	    0.240
6919.721	    0.229
6920.865	    0.187
6922.008	    0.070
6923.152	    0.163
6924.296	    0.144
6925.440	    0.135
6926.584	    0.039
6927.729	    0.228
6928.874	    0.261
6930.019	    0.244
6931.164	    0.251
6932.309	    0.257
6933.455	    0.256
6934.600	    0.259
6935.746	    0.228
6936.892	    0.221
6938.039	    0.192
6939.185	    0.134
6940.332	    0.109
6941.479	    0.098
6942.626	    0.109
6943.773	    0.204
6944.920	    0.220
6946.068	    0.189
6947.216	    0.048
6948.364	    0.175
6949.512	    0.193
6950.660	    0.232
6951.809	    0.210
6952.957	    0.103
6954.106	    0.200
6955.255	    0.220
6956.405	    0.231
6957.554	    0.226
6958.704	    0.226
6959.854	    0.229
6961.004	    0.221
6962.154	    0.209
6963.304	    0.204
6964.455	    0.204
6965.606	    0.221
6966.757	    0.229
6967.908	    0.196
6969.059	    0.130
6970.211	    0.132
6971.363	    0.190
6972.515	    0.184
6973.667	    0.182
6974.819	    0.196
6975.972	    0.188
6977.125	    0.034
6978.277	    0.120
6979.431	    0.103
6980.584	    0.078
6981.737	    0.068
6982.891	    0.203
6984.045	    0.206
6985.199	    0.207
6986.353	    0.221
6987.508	    0.219
6988.662	    0.233
6989.817	    0.233
6990.972	    0.209
6992.127	    0.231
6993.283	    0.255
6994.438	    0.236
6995.594	    0.258
6996.750	    0.267
6997.906	    0.280
6999.063	    0.264
7000.219	    0.238
7001.376	    0.239
7002.533	    0.222
7003.690	    0.222
7004.847	    0.225
7006.005	    0.211
7007.162	    0.228
7008.320	    0.232
7009.478	    0.210
7010.636	    0.194
7011.795	    0.189
7012.954	    0.149
7014.112	    0.156
7015.271	    0.234
7016.431	    0.270
7017.590	    0.284
7018.750	    0.258
7019.909	    0.255
7021.069	    0.281
7022.230	    0.283
7023.390	    0.265
7024.551	    0.250
7025.711	    0.252
7026.872	    0.270
7028.033	    0.270
7029.195	    0.263
7030.356	    0.273
7031.518	    0.266
7032.680	    0.245
7033.842	    0.255
7035.004	    0.266
7036.167	    0.281
7037.329	    0.251
7038.492	    0.248
7039.655	    0.249
7040.819	    0.260
7041.982	    0.235
7043.146	    0.244
7044.309	    0.258
7045.473	    0.269
7046.638	    0.243
7047.802	    0.249
7048.967	    0.252
7050.131	    0.252
7051.296	    0.253
7052.462	    0.270
7053.627	    0.272
7054.792	    0.264
7055.958	    0.275
7057.124	    0.269
7058.290	    0.267
7059.457	    0.271
7060.623	    0.261
7061.790	    0.265
7062.957	    0.265
7064.124	    0.268
7065.291	    0.273
7066.459	    0.268
7067.626	    0.262
7068.794	    0.252
7069.962	    0.266
7071.130	    0.280
7072.299	    0.279
7073.468	    0.293
7074.636	    0.282
7075.805	    0.281
7076.975	    0.286
7078.144	    0.286
7079.314	    0.303
7080.483	    0.302
7081.653	    0.261
7082.824	    0.112
7083.994	    0.039
7085.165	    0.250
7086.335	    0.309
7087.506	    0.318
7088.677	    0.281
7089.849	    0.274
7091.020	    0.282
7092.192	    0.284
7093.364	    0.290
7094.536	    0.330
7095.708	    0.307
7096.881	    0.319
7098.054	    0.303
7099.227	    0.288
7100.400	    0.302
7101.573	    0.312
7102.746	    0.303
7103.920	    0.294
7105.094	    0.309
7106.268	    0.329
7107.442	    0.325
7108.617	    0.309
7109.791	    0.313
7110.966	    0.309
7112.141	    0.293
7113.316	    0.285
7114.492	    0.291
7115.667	    0.294
7116.843	    0.292
7118.019	    0.294
