wlen 	 newgal_spectrum 
  4259.984 	      0.016
  4260.688 	      0.015
  4261.392 	      0.015
  4262.096 	      0.014
  4262.800 	      0.014
  4263.505 	      0.013
  4264.209 	      0.013
  4264.914 	      0.012
  4265.618 	      0.012
  4266.323 	      0.012
  4267.028 	      0.011
  4267.733 	      0.011
  4268.439 	      0.010
  4269.144 	      0.010
  4269.849 	      0.010
  4270.555 	      0.009
  4271.261 	      0.008
  4271.966 	     -0.023
  4272.672 	      0.035
  4273.378 	      0.058
  4274.084 	      0.053
  4274.791 	      0.004
  4275.497 	      0.058
  4276.204 	      0.068
  4276.910 	      0.065
  4277.617 	      0.058
  4278.324 	      0.102
  4279.031 	      0.109
  4279.738 	      0.095
  4280.445 	      0.061
  4281.152 	      0.024
  4281.860 	      0.013
  4282.567 	      0.001
  4283.275 	     -0.014
  4283.983 	     -0.041
  4284.691 	     -0.031
  4285.399 	     -0.028
  4286.107 	     -0.022
  4286.815 	     -0.009
  4287.523 	      0.029
  4288.232 	      0.022
  4288.940 	      0.010
  4289.649 	     -0.001
  4290.358 	     -0.005
  4291.067 	     -0.007
  4291.776 	     -0.011
  4292.485 	     -0.012
  4293.194 	     -0.004
  4293.904 	     -0.017
  4294.613 	     -0.020
  4295.323 	     -0.016
  4296.033 	     -0.004
  4296.743 	     -0.018
  4297.453 	     -0.023
  4298.163 	     -0.011
  4298.873 	      0.013
  4299.583 	      0.006
  4300.294 	     -0.007
  4301.004 	     -0.032
  4301.715 	     -0.058
  4302.426 	     -0.070
  4303.137 	     -0.013
  4303.848 	      0.010
  4304.559 	      0.021
  4305.270 	      0.019
  4305.982 	      0.004
  4306.693 	     -0.001
  4307.405 	      0.005
  4308.117 	      0.018
  4308.829 	      0.029
  4309.541 	      0.029
  4310.253 	      0.019
  4310.965 	     -0.003
  4311.677 	     -0.047
  4312.390 	     -0.008
  4313.102 	      0.003
  4313.815 	     -0.006
  4314.528 	     -0.028
  4315.241 	      0.004
  4315.954 	     -0.009
  4316.667 	      0.016
  4317.380 	      0.047
  4318.094 	      0.062
  4318.807 	      0.045
  4319.521 	      0.039
  4320.235 	      0.029
  4320.949 	      0.015
  4321.663 	      0.005
  4322.377 	      0.013
  4323.091 	      0.037
  4323.805 	      0.059
  4324.520 	      0.056
  4325.234 	      0.047
  4325.949 	      0.042
  4326.664 	      0.031
  4327.379 	      0.011
  4328.094 	     -0.013
  4328.809 	     -0.007
  4329.524 	      0.004
  4330.240 	      0.017
  4330.955 	      0.034
  4331.671 	      0.023
  4332.387 	      0.032
  4333.103 	      0.046
  4333.819 	      0.063
  4334.535 	      0.045
  4335.251 	      0.017
  4335.968 	      0.005
  4336.684 	      0.007
  4337.401 	      0.024
  4338.117 	      0.034
  4338.834 	      0.028
  4339.551 	      0.026
  4340.268 	      0.036
  4340.985 	      0.082
  4341.703 	      0.093
  4342.420 	      0.066
  4343.138 	      0.027
  4343.855 	     -0.008
  4344.573 	     -0.015
  4345.291 	     -0.010
  4346.009 	     -0.003
  4346.727 	      0.005
  4347.445 	      0.012
  4348.164 	      0.008
  4348.882 	     -0.014
  4349.601 	     -0.028
  4350.320 	     -0.017
  4351.039 	      0.039
  4351.758 	      0.029
  4352.477 	      0.013
  4353.196 	     -0.003
  4353.915 	     -0.006
  4354.635 	     -0.035
  4355.354 	     -0.026
  4356.074 	      0.002
  4356.794 	      0.048
  4357.514 	      0.098
  4358.234 	      0.138
  4358.954 	      0.147
  4359.674 	      0.133
  4360.394 	      0.097
  4361.115 	      0.088
  4361.836 	      0.099
  4362.556 	      0.102
  4363.277 	      0.095
  4363.998 	      0.079
  4364.719 	      0.049
  4365.441 	      0.047
  4366.162 	      0.055
  4366.883 	      0.065
  4367.605 	      0.031
  4368.327 	      0.016
  4369.049 	      0.011
  4369.771 	      0.012
  4370.493 	      0.012
  4371.215 	      0.009
  4371.937 	      0.012
  4372.660 	      0.012
  4373.382 	      0.011
  4374.105 	      0.043
  4374.828 	      0.080
  4375.550 	      0.085
  4376.273 	      0.075
  4376.997 	      0.058
  4377.720 	      0.053
  4378.443 	      0.038
  4379.167 	      0.028
  4379.890 	      0.021
  4380.614 	      0.016
  4390.759 	     -0.000
  4391.485 	      0.037
  4392.210 	      0.038
  4392.936 	      0.034
  4393.662 	      0.033
  4394.388 	      0.060
  4395.114 	      0.063
  4395.840 	      0.076
  4396.567 	      0.087
  4397.293 	      0.091
  4398.020 	      0.064
  4398.747 	      0.069
  4399.473 	      0.093
  4400.200 	      0.108
  4400.928 	      0.097
  4401.655 	      0.101
  4402.382 	      0.093
  4403.110 	      0.094
  4403.837 	      0.109
  4404.565 	      0.149
  4405.293 	      0.212
  4406.021 	      0.245
  4406.749 	      0.228
  4407.477 	      0.177
  4408.205 	      0.141
  4408.934 	      0.119
  4409.662 	      0.125
  4410.391 	      0.134
  4411.119 	      0.138
  4411.848 	      0.134
  4412.577 	      0.098
  4413.307 	      0.071
  4414.036 	      0.062
  4414.765 	      0.074
  4415.495 	      0.080
  4416.224 	      0.079
  4416.954 	      0.079
  4417.684 	      0.076
  4418.414 	      0.070
  4419.144 	      0.044
  4419.874 	      0.038
  4420.605 	      0.049
  4421.335 	      0.061
  4422.066 	      0.058
  4422.796 	      0.028
  4423.527 	      0.045
  4424.258 	      0.066
  4424.989 	      0.085
  4425.720 	      0.093
  4426.452 	      0.098
  4427.183 	      0.056
  4427.915 	      0.013
  4428.646 	     -0.015
  4429.378 	     -0.006
  4430.110 	      0.001
  4430.842 	     -0.012
  4431.574 	     -0.005
  4432.307 	      0.024
  4433.039 	      0.058
  4433.772 	      0.017
  4434.504 	      0.012
  4435.237 	      0.010
  4435.970 	      0.014
  4436.703 	      0.068
  4437.436 	      0.074
  4438.169 	      0.062
  4438.903 	      0.046
  4439.636 	      0.035
  4440.370 	      0.064
  4441.103 	      0.028
  4441.837 	      0.022
  4442.571 	      0.017
  4443.305 	      0.011
  4444.040 	      0.036
  4444.774 	      0.046
  4445.508 	      0.043
  4446.243 	      0.042
  4446.978 	      0.047
  4447.713 	      0.053
  4448.447 	      0.068
  4449.183 	      0.072
  4449.918 	      0.061
  4450.653 	      0.036
  4451.388 	      0.033
  4452.124 	      0.024
  4452.860 	      0.010
  4453.596 	     -0.004
  4454.331 	     -0.015
  4455.067 	     -0.010
  4455.804 	      0.002
  4456.540 	      0.003
  4457.276 	      0.009
  4458.013 	      0.026
  4458.750 	      0.042
  4459.486 	      0.027
  4460.223 	      0.014
  4460.960 	      0.003
  4461.697 	     -0.005
  4462.435 	     -0.004
  4463.172 	      0.016
  4463.909 	      0.023
  4464.647 	      0.011
  4465.385 	     -0.015
  4466.123 	     -0.008
  4466.861 	      0.039
  4467.599 	      0.042
  4468.337 	      0.032
  4469.075 	      0.020
  4469.814 	      0.020
  4470.552 	      0.005
  4471.291 	      0.019
  4472.030 	      0.042
  4472.769 	      0.059
  4473.508 	      0.036
  4474.247 	      0.019
  4474.987 	      0.009
  4475.726 	     -0.019
  4476.466 	     -0.059
  4477.205 	     -0.076
  4477.945 	     -0.046
  4478.685 	     -0.013
  4479.425 	     -0.009
  4480.165 	     -0.020
  4480.906 	      0.002
  4481.646 	      0.043
  4482.387 	      0.023
  4483.127 	      0.034
  4483.868 	      0.060
  4484.609 	      0.065
  4485.350 	      0.063
  4486.091 	      0.050
  4486.833 	      0.037
  4487.574 	      0.021
  4488.316 	      0.001
  4489.057 	      0.025
  4489.799 	      0.014
  4490.541 	      0.011
  4491.283 	      0.007
  4492.025 	     -0.003
  4492.767 	     -0.004
  4493.510 	      0.035
  4494.252 	      0.059
  4494.995 	      0.068
  4495.738 	      0.057
  4496.481 	      0.005
  4497.224 	     -0.014
  4497.967 	     -0.007
  4498.710 	      0.007
  4499.453 	      0.024
  4500.197 	      0.040
  4500.940 	      0.022
  4501.684 	     -0.007
  4502.428 	     -0.026
  4503.172 	     -0.026
  4503.916 	      0.011
  4504.660 	      0.040
  4505.405 	      0.030
  4506.149 	      0.023
  4506.894 	      0.028
  4507.639 	      0.054
  4508.383 	      0.066
  4509.128 	      0.052
  4509.873 	      0.041
  4510.619 	      0.030
  4511.364 	      0.021
  4512.109 	      0.036
  4512.855 	      0.044
  4513.601 	      0.044
  4514.347 	      0.041
  4515.093 	      0.036
  4515.839 	      0.026
  4516.585 	      0.026
  4517.331 	      0.051
  4518.078 	      0.050
  4518.824 	      0.040
  4519.571 	      0.059
  4520.318 	      0.077
  4521.065 	      0.078
  4521.812 	      0.065
  4522.559 	      0.055
  4523.306 	      0.065
  4524.054 	      0.080
  4524.801 	      0.062
  4525.549 	      0.049
  4526.297 	      0.033
  4527.045 	      0.011
  4527.793 	     -0.013
  4528.541 	     -0.006
  4529.289 	      0.015
  4530.038 	      0.034
  4530.786 	      0.044
  4531.535 	      0.042
  4532.284 	      0.062
  4533.033 	      0.046
  4533.782 	      0.049
  4534.531 	      0.051
  4535.280 	      0.039
  4536.030 	      0.031
  4536.779 	      0.070
  4537.529 	      0.075
  4538.279 	      0.072
  4539.028 	      0.066
  4539.779 	      0.047
  4540.529 	      0.047
  4541.279 	      0.053
  4542.029 	      0.057
  4542.780 	      0.062
  4543.531 	      0.071
  4544.281 	      0.078
  4545.032 	      0.100
  4545.783 	      0.091
  4546.534 	      0.066
  4547.286 	      0.038
  4548.037 	      0.029
  4548.789 	      0.027
  4549.540 	      0.071
  4550.292 	      0.104
  4551.044 	      0.103
  4551.796 	      0.051
  4552.548 	      0.027
  4553.300 	      0.045
  4554.053 	      0.047
  4554.805 	      0.035
  4555.558 	      0.014
  4556.311 	     -0.008
  4557.064 	      0.029
  4557.817 	      0.030
  4558.570 	      0.021
  4559.323 	      0.020
  4560.076 	      0.044
  4560.830 	      0.044
  4561.584 	      0.014
  4562.337 	      0.011
  4563.091 	      0.015
  4563.845 	      0.019
  4564.599 	      0.033
  4565.354 	      0.040
  4566.108 	      0.047
  4566.863 	      0.053
  4567.617 	      0.046
  4568.372 	      0.021
  4569.127 	      0.066
  4569.882 	      0.045
  4570.637 	      0.037
  4571.392 	      0.038
  4572.148 	      0.043
  4572.903 	      0.042
  4573.659 	      0.011
  4574.415 	      0.027
  4575.170 	      0.034
  4575.926 	      0.020
  4576.683 	     -0.018
  4577.439 	     -0.040
  4578.195 	      0.001
  4578.952 	      0.031
  4579.708 	      0.030
  4580.465 	      0.004
  4581.222 	     -0.027
  4581.979 	     -0.011
  4582.736 	     -0.018
  4583.493 	      0.001
  4584.251 	      0.017
  4585.008 	      0.016
  4585.766 	     -0.006
  4586.524 	     -0.010
  4587.282 	      0.036
  4588.040 	      0.043
  4588.798 	      0.029
  4589.556 	      0.018
  4590.314 	      0.019
  4591.073 	      0.026
  4591.832 	      0.028
  4592.590 	      0.015
  4593.349 	      0.002
  4594.108 	      0.017
  4594.867 	      0.021
  4595.627 	     -0.000
  4596.386 	      0.012
  4597.146 	      0.034
  4597.905 	      0.044
  4598.665 	      0.016
  4599.425 	     -0.012
  4600.185 	     -0.002
  4600.945 	      0.011
  4601.705 	      0.020
  4602.466 	      0.030
  4603.226 	      0.061
  4603.987 	      0.089
  4604.748 	      0.071
  4605.508 	      0.049
  4606.269 	      0.038
  4607.031 	      0.044
  4607.792 	      0.053
  4608.553 	      0.042
  4609.315 	      0.042
  4610.076 	      0.035
  4610.838 	      0.022
  4611.600 	      0.014
  4612.362 	      0.018
  4613.124 	      0.008
  4613.887 	      0.022
  4614.649 	      0.039
  4615.412 	      0.048
  4616.174 	      0.043
  4616.937 	      0.037
  4617.700 	      0.024
  4618.463 	      0.028
  4619.226 	      0.034
  4619.989 	      0.034
  4620.753 	      0.030
  4621.516 	      0.049
  4622.280 	      0.042
  4623.044 	      0.033
  4623.808 	      0.034
  4624.572 	      0.046
  4625.336 	      0.061
  4626.100 	     -0.008
  4626.865 	     -0.001
  4627.629 	     -0.002
  4628.394 	     -0.017
  4629.159 	     -0.036
  4629.924 	     -0.029
  4630.689 	      0.002
  4631.454 	     -0.016
  4632.219 	     -0.011
  4632.985 	      0.010
  4633.750 	      0.034
  4634.516 	      0.036
  4635.282 	      0.053
  4636.048 	      0.049
  4636.814 	      0.044
  4637.580 	      0.034
  4638.346 	      0.015
  4639.113 	     -0.027
  4639.879 	     -0.004
  4640.646 	     -0.001
  4641.413 	      0.005
  4642.180 	      0.008
  4642.947 	      0.007
  4643.714 	      0.007
  4644.481 	     -0.019
  4645.249 	     -0.019
  4646.016 	     -0.018
  4646.784 	     -0.008
  4647.552 	      0.010
  4648.320 	      0.006
  4649.088 	     -0.005
  4649.856 	     -0.000
  4650.625 	     -0.002
  4651.393 	     -0.002
  4652.162 	      0.004
  4652.930 	      0.017
  4653.699 	      0.020
  4654.468 	      0.017
  4655.237 	      0.023
  4656.007 	      0.036
  4656.776 	      0.051
  4657.546 	      0.066
  4658.315 	      0.062
  4659.085 	      0.055
  4659.855 	      0.051
  4660.625 	      0.037
  4661.395 	      0.023
  4662.165 	      0.039
  4662.936 	      0.059
  4663.706 	      0.037
  4664.477 	      0.033
  4665.247 	      0.038
  4666.018 	      0.033
  4666.789 	      0.002
  4667.561 	      0.006
  4668.332 	     -0.026
  4669.103 	     -0.031
  4669.875 	     -0.004
  4670.646 	      0.040
  4671.418 	      0.082
  4672.190 	      0.099
  4672.962 	      0.070
  4673.734 	      0.024
  4674.507 	     -0.006
  4675.279 	      0.001
  4676.052 	      0.040
  4676.824 	      0.048
  4677.597 	      0.029
  4678.370 	      0.040
  4679.143 	      0.046
  4679.916 	      0.040
  4680.690 	      0.029
  4681.463 	      0.028
  4682.237 	     -0.006
  4683.010 	     -0.009
  4683.784 	      0.004
  4684.558 	     -0.000
  4685.332 	     -0.017
  4686.106 	     -0.017
  4686.881 	     -0.012
  4687.655 	     -0.031
  4688.430 	     -0.014
  4689.205 	      0.002
  4689.979 	      0.010
  4690.754 	      0.010
  4691.529 	     -0.021
  4692.305 	     -0.013
  4693.080 	     -0.007
  4693.856 	      0.005
  4694.631 	      0.010
  4695.407 	      0.002
  4696.183 	     -0.005
  4696.959 	     -0.014
  4697.735 	     -0.015
  4698.511 	      0.011
  4699.288 	      0.004
  4700.064 	     -0.027
  4700.841 	     -0.028
  4701.618 	      0.009
  4702.394 	     -0.003
  4703.171 	     -0.001
  4703.949 	      0.009
  4704.726 	      0.021
  4705.503 	      0.029
  4706.281 	      0.034
  4707.059 	      0.030
  4707.836 	      0.027
  4708.614 	      0.036
  4709.392 	      0.038
  4710.171 	      0.029
  4710.949 	      0.014
  4711.727 	      0.008
  4712.506 	      0.030
  4713.285 	      0.042
  4714.063 	      0.027
  4714.842 	     -0.002
  4715.621 	     -0.026
  4716.401 	     -0.036
  4717.180 	     -0.028
  4717.960 	     -0.027
  4718.739 	     -0.024
  4719.519 	     -0.011
  4720.299 	      0.008
  4721.079 	      0.022
  4721.859 	     -0.011
  4722.639 	     -0.019
  4723.419 	     -0.004
  4724.200 	      0.006
  4724.981 	     -0.000
  4725.761 	     -0.015
  4726.542 	     -0.015
  4727.323 	     -0.007
  4728.104 	      0.009
  4728.886 	      0.035
  4729.667 	      0.042
  4730.449 	      0.029
  4731.230 	      0.010
  4732.012 	      0.007
  4732.794 	      0.010
  4733.576 	      0.008
  4734.358 	      0.029
  4735.141 	      0.049
  4735.923 	      0.055
  4736.706 	      0.050
  4737.488 	      0.010
  4738.271 	     -0.024
  4739.054 	      0.003
  4739.837 	      0.027
  4740.620 	      0.044
  4741.404 	      0.051
  4742.187 	      0.029
  4742.971 	     -0.016
  4743.755 	      0.013
  4744.538 	      0.018
  4745.322 	      0.025
  4746.107 	      0.022
  4746.891 	     -0.003
  4747.675 	     -0.023
  4748.460 	     -0.020
  4749.244 	      0.007
  4750.029 	      0.004
  4750.814 	     -0.010
  4751.599 	     -0.017
  4752.384 	     -0.013
  4753.170 	     -0.007
  4753.955 	     -0.019
  4754.741 	     -0.007
  4755.526 	     -0.011
  4756.312 	     -0.020
  4757.098 	     -0.023
  4757.884 	     -0.013
  4758.670 	     -0.014
  4759.457 	      0.003
  4760.243 	     -0.006
  4761.030 	     -0.003
  4761.816 	      0.011
  4762.603 	      0.017
  4763.390 	     -0.004
  4764.177 	     -0.031
  4764.965 	     -0.029
  4765.752 	     -0.028
  4766.539 	     -0.013
  4767.327 	      0.010
  4768.115 	      0.029
  4768.903 	      0.034
  4769.691 	      0.016
  4770.479 	     -0.025
  4771.267 	     -0.023
  4772.056 	     -0.008
  4772.844 	     -0.004
  4773.633 	     -0.010
  4774.422 	     -0.000
  4775.211 	      0.022
  4776.000 	      0.018
  4776.789 	     -0.004
  4777.578 	     -0.017
  4778.368 	     -0.014
  4779.157 	     -0.003
  4779.947 	     -0.000
  4780.737 	     -0.004
  4781.527 	     -0.000
  4782.317 	     -0.003
  4783.107 	     -0.009
  4783.897 	     -0.020
  4784.688 	     -0.031
  4785.479 	     -0.032
  4786.269 	     -0.023
  4787.060 	     -0.027
  4787.851 	     -0.020
  4788.642 	     -0.003
  4789.434 	      0.015
  4790.225 	      0.030
  4791.017 	      0.041
  4791.808 	      0.018
  4792.600 	      0.023
  4793.392 	      0.050
  4794.184 	      0.046
  4794.976 	      0.021
  4795.769 	     -0.007
  4796.561 	     -0.021
  4797.354 	      0.001
  4798.146 	     -0.009
  4798.939 	      0.011
  4799.732 	      0.024
  4800.525 	      0.008
  4801.319 	     -0.011
  4802.112 	     -0.013
  4802.906 	     -0.019
  4803.699 	     -0.010
  4804.493 	      0.015
  4805.287 	      0.007
  4806.081 	     -0.008
  4806.875 	     -0.016
  4807.669 	     -0.012
  4808.464 	      0.004
  4809.258 	      0.016
  4810.053 	     -0.059
  4810.848 	     -0.076
  4811.643 	     -0.063
  4812.438 	     -0.030
  4813.233 	      0.003
  4814.028 	      0.019
  4814.824 	     -0.005
  4815.620 	     -0.056
  4816.415 	     -0.036
  4817.211 	     -0.012
  4818.007 	      0.005
  4818.803 	      0.022
  4819.600 	      0.036
  4820.396 	      0.027
  4821.192 	      0.023
  4821.989 	      0.026
  4822.786 	      0.036
  4823.583 	      0.017
  4824.380 	     -0.005
  4825.177 	     -0.006
  4825.974 	      0.016
  4826.772 	      0.023
  4827.569 	      0.028
  4828.367 	      0.035
  4829.165 	      0.043
  4829.963 	      0.037
  4830.761 	      0.019
  4831.559 	      0.002
  4832.358 	     -0.001
  4833.156 	      0.014
  4833.955 	      0.021
  4834.754 	      0.015
  4835.553 	      0.013
  4836.352 	      0.017
  4837.151 	      0.010
  4837.950 	     -0.021
  4838.750 	     -0.031
  4839.549 	     -0.016
  4840.349 	     -0.022
  4841.149 	     -0.027
  4841.949 	     -0.015
  4842.749 	      0.007
  4843.549 	      0.020
  4844.349 	      0.015
  4845.150 	      0.022
  4845.950 	      0.042
  4846.751 	      0.039
  4847.552 	      0.041
  4848.353 	      0.041
  4849.154 	      0.033
  4849.955 	      0.022
  4850.757 	      0.025
  4851.558 	      0.042
  4852.360 	      0.037
  4853.162 	      0.040
  4853.964 	      0.040
  4854.766 	      0.028
  4855.568 	      0.013
  4856.370 	      0.006
  4857.173 	      0.004
  4857.976 	     -0.022
  4858.778 	     -0.022
  4859.581 	      0.003
  4860.384 	      0.021
  4861.187 	      0.010
  4861.991 	     -0.007
  4862.794 	      0.010
  4863.598 	      0.037
  4864.401 	     -0.007
  4865.205 	     -0.000
  4866.009 	     -0.014
  4866.813 	     -0.003
  4867.617 	      0.010
  4868.422 	      0.003
  4869.226 	     -0.020
  4870.031 	     -0.038
  4870.835 	     -0.045
  4871.640 	     -0.027
  4872.445 	     -0.021
  4873.250 	     -0.016
  4874.056 	     -0.017
  4874.861 	     -0.037
  4875.667 	     -0.068
  4876.472 	     -0.056
  4877.278 	     -0.080
  4878.084 	     -0.055
  4878.890 	      0.016
  4879.696 	      0.032
  4880.503 	      0.012
  4881.309 	     -0.010
  4882.116 	     -0.019
  4882.922 	     -0.021
  4883.729 	     -0.016
  4884.536 	     -0.034
  4885.343 	     -0.026
  4886.151 	     -0.013
  4886.958 	      0.020
  4887.766 	      0.048
  4888.573 	      0.033
  4889.381 	      0.005
  4890.189 	     -0.005
  4890.997 	     -0.013
  4891.805 	     -0.023
  4892.613 	     -0.024
  4893.422 	     -0.030
  4894.231 	     -0.040
  4895.039 	     -0.044
  4895.848 	     -0.031
  4896.657 	     -0.016
  4897.466 	     -0.034
  4898.276 	     -0.031
  4899.085 	     -0.011
  4899.894 	      0.005
  4900.704 	      0.001
  4901.514 	     -0.020
  4902.324 	     -0.035
  4903.134 	     -0.022
  4903.944 	     -0.001
  4904.754 	     -0.001
  4905.565 	     -0.030
  4906.376 	     -0.021
  4907.186 	      0.070
  4907.997 	      0.302
  4908.808 	      0.714
  4909.619 	      1.260
  4910.431 	      1.807
  4911.242 	      2.102
  4912.054 	      2.094
  4912.865 	      1.785
  4913.677 	      1.260
  4914.489 	      0.704
  4915.301 	      0.292
  4916.113 	      0.090
  4916.926 	      0.032
  4917.738 	      0.006
  4918.551 	     -0.018
  4919.363 	     -0.025
  4920.176 	     -0.023
  4920.989 	     -0.030
  4921.803 	     -0.045
  4922.616 	     -0.049
  4923.429 	     -0.028
  4924.243 	     -0.016
  4925.057 	      0.002
  4925.870 	      0.022
  4926.684 	      0.035
  4927.498 	      0.037
  4928.313 	      0.041
  4929.127 	      0.058
  4929.941 	      0.080
  4930.756 	      0.080
  4931.571 	      0.053
  4932.386 	      0.042
  4933.201 	      0.030
  4934.016 	      0.036
  4934.831 	      0.028
  4935.647 	      0.001
  4936.462 	     -0.018
  4937.278 	     -0.000
  4938.094 	      0.026
  4938.910 	      0.050
  4939.726 	      0.026
  4940.542 	      0.018
  4941.359 	      0.003
  4942.175 	      0.006
  4942.992 	      0.021
  4943.809 	      0.028
  4944.625 	      0.027
  4945.443 	      0.035
  4946.260 	      0.041
  4947.077 	      0.025
  4947.895 	      0.035
  4948.712 	      0.018
  4949.530 	      0.014
  4950.348 	      0.021
  4951.166 	      0.018
  4951.984 	      0.017
  4952.802 	      0.037
  4953.621 	      0.004
  4954.439 	     -0.013
  4955.258 	      0.020
  4956.077 	      0.036
  4956.896 	      0.019
  4957.715 	      0.012
  4958.534 	      0.036
  4959.353 	      0.036
  4960.173 	     -0.016
  4960.992 	     -0.012
  4961.812 	      0.007
  4962.632 	     -0.009
  4963.452 	     -0.009
  4964.272 	      0.003
  4965.093 	      0.010
  4965.913 	      0.016
  4966.734 	      0.031
  4967.554 	      0.000
  4968.375 	     -0.020
  4969.196 	     -0.029
  4970.017 	     -0.039
  4970.838 	     -0.035
  4971.660 	     -0.042
  4972.481 	     -0.048
  4973.303 	     -0.047
  4974.125 	     -0.049
  4974.947 	     -0.041
  4975.769 	     -0.011
  4976.591 	      0.029
  4977.413 	      0.035
  4978.236 	      0.025
  4979.058 	      0.013
  4979.881 	      0.020
  4980.704 	      0.037
  4981.527 	      0.040
  4982.350 	      0.026
  4983.174 	      0.023
  4983.997 	     -0.008
  4984.821 	     -0.018
  4985.644 	     -0.014
  4986.468 	     -0.005
  4987.292 	      0.010
  4988.116 	      0.021
  4988.940 	      0.017
  4989.765 	      0.003
  4990.589 	     -0.005
  4991.414 	      0.000
  4992.239 	     -0.001
  4993.064 	     -0.001
  4993.889 	      0.009
  4994.714 	      0.008
  4995.539 	     -0.005
  4996.365 	     -0.011
  4997.190 	     -0.000
  4998.016 	      0.020
  4998.842 	      0.034
  4999.668 	      0.051
  5000.494 	      0.055
  5001.320 	      0.033
  5002.147 	      0.031
  5002.973 	      0.051
  5003.800 	      0.056
  5004.627 	      0.026
  5005.454 	     -0.015
  5006.281 	     -0.017
  5007.108 	      0.017
  5007.936 	      0.035
  5008.763 	      0.054
  5009.591 	      0.069
  5010.419 	      0.065
  5011.247 	      0.062
  5012.075 	      0.057
  5012.903 	      0.039
  5013.731 	      0.011
  5014.560 	     -0.002
  5015.388 	      0.014
  5016.217 	      0.013
  5017.046 	     -0.022
  5017.875 	     -0.034
  5018.704 	     -0.020
  5019.533 	     -0.015
  5020.363 	     -0.022
  5021.192 	     -0.026
  5022.022 	     -0.029
  5022.852 	     -0.042
  5023.682 	     -0.033
  5024.512 	     -0.020
  5025.342 	     -0.008
  5026.173 	     -0.017
  5027.003 	     -0.021
  5027.834 	     -0.017
  5028.665 	     -0.021
  5029.496 	     -0.020
  5030.327 	     -0.007
  5031.158 	     -0.009
  5031.989 	     -0.025
  5032.821 	     -0.055
  5033.653 	     -0.064
  5034.484 	     -0.047
  5035.316 	     -0.036
  5036.148 	     -0.044
  5036.980 	     -0.037
  5037.813 	     -0.026
  5038.645 	     -0.025
  5039.478 	     -0.023
  5040.311 	     -0.014
  5041.143 	     -0.021
  5041.976 	     -0.048
  5042.810 	     -0.061
  5043.643 	     -0.052
  5044.476 	     -0.046
  5045.310 	     -0.041
  5046.144 	     -0.033
  5046.977 	     -0.023
  5047.811 	     -0.022
  5048.645 	     -0.036
  5049.480 	     -0.029
  5050.314 	     -0.047
  5051.149 	     -0.051
  5051.983 	     -0.046
  5052.818 	     -0.054
  5053.653 	     -0.043
  5054.488 	      0.004
  5055.323 	      0.057
  5056.159 	      0.099
  5056.994 	      0.142
  5057.830 	      0.201
  5058.666 	      0.264
  5059.501 	      0.221
  5060.337 	      0.163
  5061.174 	      0.120
  5062.010 	      0.053
  5062.846 	      0.008
  5063.683 	     -0.011
  5064.520 	     -0.031
  5065.357 	     -0.040
  5066.194 	     -0.030
  5067.031 	     -0.035
  5067.868 	     -0.045
  5068.706 	     -0.032
  5069.543 	     -0.017
  5070.381 	     -0.026
  5071.219 	     -0.029
  5072.057 	     -0.022
  5072.895 	     -0.044
  5073.733 	     -0.062
  5074.571 	     -0.046
  5075.410 	     -0.012
  5076.249 	      0.008
  5077.087 	     -0.009
  5077.926 	     -0.030
  5078.765 	     -0.023
  5079.605 	     -0.030
  5080.444 	      0.006
  5081.283 	      0.017
  5082.123 	      0.022
  5082.963 	      0.030
  5083.803 	      0.037
  5084.643 	      0.040
  5085.483 	      0.041
  5086.323 	      0.033
  5087.164 	      0.013
  5088.004 	     -0.011
  5088.845 	     -0.021
  5089.686 	     -0.024
  5090.527 	     -0.016
  5091.368 	     -0.008
  5092.210 	     -0.011
  5093.051 	     -0.018
  5093.893 	     -0.022
  5094.734 	     -0.026
  5095.576 	     -0.027
  5096.418 	     -0.021
  5097.260 	     -0.007
  5098.103 	     -0.006
  5098.945 	      0.010
  5099.788 	      0.020
  5100.630 	      0.017
  5101.473 	     -0.002
  5102.316 	     -0.020
  5103.159 	     -0.013
  5104.003 	      0.004
  5104.846 	      0.001
  5105.689 	     -0.011
  5106.533 	      0.001
  5107.377 	      0.014
  5108.221 	      0.025
  5109.065 	      0.034
  5109.909 	      0.027
  5110.754 	      0.013
  5111.598 	      0.000
  5112.443 	     -0.004
  5113.288 	     -0.001
  5114.132 	      0.011
  5114.978 	      0.026
  5115.823 	      0.026
  5116.668 	      0.011
  5117.514 	     -0.003
  5118.359 	     -0.001
  5119.205 	     -0.015
  5120.051 	     -0.019
  5120.897 	     -0.005
  5121.743 	      0.015
  5122.589 	      0.023
  5123.436 	      0.007
  5124.283 	     -0.024
  5125.129 	     -0.032
  5125.976 	     -0.003
  5126.823 	      0.027
  5127.670 	      0.039
  5128.518 	      0.021
  5129.365 	     -0.008
  5130.213 	      0.004
  5131.060 	     -0.004
  5131.908 	     -0.033
  5132.756 	     -0.035
  5133.604 	     -0.034
  5134.453 	     -0.042
  5135.301 	     -0.046
  5136.150 	     -0.027
  5136.998 	      0.007
  5137.847 	      0.020
  5138.696 	      0.017
  5139.545 	      0.028
  5140.395 	      0.029
  5141.244 	      0.019
  5142.094 	      0.010
  5142.943 	      0.014
  5143.793 	      0.033
  5144.643 	      0.023
  5145.493 	      0.000
  5146.343 	     -0.000
  5147.194 	      0.004
  5148.044 	     -0.015
  5148.895 	     -0.025
  5149.746 	     -0.032
  5150.597 	     -0.045
  5151.448 	     -0.048
  5152.299 	     -0.033
  5153.151 	     -0.033
  5154.002 	     -0.034
  5154.854 	     -0.027
  5155.706 	     -0.024
  5156.557 	     -0.008
  5157.410 	      0.009
  5158.262 	      0.001
  5159.114 	     -0.031
  5159.967 	     -0.049
  5160.819 	     -0.023
  5161.672 	     -0.009
  5162.525 	     -0.012
  5163.378 	     -0.023
  5164.231 	     -0.039
  5165.085 	     -0.007
  5165.938 	      0.012
  5166.792 	      0.011
  5167.645 	     -0.010
  5168.499 	     -0.006
  5169.353 	      0.004
  5170.208 	      0.011
  5171.062 	      0.023
  5171.916 	      0.012
  5172.771 	      0.004
  5173.626 	     -0.007
  5174.481 	     -0.031
  5175.336 	     -0.045
  5176.191 	     -0.004
  5177.046 	      0.015
  5177.902 	     -0.022
  5178.757 	     -0.056
  5179.613 	     -0.033
  5180.469 	     -0.017
  5181.325 	     -0.037
  5182.181 	     -0.045
  5183.037 	     -0.034
  5183.894 	     -0.047
  5184.751 	     -0.044
  5185.607 	     -0.003
  5186.464 	     -0.008
  5187.321 	     -0.009
  5188.178 	      0.010
  5189.036 	      0.020
  5189.893 	      0.010
  5190.751 	     -0.032
  5191.608 	     -0.054
  5192.466 	     -0.054
  5193.324 	     -0.041
  5194.182 	     -0.026
  5195.041 	     -0.021
  5195.899 	     -0.022
  5196.758 	     -0.023
  5197.616 	     -0.024
  5198.475 	     -0.025
  5199.334 	     -0.027
  5200.194 	     -0.028
  5201.053 	     -0.029
  5201.912 	     -0.030
  5202.772 	     -0.031
  5203.632 	     -0.032
  5204.491 	     -0.033
  5205.351 	     -0.034
  5206.212 	     -0.035
  5207.072 	     -0.036
  5207.932 	     -0.037
  5208.793 	     -0.038
  5209.654 	     -0.039
  5210.514 	     -0.040
  5211.375 	     -0.040
  5212.236 	     -0.041
  5213.098 	     -0.042
  5213.959 	     -0.043
  5214.821 	     -0.043
  5215.682 	     -0.044
  5216.544 	     -0.044
  5217.406 	     -0.045
  5218.268 	     -0.063
  5219.131 	     -0.083
  5219.993 	     -0.099
  5220.856 	     -0.103
  5221.718 	     -0.099
  5222.581 	     -0.107
  5223.444 	     -0.111
  5224.307 	     -0.108
  5225.171 	     -0.083
  5226.034 	     -0.097
  5226.898 	     -0.085
  5227.761 	     -0.021
  5228.625 	     -0.013
  5229.489 	     -0.015
  5230.353 	     -0.033
  5231.218 	     -0.022
  5232.082 	     -0.002
  5232.947 	     -0.002
  5233.811 	     -0.018
  5234.676 	     -0.033
  5235.541 	     -0.046
  5236.406 	     -0.062
  5237.271 	     -0.067
  5238.137 	     -0.061
  5239.002 	     -0.047
  5239.868 	     -0.036
  5240.734 	     -0.031
  5241.600 	     -0.037
  5242.466 	     -0.019
  5243.332 	     -0.029
  5244.199 	     -0.037
  5245.065 	     -0.024
  5245.932 	     -0.030
  5246.799 	     -0.041
  5247.666 	     -0.046
  5248.533 	     -0.021
  5249.400 	      0.027
  5250.268 	      0.065
  5251.135 	      0.096
  5252.003 	      0.135
  5252.871 	      0.152
  5253.739 	      0.149
  5254.607 	      0.150
  5255.475 	      0.113
  5256.344 	      0.044
  5257.212 	     -0.015
  5258.081 	     -0.028
  5258.950 	     -0.049
  5259.819 	     -0.077
  5260.688 	     -0.050
  5261.557 	     -0.029
  5262.427 	     -0.027
  5263.296 	     -0.041
  5264.166 	     -0.052
  5265.036 	     -0.054
  5265.906 	     -0.046
  5266.776 	     -0.031
  5267.646 	     -0.032
  5268.517 	     -0.055
  5269.387 	     -0.069
  5270.258 	     -0.056
  5271.129 	     -0.022
  5272.000 	     -0.009
  5272.871 	     -0.018
  5273.742 	     -0.011
  5274.614 	     -0.004
  5275.485 	     -0.026
  5276.357 	     -0.090
  5277.229 	     -0.104
  5278.101 	      0.097
  5278.973 	      0.102
  5279.845 	     -0.033
  5280.718 	     -0.088
  5281.591 	     -0.068
  5282.463 	     -0.047
  5283.336 	     -0.043
  5284.209 	     -0.053
  5285.082 	     -0.048
  5285.956 	     -0.045
  5286.829 	     -0.060
  5287.703 	     -0.062
  5288.577 	     -0.077
  5289.450 	     -0.043
  5290.324 	     -0.033
  5291.199 	     -0.062
  5292.073 	     -0.041
  5292.947 	     -0.042
  5293.822 	     -0.064
  5294.697 	     -0.060
  5295.572 	     -0.026
  5296.447 	     -0.027
  5297.322 	     -0.048
  5298.197 	     -0.026
  5299.073 	     -0.017
  5299.948 	     -0.033
  5300.824 	     -0.034
  5301.700 	     -0.047
  5302.576 	     -0.056
  5303.452 	     -0.051
  5304.329 	     -0.042
  5305.205 	     -0.046
  5306.082 	     -0.057
  5306.959 	     -0.054
  5307.836 	     -0.028
  5308.713 	     -0.072
  5309.590 	     -0.049
  5310.467 	     -0.043
  5311.345 	     -0.025
  5312.222 	     -0.014
  5313.100 	     -0.074
  5313.978 	     -0.061
  5314.856 	     -0.055
  5315.734 	     -0.059
  5316.613 	     -0.080
  5317.491 	     -0.115
  5318.370 	     -0.117
  5319.249 	     -0.102
  5320.128 	     -0.115
  5321.007 	     -0.127
  5321.886 	     -0.125
  5322.766 	     -0.129
  5323.645 	     -0.132
  5324.525 	     -0.101
  5325.405 	     -0.091
  5326.285 	     -0.121
  5327.165 	     -0.085
  5328.045 	     -0.074
  5328.925 	     -0.075
  5329.806 	     -0.118
  5330.687 	     -0.102
  5331.568 	     -0.058
  5332.449 	     -0.031
  5333.330 	     -0.043
  5334.211 	     -0.045
  5335.092 	     -0.012
  5335.974 	     -0.051
  5336.856 	     -0.072
  5337.738 	     -0.066
  5338.620 	     -0.073
  5339.502 	     -0.057
  5340.384 	     -0.041
  5341.267 	     -0.047
  5342.149 	     -0.044
  5343.032 	     -0.035
  5343.915 	     -0.049
  5344.798 	     -0.010
  5345.681 	     -0.019
  5346.564 	     -0.026
  5347.448 	      0.016
  5348.331 	     -0.065
  5349.215 	     -0.035
  5350.099 	     -0.090
  5350.983 	     -0.088
  5351.867 	     -0.072
  5352.752 	     -0.059
  5353.636 	     -0.078
  5354.521 	     -0.066
  5355.406 	     -0.076
  5356.291 	     -0.068
  5357.176 	     -0.060
  5358.061 	     -0.041
  5358.946 	     -0.029
  5359.832 	     -0.043
  5360.718 	     -0.055
  5361.603 	     -0.031
  5362.489 	     -0.009
  5363.375 	     -0.017
  5364.262 	     -0.024
  5365.148 	     -0.025
  5366.035 	     -0.011
  5366.921 	     -0.062
  5367.808 	     -0.052
  5368.695 	     -0.040
  5369.582 	     -0.054
  5370.470 	     -0.063
  5371.357 	     -0.066
  5372.245 	     -0.100
  5373.132 	     -0.072
  5374.020 	     -0.107
  5374.908 	     -0.094
  5375.796 	     -0.062
  5376.685 	     -0.062
  5377.573 	     -0.041
  5378.462 	     -0.066
  5379.350 	     -0.070
  5380.239 	     -0.078
  5381.128 	     -0.089
  5382.018 	     -0.117
  5382.907 	     -0.102
  5383.796 	     -0.107
  5384.686 	     -0.138
  5385.576 	     -0.129
  5386.466 	     -0.097
  5387.356 	     -0.085
  5388.246 	     -0.074
  5389.136 	     -0.059
  5390.027 	     -0.059
  5390.918 	     -0.045
  5391.808 	     -0.035
  5392.699 	     -0.051
  5393.590 	     -0.060
  5394.482 	     -0.096
  5395.373 	     -0.091
  5396.265 	     -0.118
  5397.156 	     -0.104
  5398.048 	     -0.103
  5398.940 	     -0.062
  5399.832 	     -0.057
  5400.724 	     -0.059
  5401.617 	     -0.080
  5402.509 	     -0.130
  5403.402 	     -0.084
  5404.295 	     -0.108
  5405.188 	     -0.097
  5406.081 	     -0.058
  5406.975 	     -0.078
  5407.868 	     -0.072
  5408.762 	     -0.063
  5409.655 	     -0.028
  5410.549 	     -0.003
  5411.443 	     -0.005
  5412.338 	     -0.026
  5413.232 	     -0.037
  5414.126 	     -0.040
  5415.021 	     -0.052
  5415.916 	     -0.067
  5416.811 	     -0.070
  5417.706 	     -0.069
  5418.601 	     -0.079
  5419.496 	     -0.071
  5420.392 	     -0.059
  5421.288 	     -0.074
  5422.183 	     -0.072
  5423.079 	     -0.089
  5423.976 	     -0.098
  5424.872 	     -0.098
  5425.768 	     -0.109
  5426.665 	     -0.109
  5427.561 	     -0.123
  5428.458 	     -0.123
  5429.355 	     -0.061
  5430.253 	     -0.059
  5431.150 	     -0.082
  5432.047 	     -0.056
  5432.945 	     -0.056
  5433.843 	     -0.094
  5434.741 	     -0.059
  5435.639 	     -0.058
  5436.537 	     -0.070
  5437.435 	     -0.042
  5438.334 	     -0.082
  5439.232 	     -0.040
  5440.131 	     -0.042
  5441.030 	     -0.072
  5441.929 	     -0.072
  5442.828 	     -0.067
  5443.728 	     -0.084
  5444.627 	     -0.091
  5445.527 	     -0.069
  5446.427 	     -0.071
  5447.327 	     -0.070
  5448.227 	     -0.069
  5449.127 	     -0.092
  5450.028 	     -0.094
  5450.928 	     -0.089
  5451.829 	     -0.105
  5452.730 	     -0.128
  5453.631 	     -0.128
  5454.532 	     -0.092
  5455.433 	     -0.060
  5456.335 	     -0.064
  5457.236 	     -0.092
  5458.138 	     -0.109
  5459.040 	     -0.090
  5459.942 	     -0.085
  5460.844 	     -0.102
  5461.747 	     -0.121
  5462.649 	     -0.123
  5463.552 	     -0.102
  5464.455 	     -0.098
  5465.358 	     -0.112
  5466.261 	     -0.096
  5467.164 	     -0.072
  5468.067 	     -0.058
  5468.971 	     -0.058
  5469.875 	     -0.063
  5470.778 	     -0.054
  5471.682 	     -0.027
  5472.587 	     -0.035
  5473.491 	     -0.044
  5474.395 	     -0.070
  5475.300 	     -0.069
  5476.205 	     -0.052
  5477.110 	     -0.089
  5478.015 	     -0.097
  5478.920 	     -0.083
  5479.825 	     -0.079
  5480.731 	     -0.034
  5481.636 	     -0.039
  5482.542 	     -0.082
  5483.448 	     -0.061
  5484.354 	     -0.058
  5485.260 	     -0.075
  5486.167 	     -0.079
  5487.073 	     -0.090
  5487.980 	     -0.096
  5488.887 	     -0.118
  5489.794 	     -0.124
  5490.701 	     -0.118
  5491.608 	     -0.099
  5492.516 	     -0.079
  5493.423 	     -0.092
  5494.331 	     -0.086
  5495.239 	     -0.078
  5496.147 	     -0.041
  5497.055 	     -0.036
  5497.964 	     -0.063
  5498.872 	     -0.077
  5499.781 	     -0.083
  5500.689 	     -0.076
  5501.598 	     -0.063
  5502.507 	     -0.076
  5503.417 	     -0.107
  5504.326 	     -0.121
  5505.236 	     -0.118
  5506.145 	     -0.107
  5507.055 	     -0.084
  5507.965 	     -0.075
  5508.875 	     -0.090
  5509.786 	     -0.098
  5510.696 	     -0.101
  5511.607 	     -0.117
  5512.517 	     -0.111
  5513.428 	     -0.081
  5514.339 	     -0.069
  5515.251 	     -0.090
  5516.162 	     -0.099
  5517.073 	     -0.077
  5517.985 	     -0.068
  5518.897 	     -0.071
  5519.809 	     -0.072
  5520.721 	     -0.069
  5521.633 	     -0.066
  5522.546 	     -0.072
  5523.458 	     -0.068
  5524.371 	     -0.074
  5525.284 	     -0.082
  5526.197 	     -0.077
  5527.110 	     -0.084
  5528.023 	     -0.094
  5528.937 	     -0.097
  5529.850 	     -0.100
  5530.764 	     -0.110
  5531.678 	     -0.129
  5532.592 	     -0.146
  5533.506 	     -0.146
  5534.421 	     -0.135
  5535.335 	     -0.128
  5536.250 	     -0.112
  5537.165 	     -0.097
  5538.080 	     -0.112
  5538.995 	     -0.127
  5539.910 	     -0.113
  5540.825 	     -0.080
  5541.741 	     -0.072
  5542.657 	     -0.081
  5543.573 	     -0.082
  5544.489 	     -0.082
  5545.405 	     -0.091
  5546.321 	     -0.087
  5547.238 	     -0.092
  5548.154 	     -0.098
  5549.071 	     -0.082
  5549.988 	     -0.090
  5550.905 	     -0.097
  5551.822 	     -0.099
  5552.740 	     -0.122
  5553.657 	     -0.133
  5554.575 	     -0.110
  5555.493 	     -0.085
  5556.411 	     -0.105
  5557.329 	     -0.123
  5558.247 	     -0.112
  5559.166 	     -0.118
  5560.084 	     -0.131
  5561.003 	     -0.136
  5561.922 	     -0.130
  5562.841 	     -0.114
  5563.760 	     -0.110
  5564.680 	     -0.109
  5565.599 	     -0.105
  5566.519 	     -0.103
  5567.439 	     -0.102
  5568.359 	     -0.106
  5569.279 	     -0.110
  5570.199 	     -0.117
  5571.119 	     -0.118
  5572.040 	     -0.111
  5572.961 	     -0.094
  5583.099 	     -0.125
  5584.021 	     -0.141
  5584.944 	     -0.142
  5585.867 	     -0.147
  5586.790 	     -0.164
  5587.713 	     -0.142
  5588.637 	     -0.119
  5589.560 	     -0.101
  5590.484 	     -0.083
  5591.407 	     -0.103
  5592.331 	     -0.127
  5593.255 	     -0.145
  5594.180 	     -0.142
  5595.104 	     -0.130
  5596.029 	     -0.128
  5596.953 	     -0.121
  5597.878 	     -0.109
  5598.803 	     -0.137
  5599.728 	     -0.156
  5600.654 	     -0.144
  5601.579 	     -0.127
  5602.505 	     -0.134
  5603.431 	     -0.164
  5604.356 	     -0.162
  5605.283 	     -0.128
  5606.209 	     -0.096
  5607.135 	     -0.084
  5608.062 	     -0.086
  5608.988 	     -0.094
  5609.915 	     -0.131
  5610.842 	     -0.159
  5611.769 	     -0.154
  5612.697 	     -0.138
  5613.624 	     -0.132
  5614.552 	     -0.141
  5615.479 	     -0.143
  5616.407 	     -0.136
  5617.335 	     -0.133
  5618.264 	     -0.143
  5619.192 	     -0.154
  5620.121 	     -0.153
  5621.049 	     -0.161
  5621.978 	     -0.166
  5622.907 	     -0.164
  5623.836 	     -0.170
  5624.765 	     -0.153
  5625.695 	     -0.131
  5626.625 	     -0.139
  5627.554 	     -0.154
  5628.484 	     -0.164
  5629.414 	     -0.165
  5630.344 	     -0.154
  5631.275 	     -0.152
  5632.205 	     -0.163
  5633.136 	     -0.165
  5634.067 	     -0.167
  5634.998 	     -0.159
  5635.929 	     -0.148
  5636.860 	     -0.151
  5637.792 	     -0.145
  5638.723 	     -0.154
  5639.655 	     -0.174
  5640.587 	     -0.175
  5641.519 	     -0.182
  5642.451 	     -0.183
  5643.384 	     -0.162
  5644.316 	     -0.174
  5645.249 	     -0.197
  5646.182 	     -0.210
  5647.115 	     -0.200
  5648.048 	     -0.190
  5648.981 	     -0.192
  5649.915 	     -0.170
  5650.848 	     -0.171
  5651.782 	     -0.185
  5652.716 	     -0.182
  5653.650 	     -0.195
  5654.584 	     -0.320
  5655.518 	     -0.386
  5656.453 	     -0.187
  5657.388 	     -0.164
  5658.322 	     -0.177
  5659.257 	     -0.204
  5660.193 	     -0.215
  5661.128 	     -0.168
  5662.063 	     -0.181
  5662.999 	     -0.170
  5663.935 	     -0.155
  5664.871 	     -0.159
  5665.807 	     -0.148
  5666.743 	     -0.144
  5667.679 	     -0.157
  5668.616 	     -0.157
  5669.553 	     -0.172
  5670.489 	     -0.160
  5671.426 	     -0.166
  5672.364 	     -0.173
  5673.301 	     -0.181
  5674.238 	     -0.176
  5675.176 	     -0.178
  5676.114 	     -0.193
  5677.052 	     -0.194
  5677.990 	     -0.196
  5678.928 	     -0.190
  5679.866 	     -0.181
  5680.805 	     -0.161
  5681.744 	     -0.145
  5682.683 	     -0.142
  5683.622 	     -0.170
  5684.561 	     -0.193
  5685.500 	     -0.168
  5686.440 	     -0.151
  5687.379 	     -0.161
  5688.319 	     -0.154
  5689.259 	     -0.120
  5690.199 	     -0.114
  5691.139 	     -0.137
  5692.080 	     -0.156
  5693.020 	     -0.168
  5693.961 	     -0.173
  5694.902 	     -0.159
  5695.843 	     -0.137
  5696.784 	     -0.164
  5697.725 	     -0.197
  5698.667 	     -0.188
  5699.609 	     -0.193
  5700.550 	     -0.215
  5701.492 	     -0.198
  5702.435 	     -0.167
  5703.377 	     -0.177
  5704.319 	     -0.196
  5705.262 	     -0.164
  5706.205 	     -0.163
  5707.147 	     -0.204
  5708.091 	     -0.177
  5709.034 	     -0.195
  5709.977 	     -0.204
  5710.921 	     -0.190
  5711.864 	     -0.165
  5712.808 	     -0.195
  5713.752 	     -0.218
  5714.696 	     -0.204
  5715.641 	     -0.210
  5716.585 	     -0.204
  5717.530 	     -0.200
  5718.475 	     -0.183
  5719.419 	     -0.195
  5720.365 	     -0.205
  5721.310 	     -0.206
  5722.255 	     -0.206
  5723.201 	     -0.198
  5724.146 	     -0.195
  5725.092 	     -0.206
  5726.038 	     -0.214
  5726.985 	     -0.207
  5727.931 	     -0.178
  5728.877 	     -0.178
  5729.824 	     -0.200
  5730.771 	     -0.172
  5731.718 	     -0.164
  5732.665 	     -0.177
  5733.612 	     -0.180
  5734.560 	     -0.197
  5735.507 	     -0.191
  5736.455 	     -0.187
  5737.403 	     -0.177
  5738.351 	     -0.199
  5739.299 	     -0.182
  5740.247 	     -0.176
  5741.196 	     -0.195
  5742.145 	     -0.205
  5743.094 	     -0.218
  5744.043 	     -0.189
  5744.992 	     -0.199
  5745.941 	     -0.187
  5746.890 	     -0.169
  5747.840 	     -0.153
  5748.790 	     -0.166
  5749.740 	     -0.178
  5750.690 	     -0.153
  5751.640 	     -0.136
  5752.591 	     -0.141
  5753.541 	     -0.153
  5754.492 	     -0.176
  5755.443 	     -0.198
  5756.394 	     -0.180
  5757.345 	     -0.154
  5758.296 	     -0.165
  5759.248 	     -0.181
  5760.200 	     -0.192
  5761.151 	     -0.211
  5762.103 	     -0.207
  5763.055 	     -0.192
  5764.008 	     -0.190
  5764.960 	     -0.192
  5765.913 	     -0.228
  5766.866 	     -0.202
  5767.819 	     -0.207
  5768.772 	     -0.223
  5769.725 	     -0.217
  5770.678 	     -0.180
  5771.632 	     -0.168
  5772.586 	     -0.160
  5773.539 	     -0.148
  5774.493 	     -0.168
  5775.448 	     -0.184
  5776.402 	     -0.185
  5777.357 	     -0.181
  5778.311 	     -0.157
  5779.266 	     -0.149
  5780.221 	     -0.162
  5781.176 	     -0.162
  5782.131 	     -0.163
  5783.087 	     -0.162
  5784.042 	     -0.137
  5784.998 	     -0.157
  5785.954 	     -0.167
  5786.910 	     -0.201
  5787.866 	     -0.147
  5788.823 	     -0.165
  5789.779 	     -0.098
  5790.736 	     -0.170
  5791.693 	     -0.149
  5792.650 	     -0.134
  5793.607 	     -0.135
  5794.565 	     -0.105
  5795.522 	     -0.136
  5796.480 	     -0.134
  5797.438 	     -0.139
  5798.396 	     -0.144
  5799.354 	     -0.152
  5800.312 	     -0.142
  5801.270 	     -0.157
  5802.229 	     -0.142
  5803.188 	     -0.121
  5804.147 	     -0.118
  5805.106 	     -0.128
  5806.065 	     -0.147
  5807.024 	     -0.147
  5807.984 	     -0.172
  5808.944 	     -0.171
  5809.904 	     -0.122
  5810.864 	     -0.140
  5811.824 	     -0.135
  5812.784 	     -0.113
  5813.745 	     -0.101
  5814.705 	     -0.097
  5815.666 	     -0.112
  5816.627 	     -0.123
  5817.588 	     -0.111
  5818.550 	     -0.145
  5819.511 	     -0.128
  5820.473 	     -0.113
  5821.435 	     -0.112
  5822.397 	     -0.132
  5823.359 	     -0.132
  5824.321 	     -0.115
  5825.283 	     -0.098
  5826.246 	     -0.092
  5827.209 	     -0.093
  5828.172 	     -0.095
  5829.135 	     -0.116
  5830.098 	     -0.113
  5831.061 	     -0.101
  5832.025 	     -0.090
  5832.988 	     -0.095
  5833.952 	     -0.113
  5834.916 	     -0.103
  5835.880 	     -0.082
  5836.845 	     -0.086
  5837.809 	     -0.104
  5838.774 	     -0.136
  5839.739 	     -0.149
  5840.704 	     -0.187
  5841.669 	     -0.204
  5842.634 	     -0.194
  5843.600 	     -0.180
  5844.565 	     -0.152
  5845.531 	     -0.093
  5846.497 	     -0.105
  5847.463 	     -0.118
  5848.429 	     -0.106
  5849.396 	     -0.104
  5850.362 	     -0.077
  5851.329 	     -0.057
  5852.296 	     -0.080
  5853.263 	     -0.091
  5854.230 	     -0.085
  5855.197 	     -0.067
  5856.165 	     -0.063
  5857.133 	     -0.086
  5858.100 	     -0.091
  5859.068 	     -0.086
  5860.037 	     -0.064
  5861.005 	     -0.040
  5861.973 	     -0.067
  5862.942 	     -0.064
  5863.911 	     -0.045
  5864.880 	     -0.029
  5865.849 	     -0.001
  5866.818 	      0.023
  5867.788 	      0.042
  5868.757 	      0.038
  5869.727 	     -0.006
  5870.697 	     -0.006
  5871.667 	     -0.008
  5872.637 	     -0.013
  5873.608 	     -0.036
  5874.578 	     -0.029
  5875.549 	     -0.033
  5876.520 	     -0.043
  5877.491 	     -0.037
  5878.462 	     -0.027
  5879.434 	     -0.024
  5880.405 	     -0.028
  5881.377 	     -0.026
  5882.349 	     -0.027
  5883.321 	     -0.020
  5884.293 	     -0.025
  5885.265 	     -0.029
  5886.238 	     -0.001
  5887.210 	      0.069
  5888.183 	      0.220
  5889.156 	      0.395
  5890.129 	      0.481
  5891.102 	      0.479
  5892.076 	      0.426
  5893.050 	      0.365
  5894.023 	      0.249
  5894.997 	      0.197
  5895.971 	      0.193
  5896.946 	      0.188
  5897.920 	      0.197
  5898.895 	      0.172
  5899.869 	      0.059
  5900.844 	     -0.045
  5901.819 	     -0.043
  5902.795 	     -0.023
  5903.770 	      0.005
  5904.746 	     -0.006
  5905.721 	     -0.006
  5906.697 	      0.011
  5907.673 	     -0.019
  5908.649 	     -0.043
  5909.626 	     -0.026
  5910.602 	     -0.016
  5911.579 	     -0.037
  5912.556 	     -0.038
  5913.533 	     -0.015
  5914.510 	      0.015
  5915.487 	      0.013
  5916.465 	     -0.013
  5917.442 	     -0.025
  5918.420 	     -0.011
  5919.398 	     -0.042
  5920.376 	     -0.069
  5921.355 	     -0.064
  5922.333 	     -0.049
  5923.312 	     -0.028
  5924.290 	     -0.006
  5925.269 	      0.002
  5926.248 	     -0.003
  5927.228 	     -0.005
  5928.207 	     -0.012
  5929.187 	     -0.008
  5930.166 	      0.015
  5931.146 	      0.025
  5932.126 	      0.062
  5933.107 	      0.107
  5934.087 	      0.175
  5935.068 	      0.224
  5936.048 	      0.253
  5937.029 	      0.204
  5938.010 	      0.084
  5938.992 	      0.035
  5939.973 	     -0.008
  5940.954 	     -0.047
  5941.936 	     -0.038
  5942.918 	     -0.057
  5943.900 	     -0.062
  5944.882 	     -0.011
  5945.865 	     -0.016
  5946.847 	     -0.062
  5947.830 	     -0.100
  5948.813 	     -0.202
  5949.796 	     -0.351
  5950.779 	     -0.477
  5951.762 	     -0.545
  5952.745 	     -0.555
  5953.729 	     -0.502
  5954.713 	     -0.460
  5955.697 	     -0.445
  5956.681 	     -0.432
  5957.665 	     -0.448
  5958.650 	     -0.467
  5959.634 	     -0.428
  5960.619 	     -0.362
  5961.604 	     -0.261
  5962.589 	     -0.152
  5963.574 	     -0.069
  5964.560 	     -0.042
  5965.546 	     -0.044
  5966.531 	     -0.058
  5967.517 	     -0.112
  5968.503 	     -0.428
  5969.490 	     -0.529
  5970.476 	      0.016
  5971.463 	     -0.020
  5972.449 	     -0.028
  5973.436 	     -0.010
  5974.423 	     -0.042
  5975.410 	     -0.047
  5976.398 	     -0.032
  5977.385 	     -0.049
  5978.373 	     -0.029
  5979.361 	     -0.038
  5980.349 	      0.014
  5981.337 	     -0.008
  5982.326 	     -0.024
  5983.314 	     -0.023
  5984.303 	     -0.020
  5985.292 	     -0.026
  5986.281 	     -0.056
  5987.270 	     -0.040
  5988.259 	     -0.034
  5989.249 	     -0.061
  5990.238 	     -0.046
  5991.228 	     -0.036
  5992.218 	     -0.075
  5993.208 	     -0.061
  5994.199 	     -0.043
  5995.189 	     -0.058
  5996.180 	     -0.044
  5997.171 	     -0.011
  5998.162 	     -0.025
  5999.153 	     -0.059
  6000.144 	     -0.059
  6001.136 	     -0.035
  6002.127 	     -0.041
  6003.119 	     -0.034
  6004.111 	     -0.028
  6005.103 	     -0.028
  6006.095 	     -0.012
  6007.088 	     -0.031
  6008.081 	     -0.042
  6009.073 	     -0.069
  6010.066 	     -0.064
  6011.059 	     -0.028
  6012.053 	     -0.044
  6013.046 	     -0.046
  6014.040 	     -0.040
  6015.033 	     -0.051
  6016.027 	     -0.073
  6017.022 	     -0.049
  6018.016 	     -0.056
  6019.010 	     -0.037
  6020.005 	     -0.076
  6021.000 	     -0.076
  6021.994 	     -0.050
  6022.990 	     -0.057
  6023.985 	     -0.069
  6024.980 	     -0.048
  6025.976 	     -0.043
  6026.972 	     -0.039
  6027.967 	     -0.023
  6028.964 	     -0.014
  6029.960 	     -0.026
  6030.956 	     -0.067
  6031.953 	     -0.056
  6032.949 	     -0.047
  6033.946 	     -0.057
  6034.943 	     -0.050
  6035.941 	     -0.051
  6036.938 	     -0.071
  6037.936 	     -0.081
  6038.933 	     -0.069
  6039.931 	     -0.061
  6040.929 	     -0.056
  6041.927 	     -0.036
  6042.926 	     -0.041
  6043.924 	     -0.043
  6044.923 	     -0.044
  6045.922 	     -0.073
  6046.921 	     -0.078
  6047.920 	     -0.073
  6048.920 	     -0.048
  6049.919 	     -0.054
  6050.919 	     -0.086
  6051.919 	     -0.063
  6052.919 	     -0.031
  6053.919 	     -0.042
  6054.919 	     -0.033
  6055.920 	     -0.021
  6056.920 	     -0.014
  6057.921 	     -0.016
  6058.922 	     -0.017
  6059.924 	     -0.018
  6060.925 	     -0.043
  6061.926 	     -0.055
  6062.928 	     -0.048
  6063.930 	     -0.024
  6064.932 	     -0.032
  6065.934 	     -0.030
  6066.937 	     -0.028
  6067.939 	     -0.021
  6068.942 	     -0.037
  6069.945 	     -0.052
  6070.948 	     -0.028
  6071.951 	     -0.047
  6072.954 	     -0.040
  6073.958 	     -0.038
  6074.961 	     -0.044
  6075.965 	     -0.021
  6076.969 	     -0.025
  6077.973 	     -0.045
  6078.978 	     -0.050
  6079.982 	     -0.018
  6080.987 	     -0.036
  6081.992 	     -0.023
  6082.997 	     -0.003
  6084.002 	     -0.010
  6085.007 	      0.016
  6086.013 	      0.004
  6087.018 	     -0.033
  6088.024 	      0.016
  6089.030 	      0.015
  6090.036 	      0.015
  6091.043 	      0.016
  6092.049 	      0.035
  6093.056 	      0.062
  6094.063 	      0.040
  6095.070 	      0.039
  6096.077 	      0.027
  6097.084 	      0.033
  6098.092 	      0.083
  6099.099 	      0.081
  6100.107 	      0.057
  6101.115 	      0.032
  6102.123 	      0.042
  6103.132 	      0.065
  6104.140 	      0.063
  6105.149 	      0.070
  6106.157 	      0.029
  6107.166 	      0.064
  6108.176 	      0.083
  6109.185 	      0.072
  6110.194 	      0.042
  6111.204 	      0.094
  6112.214 	      0.116
  6113.224 	      0.122
  6114.234 	      0.088
  6115.244 	      0.061
  6116.255 	      0.037
  6117.266 	      0.094
  6118.276 	      0.089
  6119.287 	      0.060
  6120.299 	      0.052
  6121.310 	      0.084
  6122.321 	      0.106
  6123.333 	      0.130
  6124.345 	      0.106
  6125.357 	      0.054
  6126.369 	      0.053
  6127.381 	      0.077
  6128.394 	      0.073
  6129.407 	      0.104
  6130.419 	      0.090
  6131.432 	      0.129
  6132.446 	      0.132
  6133.459 	      0.118
  6134.472 	      0.120
  6135.486 	      0.102
  6136.500 	      0.121
  6137.514 	      0.168
  6138.528 	      0.165
  6139.542 	      0.195
  6140.557 	      0.181
  6141.572 	      0.166
  6142.586 	      0.161
  6143.601 	      0.135
  6144.617 	      0.133
  6145.632 	      0.129
  6146.648 	      0.152
  6147.663 	      0.154
  6148.679 	      0.134
  6149.695 	      0.132
  6150.711 	      0.139
  6151.728 	      0.135
  6152.744 	      0.109
  6153.761 	      0.090
  6154.778 	      0.119
  6155.795 	      0.144
  6156.812 	      0.144
  6157.829 	      0.144
  6158.847 	      0.145
  6159.865 	      0.145
  6160.882 	      0.146
  6161.900 	      0.146
  6162.919 	      0.146
  6163.937 	      0.147
  6164.956 	      0.147
  6165.974 	      0.148
  6166.993 	      0.148
  6168.012 	      0.149
  6169.031 	      0.149
  6170.051 	      0.150
  6171.070 	      0.150
  6172.090 	      0.151
  6173.110 	      0.151
  6174.130 	      0.152
  6175.150 	      0.152
  6176.171 	      0.153
  6177.191 	      0.153
  6178.212 	      0.151
  6179.233 	      0.146
  6180.254 	      0.154
  6181.275 	      0.153
  6182.296 	      0.126
  6183.318 	      0.108
  6184.340 	      0.115
  6185.362 	      0.110
  6186.384 	      0.113
  6187.406 	      0.151
  6188.428 	      0.176
  6189.451 	      0.159
  6190.474 	      0.149
  6191.497 	      0.162
  6192.520 	      0.160
  6193.543 	      0.166
  6194.567 	      0.184
  6195.590 	      0.161
  6196.614 	      0.191
  6197.638 	      0.178
  6198.662 	      0.167
  6199.686 	      0.137
  6200.711 	      0.129
  6201.735 	      0.144
  6202.760 	      0.135
  6203.785 	      0.191
  6204.810 	      0.208
  6205.835 	      0.217
  6206.861 	      0.184
  6207.887 	      0.170
  6208.912 	      0.164
  6209.938 	      0.187
  6210.964 	      0.172
  6211.991 	      0.151
  6213.017 	      0.197
  6214.044 	      0.171
  6215.071 	      0.185
  6216.098 	      0.205
  6217.125 	      0.211
  6218.152 	      0.177
  6219.180 	      0.143
  6220.207 	      0.153
  6221.235 	      0.180
  6222.263 	      0.169
  6223.291 	      0.137
  6224.320 	      0.116
  6225.348 	      0.127
  6226.377 	      0.102
  6227.406 	      0.101
  6228.435 	      0.118
  6229.464 	      0.092
  6230.493 	      0.089
  6231.523 	      0.101
  6232.553 	      0.101
  6233.583 	      0.144
  6234.613 	      0.217
  6235.643 	      0.309
  6236.673 	      0.375
  6237.704 	      0.331
  6238.734 	      0.304
  6239.765 	      0.274
  6240.796 	      0.219
  6241.828 	      0.220
  6242.859 	      0.250
  6243.891 	      0.249
  6244.922 	      0.216
  6245.954 	      0.207
  6246.986 	      0.201
  6248.019 	      0.179
  6249.051 	      0.156
  6250.084 	      0.126
  6251.117 	      0.128
  6252.149 	      0.134
  6253.183 	      0.140
  6254.216 	      0.162
  6255.249 	      0.146
  6256.283 	      0.191
  6257.317 	      0.268
  6258.351 	      0.300
  6259.385 	      0.296
  6260.419 	      0.313
  6261.454 	      0.308
  6262.488 	      0.249
  6263.523 	      0.220
  6264.558 	      0.216
  6265.593 	      0.225
  6266.629 	      0.241
  6267.664 	      0.246
  6268.700 	      0.231
  6269.736 	      0.203
  6270.772 	      0.206
  6271.808 	      0.184
  6272.844 	      0.150
  6273.881 	      0.127
  6274.918 	      0.129
  6275.954 	      0.140
  6276.991 	      0.125
  6278.029 	      0.081
  6279.066 	      0.058
  6280.104 	      0.036
  6281.141 	      0.034
  6282.179 	      0.020
  6283.217 	      0.023
  6284.256 	      0.069
  6285.294 	      0.110
  6286.333 	      0.172
  6287.371 	      0.244
  6288.410 	      0.253
  6289.449 	      0.249
  6290.489 	      0.237
  6291.528 	      0.200
  6292.568 	      0.108
  6293.608 	      0.074
  6294.648 	      0.070
  6295.688 	      0.091
  6296.728 	      0.152
  6297.769 	      0.311
  6306.099 	      0.248
  6307.141 	      0.276
  6308.183 	      0.318
  6309.225 	      0.325
  6310.268 	      0.290
  6311.310 	      0.212
  6312.353 	      0.161
  6313.396 	      0.123
  6314.440 	      0.109
  6315.483 	      0.166
  6316.527 	      0.179
  6317.570 	      0.155
  6318.614 	      0.135
  6319.658 	      0.095
  6320.703 	      0.109
  6321.747 	      0.153
  6322.792 	      0.163
  6323.837 	      0.181
  6324.882 	      0.210
  6325.927 	      0.203
  6326.972 	      0.174
  6328.017 	      0.178
  6329.063 	      0.264
  6330.109 	      0.319
  6331.155 	      0.304
  6332.201 	      0.295
  6333.247 	      0.250
  6334.294 	      0.185
  6335.341 	      0.158
  6336.388 	      0.152
  6337.435 	      0.161
  6338.482 	      0.156
  6339.529 	      0.148
  6340.577 	      0.141
  6341.624 	      0.140
  6342.672 	      0.144
  6343.720 	      0.146
  6344.769 	      0.143
  6345.817 	      0.144
  6346.866 	      0.099
  6347.914 	      0.061
  6348.963 	      0.073
  6350.012 	      0.096
  6351.062 	      0.099
  6352.111 	      0.120
  6353.161 	      0.158
  6354.211 	      0.167
  6355.261 	      0.186
  6356.311 	      0.219
  6357.361 	      0.245
  6358.412 	      0.240
  6359.462 	      0.246
  6360.513 	      0.220
  6361.564 	      0.306
  6362.615 	      0.782
  6363.667 	      1.254
  6364.718 	      1.403
  6365.770 	      1.376
  6366.822 	      1.230
  6367.874 	      0.762
  6368.926 	      0.298
  6369.979 	      0.174
  6371.031 	      0.163
  6372.084 	      0.178
  6373.137 	      0.149
  6374.190 	      0.154
  6375.243 	      0.160
  6376.297 	      0.162
  6377.350 	      0.182
  6378.404 	      0.166
  6379.458 	      0.152
  6380.512 	      0.140
  6381.567 	      0.146
  6382.621 	      0.140
  6383.676 	      0.090
  6384.731 	      0.115
  6385.786 	      0.165
  6386.841 	      0.192
  6387.896 	      0.215
  6388.952 	      0.185
  6390.008 	      0.196
  6391.063 	      0.189
  6392.120 	      0.179
  6393.176 	      0.181
  6394.232 	      0.171
  6395.289 	      0.172
  6396.346 	      0.205
  6397.403 	      0.204
  6398.460 	      0.184
  6399.517 	      0.188
  6400.574 	      0.160
  6401.632 	      0.152
  6402.690 	      0.158
  6403.748 	      0.148
  6404.806 	      0.154
  6405.864 	      0.153
  6406.923 	      0.164
  6407.982 	      0.141
  6409.040 	      0.123
  6410.099 	      0.128
  6411.159 	      0.128
  6412.218 	      0.154
  6413.278 	      0.156
  6414.337 	      0.141
  6415.397 	      0.165
  6416.457 	      0.205
  6417.518 	      0.197
  6418.578 	      0.164
  6419.639 	      0.170
  6420.700 	      0.166
  6421.760 	      0.131
  6422.822 	      0.133
  6423.883 	      0.145
  6424.944 	      0.127
  6426.006 	      0.136
  6427.068 	      0.159
  6428.130 	      0.194
  6429.192 	      0.221
  6430.255 	      0.192
  6431.317 	      0.172
  6432.380 	      0.158
  6433.443 	      0.157
  6434.506 	      0.173
  6435.569 	      0.165
  6436.632 	      0.144
  6437.696 	      0.168
  6438.760 	      0.188
  6439.824 	      0.176
  6440.888 	      0.151
  6441.952 	      0.156
  6443.017 	      0.170
  6444.081 	      0.161
  6445.146 	      0.133
  6446.211 	      0.143
  6447.276 	      0.141
  6448.342 	      0.169
  6449.407 	      0.154
  6450.473 	      0.215
  6451.539 	      0.204
  6452.605 	      0.186
  6453.671 	      0.205
  6454.738 	      0.187
  6455.804 	      0.183
  6456.871 	      0.181
  6457.938 	      0.156
  6459.005 	      0.144
  6460.072 	      0.141
  6461.140 	      0.144
  6462.207 	      0.186
  6463.275 	      0.211
  6464.343 	      0.238
  6465.411 	      0.266
  6466.480 	      0.264
  6467.548 	      0.249
  6468.617 	      0.257
  6469.686 	      0.300
  6470.755 	      0.277
  6471.824 	      0.210
  6472.894 	      0.206
  6473.963 	      0.216
  6475.033 	      0.185
  6476.103 	      0.159
  6477.173 	      0.163
  6478.243 	      0.169
  6479.314 	      0.179
  6480.385 	      0.158
  6481.455 	      0.140
  6482.526 	      0.137
  6483.598 	      0.156
  6484.669 	      0.126
  6485.740 	      0.095
  6486.812 	      0.074
  6487.884 	      0.123
  6488.956 	      0.154
  6490.028 	      0.156
  6491.101 	      0.167
  6492.173 	      0.172
  6493.246 	      0.164
  6494.319 	      0.153
  6495.392 	      0.122
  6496.466 	      0.129
  6497.539 	      0.209
  6498.613 	      0.300
  6499.687 	      0.325
  6500.761 	      0.333
  6501.835 	      0.295
  6502.909 	      0.203
  6503.984 	      0.155
  6505.058 	      0.167
  6506.133 	      0.192
  6507.208 	      0.180
  6508.284 	      0.139
  6509.359 	      0.132
  6510.435 	      0.139
  6511.511 	      0.164
  6512.587 	      0.165
  6513.663 	      0.162
  6514.739 	      0.105
  6515.816 	      0.041
  6516.892 	      0.035
  6517.969 	      0.035
  6519.046 	      0.039
  6520.123 	      0.058
  6521.201 	      0.066
  6522.278 	      0.109
  6523.356 	      0.141
  6524.434 	      0.142
  6525.512 	      0.149
  6526.590 	      0.125
  6527.669 	      0.059
  6528.748 	      0.079
  6529.826 	      0.097
  6530.905 	      0.126
  6531.985 	      0.245
  6533.064 	      0.260
  6534.143 	      0.238
  6535.223 	      0.271
  6536.303 	      0.219
  6537.383 	      0.148
  6538.463 	      0.123
  6539.544 	      0.117
  6540.624 	      0.119
  6541.705 	      0.134
  6542.786 	      0.136
  6543.867 	      0.169
  6544.949 	      0.195
  6546.030 	      0.150
  6547.112 	      0.160
  6548.194 	      0.117
  6549.276 	      0.095
  6550.358 	      0.096
  6551.440 	      0.138
  6552.523 	      0.247
  6553.606 	      0.300
  6554.689 	      0.272
  6555.772 	      0.241
  6556.855 	      0.198
  6557.938 	      0.122
  6559.022 	      0.037
  6560.106 	      0.020
  6561.190 	      0.056
  6562.274 	      0.117
  6563.358 	      0.139
  6564.443 	      0.153
  6565.528 	      0.154
  6566.613 	      0.136
  6567.698 	      0.119
  6568.783 	      0.113
  6569.868 	      0.145
  6570.954 	      0.171
  6572.040 	      0.145
  6573.126 	      0.106
  6574.212 	      0.126
  6575.298 	      0.161
  6576.385 	      0.201
  6577.471 	      0.220
  6578.558 	      0.222
  6579.645 	      0.242
  6580.733 	      0.228
  6581.820 	      0.140
  6582.908 	      0.127
  6583.995 	      0.107
  6585.083 	      0.091
  6586.171 	      0.086
  6587.260 	      0.095
  6588.348 	      0.068
  6589.437 	      0.108
  6590.526 	      0.120
  6591.615 	      0.065
  6592.704 	      0.068
  6593.793 	      0.097
  6594.883 	      0.103
  6595.973 	      0.101
  6597.063 	      0.127
  6598.153 	      0.128
  6599.243 	      0.134
  6600.334 	      0.121
  6601.424 	      0.105
  6602.515 	      0.117
  6603.606 	      0.147
  6604.697 	      0.169
  6605.789 	      0.195
  6606.880 	      0.188
  6607.972 	      0.184
  6609.064 	      0.170
  6610.156 	      0.195
  6611.248 	      0.334
  6612.341 	      0.678
  6613.433 	      1.320
  6614.526 	      2.022
  6615.619 	      2.245
  6616.712 	      1.881
  6617.806 	      1.158
  6618.899 	      0.628
  6619.993 	      0.338
  6621.087 	      0.205
  6622.181 	      0.154
  6623.275 	      0.154
  6624.370 	      0.267
  6625.464 	      0.689
  6626.559 	      2.000
  6627.654 	      5.300
  6628.749 	     10.860
  6629.844 	     14.782
  6630.940 	     13.781
  6632.036 	      9.785
  6633.132 	      5.322
  6634.228 	      2.203
  6635.324 	      0.790
  6636.420 	      0.398
  6637.517 	      0.234
  6638.614 	      0.162
  6639.711 	      0.154
  6640.808 	      0.161
  6641.905 	      0.179
  6643.003 	      0.201
  6644.100 	      0.219
  6645.198 	      0.267
  6646.296 	      0.475
  6647.395 	      1.126
  6648.493 	      2.578
  6649.592 	      4.872
  6650.691 	      6.724
  6651.789 	      6.518
  6652.889 	      4.615
  6653.988 	      2.571
  6655.087 	      1.205
  6656.187 	      0.580
  6657.287 	      0.323
  6658.387 	      0.179
  6659.487 	      0.147
  6660.588 	      0.141
  6661.688 	      0.133
  6662.789 	      0.139
  6663.890 	      0.104
  6664.991 	      0.109
  6666.093 	      0.123
  6667.194 	      0.116
  6668.296 	      0.126
  6669.398 	      0.122
  6670.500 	      0.110
  6671.602 	      0.111
  6672.705 	      0.059
  6673.807 	      0.047
  6674.910 	      0.070
  6676.013 	      0.095
  6677.116 	      0.106
  6678.219 	      0.088
  6679.323 	      0.054
  6680.427 	      0.051
  6681.530 	      0.069
  6682.635 	      0.093
  6683.739 	      0.089
  6684.843 	      0.079
  6685.948 	      0.086
  6687.053 	      0.093
  6688.158 	      0.065
  6689.263 	      0.041
  6690.368 	      0.059
  6691.474 	      0.047
  6692.579 	      0.047
  6693.685 	      0.051
  6694.791 	      0.049
  6695.898 	      0.055
  6697.004 	      0.079
  6698.111 	      0.077
  6699.217 	      0.057
  6700.324 	      0.054
  6701.432 	      0.041
  6702.539 	      0.016
  6703.647 	     -0.009
  6704.754 	     -0.001
  6705.862 	      0.034
  6706.970 	      0.051
  6708.079 	      0.038
  6709.187 	      0.051
  6710.296 	      0.034
  6711.404 	      0.018
  6712.513 	      0.004
  6713.623 	      0.028
  6714.732 	      0.015
  6715.842 	      0.025
  6716.951 	      0.037
  6718.061 	      0.017
  6719.171 	     -0.005
  6720.282 	      0.028
  6721.392 	      0.004
  6722.503 	     -0.020
  6723.614 	      0.024
  6724.725 	      0.042
  6725.836 	      0.042
  6726.947 	      0.030
  6728.059 	      0.006
  6729.171 	     -0.018
  6730.283 	      0.016
  6731.395 	      0.034
  6732.507 	      0.003
  6733.619 	     -0.009
  6734.732 	      0.017
  6735.845 	      0.012
  6736.958 	      0.000
  6738.071 	     -0.014
  6739.185 	     -0.012
  6740.298 	      0.003
  6741.412 	      0.004
  6742.526 	     -0.009
  6743.640 	     -0.015
  6744.754 	      0.031
  6745.869 	      0.040
  6746.984 	      0.008
  6748.099 	     -0.010
  6749.214 	     -0.017
  6750.329 	     -0.011
  6751.444 	     -0.010
  6752.560 	      0.002
  6753.676 	     -0.012
  6754.792 	     -0.003
  6755.908 	     -0.002
  6757.024 	     -0.015
  6758.141 	     -0.010
  6759.258 	      0.017
  6760.374 	      0.039
  6761.492 	      0.016
  6762.609 	      0.000
  6763.726 	     -0.015
  6764.844 	     -0.037
  6765.962 	     -0.048
  6767.080 	     -0.042
  6768.198 	     -0.047
  6769.316 	     -0.044
  6770.435 	     -0.051
  6771.554 	     -0.053
  6772.673 	     -0.038
  6773.792 	     -0.027
  6774.911 	      0.018
  6776.031 	      0.004
  6777.150 	     -0.013
  6778.270 	     -0.015
  6779.390 	      0.008
  6780.510 	      0.036
  6781.631 	      0.173
  6782.752 	      0.518
  6783.872 	      1.141
  6784.993 	      1.633
  6786.114 	      1.535
  6787.236 	      1.028
  6788.357 	      0.529
  6789.479 	      0.197
  6790.601 	      0.021
  6791.723 	     -0.018
  6792.845 	     -0.013
  6793.968 	      0.001
  6795.090 	      0.027
  6796.213 	      0.140
  6797.336 	      0.470
  6798.459 	      0.945
  6799.583 	      1.310
  6800.706 	      1.257
  6801.830 	      0.809
  6802.954 	      0.413
  6804.078 	      0.143
  6805.203 	     -0.010
  6806.327 	     -0.051
  6807.452 	     -0.048
  6808.577 	     -0.051
  6809.702 	     -0.053
  6810.827 	     -0.062
  6811.952 	     -0.057
  6813.078 	     -0.073
  6814.204 	     -0.069
  6815.330 	     -0.070
  6816.456 	     -0.107
  6817.582 	     -0.102
  6818.709 	     -0.088
  6819.836 	     -0.075
  6820.963 	     -0.074
  6822.090 	     -0.082
  6823.217 	     -0.105
  6824.344 	     -0.078
  6825.472 	     -0.054
  6826.600 	      0.012
  6827.728 	      0.123
  6828.856 	      0.217
  6829.985 	      0.225
  6831.113 	      0.226
  6832.242 	      0.192
  6833.371 	      0.219
  6834.500 	      0.195
  6835.630 	      0.184
  6836.759 	      0.121
  6837.889 	      0.032
  6839.019 	     -0.017
  6840.149 	     -0.032
  6841.279 	     -0.001
  6842.410 	      0.015
  6843.540 	      0.005
  6844.671 	     -0.001
  6845.802 	     -0.020
  6846.933 	     -0.046
  6848.065 	     -0.050
  6849.196 	     -0.052
  6850.328 	     -0.063
  6851.460 	     -0.086
  6852.592 	     -0.081
  6853.724 	     -0.101
  6854.857 	     -0.124
  6855.990 	     -0.131
  6857.123 	     -0.105
  6858.256 	     -0.094
  6859.389 	     -0.088
  6860.522 	     -0.057
  6861.656 	      0.010
  6862.790 	      0.146
  6863.924 	      0.257
  6865.058 	      0.274
  6866.193 	      0.191
  6867.327 	     -0.041
  6868.462 	     -0.302
  6869.597 	     -0.445
  6870.732 	     -0.507
  6871.867 	     -0.527
  6873.003 	     -0.480
  6874.139 	     -0.429
  6875.274 	     -0.392
  6876.411 	     -0.388
  6877.547 	     -0.356
  6878.683 	     -0.314
  6879.820 	     -0.253
  6880.957 	     -0.168
  6882.094 	     -0.136
  6883.231 	     -0.109
  6884.368 	     -0.144
  6885.506 	     -0.215
  6886.644 	     -0.245
  6887.782 	     -0.220
  6888.920 	     -0.213
  6890.058 	     -0.204
  6891.197 	     -0.209
  6892.335 	     -0.244
  6893.474 	     -0.215
  6894.613 	     -0.236
  6895.753 	     -0.286
  6896.892 	     -0.266
  6898.032 	     -0.252
  6899.172 	     -0.254
  6900.312 	     -0.223
  6901.452 	     -0.199
  6902.592 	     -0.204
  6903.733 	     -0.196
  6904.874 	     -0.209
  6906.015 	     -0.203
  6907.156 	     -0.220
  6908.297 	     -0.224
  6909.439 	     -0.191
  6910.580 	     -0.164
  6911.722 	     -0.141
  6912.864 	     -0.118
  6914.007 	     -0.096
  6915.149 	     -0.071
  6916.292 	     -0.104
  6917.435 	     -0.149
  6918.578 	     -0.151
  6919.721 	     -0.137
  6920.865 	     -0.092
  6922.008 	      0.013
  6923.152 	      0.070
  6924.296 	      0.054
  6925.440 	      0.048
  6926.584 	      0.004
  6927.729 	     -0.136
  6928.874 	     -0.178
  6930.019 	     -0.156
  6931.164 	     -0.165
  6932.309 	     -0.173
  6933.455 	     -0.172
  6934.600 	     -0.176
  6935.746 	     -0.136
  6936.892 	     -0.128
  6938.039 	     -0.097
  6939.185 	     -0.047
  6940.332 	     -0.031
  6941.479 	     -0.025
  6942.626 	     -0.031
  6943.773 	     -0.109
  6944.920 	     -0.127
  6946.068 	     -0.094
  6947.216 	      0.006
  6948.364 	      0.080
  6949.512 	      0.098
  6950.660 	      0.141
  6951.809 	      0.116
  6952.957 	     -0.028
  6954.106 	     -0.105
  6955.255 	     -0.127
  6956.405 	     -0.140
  6957.554 	     -0.134
  6958.704 	     -0.134
  6959.854 	     -0.138
  6961.004 	     -0.128
  6962.154 	     -0.115
  6963.304 	     -0.109
  6964.455 	     -0.109
  6965.606 	     -0.128
  6966.757 	     -0.138
  6967.908 	     -0.101
  6969.059 	     -0.044
  6970.211 	     -0.046
  6971.363 	     -0.095
  6972.515 	     -0.089
  6973.667 	     -0.087
  6974.819 	     -0.101
  6975.972 	     -0.093
  6977.125 	      0.003
  6978.277 	      0.038
  6979.431 	      0.028
  6980.584 	      0.016
  6981.737 	     -0.012
  6982.891 	     -0.108
  6984.045 	     -0.111
  6985.199 	     -0.112
  6986.353 	     -0.128
  6987.508 	     -0.126
  6988.662 	     -0.142
  6989.817 	     -0.142
  6990.972 	     -0.115
  6992.127 	     -0.140
  6993.283 	     -0.170
  6994.438 	     -0.146
  6995.594 	     -0.175
  6996.750 	     -0.187
  6997.906 	     -0.205
  6999.063 	     -0.183
  7000.219 	     -0.149
  7001.376 	     -0.150
  7002.533 	     -0.129
  7003.690 	     -0.129
  7004.847 	     -0.133
  7006.005 	     -0.117
  7007.162 	     -0.136
  7008.320 	     -0.141
  7009.478 	     -0.116
  7010.636 	     -0.099
  7011.795 	     -0.094
  7012.954 	     -0.058
  7014.112 	     -0.064
  7015.271 	     -0.144
  7016.431 	     -0.191
  7017.590 	     -0.212
  7018.750 	     -0.175
  7019.909 	     -0.170
  7021.069 	     -0.207
  7022.230 	     -0.210
  7023.390 	     -0.184
  7024.551 	     -0.164
  7025.711 	     -0.166
  7026.872 	     -0.191
  7028.033 	     -0.191
  7029.195 	     -0.181
  7030.356 	     -0.195
  7031.518 	     -0.185
  7032.680 	     -0.157
  7033.842 	     -0.170
  7035.004 	     -0.185
  7036.167 	     -0.207
  7037.329 	     -0.165
  7038.492 	     -0.161
  7039.655 	     -0.162
  7040.819 	     -0.177
  7041.982 	     -0.145
  7043.146 	     -0.156
  7044.309 	     -0.175
  7045.473 	     -0.189
  7046.638 	     -0.155
  7047.802 	     -0.162
  7048.967 	     -0.166
  7050.131 	     -0.166
  7051.296 	     -0.168
  7052.462 	     -0.191
  7053.627 	     -0.194
  7054.792 	     -0.183
  7055.958 	     -0.198
  7057.124 	     -0.190
  7058.290 	     -0.187
  7059.457 	     -0.193
  7060.623 	     -0.178
  7061.790 	     -0.184
  7062.957 	     -0.184
  7064.124 	     -0.188
  7065.291 	     -0.196
  7066.459 	     -0.188
  7067.626 	     -0.180
  7068.794 	     -0.167
  7069.962 	     -0.186
  7071.130 	     -0.206
  7072.299 	     -0.204
  7073.468 	     -0.225
  7074.636 	     -0.208
  7075.805 	     -0.207
  7076.975 	     -0.214
  7078.144 	     -0.214
  7079.314 	     -0.241
  7080.483 	     -0.239
  7081.653 	     -0.179
  7082.824 	     -0.033
  7083.994 	      0.004
  7085.165 	     -0.164
  7086.335 	     -0.251
  7087.506 	     -0.265
  7088.677 	     -0.207
  7089.849 	     -0.197
  7091.020 	     -0.209
  7092.192 	     -0.212
  7093.364 	     -0.220
  7094.536 	     -0.285
  7095.708 	     -0.247
  7096.881 	     -0.266
  7098.054 	     -0.241
  7099.227 	     -0.218
  7100.400 	     -0.239
  7101.573 	     -0.255
  7102.746 	     -0.240
  7103.920 	     -0.226
  7105.094 	     -0.250
  7106.268 	     -0.284
  7107.442 	     -0.277
  7108.617 	     -0.251
  7109.791 	     -0.256
  7110.966 	     -0.250
  7112.141 	     -0.225
  7113.316 	     -0.213
  7114.492 	     -0.222
  7115.667 	     -0.227
  7116.843 	     -0.224
  7118.019 	     -0.227
