wlen 	 newgal_spectrum 
  4259.984 	     -0.080
  4260.688 	     -0.081
  4261.392 	     -0.084
  4262.096 	     -0.091
  4262.800 	     -0.097
  4263.505 	     -0.101
  4264.209 	     -0.104
  4264.914 	     -0.104
  4265.618 	     -0.102
  4266.323 	     -0.098
  4267.028 	     -0.093
  4267.733 	     -0.086
  4268.439 	     -0.077
  4269.144 	     -0.066
  4269.849 	     -0.059
  4270.555 	     -0.053
  4271.261 	     -0.051
  4271.966 	     -0.044
  4272.672 	     -0.014
  4273.378 	     -0.005
  4274.084 	     -0.008
  4274.791 	      0.020
  4275.497 	      0.053
  4276.204 	      0.103
  4276.910 	      0.133
  4277.617 	      0.101
  4278.324 	      0.049
  4279.031 	      0.065
  4279.738 	      0.081
  4280.445 	      0.086
  4281.152 	      0.025
  4281.860 	     -0.007
  4282.567 	     -0.035
  4283.275 	     -0.057
  4283.983 	     -0.065
  4284.691 	     -0.084
  4285.399 	     -0.101
  4286.107 	     -0.097
  4286.815 	     -0.042
  4287.523 	      0.025
  4288.232 	      0.001
  4288.940 	     -0.017
  4289.649 	     -0.018
  4290.358 	     -0.037
  4291.067 	     -0.014
  4291.776 	     -0.016
  4292.485 	     -0.030
  4293.194 	     -0.037
  4293.904 	      0.030
  4294.613 	      0.071
  4295.323 	      0.082
  4296.033 	      0.043
  4296.743 	     -0.020
  4297.453 	     -0.029
  4298.163 	     -0.041
  4298.873 	     -0.060
  4299.583 	     -0.073
  4300.294 	     -0.010
  4301.004 	      0.000
  4301.715 	     -0.028
  4302.426 	     -0.127
  4303.137 	     -0.082
  4303.848 	     -0.045
  4304.559 	     -0.024
  4305.270 	     -0.027
  4305.982 	     -0.041
  4306.693 	     -0.018
  4307.405 	     -0.007
  4308.117 	     -0.009
  4308.829 	     -0.054
  4309.541 	     -0.048
  4310.253 	     -0.048
  4310.965 	     -0.032
  4311.677 	      0.016
  4312.390 	      0.005
  4313.102 	     -0.050
  4313.815 	     -0.051
  4314.528 	      0.000
  4315.241 	      0.057
  4315.954 	      0.093
  4316.667 	      0.124
  4317.380 	      0.146
  4318.094 	      0.148
  4318.807 	      0.071
  4319.521 	      0.008
  4320.235 	     -0.011
  4320.949 	      0.017
  4321.663 	      0.048
  4322.377 	      0.036
  4323.091 	      0.008
  4323.805 	     -0.030
  4324.520 	     -0.082
  4325.234 	     -0.072
  4325.949 	     -0.008
  4326.664 	      0.027
  4327.379 	      0.020
  4328.094 	      0.048
  4328.809 	      0.056
  4329.524 	      0.053
  4330.240 	      0.048
  4330.955 	      0.047
  4331.671 	     -0.012
  4332.387 	     -0.035
  4333.103 	     -0.025
  4333.819 	      0.016
  4334.535 	      0.029
  4335.251 	      0.018
  4335.968 	     -0.010
  4336.684 	     -0.043
  4337.401 	     -0.058
  4338.117 	     -0.023
  4338.834 	      0.005
  4339.551 	      0.014
  4340.268 	      0.003
  4340.985 	      0.021
  4341.703 	      0.053
  4342.420 	      0.046
  4343.138 	      0.022
  4343.855 	     -0.015
  4344.573 	      0.012
  4345.291 	      0.035
  4346.009 	      0.034
  4346.727 	      0.017
  4347.445 	      0.056
  4348.164 	      0.040
  4348.882 	      0.028
  4349.601 	      0.009
  4350.320 	     -0.021
  4351.039 	     -0.147
  4351.758 	     -0.108
  4352.477 	     -0.058
  4353.196 	     -0.013
  4353.915 	     -0.018
  4354.635 	      0.039
  4355.354 	      0.050
  4356.074 	      0.053
  4356.794 	      0.056
  4357.514 	      0.093
  4358.234 	      0.130
  4358.954 	      0.159
  4359.674 	      0.182
  4360.394 	      0.197
  4361.115 	      0.248
  4361.836 	      0.237
  4362.556 	      0.193
  4363.277 	      0.131
  4363.998 	      0.131
  4364.719 	      0.124
  4365.441 	      0.109
  4366.162 	      0.100
  4366.883 	      0.103
  4367.605 	      0.131
  4368.327 	      0.142
  4369.049 	      0.155
  4369.771 	      0.167
  4370.493 	      0.161
  4371.215 	      0.120
  4371.937 	      0.089
  4372.660 	      0.084
  4373.382 	      0.105
  4374.105 	      0.057
  4395.114 	      0.059
  4395.840 	      0.060
  4396.567 	      0.097
  4397.293 	      0.156
  4398.020 	      0.129
  4398.747 	      0.070
  4399.473 	      0.031
  4400.200 	     -0.010
  4400.928 	     -0.066
  4401.655 	     -0.058
  4402.382 	     -0.057
  4403.110 	     -0.026
  4403.837 	      0.022
  4404.565 	      0.066
  4405.293 	      0.053
  4406.021 	      0.096
  4406.749 	      0.106
  4407.477 	      0.092
  4408.205 	      0.105
  4408.934 	      0.133
  4409.662 	      0.153
  4410.391 	      0.166
  4411.119 	      0.171
  4411.848 	      0.147
  4412.577 	      0.112
  4413.307 	      0.109
  4414.036 	      0.112
  4414.765 	      0.115
  4415.495 	      0.156
  4416.224 	      0.177
  4416.954 	      0.153
  4417.684 	      0.101
  4418.414 	      0.029
  4419.144 	      0.017
  4419.874 	      0.061
  4420.605 	      0.105
  4421.335 	      0.124
  4422.066 	      0.089
  4422.796 	      0.031
  4423.527 	      0.030
  4424.258 	      0.060
  4424.989 	      0.084
  4425.720 	      0.041
  4426.452 	     -0.027
  4427.183 	     -0.027
  4427.915 	     -0.033
  4428.646 	     -0.030
  4429.378 	      0.022
  4430.110 	      0.038
  4430.842 	     -0.004
  4431.574 	     -0.001
  4432.307 	      0.043
  4433.039 	      0.082
  4433.772 	      0.076
  4434.504 	      0.016
  4435.237 	      0.006
  4435.970 	      0.058
  4436.703 	      0.133
  4437.436 	      0.057
  4438.169 	      0.027
  4438.903 	      0.009
  4439.636 	     -0.001
  4440.370 	      0.013
  4441.103 	      0.120
  4441.837 	      0.147
  4442.571 	      0.147
  4443.305 	      0.134
  4444.040 	      0.103
  4444.774 	      0.048
  4445.508 	      0.061
  4446.243 	      0.087
  4446.978 	      0.103
  4447.713 	      0.093
  4448.447 	      0.073
  4449.183 	      0.069
  4449.918 	      0.085
  4450.653 	      0.110
  4451.388 	      0.059
  4452.124 	      0.082
  4452.860 	      0.091
  4453.596 	      0.082
  4454.331 	      0.051
  4455.067 	      0.010
  4455.804 	     -0.030
  4456.540 	     -0.004
  4457.276 	      0.017
  4458.013 	      0.001
  4458.750 	     -0.054
  4459.486 	      0.035
  4460.223 	      0.098
  4460.960 	      0.108
  4461.697 	      0.061
  4462.435 	      0.033
  4463.172 	      0.049
  4463.909 	      0.008
  4464.647 	     -0.045
  4465.385 	     -0.079
  4466.123 	     -0.016
  4466.861 	      0.053
  4467.599 	      0.037
  4468.337 	      0.018
  4469.075 	      0.020
  4469.814 	      0.042
  4470.552 	      0.026
  4471.291 	      0.005
  4472.030 	     -0.009
  4472.769 	     -0.015
  4473.508 	     -0.032
  4474.247 	      0.031
  4474.987 	      0.055
  4475.726 	      0.055
  4476.466 	      0.048
  4477.205 	      0.083
  4477.945 	      0.133
  4478.685 	      0.035
  4479.425 	     -0.027
  4480.165 	     -0.038
  4480.906 	     -0.028
  4481.646 	      0.029
  4482.387 	     -0.011
  4483.127 	      0.015
  4483.868 	      0.064
  4484.609 	      0.051
  4485.350 	      0.058
  4486.091 	      0.079
  4486.833 	      0.092
  4487.574 	      0.112
  4488.316 	      0.146
  4489.057 	      0.135
  4489.799 	      0.058
  4490.541 	      0.026
  4491.283 	      0.034
  4492.025 	      0.080
  4492.767 	      0.086
  4493.510 	      0.028
  4494.252 	     -0.008
  4494.995 	     -0.008
  4495.738 	      0.024
  4496.481 	      0.033
  4497.224 	      0.060
  4497.967 	      0.113
  4498.710 	      0.156
  4499.453 	      0.171
  4500.197 	      0.126
  4500.940 	      0.115
  4501.684 	      0.080
  4502.428 	      0.053
  4503.172 	      0.041
  4503.916 	      0.052
  4504.660 	      0.034
  4505.405 	      0.060
  4506.149 	      0.082
  4506.894 	      0.087
  4507.639 	      0.062
  4508.383 	      0.035
  4509.128 	      0.058
  4509.873 	      0.099
  4510.619 	      0.129
  4511.364 	      0.134
  4512.109 	      0.098
  4512.855 	      0.078
  4513.601 	      0.100
  4514.347 	      0.133
  4515.093 	      0.158
  4515.839 	      0.151
  4516.585 	      0.197
  4517.331 	      0.208
  4518.078 	      0.170
  4518.824 	      0.117
  4519.571 	      0.114
  4520.318 	      0.140
  4521.065 	      0.121
  4521.812 	      0.113
  4522.559 	      0.104
  4523.306 	      0.089
  4524.054 	      0.117
  4524.801 	      0.034
  4525.549 	     -0.014
  4526.297 	      0.025
  4527.045 	      0.127
  4527.793 	      0.136
  4528.541 	      0.080
  4529.289 	      0.063
  4530.038 	      0.063
  4530.786 	      0.063
  4531.535 	      0.044
  4532.284 	      0.049
  4533.033 	      0.044
  4533.782 	      0.078
  4534.531 	      0.108
  4535.280 	      0.110
  4536.030 	      0.117
  4536.779 	      0.097
  4537.529 	      0.084
  4538.279 	      0.089
  4539.028 	      0.110
  4539.779 	      0.130
  4540.529 	      0.104
  4541.279 	      0.082
  4542.029 	      0.080
  4542.780 	      0.091
  4543.531 	      0.103
  4544.281 	      0.068
  4545.032 	      0.081
  4545.783 	      0.107
  4546.534 	      0.125
  4547.286 	      0.131
  4548.037 	      0.159
  4548.789 	      0.167
  4549.540 	      0.143
  4550.292 	      0.107
  4551.044 	      0.086
  4551.796 	      0.099
  4552.548 	      0.112
  4553.300 	      0.112
  4554.053 	      0.119
  4554.805 	      0.119
  4555.558 	      0.106
  4556.311 	      0.086
  4557.064 	      0.074
  4557.817 	      0.058
  4558.570 	      0.062
  4559.323 	      0.061
  4560.076 	      0.020
  4560.830 	      0.025
  4561.584 	      0.036
  4562.337 	      0.051
  4563.091 	      0.068
  4563.845 	      0.085
  4564.599 	      0.087
  4565.354 	      0.078
  4566.108 	      0.019
  4566.863 	      0.009
  4567.617 	      0.021
  4568.372 	      0.014
  4569.127 	      0.005
  4569.882 	      0.019
  4570.637 	      0.066
  4571.392 	      0.102
  4572.148 	      0.113
  4572.903 	      0.106
  4573.659 	      0.019
  4574.415 	      0.037
  4575.170 	      0.048
  4575.926 	      0.027
  4576.683 	     -0.023
  4577.439 	      0.010
  4578.195 	      0.022
  4578.952 	      0.062
  4579.708 	      0.054
  4580.465 	      0.017
  4581.222 	      0.001
  4581.979 	      0.073
  4582.736 	      0.044
  4583.493 	      0.032
  4584.251 	      0.034
  4585.008 	      0.045
  4585.766 	      0.073
  4586.524 	      0.027
  4587.282 	      0.007
  4588.040 	      0.028
  4588.798 	      0.065
  4589.556 	      0.089
  4590.314 	      0.056
  4591.073 	      0.029
  4591.832 	      0.024
  4592.590 	      0.022
  4593.349 	      0.020
  4594.108 	      0.018
  4594.867 	     -0.023
  4595.627 	     -0.013
  4596.386 	      0.046
  4597.146 	      0.099
  4597.905 	      0.116
  4598.665 	      0.079
  4599.425 	      0.031
  4600.185 	      0.039
  4600.945 	      0.068
  4601.705 	      0.074
  4602.466 	      0.042
  4603.226 	      0.022
  4603.987 	     -0.014
  4604.748 	     -0.041
  4605.508 	     -0.028
  4606.269 	      0.005
  4607.031 	      0.031
  4607.792 	      0.009
  4608.553 	      0.013
  4609.315 	      0.034
  4610.076 	      0.051
  4610.838 	      0.058
  4611.600 	      0.055
  4612.362 	      0.048
  4613.124 	      0.067
  4613.887 	      0.078
  4614.649 	      0.070
  4615.412 	      0.053
  4616.174 	      0.053
  4616.937 	      0.073
  4617.700 	      0.075
  4618.463 	      0.087
  4619.226 	      0.116
  4619.989 	      0.140
  4620.753 	      0.096
  4621.516 	      0.058
  4622.280 	      0.006
  4623.044 	      0.005
  4623.808 	      0.045
  4624.572 	      0.089
  4625.336 	      0.054
  4626.100 	      0.076
  4626.865 	      0.122
  4627.629 	      0.123
  4628.394 	      0.079
  4629.159 	      0.018
  4629.924 	      0.016
  4630.689 	      0.064
  4631.454 	      0.049
  4632.219 	      0.016
  4632.985 	     -0.000
  4633.750 	      0.013
  4634.516 	      0.005
  4635.282 	      0.014
  4636.048 	      0.031
  4636.814 	      0.066
  4637.580 	      0.079
  4638.346 	      0.051
  4639.113 	      0.018
  4639.879 	      0.014
  4640.646 	      0.028
  4641.413 	      0.069
  4642.180 	      0.077
  4642.947 	      0.024
  4643.714 	     -0.058
  4644.481 	     -0.056
  4645.249 	     -0.030
  4646.016 	      0.004
  4646.784 	      0.034
  4647.552 	      0.055
  4648.320 	      0.077
  4649.088 	      0.024
  4649.856 	     -0.027
  4650.625 	     -0.052
  4651.393 	     -0.043
  4652.162 	      0.001
  4652.930 	      0.065
  4653.699 	      0.115
  4654.468 	      0.151
  4655.237 	      0.141
  4656.007 	      0.104
  4656.776 	      0.065
  4657.546 	      0.048
  4658.315 	      0.046
  4659.085 	      0.081
  4659.855 	      0.106
  4660.625 	      0.107
  4661.395 	      0.086
  4662.165 	      0.052
  4662.936 	      0.051
  4663.706 	      0.025
  4664.477 	      0.016
  4665.247 	      0.022
  4666.018 	      0.033
  4666.789 	      0.035
  4667.561 	      0.035
  4668.332 	      0.012
  4669.103 	      0.019
  4669.875 	      0.029
  4670.646 	      0.022
  4671.418 	     -0.008
  4672.190 	      0.019
  4672.962 	      0.032
  4673.734 	      0.038
  4674.507 	      0.035
  4675.279 	      0.031
  4676.052 	      0.035
  4676.824 	      0.058
  4677.597 	      0.039
  4678.370 	      0.036
  4679.143 	      0.064
  4679.916 	      0.080
  4680.690 	      0.069
  4681.463 	      0.074
  4682.237 	      0.083
  4683.010 	      0.011
  4683.784 	      0.005
  4684.558 	      0.008
  4685.332 	      0.030
  4686.106 	      0.121
  4686.881 	      0.092
  4687.655 	      0.086
  4688.430 	      0.054
  4689.205 	      0.008
  4689.979 	      0.006
  4690.754 	      0.078
  4691.529 	      0.081
  4692.305 	      0.069
  4693.080 	      0.071
  4693.856 	      0.033
  4694.631 	      0.003
  4695.407 	      0.010
  4696.183 	      0.031
  4696.959 	      0.032
  4697.735 	      0.035
  4698.511 	      0.048
  4699.288 	      0.029
  4700.064 	     -0.009
  4700.841 	     -0.017
  4701.618 	      0.018
  4702.394 	     -0.028
  4703.171 	     -0.047
  4703.949 	     -0.045
  4704.726 	     -0.030
  4705.503 	     -0.011
  4706.281 	      0.018
  4707.059 	      0.064
  4707.836 	      0.091
  4708.614 	      0.111
  4709.392 	      0.108
  4710.171 	      0.080
  4710.949 	      0.041
  4711.727 	     -0.008
  4712.506 	     -0.022
  4713.285 	     -0.007
  4714.063 	      0.004
  4714.842 	      0.002
  4715.621 	     -0.011
  4716.401 	     -0.014
  4717.180 	     -0.004
  4717.960 	     -0.001
  4718.739 	      0.009
  4719.519 	      0.009
  4720.299 	      0.007
  4721.079 	      0.012
  4721.859 	     -0.019
  4722.639 	     -0.010
  4723.419 	      0.008
  4724.200 	     -0.015
  4724.981 	     -0.042
  4732.794 	     -0.040
  4733.576 	     -0.016
  4734.358 	     -0.001
  4735.141 	     -0.017
  4735.923 	     -0.044
  4736.706 	     -0.035
  4737.488 	      0.010
  4738.271 	     -0.004
  4739.054 	     -0.026
  4739.837 	     -0.011
  4740.620 	      0.022
  4741.404 	      0.045
  4742.187 	      0.057
  4742.971 	      0.036
  4743.755 	     -0.047
  4744.538 	     -0.020
  4745.322 	      0.019
  4746.107 	      0.041
  4746.891 	      0.054
  4747.675 	      0.063
  4748.460 	     -0.021
  4749.244 	      0.005
  4750.029 	      0.013
  4750.814 	     -0.003
  4751.599 	     -0.017
  4752.384 	      0.001
  4753.170 	      0.042
  4753.955 	      0.032
  4754.741 	      0.004
  4755.526 	      0.007
  4756.312 	      0.005
  4757.098 	     -0.017
  4757.884 	     -0.051
  4758.670 	     -0.097
  4759.457 	     -0.037
  4760.243 	      0.042
  4761.030 	      0.052
  4761.816 	      0.028
  4762.603 	      0.005
  4763.390 	     -0.005
  4764.177 	      0.020
  4764.965 	      0.064
  4765.752 	      0.045
  4766.539 	      0.021
  4767.327 	      0.011
  4768.115 	      0.012
  4768.903 	      0.006
  4769.691 	     -0.027
  4770.479 	     -0.051
  4771.267 	     -0.036
  4772.056 	     -0.007
  4772.844 	      0.023
  4773.633 	      0.045
  4774.422 	      0.045
  4775.211 	     -0.006
  4776.000 	     -0.018
  4776.789 	      0.007
  4777.578 	      0.003
  4778.368 	     -0.011
  4779.157 	     -0.010
  4779.947 	      0.016
  4780.737 	      0.004
  4781.527 	     -0.031
  4782.317 	     -0.086
  4783.107 	     -0.073
  4783.897 	     -0.022
  4784.688 	      0.013
  4785.479 	     -0.008
  4786.269 	     -0.001
  4787.060 	     -0.009
  4787.851 	     -0.016
  4788.642 	     -0.021
  4789.434 	     -0.006
  4790.225 	      0.020
  4791.017 	      0.036
  4791.808 	      0.011
  4792.600 	     -0.031
  4793.392 	     -0.054
  4794.184 	     -0.028
  4794.976 	     -0.007
  4795.769 	     -0.006
  4796.561 	     -0.018
  4797.354 	     -0.059
  4798.146 	     -0.063
  4798.939 	     -0.024
  4799.732 	     -0.022
  4800.525 	     -0.043
  4801.319 	     -0.050
  4802.112 	     -0.023
  4802.906 	      0.018
  4803.699 	      0.033
  4804.493 	      0.014
  4805.287 	      0.011
  4806.081 	     -0.006
  4806.875 	     -0.025
  4807.669 	     -0.021
  4808.464 	      0.017
  4809.258 	      0.004
  4810.053 	      0.021
  4810.848 	      0.043
  4811.643 	      0.025
  4812.438 	     -0.008
  4813.233 	     -0.033
  4814.028 	     -0.038
  4814.824 	     -0.024
  4815.620 	      0.052
  4816.415 	      0.025
  4817.211 	     -0.021
  4818.007 	     -0.021
  4818.803 	     -0.013
  4819.600 	     -0.026
  4820.396 	     -0.008
  4821.192 	      0.051
  4821.989 	      0.058
  4822.786 	      0.055
  4823.583 	      0.084
  4824.380 	      0.084
  4825.177 	      0.037
  4825.974 	     -0.015
  4826.772 	     -0.024
  4827.569 	      0.002
  4828.367 	      0.028
  4829.165 	      0.051
  4829.963 	      0.052
  4830.761 	      0.030
  4831.559 	      0.003
  4832.358 	      0.004
  4833.156 	      0.030
  4833.955 	      0.010
  4834.754 	      0.008
  4835.553 	      0.013
  4836.352 	     -0.003
  4837.151 	     -0.035
  4837.950 	     -0.046
  4838.750 	      0.009
  4839.549 	      0.056
  4840.349 	      0.010
  4841.149 	     -0.030
  4841.949 	     -0.041
  4842.749 	     -0.030
  4843.549 	     -0.017
  4844.349 	     -0.009
  4845.150 	      0.007
  4845.950 	      0.029
  4846.751 	      0.031
  4847.552 	      0.038
  4848.353 	      0.045
  4849.154 	      0.064
  4849.955 	      0.091
  4850.757 	      0.082
  4851.558 	      0.055
  4852.360 	      0.004
  4853.162 	     -0.000
  4853.964 	      0.072
  4854.766 	      0.108
  4855.568 	      0.076
  4856.370 	      0.024
  4857.173 	     -0.015
  4857.976 	      0.026
  4858.778 	      0.043
  4859.581 	      0.009
  4860.384 	     -0.022
  4861.187 	     -0.027
  4861.991 	     -0.019
  4862.794 	     -0.018
  4863.598 	     -0.014
  4864.401 	      0.020
  4865.205 	      0.014
  4866.009 	      0.042
  4866.813 	      0.062
  4867.617 	      0.052
  4868.422 	      0.019
  4869.226 	     -0.006
  4870.031 	      0.024
  4870.835 	     -0.007
  4871.640 	     -0.044
  4872.445 	     -0.020
  4873.250 	      0.034
  4874.056 	      0.048
  4874.861 	      0.018
  4875.667 	     -0.005
  4876.472 	     -0.035
  4877.278 	     -0.072
  4878.084 	     -0.087
  4878.890 	     -0.038
  4879.696 	      0.053
  4880.503 	      0.087
  4881.309 	      0.035
  4882.116 	     -0.026
  4882.922 	     -0.011
  4883.729 	     -0.034
  4884.536 	     -0.070
  4885.343 	     -0.068
  4886.151 	     -0.084
  4886.958 	     -0.067
  4887.766 	     -0.013
  4888.573 	      0.020
  4889.381 	     -0.025
  4890.189 	     -0.016
  4890.997 	      0.032
  4891.805 	     -0.001
  4892.613 	     -0.023
  4893.422 	     -0.002
  4894.231 	      0.028
  4895.039 	      0.027
  4895.848 	      0.004
  4896.657 	      0.028
  4897.466 	      0.003
  4898.276 	     -0.016
  4899.085 	      0.008
  4899.894 	      0.031
  4900.704 	      0.025
  4901.514 	      0.006
  4902.324 	      0.006
  4903.134 	      0.013
  4903.944 	      0.024
  4904.754 	      0.080
  4905.565 	      0.128
  4906.376 	      0.132
  4907.186 	      0.126
  4907.997 	      0.137
  4908.808 	      0.172
  4909.619 	      0.264
  4910.431 	      0.457
  4911.242 	      0.843
  4912.054 	      1.347
  4912.865 	      1.744
  4913.677 	      1.938
  4914.489 	      1.927
  4915.301 	      1.753
  4916.113 	      1.453
  4916.926 	      1.039
  4917.738 	      0.548
  4918.551 	      0.269
  4919.363 	      0.142
  4920.176 	      0.073
  4920.989 	      0.025
  4921.803 	      0.004
  4922.616 	      0.009
  4923.429 	      0.003
  4924.243 	     -0.020
  4925.057 	     -0.025
  4925.870 	     -0.046
  4926.684 	     -0.049
  4927.498 	     -0.029
  4928.313 	      0.005
  4929.127 	      0.015
  4929.941 	     -0.025
  4930.756 	     -0.031
  4931.571 	      0.023
  4932.386 	      0.007
  4933.201 	     -0.033
  4934.016 	     -0.057
  4934.831 	     -0.050
  4935.647 	     -0.037
  4936.462 	     -0.035
  4937.278 	     -0.041
  4938.094 	     -0.095
  4938.910 	      0.001
  4939.726 	      0.027
  4940.542 	     -0.002
  4941.359 	     -0.037
  4942.175 	     -0.076
  4942.992 	     -0.109
  4943.809 	     -0.120
  4944.625 	     -0.107
  4945.443 	     -0.038
  4946.260 	     -0.082
  4947.077 	     -0.069
  4947.895 	     -0.039
  4948.712 	     -0.045
  4949.530 	     -0.050
  4950.348 	     -0.048
  4951.166 	     -0.054
  4951.984 	     -0.057
  4952.802 	     -0.104
  4953.621 	     -0.026
  4954.439 	     -0.013
  4955.258 	     -0.017
  4956.077 	     -0.006
  4956.896 	     -0.006
  4957.715 	     -0.015
  4958.534 	     -0.003
  4959.353 	      0.034
  4960.173 	      0.006
  4960.992 	     -0.042
  4961.812 	     -0.001
  4962.632 	      0.016
  4963.452 	     -0.013
  4964.272 	     -0.067
  4965.093 	     -0.061
  4965.913 	     -0.005
  4966.734 	     -0.020
  4967.554 	     -0.064
  4968.375 	     -0.032
  4969.196 	     -0.004
  4970.017 	     -0.001
  4970.838 	     -0.013
  4971.660 	     -0.022
  4979.881 	     -0.036
  4980.704 	     -0.007
  4981.527 	      0.020
  4982.350 	     -0.003
  4983.174 	      0.000
  4983.997 	     -0.024
  4984.821 	     -0.013
  4985.644 	      0.017
  4986.468 	      0.003
  4987.292 	     -0.031
  4988.116 	     -0.054
  4988.940 	     -0.046
  4989.765 	     -0.020
  4990.589 	     -0.040
  4991.414 	     -0.047
  4992.239 	     -0.001
  4993.064 	      0.014
  4993.889 	      0.009
  4994.714 	     -0.003
  4995.539 	     -0.014
  4996.365 	     -0.022
  4997.190 	     -0.031
  4998.016 	     -0.043
  4998.842 	     -0.051
  4999.668 	     -0.058
  5000.494 	     -0.042
  5001.320 	     -0.047
  5002.147 	     -0.039
  5002.973 	     -0.027
  5003.800 	     -0.024
  5004.627 	     -0.017
  5005.454 	     -0.007
  5006.281 	     -0.020
  5007.108 	     -0.034
  5007.936 	      0.013
  5008.763 	      0.014
  5009.591 	      0.016
  5010.419 	      0.048
  5011.247 	      0.055
  5012.075 	      0.050
  5012.903 	      0.060
  5013.731 	      0.087
  5014.560 	      0.108
  5015.388 	      0.071
  5016.217 	     -0.012
  5017.046 	     -0.049
  5017.875 	     -0.058
  5018.704 	     -0.035
  5019.533 	      0.020
  5020.363 	      0.015
  5021.192 	     -0.062
  5022.022 	     -0.123
  5022.852 	     -0.109
  5023.682 	     -0.092
  5024.512 	     -0.061
  5025.342 	     -0.034
  5026.173 	     -0.047
  5027.003 	     -0.035
  5027.834 	     -0.017
  5028.665 	     -0.004
  5029.496 	     -0.018
  5030.327 	     -0.066
  5031.158 	     -0.096
  5031.989 	     -0.050
  5032.821 	     -0.034
  5033.653 	     -0.058
  5034.484 	     -0.034
  5035.316 	     -0.047
  5036.148 	     -0.067
  5036.980 	     -0.070
  5037.813 	     -0.077
  5038.645 	     -0.091
  5039.478 	     -0.101
  5040.311 	     -0.123
  5041.143 	     -0.059
  5041.976 	     -0.034
  5042.810 	     -0.065
  5043.643 	     -0.040
  5044.476 	     -0.033
  5045.310 	     -0.045
  5046.144 	     -0.056
  5046.977 	     -0.070
  5047.811 	     -0.097
  5048.645 	     -0.121
  5049.480 	     -0.115
  5050.314 	     -0.157
  5051.149 	     -0.149
  5051.983 	     -0.034
  5052.818 	     -0.004
  5053.653 	     -0.033
  5054.488 	     -0.075
  5055.323 	     -0.074
  5056.159 	     -0.055
  5056.994 	     -0.031
  5057.830 	      0.040
  5058.666 	      0.107
  5059.501 	      0.118
  5060.337 	      0.216
  5061.174 	      0.235
  5062.010 	      0.239
  5062.846 	      0.228
  5063.683 	      0.129
  5064.520 	      0.042
  5065.357 	      0.004
  5066.194 	     -0.013
  5067.031 	     -0.001
  5067.868 	     -0.002
  5068.706 	     -0.011
  5069.543 	     -0.031
  5070.381 	     -0.039
  5071.219 	     -0.027
  5072.057 	     -0.056
  5072.895 	     -0.068
  5073.733 	     -0.082
  5074.571 	     -0.095
  5075.410 	     -0.085
  5076.249 	     -0.057
  5077.087 	     -0.022
  5077.926 	     -0.018
  5078.765 	     -0.065
  5079.605 	     -0.098
  5080.444 	     -0.099
  5081.283 	     -0.083
  5082.123 	     -0.077
  5082.963 	     -0.054
  5083.803 	     -0.026
  5084.643 	     -0.008
  5085.483 	      0.004
  5086.323 	      0.009
  5087.164 	      0.015
  5088.004 	      0.010
  5088.845 	      0.002
  5089.686 	     -0.042
  5090.527 	     -0.059
  5091.368 	     -0.038
  5092.210 	     -0.024
  5093.051 	     -0.011
  5093.893 	      0.017
  5094.734 	      0.036
  5095.576 	      0.013
  5096.418 	     -0.023
  5097.260 	     -0.042
  5098.103 	     -0.026
  5098.945 	     -0.030
  5099.788 	     -0.047
  5100.630 	     -0.035
  5101.473 	     -0.004
  5102.316 	     -0.001
  5103.159 	     -0.024
  5104.003 	     -0.044
  5104.846 	     -0.051
  5105.689 	     -0.059
  5106.533 	     -0.059
  5107.377 	     -0.054
  5108.221 	     -0.053
  5109.065 	     -0.057
  5109.909 	     -0.079
  5110.754 	     -0.090
  5111.598 	     -0.077
  5112.443 	     -0.053
  5113.288 	     -0.033
  5114.132 	     -0.030
  5114.978 	     -0.033
  5115.823 	     -0.014
  5116.668 	      0.016
  5117.514 	      0.013
  5118.359 	     -0.034
  5119.205 	     -0.078
  5120.051 	     -0.055
  5120.897 	     -0.047
  5121.743 	     -0.060
  5122.589 	     -0.069
  5123.436 	     -0.064
  5124.283 	     -0.046
  5125.129 	     -0.026
  5125.976 	     -0.033
  5126.823 	     -0.063
  5127.670 	     -0.055
  5128.518 	     -0.024
  5129.365 	     -0.033
  5130.213 	     -0.045
  5131.060 	     -0.050
  5131.908 	     -0.027
  5132.756 	     -0.007
  5133.604 	     -0.033
  5134.453 	     -0.055
  5135.301 	     -0.035
  5136.150 	     -0.006
  5136.998 	     -0.010
  5137.847 	     -0.044
  5138.696 	     -0.080
  5139.545 	     -0.092
  5140.395 	     -0.053
  5141.244 	     -0.031
  5142.094 	     -0.028
  5142.943 	     -0.038
  5143.793 	     -0.064
  5144.643 	     -0.058
  5145.493 	     -0.051
  5146.343 	     -0.085
  5147.194 	     -0.114
  5148.044 	     -0.089
  5148.895 	     -0.052
  5149.746 	     -0.026
  5150.597 	     -0.004
  5151.448 	     -0.048
  5152.299 	     -0.063
  5153.151 	     -0.042
  5154.002 	     -0.067
  5154.854 	     -0.053
  5155.706 	     -0.036
  5156.557 	     -0.041
  5157.410 	     -0.051
  5158.262 	     -0.043
  5159.114 	     -0.022
  5159.967 	     -0.004
  5160.819 	      0.012
  5161.672 	     -0.032
  5162.525 	     -0.063
  5163.378 	     -0.060
  5164.231 	     -0.026
  5165.085 	     -0.048
  5165.938 	     -0.113
  5166.792 	     -0.125
  5167.645 	     -0.110
  5168.499 	     -0.080
  5169.353 	     -0.041
  5170.208 	     -0.060
  5171.062 	     -0.121
  5171.916 	     -0.100
  5172.771 	     -0.085
  5173.626 	     -0.105
  5174.481 	     -0.087
  5175.336 	     -0.103
  5176.191 	     -0.110
  5177.046 	     -0.131
  5177.902 	     -0.094
  5178.757 	     -0.045
  5179.613 	     -0.056
  5180.469 	     -0.070
  5181.325 	     -0.080
  5182.181 	     -0.086
  5183.037 	     -0.064
  5183.894 	     -0.048
  5184.751 	     -0.055
  5185.607 	     -0.047
  5186.464 	     -0.081
  5187.321 	     -0.058
  5188.178 	     -0.032
  5189.036 	     -0.013
  5189.893 	     -0.020
  5190.751 	     -0.030
  5191.608 	     -0.034
  5192.466 	     -0.042
  5193.324 	     -0.070
  5194.182 	     -0.078
  5195.041 	     -0.060
  5195.899 	     -0.059
  5196.758 	     -0.058
  5197.616 	     -0.060
  5198.475 	     -0.064
  5199.334 	     -0.069
  5200.194 	     -0.072
  5201.053 	     -0.075
  5201.912 	     -0.077
  5202.772 	     -0.079
  5203.632 	     -0.078
  5204.491 	     -0.075
  5205.351 	     -0.071
  5206.212 	     -0.070
  5207.072 	     -0.074
  5207.932 	     -0.082
  5208.793 	     -0.092
  5209.654 	     -0.103
  5210.514 	     -0.113
  5211.375 	     -0.121
  5212.236 	     -0.127
  5213.098 	     -0.131
  5213.959 	     -0.133
  5214.821 	     -0.134
  5215.682 	     -0.133
  5216.544 	     -0.132
  5217.406 	     -0.129
  5218.268 	     -0.099
  5219.131 	     -0.059
  5219.993 	     -0.038
  5220.856 	     -0.032
  5221.718 	     -0.036
  5222.581 	     -0.044
  5223.444 	     -0.037
  5224.307 	     -0.052
  5225.171 	     -0.089
  5226.034 	     -0.091
  5226.898 	     -0.074
  5227.761 	     -0.094
  5228.625 	     -0.110
  5229.489 	     -0.154
  5230.353 	     -0.179
  5231.218 	     -0.155
  5232.082 	     -0.111
  5232.947 	     -0.093
  5233.811 	     -0.094
  5234.676 	     -0.102
  5235.541 	     -0.114
  5236.406 	     -0.101
  5237.271 	     -0.067
  5238.137 	     -0.084
  5239.002 	     -0.103
  5239.868 	     -0.110
  5240.734 	     -0.130
  5241.600 	     -0.136
  5242.466 	     -0.158
  5243.332 	     -0.172
  5244.199 	     -0.125
  5245.065 	     -0.053
  5245.932 	     -0.060
  5246.799 	     -0.101
  5247.666 	     -0.117
  5248.533 	     -0.103
  5249.400 	     -0.102
  5250.268 	     -0.097
  5251.135 	     -0.062
  5252.003 	     -0.042
  5252.871 	     -0.038
  5253.739 	      0.008
  5254.607 	      0.029
  5255.475 	      0.060
  5256.344 	      0.019
  5257.212 	     -0.045
  5258.081 	     -0.021
  5258.950 	     -0.010
  5259.819 	     -0.040
  5260.688 	     -0.067
  5261.557 	     -0.100
  5262.427 	     -0.092
  5263.296 	     -0.081
  5264.166 	     -0.131
  5265.036 	     -0.194
  5265.906 	     -0.196
  5266.776 	     -0.170
  5267.646 	     -0.162
  5268.517 	     -0.134
  5269.387 	     -0.102
  5270.258 	     -0.147
  5271.129 	     -0.164
  5272.000 	     -0.151
  5272.871 	     -0.140
  5273.742 	     -0.161
  5274.614 	     -0.150
  5275.485 	     -0.132
  5276.357 	     -0.146
  5277.229 	     -0.171
  5278.101 	      0.078
  5278.973 	      0.090
  5279.845 	     -0.024
  5280.718 	     -0.096
  5281.591 	     -0.118
  5282.463 	     -0.108
  5283.336 	     -0.110
  5284.209 	     -0.127
  5285.082 	     -0.129
  5285.956 	     -0.099
  5286.829 	     -0.146
  5287.703 	     -0.122
  5288.577 	     -0.127
  5289.450 	     -0.062
  5290.324 	     -0.061
  5291.199 	     -0.114
  5292.073 	     -0.168
  5292.947 	     -0.177
  5293.822 	     -0.166
  5294.697 	     -0.156
  5295.572 	     -0.172
  5296.447 	     -0.107
  5297.322 	     -0.054
  5298.197 	     -0.104
  5299.073 	     -0.164
  5299.948 	     -0.145
  5300.824 	     -0.094
  5301.700 	     -0.052
  5302.576 	     -0.027
  5303.452 	     -0.088
  5304.329 	     -0.109
  5305.205 	     -0.091
  5306.082 	     -0.090
  5306.959 	     -0.139
  5307.836 	     -0.107
  5308.713 	     -0.101
  5309.590 	     -0.043
  5310.467 	     -0.144
  5311.345 	     -0.213
  5312.222 	     -0.172
  5313.100 	     -0.175
  5313.978 	     -0.106
  5314.856 	     -0.120
  5315.734 	     -0.116
  5316.613 	     -0.121
  5317.491 	     -0.130
  5318.370 	     -0.149
  5319.249 	     -0.141
  5320.128 	     -0.087
  5321.007 	     -0.120
  5321.886 	     -0.149
  5322.766 	     -0.168
  5323.645 	     -0.190
  5324.525 	     -0.154
  5325.405 	     -0.163
  5326.285 	     -0.144
  5327.165 	     -0.168
  5328.045 	     -0.119
  5328.925 	     -0.100
  5329.806 	     -0.188
  5330.687 	     -0.124
  5331.568 	     -0.117
  5332.449 	     -0.076
  5333.330 	     -0.094
  5334.211 	     -0.122
  5335.092 	     -0.127
  5335.974 	     -0.102
  5336.856 	     -0.105
  5337.738 	     -0.093
  5338.620 	     -0.091
  5339.502 	     -0.107
  5340.384 	     -0.136
  5341.267 	     -0.163
  5342.149 	     -0.104
  5343.032 	     -0.152
  5343.915 	     -0.163
  5344.798 	     -0.160
  5345.681 	     -0.127
  5346.564 	     -0.084
  5347.448 	     -0.141
  5348.331 	     -0.111
  5349.215 	     -0.128
  5350.099 	     -0.108
  5350.983 	     -0.089
  5351.867 	     -0.091
  5352.752 	     -0.095
  5353.636 	     -0.085
  5354.521 	     -0.064
  5355.406 	     -0.099
  5356.291 	     -0.076
  5357.176 	     -0.074
  5358.061 	     -0.113
  5358.946 	     -0.106
  5359.832 	     -0.123
  5360.718 	     -0.129
  5361.603 	     -0.077
  5362.489 	     -0.076
  5363.375 	     -0.128
  5364.262 	     -0.129
  5365.148 	     -0.112
  5366.035 	     -0.160
  5366.921 	     -0.203
  5367.808 	     -0.172
  5368.695 	     -0.176
  5369.582 	     -0.133
  5370.470 	     -0.181
  5371.357 	     -0.165
  5372.245 	     -0.161
  5373.132 	     -0.117
  5374.020 	     -0.066
  5374.908 	     -0.125
  5375.796 	     -0.157
  5376.685 	     -0.226
  5377.573 	     -0.131
  5378.462 	     -0.108
  5379.350 	     -0.089
  5380.239 	     -0.098
  5381.128 	     -0.108
  5382.018 	     -0.108
  5382.907 	     -0.133
  5383.796 	     -0.145
  5384.686 	     -0.099
  5385.576 	     -0.101
  5386.466 	     -0.170
  5387.356 	     -0.209
  5388.246 	     -0.161
  5389.136 	     -0.115
  5390.027 	     -0.147
  5390.918 	     -0.130
  5391.808 	     -0.117
  5392.699 	     -0.136
  5393.590 	     -0.149
  5394.482 	     -0.161
  5395.373 	     -0.119
  5396.265 	     -0.143
  5397.156 	     -0.205
  5398.048 	     -0.158
  5398.940 	     -0.196
  5399.832 	     -0.254
  5400.724 	     -0.185
  5401.617 	     -0.157
  5402.509 	     -0.183
  5403.402 	     -0.145
  5404.295 	     -0.164
  5405.188 	     -0.166
  5406.081 	     -0.145
  5406.975 	     -0.153
  5407.868 	     -0.199
  5408.762 	     -0.190
  5409.655 	     -0.181
  5410.549 	     -0.168
  5411.443 	     -0.156
  5412.338 	     -0.146
  5413.232 	     -0.190
  5414.126 	     -0.177
  5415.021 	     -0.129
  5415.916 	     -0.141
  5416.811 	     -0.185
  5417.706 	     -0.186
  5418.601 	     -0.165
  5419.496 	     -0.194
  5420.392 	     -0.196
  5421.288 	     -0.136
  5422.183 	     -0.098
  5423.079 	     -0.096
  5423.976 	     -0.099
  5424.872 	     -0.115
  5425.768 	     -0.137
  5426.665 	     -0.181
  5427.561 	     -0.163
  5428.458 	     -0.151
  5429.355 	     -0.151
  5430.253 	     -0.146
  5431.150 	     -0.178
  5432.047 	     -0.162
  5432.945 	     -0.096
  5433.843 	     -0.117
  5434.741 	     -0.126
  5435.639 	     -0.125
  5436.537 	     -0.143
  5437.435 	     -0.108
  5438.334 	     -0.107
  5439.232 	     -0.130
  5440.131 	     -0.164
  5441.030 	     -0.114
  5441.929 	     -0.103
  5442.828 	     -0.166
  5443.728 	     -0.182
  5444.627 	     -0.179
  5445.527 	     -0.150
  5446.427 	     -0.150
  5447.327 	     -0.139
  5448.227 	     -0.115
  5449.127 	     -0.130
  5450.028 	     -0.147
  5450.928 	     -0.137
  5451.829 	     -0.125
  5452.730 	     -0.141
  5453.631 	     -0.161
  5454.532 	     -0.150
  5455.433 	     -0.130
  5456.335 	     -0.131
  5457.236 	     -0.136
  5458.138 	     -0.133
  5459.040 	     -0.112
  5459.942 	     -0.058
  5460.844 	     -0.018
  5461.747 	     -0.022
  5462.649 	     -0.041
  5463.552 	     -0.077
  5464.455 	     -0.114
  5465.358 	     -0.112
  5466.261 	     -0.094
  5467.164 	     -0.071
  5468.067 	     -0.159
  5468.971 	     -0.181
  5469.875 	     -0.163
  5470.778 	     -0.134
  5471.682 	     -0.164
  5472.587 	     -0.146
  5473.491 	     -0.149
  5474.395 	     -0.173
  5475.300 	     -0.137
  5476.205 	     -0.136
  5477.110 	     -0.190
  5478.015 	     -0.146
  5478.920 	     -0.095
  5479.825 	     -0.103
  5480.731 	     -0.131
  5481.636 	     -0.164
  5482.542 	     -0.176
  5483.448 	     -0.156
  5484.354 	     -0.179
  5485.260 	     -0.142
  5486.167 	     -0.135
  5487.073 	     -0.105
  5487.980 	     -0.069
  5488.887 	     -0.109
  5489.794 	     -0.159
  5490.701 	     -0.158
  5491.608 	     -0.127
  5492.516 	     -0.135
  5493.423 	     -0.157
  5494.331 	     -0.173
  5495.239 	     -0.143
  5496.147 	     -0.133
  5497.055 	     -0.134
  5497.964 	     -0.124
  5498.872 	     -0.136
  5499.781 	     -0.104
  5500.689 	     -0.103
  5501.598 	     -0.128
  5502.507 	     -0.136
  5503.417 	     -0.115
  5504.326 	     -0.096
  5505.236 	     -0.110
  5506.145 	     -0.149
  5507.055 	     -0.183
  5507.965 	     -0.162
  5508.875 	     -0.141
  5509.786 	     -0.144
  5510.696 	     -0.142
  5511.607 	     -0.135
  5512.517 	     -0.099
  5513.428 	     -0.080
  5514.339 	     -0.103
  5515.251 	     -0.122
  5516.162 	     -0.151
  5517.073 	     -0.173
  5517.985 	     -0.155
  5518.897 	     -0.118
  5519.809 	     -0.090
  5520.721 	     -0.094
  5521.633 	     -0.116
  5522.546 	     -0.120
  5523.458 	     -0.133
  5524.371 	     -0.172
  5525.284 	     -0.190
  5526.197 	     -0.193
  5527.110 	     -0.210
  5528.023 	     -0.203
  5528.937 	     -0.187
  5529.850 	     -0.174
  5530.764 	     -0.184
  5531.678 	     -0.176
  5532.592 	     -0.156
  5533.506 	     -0.154
  5534.421 	     -0.136
  5535.335 	     -0.139
  5536.250 	     -0.164
  5537.165 	     -0.180
  5538.080 	     -0.161
  5538.995 	     -0.115
  5539.910 	     -0.131
  5540.825 	     -0.172
  5541.741 	     -0.163
  5542.657 	     -0.143
  5543.573 	     -0.128
  5544.489 	     -0.112
  5545.405 	     -0.085
  5546.321 	     -0.092
  5547.238 	     -0.119
  5548.154 	     -0.126
  5549.071 	     -0.149
  5549.988 	     -0.181
  5550.905 	     -0.194
  5551.822 	     -0.209
  5552.740 	     -0.178
  5553.657 	     -0.167
  5554.575 	     -0.164
  5555.493 	     -0.138
  5556.411 	     -0.126
  5557.329 	     -0.134
  5558.247 	     -0.183
  5559.166 	     -0.170
  5560.084 	     -0.147
  5561.003 	     -0.175
  5561.922 	     -0.168
  5562.841 	     -0.107
  5563.760 	     -0.086
  5564.680 	     -0.130
  5565.599 	     -0.179
  5566.519 	     -0.171
  5567.439 	     -0.131
  5568.359 	     -0.128
  5569.279 	     -0.163
  5570.199 	     -0.174
  5571.119 	     -0.154
  5572.040 	     -0.168
  5572.961 	     -0.178
  5583.099 	     -0.148
  5584.021 	     -0.148
  5584.944 	     -0.166
  5585.867 	     -0.169
  5586.790 	     -0.158
  5587.713 	     -0.164
  5588.637 	     -0.158
  5589.560 	     -0.133
  5590.484 	     -0.126
  5591.407 	     -0.125
  5592.331 	     -0.129
  5593.255 	     -0.165
  5594.180 	     -0.185
  5595.104 	     -0.183
  5596.029 	     -0.192
  5596.953 	     -0.195
  5597.878 	     -0.174
  5598.803 	     -0.152
  5599.728 	     -0.147
  5600.654 	     -0.154
  5601.579 	     -0.149
  5602.505 	     -0.165
  5603.431 	     -0.181
  5604.356 	     -0.148
  5605.283 	     -0.116
  5606.209 	     -0.098
  5607.135 	     -0.107
  5608.062 	     -0.154
  5608.988 	     -0.191
  5609.915 	     -0.197
  5610.842 	     -0.166
  5611.769 	     -0.156
  5612.697 	     -0.177
  5613.624 	     -0.211
  5614.552 	     -0.232
  5615.479 	     -0.246
  5616.407 	     -0.250
  5617.335 	     -0.218
  5618.264 	     -0.186
  5619.192 	     -0.178
  5620.121 	     -0.200
  5621.049 	     -0.204
  5621.978 	     -0.173
  5622.907 	     -0.157
  5623.836 	     -0.149
  5624.765 	     -0.160
  5625.695 	     -0.175
  5626.625 	     -0.166
  5627.554 	     -0.180
  5628.484 	     -0.193
  5629.414 	     -0.188
  5630.344 	     -0.228
  5631.275 	     -0.238
  5632.205 	     -0.196
  5633.136 	     -0.186
  5634.067 	     -0.228
  5634.998 	     -0.245
  5635.929 	     -0.202
  5636.860 	     -0.181
  5637.792 	     -0.209
  5638.723 	     -0.201
  5639.655 	     -0.180
  5640.587 	     -0.183
  5641.519 	     -0.165
  5642.451 	     -0.188
  5643.384 	     -0.209
  5644.316 	     -0.195
  5645.249 	     -0.191
  5646.182 	     -0.172
  5647.115 	     -0.152
  5648.048 	     -0.149
  5648.981 	     -0.187
  5649.915 	     -0.259
  5650.848 	     -0.270
  5651.782 	     -0.241
  5652.716 	     -0.257
  5653.650 	     -0.256
  5654.584 	     -0.181
  5655.518 	     -0.124
  5656.453 	     -0.220
  5657.388 	     -0.213
  5658.322 	     -0.219
  5659.257 	     -0.225
  5660.193 	     -0.183
  5661.128 	     -0.191
  5662.063 	     -0.227
  5662.999 	     -0.227
  5663.935 	     -0.194
  5664.871 	     -0.201
  5665.807 	     -0.198
  5666.743 	     -0.195
  5667.679 	     -0.209
  5668.616 	     -0.205
  5669.553 	     -0.184
  5670.489 	     -0.161
  5671.426 	     -0.142
  5672.364 	     -0.165
  5673.301 	     -0.207
  5674.238 	     -0.217
  5675.176 	     -0.230
  5676.114 	     -0.226
  5677.052 	     -0.214
  5677.990 	     -0.218
  5678.928 	     -0.221
  5679.866 	     -0.209
  5680.805 	     -0.186
  5681.744 	     -0.163
  5682.683 	     -0.162
  5683.622 	     -0.169
  5684.561 	     -0.170
  5685.500 	     -0.163
  5686.440 	     -0.147
  5687.379 	     -0.154
  5688.319 	     -0.162
  5689.259 	     -0.140
  5690.199 	     -0.133
  5691.139 	     -0.127
  5692.080 	     -0.149
  5693.020 	     -0.171
  5693.961 	     -0.210
  5694.902 	     -0.218
  5695.843 	     -0.176
  5696.784 	     -0.180
  5697.725 	     -0.182
  5698.667 	     -0.150
  5699.609 	     -0.210
  5700.550 	     -0.250
  5701.492 	     -0.208
  5702.435 	     -0.211
  5703.377 	     -0.214
  5704.319 	     -0.224
  5705.262 	     -0.204
  5706.205 	     -0.228
  5707.147 	     -0.214
  5708.091 	     -0.188
  5709.034 	     -0.184
  5709.977 	     -0.242
  5710.921 	     -0.222
  5711.864 	     -0.210
  5712.808 	     -0.184
  5713.752 	     -0.210
  5714.696 	     -0.242
  5715.641 	     -0.210
  5716.585 	     -0.208
  5717.530 	     -0.220
  5718.475 	     -0.196
  5719.419 	     -0.170
  5720.365 	     -0.188
  5721.310 	     -0.205
  5722.255 	     -0.203
  5723.201 	     -0.215
  5724.146 	     -0.262
  5725.092 	     -0.275
  5726.038 	     -0.249
  5726.985 	     -0.224
  5727.931 	     -0.254
  5728.877 	     -0.245
  5729.824 	     -0.210
  5730.771 	     -0.222
  5731.718 	     -0.255
  5732.665 	     -0.209
  5733.612 	     -0.226
  5734.560 	     -0.231
  5735.507 	     -0.204
  5736.455 	     -0.237
  5737.403 	     -0.216
  5738.351 	     -0.148
  5739.299 	     -0.172
  5740.247 	     -0.202
  5741.196 	     -0.193
  5742.145 	     -0.238
  5743.094 	     -0.174
  5744.043 	     -0.223
  5744.992 	     -0.229
  5745.941 	     -0.244
  5746.890 	     -0.189
  5747.840 	     -0.191
  5748.790 	     -0.217
  5749.740 	     -0.226
  5750.690 	     -0.235
  5751.640 	     -0.216
  5752.591 	     -0.214
  5753.541 	     -0.236
  5754.492 	     -0.234
  5755.443 	     -0.237
  5756.394 	     -0.241
  5757.345 	     -0.207
  5758.296 	     -0.218
  5759.248 	     -0.211
  5760.200 	     -0.189
  5761.151 	     -0.210
  5762.103 	     -0.204
  5763.055 	     -0.223
  5764.008 	     -0.203
  5764.960 	     -0.206
  5765.913 	     -0.251
  5766.866 	     -0.159
  5767.819 	     -0.189
  5768.772 	     -0.201
  5769.725 	     -0.167
  5770.678 	     -0.183
  5771.632 	     -0.158
  5772.586 	     -0.198
  5773.539 	     -0.240
  5774.493 	     -0.214
  5775.448 	     -0.224
  5776.402 	     -0.204
  5777.357 	     -0.229
  5778.311 	     -0.248
  5779.266 	     -0.224
  5780.221 	     -0.202
  5781.176 	     -0.194
  5782.131 	     -0.187
  5783.087 	     -0.172
  5784.042 	     -0.182
  5784.998 	     -0.199
  5785.954 	     -0.216
  5786.910 	     -0.224
  5787.866 	     -0.190
  5788.823 	     -0.188
  5789.779 	     -0.227
  5790.736 	     -0.171
  5791.693 	     -0.159
  5792.650 	     -0.223
  5793.607 	     -0.170
  5794.565 	     -0.157
  5795.522 	     -0.201
  5796.480 	     -0.311
  5797.438 	     -0.433
  5798.396 	     -0.203
  5799.354 	     -0.204
  5800.312 	     -0.208
  5801.270 	     -0.148
  5802.229 	     -0.148
  5803.188 	     -0.210
  5804.147 	     -0.220
  5805.106 	     -0.200
  5806.065 	     -0.192
  5807.024 	     -0.173
  5807.984 	     -0.165
  5808.944 	     -0.157
  5809.904 	     -0.162
  5810.864 	     -0.137
  5811.824 	     -0.152
  5812.784 	     -0.180
  5813.745 	     -0.156
  5814.705 	     -0.178
  5815.666 	     -0.180
  5816.627 	     -0.151
  5817.588 	     -0.118
  5818.550 	     -0.163
  5819.511 	     -0.160
  5820.473 	     -0.168
  5821.435 	     -0.168
  5822.397 	     -0.108
  5823.359 	     -0.126
  5824.321 	     -0.147
  5825.283 	     -0.153
  5826.246 	     -0.159
  5827.209 	     -0.128
  5828.172 	     -0.107
  5829.135 	     -0.138
  5830.098 	     -0.106
  5831.061 	     -0.166
  5832.025 	     -0.154
  5832.988 	     -0.148
  5833.952 	     -0.133
  5834.916 	     -0.150
  5835.880 	     -0.167
  5836.845 	     -0.146
  5837.809 	     -0.085
  5838.774 	     -0.116
  5839.739 	     -0.131
  5840.704 	     -0.132
  5841.669 	     -0.143
  5842.634 	     -0.138
  5843.600 	     -0.132
  5844.565 	     -0.113
  5845.531 	     -0.118
  5846.497 	     -0.135
  5847.463 	     -0.105
  5848.429 	     -0.075
  5849.396 	     -0.053
  5850.362 	     -0.083
  5851.329 	     -0.144
  5852.296 	     -0.126
  5853.263 	     -0.104
  5854.230 	     -0.061
  5855.197 	     -0.086
  5856.165 	     -0.068
  5857.133 	     -0.075
  5858.100 	     -0.094
  5859.068 	     -0.077
  5860.037 	     -0.078
  5861.005 	     -0.106
  5861.973 	     -0.111
  5862.942 	     -0.059
  5863.911 	     -0.018
  5864.880 	      0.024
  5865.849 	      0.079
  5866.818 	      0.142
  5867.788 	      0.136
  5868.757 	      0.127
  5869.727 	      0.121
  5870.697 	      0.041
  5871.667 	     -0.046
  5872.637 	     -0.052
  5873.608 	     -0.028
  5874.578 	     -0.011
  5875.549 	     -0.014
  5876.520 	     -0.025
  5877.491 	     -0.071
  5878.462 	     -0.110
  5879.434 	     -0.118
  5880.405 	     -0.104
  5881.377 	     -0.107
  5882.349 	     -0.080
  5883.321 	     -0.041
  5901.819 	     -0.052
  5902.795 	     -0.040
  5903.770 	     -0.041
  5904.746 	     -0.027
  5905.721 	     -0.023
  5906.697 	     -0.037
  5907.673 	     -0.052
  5908.649 	     -0.017
  5909.626 	     -0.004
  5910.602 	     -0.055
  5911.579 	     -0.088
  5912.556 	     -0.066
  5913.533 	      0.009
  5914.510 	      0.083
  5915.487 	      0.107
  5916.465 	      0.111
  5917.442 	      0.096
  5918.420 	      0.046
  5919.398 	     -0.018
  5920.376 	     -0.046
  5921.355 	     -0.065
  5922.333 	     -0.087
  5923.312 	      0.006
  5924.290 	      0.023
  5925.269 	      0.004
  5926.248 	     -0.017
  5927.228 	     -0.014
  5928.207 	     -0.032
  5929.187 	     -0.023
  5930.166 	     -0.002
  5931.146 	      0.012
  5932.126 	      0.081
  5933.107 	      0.151
  5934.087 	      0.135
  5935.068 	      0.115
  5936.048 	      0.125
  5937.029 	      0.047
  5938.010 	     -0.061
  5938.992 	     -0.025
  5939.973 	      0.010
  5940.954 	     -0.041
  5941.936 	     -0.003
  5942.918 	     -0.025
  5943.900 	     -0.027
  5944.882 	     -0.038
  5945.865 	     -0.010
  5946.847 	     -0.008
  5947.830 	     -0.016
  5948.813 	     -0.032
  5949.796 	     -0.094
  5950.779 	     -0.054
  5951.762 	     -0.057
  5952.745 	      0.075
  5953.729 	      0.090
  5954.713 	      0.062
  5955.697 	      0.098
  5956.681 	      0.025
  5957.665 	     -0.006
  5958.650 	     -0.035
  5959.634 	     -0.062
  5960.619 	     -0.057
  5961.604 	     -0.039
  5962.589 	     -0.057
  5963.574 	     -0.135
  5964.560 	     -0.017
  5965.546 	     -0.092
  5966.531 	     -0.077
  5967.517 	      0.062
  5968.503 	      0.372
  5969.490 	      0.455
  5970.476 	     -0.037
  5971.463 	     -0.012
  5972.449 	     -0.008
  5973.436 	     -0.070
  5974.423 	     -0.035
  5975.410 	     -0.030
  5976.398 	      0.052
  5977.385 	      0.054
  5978.373 	      0.079
  5979.361 	     -0.052
  5980.349 	      0.000
  5981.337 	     -0.031
  5982.326 	     -0.075
  5983.314 	     -0.066
  5984.303 	     -0.092
  5985.292 	     -0.060
  5986.281 	     -0.094
  5987.270 	     -0.122
  5988.259 	     -0.036
  5989.249 	     -0.029
  5990.238 	     -0.125
  5991.228 	     -0.084
  5992.218 	     -0.092
  5993.208 	     -0.067
  5994.199 	     -0.097
  5995.189 	     -0.078
  5996.180 	     -0.077
  5997.171 	     -0.034
  5998.162 	     -0.059
  5999.153 	     -0.083
  6000.144 	     -0.092
  6001.136 	     -0.083
  6002.127 	     -0.074
  6003.119 	      0.001
  6004.111 	     -0.028
  6005.103 	     -0.085
  6006.095 	     -0.055
  6007.088 	     -0.057
  6008.081 	     -0.078
  6009.073 	     -0.050
  6010.066 	     -0.104
  6011.059 	     -0.114
  6012.053 	     -0.093
  6013.046 	     -0.109
  6014.040 	     -0.137
  6015.033 	     -0.120
  6016.027 	     -0.129
  6017.022 	     -0.120
  6018.016 	     -0.081
  6019.010 	     -0.101
  6020.005 	     -0.096
  6021.000 	     -0.085
  6021.994 	     -0.116
  6022.990 	     -0.119
  6023.985 	     -0.126
  6024.980 	     -0.123
  6025.976 	     -0.130
  6026.972 	     -0.090
  6027.967 	     -0.037
  6028.964 	     -0.071
  6029.960 	     -0.109
  6030.956 	     -0.100
  6031.953 	     -0.103
  6032.949 	     -0.096
  6033.946 	     -0.102
  6034.943 	     -0.116
  6035.941 	     -0.071
  6036.938 	     -0.069
  6037.936 	     -0.082
  6038.933 	     -0.078
  6039.931 	     -0.105
  6040.929 	     -0.056
  6041.927 	     -0.083
  6042.926 	     -0.111
  6043.924 	     -0.053
  6044.923 	     -0.065
  6045.922 	     -0.077
  6046.921 	     -0.090
  6047.920 	     -0.130
  6048.920 	     -0.173
  6049.919 	     -0.153
  6050.919 	     -0.121
  6051.919 	     -0.113
  6052.919 	     -0.119
  6053.919 	     -0.111
  6054.919 	     -0.112
  6055.920 	     -0.126
  6056.920 	     -0.110
  6057.921 	     -0.109
  6058.922 	     -0.098
  6059.924 	     -0.093
  6060.925 	     -0.095
  6061.926 	     -0.096
  6062.928 	     -0.085
  6063.930 	     -0.101
  6064.932 	     -0.078
  6065.934 	     -0.063
  6066.937 	     -0.069
  6067.939 	     -0.090
  6068.942 	     -0.082
  6069.945 	     -0.074
  6070.948 	     -0.089
  6071.951 	     -0.073
  6072.954 	     -0.043
  6073.958 	     -0.067
  6074.961 	     -0.083
  6075.965 	     -0.081
  6076.969 	     -0.088
  6077.973 	     -0.082
  6078.978 	     -0.075
  6079.982 	     -0.041
  6080.987 	     -0.088
  6081.992 	     -0.081
  6082.997 	     -0.057
  6084.002 	     -0.058
  6085.007 	     -0.123
  6086.013 	     -0.087
  6087.018 	     -0.062
  6088.024 	     -0.072
  6089.030 	     -0.053
  6090.036 	      0.001
  6091.043 	     -0.034
  6092.049 	     -0.046
  6093.056 	     -0.057
  6094.063 	     -0.075
  6095.070 	     -0.007
  6096.077 	     -0.051
  6097.084 	     -0.039
  6098.092 	     -0.090
  6099.099 	     -0.001
  6100.107 	     -0.028
  6101.115 	     -0.031
  6102.123 	     -0.015
  6103.132 	     -0.039
  6104.140 	      0.004
  6105.149 	     -0.055
  6106.157 	     -0.054
  6107.166 	     -0.055
  6108.176 	     -0.067
  6109.185 	     -0.064
  6110.194 	      0.043
  6111.204 	      0.003
  6112.214 	      0.049
  6113.224 	      0.004
  6114.234 	     -0.058
  6115.244 	     -0.097
  6116.255 	     -0.033
  6117.266 	      0.001
  6118.276 	     -0.038
  6119.287 	      0.014
  6120.299 	     -0.001
  6121.310 	     -0.009
  6122.321 	      0.005
  6123.333 	     -0.002
  6124.345 	     -0.038
  6125.357 	     -0.026
  6126.369 	     -0.006
  6127.381 	      0.102
  6128.394 	      0.101
  6129.407 	      0.008
  6130.419 	      0.052
  6131.432 	      0.158
  6132.446 	      0.037
  6133.459 	     -0.001
  6134.472 	     -0.001
  6135.486 	     -0.014
  6136.500 	      0.015
  6137.514 	      0.012
  6138.528 	      0.022
  6139.542 	      0.121
  6140.557 	      0.119
  6141.572 	      0.033
  6142.586 	      0.037
  6143.601 	      0.058
  6144.617 	      0.083
  6145.632 	      0.080
  6146.648 	      0.096
  6147.663 	      0.066
  6148.679 	      0.049
  6149.695 	      0.035
  6150.711 	     -0.001
  6151.728 	     -0.038
  6152.744 	     -0.017
  6153.761 	      0.006
  6154.778 	      0.014
  6155.795 	      0.013
  6156.812 	      0.011
  6157.829 	      0.009
  6158.847 	      0.009
  6159.865 	      0.009
  6160.882 	      0.009
  6161.900 	      0.008
  6162.919 	      0.007
  6163.937 	      0.009
  6164.956 	      0.016
  6165.974 	      0.025
  6166.993 	      0.030
  6168.012 	      0.026
  6169.031 	      0.019
  6170.051 	      0.014
  6171.070 	      0.015
  6172.090 	      0.017
  6173.110 	      0.017
  6174.130 	      0.016
  6175.150 	      0.015
  6176.171 	      0.014
  6177.191 	      0.013
  6178.212 	      0.013
  6179.233 	      0.013
  6180.254 	      0.014
  6181.275 	      0.032
  6182.296 	      0.071
  6183.318 	      0.045
  6184.340 	      0.060
  6185.362 	      0.095
  6186.384 	      0.044
  6187.406 	      0.048
  6188.428 	      0.052
  6189.451 	      0.023
  6190.474 	      0.028
  6191.497 	      0.066
  6192.520 	      0.095
  6193.543 	      0.081
  6194.567 	      0.084
  6195.590 	      0.120
  6196.614 	      0.138
  6197.638 	      0.092
  6198.662 	      0.081
  6199.686 	      0.090
  6200.711 	      0.100
  6201.735 	      0.128
  6202.760 	      0.194
  6203.785 	      0.214
  6204.810 	      0.131
  6205.835 	      0.154
  6206.861 	      0.112
  6207.887 	      0.070
  6208.912 	      0.039
  6209.938 	      0.000
  6210.964 	      0.003
  6211.991 	      0.098
  6213.017 	      0.065
  6214.044 	      0.075
  6215.071 	      0.092
  6216.098 	      0.047
  6217.125 	      0.024
  6218.152 	      0.017
  6219.180 	      0.011
  6220.207 	      0.113
  6221.235 	      0.177
  6222.263 	      0.236
  6223.291 	      0.227
  6224.320 	      0.242
  6225.348 	      0.214
  6226.377 	      0.109
  6227.406 	      0.052
  6228.435 	      0.029
  6229.464 	      0.011
  6230.493 	     -0.004
  6231.523 	      0.003
  6232.553 	      0.045
  6233.583 	      0.196
  6234.613 	      0.346
  6235.643 	      0.443
  6236.673 	      0.515
  6237.704 	      0.501
  6238.734 	      0.430
  6239.765 	      0.343
  6240.796 	      0.293
  6241.828 	      0.231
  6242.859 	      0.225
  6243.891 	      0.220
  6244.922 	      0.199
  6245.954 	      0.184
  6246.986 	      0.170
  6248.019 	      0.148
  6249.051 	      0.139
  6250.084 	      0.107
  6251.117 	      0.077
  6252.149 	      0.068
  6253.183 	      0.081
  6254.216 	      0.133
  6255.249 	      0.171
  6256.283 	      0.272
  6257.317 	      0.427
  6258.351 	      0.433
  6259.385 	      0.409
  6260.419 	      0.411
  6261.454 	      0.330
  6262.488 	      0.198
  6263.523 	      0.175
  6264.558 	      0.241
  6265.593 	      0.268
  6266.629 	      0.252
  6267.664 	      0.275
  6268.700 	      0.268
  6269.736 	      0.192
  6270.772 	      0.112
  6271.808 	      0.061
  6272.844 	      0.049
  6273.881 	      0.071
  6274.918 	      0.088
  6275.954 	      0.119
  6276.991 	      0.146
  6278.029 	      0.132
  6279.066 	      0.103
  6280.104 	      0.071
  6281.141 	      0.002
  6282.179 	      0.020
  6283.217 	      0.020
  6284.256 	      0.024
  6285.294 	      0.054
  6286.333 	      0.191
  6287.371 	      0.309
  6288.410 	      0.355
  6289.449 	      0.321
  6290.489 	      0.336
  6291.528 	      0.230
  6292.568 	      0.097
  6293.608 	      0.067
  6294.648 	      0.044
  6313.396 	      0.059
  6314.440 	      0.055
  6315.483 	      0.048
  6316.527 	      0.079
  6317.570 	      0.094
  6318.614 	      0.086
  6319.658 	      0.078
  6320.703 	      0.137
  6321.747 	      0.153
  6322.792 	      0.162
  6323.837 	      0.172
  6324.882 	      0.125
  6325.927 	      0.016
  6326.972 	     -0.004
  6328.017 	      0.111
  6329.063 	      0.287
  6330.109 	      0.382
  6331.155 	      0.406
  6332.201 	      0.380
  6333.247 	      0.309
  6334.294 	      0.145
  6335.341 	      0.058
  6336.388 	      0.046
  6337.435 	      0.052
  6338.482 	      0.053
  6339.529 	      0.024
  6340.577 	      0.020
  6341.624 	      0.035
  6342.672 	      0.028
  6343.720 	      0.031
  6344.769 	      0.091
  6345.817 	      0.109
  6346.866 	      0.083
  6347.914 	      0.127
  6348.963 	      0.168
  6350.012 	      0.137
  6351.062 	      0.092
  6352.111 	      0.036
  6353.161 	      0.002
  6354.211 	      0.019
  6355.261 	      0.125
  6356.311 	      0.207
  6357.361 	      0.260
  6358.412 	      0.281
  6359.462 	      0.265
  6360.513 	      0.196
  6361.564 	      0.407
  6362.615 	      1.415
  6363.667 	      2.296
  6364.718 	      2.586
  6365.770 	      2.599
  6366.822 	      2.386
  6367.874 	      1.474
  6368.926 	      0.477
  6369.979 	      0.193
  6371.031 	      0.127
  6372.084 	      0.109
  6373.137 	      0.093
  6374.190 	      0.073
  6375.243 	      0.020
  6376.297 	      0.013
  6377.350 	      0.038
  6378.404 	      0.078
  6379.458 	      0.064
  6380.512 	      0.016
  6381.567 	      0.066
  6382.621 	      0.071
  6383.676 	      0.036
  6384.731 	      0.082
  6385.786 	      0.144
  6386.841 	      0.138
  6387.896 	      0.106
  6388.952 	      0.139
  6390.008 	      0.133
  6391.063 	      0.043
  6392.120 	      0.008
  6393.176 	      0.061
  6394.232 	      0.091
  6395.289 	      0.039
  6396.346 	      0.064
  6397.403 	      0.071
  6398.460 	      0.053
  6399.517 	      0.079
  6400.574 	      0.071
  6401.632 	      0.040
  6402.690 	      0.042
  6403.748 	      0.065
  6404.806 	      0.041
  6405.864 	      0.010
  6406.923 	      0.016
  6407.982 	      0.069
  6409.040 	      0.024
  6410.099 	      0.001
  6411.159 	      0.031
  6412.218 	      0.065
  6413.278 	      0.082
  6414.337 	      0.074
  6415.397 	      0.047
  6416.457 	      0.056
  6417.518 	      0.061
  6418.578 	      0.061
  6419.639 	      0.066
  6420.700 	      0.092
  6421.760 	      0.090
  6422.822 	      0.046
  6423.883 	      0.035
  6424.944 	      0.055
  6426.006 	      0.044
  6427.068 	      0.031
  6428.130 	      0.036
  6429.192 	      0.041
  6430.255 	      0.026
  6431.317 	      0.054
  6432.380 	      0.072
  6433.443 	      0.031
  6434.506 	     -0.007
  6435.569 	     -0.012
  6436.632 	     -0.025
  6437.696 	      0.001
  6438.760 	      0.016
  6439.824 	      0.016
  6440.888 	      0.038
  6441.952 	      0.047
  6443.017 	      0.040
  6444.081 	      0.026
  6445.146 	      0.051
  6446.211 	      0.077
  6447.276 	      0.034
  6448.342 	      0.019
  6449.407 	     -0.005
  6450.473 	      0.004
  6451.539 	      0.064
  6452.605 	      0.084
  6453.671 	      0.045
  6454.738 	      0.049
  6455.804 	      0.032
  6456.871 	     -0.025
  6457.938 	      0.042
  6459.005 	      0.071
  6460.072 	      0.072
  6461.140 	      0.075
  6462.207 	      0.095
  6463.275 	      0.164
  6464.343 	      0.212
  6465.411 	      0.351
  6466.480 	      0.418
  6467.548 	      0.319
  6468.617 	      0.278
  6469.686 	      0.324
  6470.755 	      0.280
  6471.824 	      0.218
  6472.894 	      0.220
  6473.963 	      0.242
  6475.033 	      0.093
  6476.103 	      0.002
  6477.173 	      0.040
  6478.243 	      0.051
  6479.314 	      0.101
  6480.385 	      0.102
  6481.455 	      0.060
  6482.526 	      0.018
  6483.598 	      0.007
  6484.669 	      0.011
  6485.740 	     -0.034
  6486.812 	     -0.045
  6487.884 	     -0.041
  6488.956 	     -0.031
  6490.028 	     -0.005
  6491.101 	     -0.015
  6492.173 	      0.004
  6493.246 	     -0.006
  6494.319 	     -0.015
  6495.392 	      0.027
  6496.466 	      0.078
  6497.539 	      0.304
  6498.613 	      0.488
  6499.687 	      0.504
  6500.761 	      0.503
  6501.835 	      0.439
  6502.909 	      0.244
  6503.984 	      0.115
  6505.058 	      0.151
  6506.133 	      0.200
  6507.208 	      0.179
  6508.284 	      0.120
  6509.359 	      0.035
  6510.435 	     -0.007
  6511.511 	      0.005
  6512.587 	      0.023
  6513.663 	      0.051
  6514.739 	      0.078
  6515.816 	      0.048
  6516.892 	      0.011
  6517.969 	     -0.005
  6519.046 	     -0.039
  6520.123 	     -0.011
  6521.201 	      0.074
  6522.278 	      0.096
  6523.356 	      0.067
  6524.434 	      0.060
  6525.512 	      0.071
  6526.590 	      0.043
  6527.669 	     -0.012
  6528.748 	      0.049
  6529.826 	      0.031
  6530.905 	      0.052
  6531.985 	      0.244
  6533.064 	      0.322
  6534.143 	      0.374
  6535.223 	      0.337
  6536.303 	      0.299
  6537.383 	      0.106
  6538.463 	     -0.041
  6539.544 	      0.005
  6540.624 	      0.040
  6541.705 	      0.074
  6542.786 	      0.112
  6543.867 	      0.147
  6544.949 	      0.187
  6546.030 	      0.220
  6547.112 	      0.201
  6548.194 	      0.090
  6549.276 	      0.035
  6550.358 	      0.027
  6551.440 	      0.064
  6552.523 	      0.278
  6553.606 	      0.415
  6554.689 	      0.463
  6555.772 	      0.439
  6556.855 	      0.409
  6557.938 	      0.207
  6559.022 	      0.030
  6560.106 	      0.025
  6561.190 	      0.131
  6562.274 	      0.294
  6563.358 	      0.336
  6564.443 	      0.321
  6565.528 	      0.303
  6566.613 	      0.234
  6567.698 	      0.170
  6568.783 	      0.126
  6569.868 	      0.110
  6570.954 	      0.140
  6572.040 	      0.138
  6573.126 	      0.061
  6574.212 	      0.008
  6575.298 	      0.055
  6576.385 	      0.221
  6577.471 	      0.324
  6578.558 	      0.335
  6579.645 	      0.322
  6580.733 	      0.238
  6581.820 	      0.095
  6582.908 	      0.036
  6583.995 	      0.066
  6585.083 	      0.066
  6586.171 	      0.043
  6587.260 	      0.041
  6588.348 	      0.024
  6589.437 	     -0.015
  6590.526 	      0.018
  6591.615 	      0.017
  6592.704 	      0.054
  6593.793 	      0.049
  6594.883 	      0.039
  6595.973 	      0.102
  6597.063 	      0.080
  6598.153 	      0.095
  6599.243 	      0.079
  6600.334 	      0.083
  6601.424 	      0.049
  6602.515 	      0.115
  6603.606 	      0.186
  6604.697 	      0.178
  6605.789 	      0.204
  6606.880 	      0.172
  6607.972 	      0.118
  6609.064 	      0.080
  6610.156 	      0.037
  6611.248 	      0.024
  6612.341 	      0.071
  6613.433 	      0.101
  6614.526 	      0.160
  6615.619 	      0.264
  6616.712 	      0.418
  6617.806 	      0.589
  6618.899 	      0.595
  6619.993 	      0.506
  6621.087 	      0.357
  6622.181 	      0.194
  6623.275 	      0.101
  6624.370 	      0.108
  6625.464 	      0.124
  6626.559 	      0.193
  6627.654 	      0.310
  6628.749 	      0.485
  6629.844 	      0.836
  6630.940 	      1.467
  6632.036 	      2.283
  6633.132 	      2.897
  6634.228 	      2.889
  6635.324 	      2.238
  6636.420 	      1.453
  6637.517 	      0.748
  6638.614 	      0.297
  6639.711 	      0.135
  6640.808 	      0.064
  6641.905 	      0.062
  6643.003 	      0.086
  6644.100 	      0.092
  6645.198 	      0.088
  6646.296 	      0.050
  6647.395 	      0.057
  6648.493 	      0.110
  6649.592 	      0.222
  6650.691 	      0.495
  6651.789 	      0.891
  6652.889 	      1.390
  6653.988 	      1.674
  6655.087 	      1.559
  6656.187 	      1.220
  6657.287 	      0.710
  6658.387 	      0.282
  6659.487 	      0.106
  6660.588 	      0.073
  6661.688 	      0.058
  6662.789 	      0.049
  6663.890 	      0.065
  6664.991 	      0.042
  6666.093 	      0.011
  6667.194 	      0.028
  6668.296 	      0.010
  6669.398 	     -0.014
  6670.500 	     -0.022
  6671.602 	     -0.038
  6672.705 	     -0.031
  6673.807 	     -0.018
  6674.910 	     -0.017
  6676.013 	     -0.005
  6677.116 	     -0.030
  6678.219 	     -0.039
  6679.323 	     -0.022
  6680.427 	     -0.009
  6681.530 	     -0.010
  6682.635 	     -0.008
  6683.739 	     -0.013
  6684.843 	     -0.042
  6685.948 	     -0.035
  6687.053 	     -0.016
  6688.158 	      0.018
  6689.263 	      0.014
  6690.368 	     -0.035
  6691.474 	     -0.036
  6692.579 	     -0.036
  6693.685 	     -0.029
  6694.791 	      0.004
  6695.898 	     -0.006
  6697.004 	     -0.040
  6698.111 	     -0.036
  6699.217 	     -0.031
  6700.324 	     -0.007
  6701.432 	      0.001
  6702.539 	     -0.051
  6703.647 	     -0.058
  6704.754 	     -0.072
  6705.862 	     -0.042
  6706.970 	     -0.034
  6708.079 	     -0.049
  6709.187 	     -0.083
  6710.296 	     -0.077
  6711.404 	     -0.025
  6712.513 	     -0.045
  6713.623 	     -0.075
  6714.732 	     -0.065
  6715.842 	     -0.053
  6716.951 	     -0.037
  6718.061 	     -0.037
  6719.171 	     -0.047
  6720.282 	     -0.068
  6721.392 	     -0.053
  6722.503 	     -0.047
  6723.614 	     -0.012
  6724.725 	     -0.033
  6725.836 	     -0.093
  6726.947 	     -0.077
  6728.059 	     -0.074
  6729.171 	     -0.057
  6730.283 	     -0.065
  6731.395 	     -0.071
  6732.507 	     -0.096
  6733.619 	     -0.097
  6734.732 	     -0.075
  6735.845 	     -0.080
  6736.958 	     -0.077
  6738.071 	     -0.056
  6739.185 	     -0.078
  6740.298 	     -0.137
  6741.412 	     -0.107
  6742.526 	     -0.064
  6743.640 	     -0.044
  6744.754 	     -0.058
  6745.869 	     -0.073
  6746.984 	     -0.062
  6748.099 	     -0.051
  6749.214 	     -0.025
  6750.329 	     -0.063
  6751.444 	     -0.075
  6752.560 	     -0.078
  6753.676 	     -0.117
  6754.792 	     -0.106
  6755.908 	     -0.087
  6757.024 	     -0.092
  6758.141 	     -0.083
  6759.258 	     -0.069
  6760.374 	     -0.070
  6761.492 	     -0.103
  6762.609 	     -0.079
  6763.726 	     -0.074
  6764.844 	     -0.080
  6765.962 	     -0.073
  6767.080 	     -0.094
  6768.198 	     -0.099
  6769.316 	     -0.107
  6770.435 	     -0.116
  6771.554 	     -0.117
  6772.673 	     -0.134
  6773.792 	     -0.114
  6774.911 	     -0.066
  6776.031 	     -0.078
  6777.150 	     -0.079
  6778.270 	     -0.095
  6779.390 	     -0.108
  6780.510 	     -0.101
  6781.631 	     -0.098
  6782.752 	     -0.074
  6783.872 	     -0.033
  6784.993 	     -0.016
  6786.114 	      0.164
  6787.236 	      0.346
  6788.357 	      0.426
  6789.479 	      0.369
  6790.601 	      0.230
  6791.723 	      0.095
  6792.845 	     -0.016
  6793.968 	     -0.053
  6795.090 	     -0.060
  6796.213 	     -0.092
  6797.336 	     -0.113
  6798.459 	     -0.071
  6799.583 	      0.004
  6800.706 	      0.144
  6801.830 	      0.243
  6802.954 	      0.284
  6804.078 	      0.268
  6805.203 	      0.151
  6806.327 	      0.002
  6807.452 	     -0.068
  6808.577 	     -0.069
  6809.702 	     -0.053
  6810.827 	     -0.089
  6811.952 	     -0.130
  6813.078 	     -0.113
  6814.204 	     -0.113
  6815.330 	     -0.133
  6816.456 	     -0.115
  6817.582 	     -0.099
  6818.709 	     -0.098
  6819.836 	     -0.094
  6820.963 	     -0.088
  6822.090 	     -0.065
  6823.217 	     -0.095
  6824.344 	     -0.121
  6959.854 	     -0.167
  6961.004 	     -0.156
  6962.154 	     -0.150
  6963.304 	     -0.145
  6964.455 	     -0.153
  6965.606 	     -0.112
  6966.757 	     -0.071
  6967.908 	     -0.075
  6969.059 	     -0.007
  6970.211 	      0.035
  6971.363 	      0.024
  6972.515 	      0.032
  6973.667 	     -0.028
  6974.819 	     -0.150
  6975.972 	     -0.089
  6977.125 	      0.114
  6978.277 	      0.210
  6979.431 	      0.169
  6980.584 	      0.183
  6981.737 	      0.091
  6982.891 	     -0.104
  6984.045 	     -0.175
  6985.199 	     -0.142
  6986.353 	     -0.125
  6987.508 	     -0.135
  6988.662 	     -0.142
  6989.817 	     -0.134
  6990.972 	     -0.116
  6992.127 	     -0.186
  6993.283 	     -0.182
  6994.438 	     -0.150
  6995.594 	     -0.131
  6996.750 	     -0.132
  6997.906 	     -0.135
  6999.063 	     -0.140
  7000.219 	     -0.151
  7001.376 	     -0.180
  7002.533 	     -0.114
  7003.690 	     -0.106
  7004.847 	     -0.116
  7006.005 	     -0.104
  7007.162 	     -0.111
  7008.320 	     -0.118
  7009.478 	     -0.062
  7010.636 	     -0.010
  7011.795 	      0.018
  7012.954 	      0.037
  7014.112 	     -0.021
  7015.271 	     -0.153
  7016.431 	     -0.170
  7017.590 	     -0.158
  7018.750 	     -0.158
  7019.909 	     -0.194
  7021.069 	     -0.210
  7022.230 	     -0.201
  7023.390 	     -0.191
  7024.551 	     -0.155
  7025.711 	     -0.141
  7026.872 	     -0.149
  7028.033 	     -0.189
  7029.195 	     -0.177
  7030.356 	     -0.176
  7031.518 	     -0.172
  7032.680 	     -0.159
  7033.842 	     -0.159
  7035.004 	     -0.169
  7036.167 	     -0.173
  7037.329 	     -0.195
  7038.492 	     -0.169
  7039.655 	     -0.158
  7040.819 	     -0.108
  7041.982 	     -0.125
  7043.146 	     -0.129
  7044.309 	     -0.119
  7045.473 	     -0.141
  7046.638 	     -0.101
  7047.802 	     -0.088
  7048.967 	     -0.068
  7050.131 	     -0.045
  7051.296 	     -0.086
  7052.462 	     -0.108
  7053.627 	     -0.131
  7054.792 	     -0.162
  7055.958 	     -0.182
  7057.124 	     -0.173
  7058.290 	     -0.185
  7059.457 	     -0.197
  7060.623 	     -0.178
  7061.790 	     -0.178
  7062.957 	     -0.177
  7064.124 	     -0.137
  7065.291 	     -0.128
  7066.459 	     -0.137
  7067.626 	     -0.161
  7068.794 	     -0.162
  7069.962 	     -0.160
  7071.130 	     -0.153
  7072.299 	     -0.149
  7073.468 	     -0.140
  7074.636 	     -0.134
  7075.805 	     -0.136
  7076.975 	     -0.148
  7078.144 	     -0.159
  7079.314 	     -0.159
  7080.483 	     -0.156
  7081.653 	     -0.118
  7082.824 	     -0.103
  7083.994 	     -0.130
  7085.165 	     -0.135
  7086.335 	     -0.169
  7087.506 	     -0.143
  7088.677 	     -0.080
  7089.849 	     -0.098
  7091.020 	     -0.157
  7092.192 	     -0.180
  7093.364 	     -0.150
  7094.536 	     -0.164
  7095.708 	     -0.157
  7096.881 	     -0.149
  7098.054 	     -0.174
  7099.227 	     -0.189
  7100.400 	     -0.204
  7101.573 	     -0.175
  7102.746 	     -0.147
  7103.920 	     -0.166
  7105.094 	     -0.175
  7106.268 	     -0.190
  7107.442 	     -0.197
  7108.617 	     -0.180
  7109.791 	     -0.150
  7110.966 	     -0.125
  7112.141 	     -0.158
  7113.316 	     -0.175
  7114.492 	     -0.169
  7115.667 	     -0.149
  7116.843 	     -0.158
  7118.019 	     -0.184
