wlen 	 newgal_spectrum 
  4184.326 	      0.058
  4185.077 	      0.035
  4185.828 	      0.013
  4186.580 	     -0.004
  4187.331 	      0.002
  4188.083 	     -0.020
  4188.835 	     -0.033
  4189.586 	     -0.035
  4190.339 	     -0.070
  4191.091 	     -0.055
  4191.843 	     -0.026
  4192.595 	      0.020
  4193.348 	     -0.026
  4194.101 	     -0.030
  4194.853 	     -0.028
  4195.606 	     -0.020
  4196.359 	     -0.026
  4197.113 	      0.000
  4197.866 	      0.016
  4198.620 	      0.008
  4199.373 	     -0.007
  4200.127 	      0.015
  4200.881 	      0.026
  4201.635 	      0.001
  4202.389 	     -0.008
  4203.143 	     -0.033
  4203.898 	     -0.045
  4204.652 	     -0.024
  4205.407 	      0.045
  4206.162 	      0.046
  4206.917 	      0.045
  4207.672 	      0.064
  4208.427 	     -0.003
  4209.183 	     -0.010
  4209.938 	     -0.016
  4210.694 	     -0.046
  4211.450 	     -0.023
  4212.206 	     -0.010
  4212.962 	      0.010
  4213.718 	      0.055
  4214.474 	      0.023
  4215.231 	      0.028
  4215.987 	      0.032
  4216.744 	      0.023
  4217.501 	      0.039
  4218.258 	      0.022
  4219.015 	      0.012
  4219.773 	      0.029
  4220.530 	      0.051
  4221.288 	      0.058
  4222.045 	      0.058
  4222.803 	      0.046
  4223.561 	      0.036
  4224.319 	      0.022
  4225.077 	      0.013
  4225.836 	      0.015
  4226.594 	      0.027
  4227.353 	      0.026
  4228.112 	      0.022
  4228.871 	      0.020
  4229.630 	      0.028
  4230.389 	      0.039
  4231.148 	      0.032
  4231.908 	     -0.002
  4232.667 	      0.081
  4233.427 	      0.057
  4234.187 	      0.039
  4234.947 	      0.037
  4235.707 	      0.049
  4236.468 	      0.029
  4237.228 	      0.006
  4237.989 	     -0.020
  4238.749 	      0.055
  4239.510 	      0.006
  4240.271 	      0.016
  4241.032 	      0.078
  4241.793 	     -0.026
  4242.555 	      0.059
  4243.316 	      0.080
  4244.078 	      0.054
  4244.840 	      0.073
  4245.602 	      0.072
  4246.364 	      0.049
  4247.126 	      0.018
  4247.888 	      0.041
  4248.651 	      0.022
  4249.413 	      0.017
  4250.176 	      0.022
  4250.939 	      0.055
  4251.702 	      0.074
  4252.465 	      0.068
  4253.229 	      0.059
  4253.992 	      0.073
  4254.756 	      0.080
  4255.519 	      0.067
  4256.283 	      0.056
  4257.047 	      0.072
  4257.811 	      0.079
  4258.575 	      0.068
  4259.340 	      0.052
  4260.104 	      0.030
  4260.869 	      0.051
  4261.634 	      0.038
  4262.399 	      0.039
  4263.164 	      0.064
  4263.929 	      0.042
  4264.695 	      0.041
  4265.460 	      0.045
  4266.226 	      0.048
  4266.991 	      0.052
  4267.757 	      0.025
  4268.523 	      0.026
  4269.290 	      0.048
  4270.056 	      0.054
  4270.822 	      0.057
  4271.589 	      0.047
  4272.356 	      0.033
  4273.123 	      0.020
  4273.890 	      0.016
  4274.657 	      0.058
  4275.424 	      0.085
  4276.191 	      0.025
  4276.959 	      0.062
  4277.727 	      0.053
  4278.494 	      0.052
  4279.262 	      0.081
  4280.031 	      0.028
  4280.799 	      0.044
  4281.567 	      0.056
  4282.336 	      0.057
  4283.104 	      0.061
  4283.873 	      0.029
  4284.642 	      0.021
  4285.411 	      0.034
  4286.180 	      0.053
  4286.950 	      0.049
  4287.719 	      0.035
  4288.489 	      0.023
  4289.259 	      0.038
  4290.029 	      0.061
  4290.799 	      0.064
  4291.569 	      0.068
  4292.339 	      0.093
  4293.110 	      0.088
  4293.880 	      0.074
  4294.651 	      0.071
  4295.422 	      0.084
  4296.193 	      0.063
  4296.964 	      0.061
  4297.735 	      0.065
  4298.507 	      0.073
  4299.278 	      0.071
  4300.050 	      0.079
  4300.822 	      0.086
  4301.594 	      0.085
  4302.366 	      0.063
  4303.138 	      0.076
  4303.910 	      0.075
  4304.683 	      0.075
  4305.456 	      0.080
  4306.229 	      0.080
  4307.001 	      0.037
  4307.775 	      0.010
  4308.548 	      0.008
  4309.321 	      0.026
  4310.095 	     -0.003
  4310.868 	     -0.012
  4311.642 	     -0.004
  4312.416 	      0.050
  4313.190 	      0.073
  4313.964 	      0.086
  4314.739 	      0.092
  4315.513 	      0.090
  4316.288 	      0.016
  4317.062 	      0.030
  4317.837 	      0.039
  4318.612 	      0.030
  4319.388 	      0.037
  4320.163 	      0.059
  4320.938 	      0.077
  4321.714 	      0.085
  4322.490 	      0.049
  4323.266 	      0.042
  4324.042 	      0.052
  4324.818 	      0.058
  4325.594 	      0.039
  4326.370 	      0.101
  4327.147 	      0.082
  4327.924 	      0.063
  4328.700 	      0.057
  4329.477 	      0.060
  4330.255 	      0.049
  4331.032 	      0.049
  4331.809 	      0.054
  4332.587 	      0.061
  4333.364 	      0.096
  4334.142 	      0.101
  4334.920 	      0.080
  4335.698 	      0.019
  4336.477 	      0.017
  4337.255 	      0.043
  4338.034 	      0.039
  4338.812 	      0.008
  4339.591 	      0.015
  4340.370 	      0.007
  4341.149 	      0.020
  4341.928 	      0.037
  4342.708 	      0.041
  4343.487 	      0.042
  4344.267 	      0.020
  4345.046 	      0.008
  4345.826 	      0.016
  4346.606 	      0.052
  4347.387 	      0.061
  4348.167 	      0.043
  4348.947 	      0.020
  4349.728 	      0.059
  4350.509 	      0.017
  4351.290 	      0.031
  4352.071 	      0.050
  4352.852 	      0.056
  4353.633 	      0.053
  4354.415 	      0.096
  4355.196 	      0.119
  4355.978 	      0.121
  4356.760 	      0.092
  4357.542 	      0.050
  4358.324 	      0.038
  4359.106 	      0.041
  4359.889 	      0.053
  4360.671 	      0.076
  4361.454 	      0.097
  4362.237 	      0.088
  4363.020 	      0.048
  4363.803 	     -0.033
  4364.587 	     -0.023
  4365.370 	      0.016
  4366.153 	      0.051
  4366.937 	      0.057
  4367.721 	      0.072
  4368.505 	      0.067
  4369.289 	      0.058
  4370.073 	      0.055
  4370.858 	      0.116
  4371.642 	      0.105
  4372.427 	      0.085
  4373.212 	      0.062
  4373.997 	      0.038
  4374.782 	      0.031
  4375.567 	      0.023
  4388.151 	      0.039
  4388.938 	      0.089
  4389.726 	      0.091
  4390.514 	      0.093
  4391.302 	      0.091
  4392.090 	      0.073
  4392.879 	      0.053
  4393.667 	      0.034
  4394.456 	      0.033
  4395.245 	      0.053
  4396.033 	      0.046
  4396.823 	      0.025
  4397.612 	      0.039
  4398.401 	      0.055
  4399.191 	      0.047
  4399.980 	      0.072
  4400.770 	      0.110
  4401.560 	      0.116
  4402.350 	      0.099
  4403.140 	      0.096
  4403.931 	      0.096
  4404.721 	      0.089
  4405.512 	      0.082
  4406.302 	      0.079
  4407.093 	      0.094
  4407.884 	      0.116
  4408.676 	      0.089
  4409.467 	      0.056
  4410.258 	      0.069
  4411.050 	      0.041
  4411.842 	      0.055
  4412.634 	      0.049
  4413.426 	      0.029
  4414.218 	      0.017
  4415.010 	     -0.002
  4415.803 	      0.007
  4416.595 	      0.035
  4417.388 	      0.079
  4418.181 	      0.068
  4418.974 	      0.005
  4419.767 	      0.039
  4420.561 	      0.068
  4421.354 	     -0.026
  4422.148 	      0.027
  4422.941 	      0.008
  4423.735 	      0.005
  4424.529 	      0.013
  4425.324 	      0.001
  4426.118 	      0.032
  4426.912 	      0.040
  4427.707 	      0.043
  4428.502 	      0.044
  4429.297 	      0.017
  4430.092 	      0.024
  4430.887 	      0.020
  4431.682 	      0.017
  4432.478 	      0.026
  4433.273 	      0.061
  4434.069 	      0.043
  4434.865 	      0.035
  4435.661 	      0.041
  4436.457 	      0.064
  4437.253 	      0.040
  4438.050 	      0.029
  4438.847 	      0.030
  4439.643 	      0.041
  4440.440 	      0.054
  4441.237 	      0.050
  4442.034 	      0.030
  4442.832 	      0.006
  4443.629 	     -0.014
  4444.427 	     -0.008
  4445.225 	      0.022
  4446.023 	      0.043
  4446.821 	      0.053
  4447.619 	      0.051
  4448.417 	      0.039
  4449.216 	      0.027
  4450.014 	      0.020
  4450.813 	      0.016
  4451.612 	      0.014
  4452.411 	      0.026
  4453.210 	      0.016
  4454.009 	     -0.003
  4454.809 	     -0.024
  4455.609 	     -0.038
  4456.408 	     -0.020
  4457.208 	      0.002
  4458.008 	      0.016
  4458.808 	      0.021
  4459.609 	      0.026
  4460.409 	      0.042
  4461.210 	      0.035
  4462.011 	      0.023
  4462.812 	      0.010
  4463.613 	     -0.001
  4464.414 	      0.012
  4465.215 	      0.026
  4466.017 	      0.035
  4466.818 	      0.037
  4467.620 	      0.022
  4468.422 	      0.006
  4469.224 	     -0.001
  4470.026 	     -0.002
  4470.829 	      0.004
  4471.631 	      0.003
  4472.434 	     -0.006
  4473.237 	     -0.003
  4474.039 	      0.008
  4474.843 	      0.024
  4475.646 	      0.014
  4476.449 	     -0.006
  4477.253 	     -0.010
  4478.056 	     -0.006
  4478.860 	      0.002
  4479.664 	     -0.004
  4480.468 	     -0.010
  4481.272 	     -0.013
  4482.077 	     -0.010
  4482.881 	     -0.002
  4483.686 	      0.010
  4484.491 	      0.020
  4485.296 	      0.025
  4486.101 	      0.025
  4486.906 	      0.021
  4487.711 	      0.017
  4488.517 	      0.014
  4489.322 	      0.014
  4490.128 	      0.016
  4490.934 	      0.019
  4491.740 	      0.024
  4492.547 	      0.029
  4493.353 	      0.034
  4494.160 	      0.028
  4494.966 	      0.002
  4495.773 	     -0.008
  4496.580 	      0.048
  4497.387 	      0.046
  4498.194 	      0.020
  4499.002 	     -0.001
  4499.809 	      0.030
  4500.617 	      0.028
  4501.425 	      0.002
  4502.233 	     -0.029
  4503.041 	     -0.046
  4503.849 	     -0.015
  4504.658 	      0.021
  4505.466 	      0.049
  4506.275 	      0.064
  4507.084 	      0.064
  4507.893 	      0.044
  4508.702 	      0.026
  4509.511 	      0.021
  4510.321 	      0.023
  4511.130 	      0.031
  4511.940 	      0.047
  4512.750 	      0.057
  4513.560 	      0.062
  4514.370 	      0.065
  4515.180 	      0.066
  4515.991 	      0.069
  4516.802 	      0.063
  4517.612 	      0.053
  4518.423 	      0.039
  4519.234 	      0.022
  4520.045 	      0.003
  4520.857 	     -0.006
  4521.668 	     -0.003
  4522.480 	      0.006
  4523.292 	      0.016
  4524.103 	      0.029
  4524.916 	      0.048
  4525.728 	      0.046
  4526.540 	      0.032
  4527.353 	      0.015
  4528.165 	      0.010
  4528.978 	      0.043
  4529.791 	      0.061
  4530.604 	      0.060
  4531.417 	      0.043
  4532.231 	      0.019
  4533.044 	      0.014
  4533.858 	      0.013
  4534.672 	      0.010
  4535.486 	      0.007
  4536.300 	      0.002
  4537.114 	     -0.019
  4537.928 	     -0.024
  4538.743 	     -0.017
  4539.558 	     -0.007
  4540.372 	      0.004
  4541.187 	      0.005
  4542.002 	      0.004
  4542.818 	      0.004
  4543.633 	      0.010
  4544.449 	      0.019
  4545.264 	      0.028
  4546.080 	      0.043
  4546.896 	      0.052
  4547.712 	      0.054
  4548.529 	      0.050
  4549.345 	      0.043
  4550.162 	      0.030
  4550.979 	      0.021
  4551.795 	      0.020
  4552.612 	      0.025
  4553.430 	      0.035
  4554.247 	      0.025
  4555.064 	      0.010
  4555.882 	      0.008
  4556.700 	      0.013
  4557.518 	      0.018
  4558.336 	      0.019
  4559.154 	      0.019
  4559.972 	      0.030
  4560.791 	      0.042
  4561.609 	      0.051
  4562.428 	      0.045
  4563.247 	      0.034
  4564.066 	      0.034
  4564.885 	      0.033
  4565.705 	      0.026
  4566.524 	      0.009
  4567.344 	     -0.011
  4568.164 	     -0.007
  4568.984 	     -0.004
  4569.804 	     -0.006
  4570.624 	     -0.018
  4571.445 	     -0.036
  4572.265 	     -0.040
  4573.086 	     -0.041
  4573.907 	     -0.040
  4574.728 	     -0.037
  4575.549 	     -0.031
  4576.370 	     -0.024
  4577.192 	     -0.018
  4578.013 	     -0.015
  4578.835 	     -0.018
  4579.657 	     -0.028
  4580.479 	     -0.038
  4581.301 	     -0.027
  4582.123 	     -0.004
  4582.946 	      0.020
  4583.768 	      0.037
  4584.591 	      0.042
  4585.414 	      0.018
  4586.237 	     -0.007
  4587.060 	     -0.014
  4587.884 	     -0.006
  4588.707 	      0.011
  4589.531 	      0.009
  4590.355 	      0.004
  4591.179 	      0.007
  4592.003 	      0.013
  4592.827 	      0.018
  4593.651 	      0.009
  4594.476 	     -0.015
  4595.301 	     -0.016
  4596.125 	     -0.007
  4596.950 	      0.003
  4597.776 	      0.005
  4598.601 	      0.003
  4599.426 	      0.010
  4600.252 	      0.020
  4601.078 	      0.025
  4601.903 	      0.022
  4602.730 	      0.013
  4603.556 	      0.006
  4604.382 	     -0.002
  4605.208 	     -0.007
  4606.035 	     -0.009
  4606.862 	     -0.007
  4607.689 	     -0.004
  4608.516 	     -0.003
  4609.343 	     -0.003
  4610.170 	     -0.001
  4610.998 	      0.004
  4611.826 	      0.014
  4612.653 	      0.018
  4613.481 	      0.017
  4614.309 	      0.015
  4615.138 	      0.009
  4615.966 	     -0.000
  4616.795 	     -0.008
  4617.623 	     -0.011
  4618.452 	     -0.016
  4619.281 	     -0.022
  4620.110 	     -0.024
  4620.940 	     -0.017
  4621.769 	     -0.001
  4622.599 	      0.007
  4623.428 	      0.005
  4624.258 	      0.001
  4625.088 	     -0.000
  4625.918 	     -0.001
  4626.749 	     -0.013
  4627.579 	     -0.026
  4628.410 	     -0.028
  4629.241 	     -0.021
  4630.072 	     -0.010
  4630.903 	     -0.013
  4631.734 	     -0.030
  4632.565 	     -0.037
  4633.397 	     -0.036
  4634.229 	     -0.027
  4635.060 	     -0.018
  4635.892 	     -0.010
  4636.724 	     -0.025
  4637.557 	     -0.037
  4638.389 	     -0.037
  4639.222 	     -0.026
  4640.054 	     -0.010
  4640.887 	     -0.004
  4641.720 	     -0.013
  4642.553 	     -0.025
  4643.387 	     -0.032
  4644.220 	     -0.026
  4645.054 	     -0.003
  4645.888 	      0.018
  4646.722 	      0.014
  4647.556 	     -0.002
  4648.390 	     -0.023
  4649.224 	     -0.040
  4650.059 	     -0.052
  4650.893 	     -0.050
  4651.728 	     -0.030
  4652.563 	     -0.005
  4653.398 	      0.014
  4654.234 	      0.016
  4655.069 	     -0.016
  4655.905 	     -0.034
  4656.740 	     -0.025
  4657.576 	     -0.012
  4658.412 	     -0.003
  4659.248 	     -0.004
  4660.085 	      0.004
  4660.921 	      0.028
  4661.758 	      0.043
  4662.594 	      0.044
  4663.431 	      0.034
  4664.268 	      0.015
  4665.106 	     -0.001
  4665.943 	     -0.002
  4666.781 	      0.001
  4667.618 	      0.003
  4668.456 	      0.000
  4669.294 	     -0.006
  4670.132 	     -0.008
  4670.970 	     -0.008
  4671.809 	     -0.014
  4672.647 	     -0.025
  4673.486 	     -0.031
  4674.325 	     -0.018
  4675.164 	      0.011
  4676.003 	      0.005
  4676.843 	     -0.014
  4677.682 	     -0.025
  4678.522 	     -0.021
  4679.361 	     -0.010
  4680.201 	     -0.004
  4681.041 	     -0.004
  4681.882 	     -0.002
  4682.722 	     -0.003
  4683.563 	     -0.010
  4684.403 	     -0.024
  4685.244 	     -0.030
  4686.085 	     -0.022
  4686.926 	     -0.016
  4687.767 	     -0.018
  4688.609 	     -0.026
  4689.450 	     -0.031
  4690.292 	     -0.020
  4691.134 	      0.015
  4691.976 	     -0.018
  4692.818 	     -0.035
  4693.661 	     -0.023
  4694.503 	     -0.022
  4695.346 	     -0.022
  4696.189 	      0.008
  4697.032 	      0.017
  4697.875 	      0.008
  4698.718 	      0.001
  4699.561 	      0.016
  4700.405 	      0.007
  4701.249 	      0.006
  4702.092 	      0.016
  4702.936 	      0.017
  4703.781 	      0.002
  4704.625 	     -0.022
  4705.469 	     -0.005
  4706.314 	     -0.009
  4707.159 	     -0.006
  4708.004 	     -0.012
  4708.849 	     -0.030
  4709.694 	     -0.050
  4710.539 	     -0.035
  4711.385 	     -0.029
  4712.231 	     -0.041
  4713.076 	     -0.051
  4713.922 	     -0.055
  4714.768 	     -0.048
  4715.615 	     -0.019
  4716.461 	     -0.011
  4717.308 	      0.019
  4718.154 	      0.028
  4719.001 	      0.010
  4719.848 	     -0.008
  4720.696 	      0.028
  4721.543 	      0.033
  4722.390 	     -0.017
  4723.238 	     -0.017
  4724.086 	     -0.019
  4724.934 	     -0.015
  4725.782 	      0.024
  4726.630 	     -0.009
  4727.479 	      0.001
  4728.327 	      0.005
  4729.176 	      0.016
  4730.025 	      0.035
  4730.874 	      0.046
  4731.723 	     -0.003
  4732.572 	      0.044
  4733.422 	      0.023
  4734.271 	      0.038
  4735.121 	      0.027
  4735.971 	     -0.014
  4736.821 	     -0.008
  4737.671 	     -0.012
  4738.522 	     -0.011
  4739.372 	      0.005
  4740.223 	     -0.009
  4741.074 	     -0.041
  4741.925 	     -0.052
  4742.776 	     -0.001
  4743.627 	     -0.016
  4744.479 	     -0.007
  4745.330 	     -0.065
  4746.182 	     -0.081
  4747.034 	     -0.018
  4747.886 	     -0.010
  4748.738 	     -0.010
  4749.591 	     -0.013
  4750.443 	     -0.047
  4751.296 	     -0.040
  4752.149 	     -0.013
  4753.002 	     -0.024
  4753.855 	     -0.015
  4754.708 	      0.011
  4755.562 	     -0.028
  4756.415 	      0.006
  4757.269 	      0.029
  4758.123 	      0.005
  4758.977 	      0.039
  4759.831 	      0.026
  4760.686 	     -0.003
  4761.540 	     -0.018
  4762.395 	     -0.005
  4763.250 	      0.006
  4764.105 	     -0.019
  4764.960 	     -0.026
  4765.815 	     -0.014
  4766.671 	      0.008
  4767.526 	     -0.009
  4768.382 	     -0.025
  4769.238 	     -0.019
  4770.094 	     -0.003
  4770.950 	     -0.039
  4771.807 	     -0.048
  4772.663 	     -0.024
  4773.520 	      0.007
  4774.377 	      0.012
  4775.234 	     -0.021
  4776.091 	     -0.044
  4776.948 	     -0.029
  4777.805 	     -0.044
  4778.663 	     -0.031
  4779.521 	     -0.010
  4780.379 	     -0.004
  4781.237 	     -0.026
  4782.095 	     -0.033
  4782.953 	     -0.002
  4783.812 	     -0.011
  4784.670 	     -0.037
  4785.529 	     -0.039
  4786.388 	     -0.014
  4787.247 	      0.003
  4788.107 	      0.002
  4788.966 	     -0.020
  4789.826 	     -0.003
  4790.686 	      0.010
  4791.545 	      0.024
  4792.405 	      0.041
  4793.266 	      0.049
  4794.126 	      0.025
  4794.987 	      0.038
  4795.847 	      0.012
  4796.708 	      0.004
  4797.569 	      0.010
  4798.430 	      0.003
  4799.292 	     -0.041
  4800.153 	      0.001
  4801.015 	      0.006
  4801.876 	      0.006
  4802.738 	      0.002
  4803.600 	     -0.010
  4804.463 	     -0.031
  4805.325 	     -0.059
  4806.188 	     -0.011
  4807.050 	     -0.043
  4807.913 	     -0.013
  4808.776 	     -0.017
  4809.639 	     -0.040
  4810.503 	     -0.033
  4811.366 	     -0.002
  4812.230 	     -0.062
  4813.093 	     -0.048
  4813.957 	     -0.016
  4814.821 	     -0.001
  4815.686 	     -0.005
  4816.550 	     -0.012
  4817.415 	     -0.012
  4818.279 	     -0.007
  4819.144 	     -0.000
  4820.009 	      0.022
  4820.874 	      0.026
  4821.740 	      0.008
  4822.605 	     -0.016
  4823.471 	     -0.025
  4824.337 	      0.006
  4825.203 	      0.013
  4826.069 	     -0.010
  4826.935 	     -0.013
  4827.801 	     -0.004
  4828.668 	     -0.006
  4829.535 	     -0.024
  4830.401 	      0.003
  4831.269 	      0.013
  4832.136 	     -0.002
  4833.003 	     -0.016
  4833.871 	     -0.025
  4834.738 	     -0.022
  4835.606 	      0.007
  4836.474 	      0.021
  4837.342 	      0.020
  4838.210 	      0.033
  4839.079 	      0.040
  4839.947 	      0.026
  4840.816 	     -0.008
  4841.685 	     -0.037
  4842.554 	     -0.030
  4843.423 	     -0.003
  4844.293 	      0.005
  4845.162 	     -0.000
  4846.032 	     -0.004
  4846.902 	     -0.009
  4847.772 	     -0.020
  4848.642 	     -0.012
  4849.512 	     -0.028
  4850.383 	     -0.035
  4851.253 	     -0.025
  4852.124 	     -0.025
  4852.995 	     -0.026
  4853.866 	     -0.016
  4854.737 	     -0.013
  4855.609 	     -0.027
  4856.480 	     -0.013
  4857.352 	     -0.019
  4858.224 	     -0.016
  4859.096 	     -0.018
  4859.968 	     -0.029
  4860.841 	     -0.030
  4861.713 	      0.000
  4862.586 	     -0.025
  4863.459 	     -0.036
  4864.332 	     -0.053
  4865.205 	     -0.050
  4866.078 	     -0.047
  4866.951 	     -0.052
  4867.825 	      0.010
  4868.699 	     -0.014
  4869.573 	     -0.023
  4870.447 	     -0.004
  4871.321 	     -0.007
  4872.195 	     -0.030
  4873.070 	     -0.039
  4873.945 	     -0.005
  4874.819 	     -0.024
  4875.694 	     -0.012
  4876.570 	     -0.026
  4877.445 	     -0.014
  4878.320 	      0.002
  4879.196 	     -0.002
  4880.072 	     -0.036
  4880.948 	     -0.086
  4881.824 	     -0.122
  4882.700 	     -0.059
  4883.577 	     -0.039
  4884.453 	     -0.028
  4885.330 	     -0.009
  4886.207 	      0.003
  4887.084 	     -0.016
  4887.961 	     -0.028
  4888.838 	      0.001
  4889.716 	     -0.009
  4890.594 	     -0.019
  4891.472 	     -0.045
  4892.350 	     -0.063
  4893.228 	     -0.056
  4894.106 	     -0.030
  4894.984 	     -0.027
  4895.863 	     -0.035
  4896.742 	     -0.047
  4897.621 	     -0.055
  4898.500 	     -0.054
  4899.379 	     -0.055
  4900.259 	     -0.063
  4901.138 	     -0.062
  4902.018 	     -0.031
  4902.898 	      0.034
  4903.778 	      0.160
  4904.658 	      0.390
  4905.538 	      0.692
  4906.419 	      0.957
  4907.300 	      1.058
  4908.180 	      0.934
  4909.061 	      0.634
  4909.943 	      0.336
  4910.824 	      0.138
  4911.705 	      0.037
  4912.587 	     -0.022
  4913.469 	     -0.056
  4914.351 	     -0.057
  4915.233 	     -0.033
  4916.115 	     -0.036
  4916.998 	     -0.064
  4917.880 	     -0.050
  4918.763 	     -0.031
  4919.646 	     -0.040
  4920.529 	     -0.059
  4921.412 	     -0.061
  4922.295 	     -0.050
  4923.179 	     -0.062
  4924.063 	     -0.079
  4924.947 	     -0.074
  4925.831 	     -0.067
  4926.715 	     -0.050
  4927.599 	     -0.033
  4928.484 	     -0.033
  4929.368 	     -0.048
  4930.253 	     -0.034
  4931.138 	     -0.067
  4932.023 	     -0.036
  4932.908 	     -0.074
  4933.794 	     -0.066
  4934.679 	     -0.044
  4935.565 	     -0.052
  4936.451 	     -0.056
  4937.337 	      0.018
  4938.223 	     -0.025
  4939.110 	     -0.051
  4939.996 	     -0.052
  4940.883 	     -0.006
  4941.770 	     -0.005
  4942.657 	     -0.047
  4943.544 	     -0.052
  4944.431 	     -0.029
  4945.319 	     -0.077
  4946.207 	     -0.074
  4947.094 	     -0.046
  4947.982 	     -0.041
  4948.871 	     -0.035
  4949.759 	     -0.035
  4950.647 	     -0.036
  4951.536 	     -0.012
  4952.425 	     -0.063
  4953.314 	     -0.033
  4954.203 	     -0.036
  4955.092 	     -0.048
  4955.981 	     -0.054
  4956.871 	     -0.049
  4957.761 	     -0.036
  4958.651 	     -0.027
  4959.541 	     -0.042
  4960.431 	     -0.019
  4961.321 	     -0.049
  4962.212 	     -0.061
  4963.103 	     -0.067
  4963.993 	     -0.082
  4964.884 	     -0.084
  4965.776 	     -0.065
  4966.667 	     -0.055
  4967.558 	     -0.039
  4968.450 	     -0.004
  4969.342 	     -0.039
  4970.234 	     -0.040
  4971.126 	     -0.029
  4972.018 	     -0.026
  4972.911 	     -0.037
  4973.803 	     -0.049
  4974.696 	     -0.036
  4975.589 	     -0.020
  4976.482 	     -0.053
  4977.375 	     -0.062
  4978.269 	     -0.060
  4979.162 	     -0.034
  4980.056 	     -0.018
  4980.950 	     -0.045
  4981.844 	     -0.097
  4982.738 	     -0.079
  4983.633 	     -0.031
  4984.527 	     -0.032
  4985.422 	     -0.027
  4986.317 	     -0.030
  4987.212 	     -0.025
  4988.107 	     -0.033
  4989.002 	     -0.052
  4989.898 	     -0.050
  4990.794 	     -0.032
  4991.689 	     -0.036
  4992.585 	     -0.018
  4993.482 	      0.007
  4994.378 	     -0.010
  4995.274 	     -0.009
  4996.171 	     -0.016
  4997.068 	     -0.032
  4997.965 	     -0.020
  4998.862 	     -0.013
  4999.759 	     -0.019
  5000.657 	     -0.057
  5001.554 	     -0.078
  5002.452 	     -0.047
  5003.350 	     -0.011
  5004.248 	      0.019
  5005.146 	      0.030
  5006.045 	      0.017
  5006.943 	      0.019
  5007.842 	     -0.011
  5008.741 	     -0.021
  5009.640 	     -0.007
  5010.539 	     -0.034
  5011.438 	     -0.045
  5012.338 	     -0.046
  5013.238 	     -0.041
  5014.137 	     -0.041
  5015.037 	     -0.076
  5015.938 	     -0.058
  5016.838 	     -0.043
  5017.738 	     -0.071
  5018.639 	     -0.058
  5019.540 	     -0.039
  5020.441 	     -0.014
  5021.342 	     -0.023
  5022.243 	     -0.071
  5023.145 	     -0.094
  5024.046 	     -0.060
  5024.948 	     -0.075
  5025.850 	     -0.074
  5026.752 	     -0.081
  5027.655 	     -0.044
  5028.557 	     -0.050
  5029.460 	     -0.067
  5030.362 	     -0.066
  5031.265 	     -0.058
  5032.168 	     -0.049
  5033.072 	     -0.076
  5033.975 	     -0.037
  5034.879 	     -0.022
  5035.782 	     -0.047
  5036.686 	     -0.048
  5037.590 	     -0.044
  5038.495 	     -0.051
  5039.399 	     -0.058
  5040.304 	     -0.045
  5041.208 	     -0.021
  5042.113 	     -0.057
  5043.018 	     -0.056
  5043.923 	     -0.041
  5044.829 	     -0.070
  5045.734 	     -0.075
  5046.640 	     -0.065
  5047.546 	     -0.054
  5048.452 	     -0.043
  5049.358 	     -0.028
  5050.264 	     -0.006
  5051.171 	      0.003
  5052.078 	      0.067
  5052.984 	      0.134
  5053.891 	      0.182
  5054.799 	      0.180
  5055.706 	      0.156
  5056.613 	      0.100
  5057.521 	      0.022
  5058.429 	     -0.022
  5059.337 	     -0.030
  5060.245 	     -0.005
  5061.153 	     -0.013
  5062.062 	     -0.033
  5062.970 	      0.010
  5063.879 	      0.018
  5064.788 	     -0.010
  5065.697 	     -0.034
  5066.606 	     -0.040
  5067.516 	     -0.041
  5068.425 	     -0.027
  5069.335 	     -0.039
  5070.245 	     -0.052
  5071.155 	     -0.038
  5072.065 	     -0.049
  5072.976 	     -0.058
  5073.886 	     -0.051
  5074.797 	     -0.037
  5075.708 	     -0.021
  5076.619 	     -0.013
  5077.530 	     -0.033
  5078.442 	     -0.036
  5079.353 	     -0.012
  5080.265 	     -0.004
  5081.177 	     -0.014
  5082.089 	     -0.028
  5083.001 	     -0.035
  5083.914 	     -0.032
  5084.826 	     -0.030
  5085.739 	     -0.033
  5086.652 	     -0.037
  5087.565 	     -0.052
  5088.478 	     -0.026
  5089.391 	      0.006
  5090.305 	     -0.007
  5091.219 	     -0.034
  5092.132 	     -0.034
  5093.046 	     -0.041
  5093.961 	     -0.053
  5094.875 	     -0.026
  5095.789 	      0.019
  5096.704 	      0.000
  5097.619 	      0.010
  5098.534 	     -0.001
  5099.449 	     -0.021
  5100.364 	     -0.025
  5101.280 	     -0.032
  5102.196 	      0.012
  5103.111 	     -0.002
  5104.027 	     -0.018
  5104.944 	     -0.001
  5105.860 	     -0.003
  5106.776 	     -0.014
  5107.693 	     -0.019
  5108.610 	      0.003
  5109.527 	      0.022
  5110.444 	     -0.011
  5111.361 	     -0.040
  5112.279 	      0.040
  5113.196 	      0.026
  5114.114 	     -0.034
  5115.032 	     -0.041
  5115.950 	     -0.022
  5116.868 	     -0.017
  5117.787 	     -0.002
  5118.706 	     -0.020
  5119.624 	      0.017
  5120.543 	     -0.036
  5121.462 	      0.004
  5122.382 	     -0.011
  5123.301 	     -0.025
  5124.221 	     -0.005
  5125.141 	      0.008
  5126.060 	     -0.019
  5126.981 	     -0.027
  5127.901 	      0.038
  5128.821 	      0.035
  5129.742 	     -0.014
  5130.663 	     -0.022
  5131.584 	      0.005
  5132.505 	     -0.005
  5133.426 	     -0.031
  5134.347 	     -0.025
  5135.269 	     -0.017
  5136.191 	     -0.029
  5137.113 	     -0.032
  5138.035 	     -0.008
  5138.957 	      0.013
  5139.879 	     -0.049
  5140.802 	      0.038
  5141.725 	      0.025
  5142.648 	     -0.003
  5143.571 	     -0.015
  5144.494 	     -0.042
  5145.417 	     -0.038
  5146.341 	     -0.040
  5147.265 	     -0.035
  5148.189 	      0.006
  5149.113 	     -0.009
  5150.037 	      0.013
  5150.961 	     -0.016
  5151.886 	     -0.034
  5152.811 	     -0.016
  5153.736 	      0.015
  5154.661 	      0.004
  5155.586 	     -0.004
  5156.511 	     -0.007
  5157.437 	      0.007
  5158.363 	      0.014
  5159.289 	     -0.014
  5160.215 	     -0.032
  5161.141 	     -0.024
  5162.067 	     -0.027
  5162.994 	     -0.003
  5163.921 	     -0.036
  5164.848 	     -0.027
  5165.775 	     -0.016
  5166.702 	     -0.014
  5167.629 	     -0.019
  5168.557 	     -0.044
  5169.485 	     -0.051
  5170.412 	     -0.026
  5171.341 	     -0.022
  5172.269 	     -0.037
  5173.197 	     -0.037
  5174.126 	     -0.019
  5175.054 	     -0.020
  5175.983 	     -0.013
  5176.912 	     -0.030
  5177.842 	     -0.040
  5178.771 	     -0.032
  5179.701 	     -0.021
  5180.630 	     -0.005
  5181.560 	     -0.000
  5182.490 	     -0.014
  5183.421 	     -0.013
  5184.351 	     -0.008
  5185.282 	     -0.023
  5186.212 	     -0.024
  5187.143 	     -0.020
  5188.074 	     -0.010
  5189.006 	     -0.023
  5189.937 	     -0.047
  5190.868 	     -0.039
  5191.800 	     -0.026
  5192.732 	     -0.027
  5193.664 	     -0.033
  5194.596 	     -0.034
  5195.529 	     -0.035
  5196.461 	     -0.037
  5197.394 	     -0.039
  5198.327 	     -0.040
  5199.260 	     -0.041
  5200.193 	     -0.039
  5201.127 	     -0.039
  5202.060 	     -0.041
  5202.994 	     -0.046
  5203.928 	     -0.056
  5204.862 	     -0.067
  5205.796 	     -0.079
  5206.731 	     -0.089
  5207.665 	     -0.095
  5208.600 	     -0.097
  5209.535 	     -0.096
  5210.470 	     -0.092
  5211.405 	     -0.085
  5212.341 	     -0.073
  5213.276 	     -0.054
  5214.212 	     -0.029
  5215.148 	      0.001
  5216.084 	      0.025
  5217.021 	      0.037
  5217.957 	      0.035
  5218.894 	      0.027
  5219.830 	      0.023
  5220.767 	      0.024
  5221.704 	      0.022
  5222.642 	      0.008
  5223.579 	     -0.018
  5224.517 	     -0.048
  5225.454 	     -0.073
  5226.392 	     -0.088
  5227.331 	     -0.095
  5228.269 	     -0.093
  5229.207 	     -0.082
  5230.146 	     -0.062
  5231.085 	     -0.035
  5232.024 	     -0.011
  5232.963 	      0.010
  5233.902 	      0.015
  5234.842 	      0.010
  5235.781 	      0.053
  5236.721 	      0.014
  5237.661 	      0.008
  5238.601 	      0.016
  5239.541 	      0.016
  5240.482 	      0.023
  5241.423 	      0.009
  5242.363 	      0.004
  5243.304 	      0.010
  5244.245 	      0.067
  5245.187 	      0.099
  5246.128 	      0.085
  5247.070 	      0.088
  5248.012 	      0.109
  5248.954 	      0.095
  5249.896 	      0.064
  5250.838 	      0.041
  5251.781 	      0.045
  5252.723 	     -0.019
  5253.666 	     -0.011
  5254.609 	      0.006
  5255.552 	     -0.016
  5256.496 	     -0.019
  5257.439 	     -0.014
  5258.383 	      0.018
  5259.327 	      0.049
  5260.271 	      0.043
  5261.215 	      0.026
  5262.159 	      0.023
  5263.104 	      0.007
  5264.049 	     -0.021
  5264.994 	      0.000
  5265.939 	      0.040
  5266.884 	      0.058
  5267.829 	      0.040
  5268.775 	      0.003
  5269.721 	     -0.028
  5270.666 	     -0.005
  5271.612 	     -0.032
  5272.559 	      0.005
  5273.505 	      0.019
  5274.452 	     -0.010
  5275.398 	     -0.011
  5276.345 	      0.018
  5277.292 	      0.028
  5278.240 	      0.012
  5279.187 	     -0.006
  5280.135 	      0.002
  5281.082 	     -0.014
  5282.030 	     -0.004
  5282.979 	      0.001
  5283.927 	      0.003
  5284.875 	     -0.000
  5285.824 	     -0.001
  5286.773 	      0.022
  5287.722 	      0.017
  5288.671 	     -0.001
  5289.620 	      0.001
  5290.569 	      0.008
  5291.519 	      0.025
  5292.469 	      0.039
  5293.419 	      0.034
  5294.369 	      0.028
  5295.319 	      0.023
  5296.270 	     -0.002
  5297.220 	     -0.014
  5298.171 	      0.024
  5299.122 	      0.018
  5300.073 	      0.010
  5301.025 	      0.021
  5301.976 	      0.028
  5302.928 	     -0.001
  5303.880 	      0.009
  5304.832 	      0.007
  5305.784 	     -0.002
  5306.736 	      0.014
  5307.689 	      0.018
  5308.642 	     -0.013
  5309.595 	     -0.027
  5310.548 	     -0.017
  5311.501 	     -0.014
  5312.454 	     -0.005
  5313.408 	     -0.022
  5314.362 	     -0.062
  5315.315 	     -0.048
  5316.270 	     -0.031
  5317.224 	     -0.055
  5318.178 	     -0.039
  5319.133 	     -0.027
  5320.088 	     -0.020
  5321.043 	     -0.018
  5321.998 	     -0.027
  5322.953 	     -0.016
  5323.908 	     -0.004
  5324.864 	     -0.008
  5325.820 	      0.000
  5326.776 	     -0.000
  5327.732 	     -0.012
  5328.688 	     -0.009
  5329.645 	     -0.008
  5330.601 	     -0.017
  5331.558 	     -0.010
  5332.515 	      0.003
  5333.472 	      0.001
  5334.430 	     -0.012
  5335.387 	     -0.021
  5336.345 	      0.014
  5337.303 	      0.022
  5338.261 	      0.009
  5339.219 	      0.014
  5340.177 	      0.004
  5341.136 	     -0.006
  5342.094 	      0.003
  5343.053 	      0.004
  5344.012 	     -0.019
  5344.972 	     -0.030
  5345.931 	     -0.023
  5346.891 	     -0.010
  5347.850 	      0.003
  5348.810 	     -0.002
  5349.770 	     -0.022
  5350.731 	     -0.034
  5351.691 	     -0.014
  5352.652 	      0.024
  5353.612 	      0.016
  5354.573 	     -0.018
  5355.535 	      0.004
  5356.496 	      0.019
  5357.457 	      0.021
  5358.419 	      0.013
  5359.381 	     -0.027
  5360.343 	     -0.036
  5361.305 	     -0.015
  5362.267 	     -0.014
  5363.230 	     -0.034
  5364.192 	     -0.033
  5365.155 	      0.005
  5366.118 	      0.019
  5367.081 	      0.004
  5368.045 	      0.010
  5369.008 	      0.025
  5369.972 	      0.014
  5370.936 	     -0.007
  5371.900 	     -0.011
  5372.864 	     -0.022
  5373.829 	     -0.052
  5374.793 	     -0.046
  5375.758 	     -0.037
  5376.723 	     -0.028
  5377.688 	     -0.020
  5378.653 	     -0.019
  5379.619 	      0.002
  5380.584 	     -0.000
  5381.550 	     -0.007
  5382.516 	     -0.013
  5383.482 	     -0.038
  5384.449 	     -0.032
  5385.415 	     -0.013
  5386.382 	     -0.015
  5387.349 	     -0.082
  5388.316 	     -0.159
  5389.283 	     -0.141
  5390.250 	     -0.083
  5391.218 	     -0.049
  5392.185 	     -0.031
  5393.153 	     -0.045
  5394.121 	     -0.051
  5395.090 	     -0.023
  5396.058 	     -0.006
  5397.027 	     -0.039
  5397.995 	     -0.062
  5398.964 	     -0.030
  5399.933 	     -0.003
  5400.903 	     -0.007
  5401.872 	     -0.007
  5402.842 	      0.023
  5403.811 	      0.055
  5404.781 	      0.023
  5405.751 	      0.021
  5406.722 	      0.011
  5407.692 	     -0.023
  5408.663 	     -0.036
  5409.634 	     -0.018
  5410.605 	     -0.013
  5411.576 	     -0.020
  5412.547 	     -0.029
  5413.519 	     -0.018
  5414.491 	     -0.008
  5415.462 	     -0.016
  5416.434 	     -0.031
  5417.407 	     -0.057
  5418.379 	     -0.081
  5419.352 	     -0.063
  5420.324 	     -0.018
  5421.297 	      0.007
  5422.270 	      0.008
  5423.244 	      0.002
  5424.217 	      0.012
  5425.191 	     -0.009
  5426.165 	     -0.030
  5427.139 	     -0.017
  5428.113 	     -0.015
  5429.087 	     -0.037
  5430.062 	     -0.056
  5431.036 	     -0.028
  5432.011 	     -0.010
  5432.986 	     -0.063
  5433.961 	     -0.044
  5434.937 	     -0.010
  5435.912 	      0.005
  5436.888 	      0.013
  5437.864 	     -0.019
  5438.840 	     -0.031
  5439.816 	     -0.057
  5440.793 	     -0.059
  5441.769 	     -0.039
  5442.746 	     -0.030
  5443.723 	     -0.023
  5444.700 	      0.002
  5445.677 	      0.023
  5446.655 	      0.000
  5447.632 	     -0.023
  5448.610 	     -0.002
  5449.588 	      0.021
  5450.566 	      0.008
  5451.545 	     -0.037
  5452.523 	     -0.038
  5453.502 	     -0.034
  5454.481 	     -0.041
  5455.460 	     -0.028
  5456.439 	      0.009
  5457.419 	      0.016
  5458.398 	     -0.028
  5459.378 	     -0.049
  5460.358 	      0.010
  5461.338 	      0.014
  5462.318 	     -0.026
  5463.299 	     -0.002
  5464.279 	     -0.005
  5465.260 	     -0.026
  5466.241 	     -0.057
  5467.222 	     -0.042
  5468.204 	     -0.004
  5469.185 	      0.000
  5470.167 	      0.020
  5471.149 	     -0.023
  5472.131 	     -0.036
  5473.113 	     -0.013
  5474.096 	     -0.037
  5475.078 	     -0.026
  5476.061 	     -0.016
  5477.044 	     -0.010
  5478.027 	      0.000
  5479.010 	      0.035
  5479.994 	      0.030
  5480.977 	     -0.002
  5481.961 	     -0.002
  5482.945 	     -0.012
  5483.929 	     -0.021
  5484.914 	      0.001
  5485.898 	      0.014
  5486.883 	      0.009
  5487.868 	      0.008
  5488.853 	      0.008
  5489.838 	     -0.012
  5490.823 	     -0.021
  5491.809 	      0.027
  5492.795 	      0.027
  5493.781 	      0.001
  5494.767 	      0.016
  5495.753 	     -0.029
  5496.740 	     -0.061
  5497.726 	     -0.006
  5498.713 	     -0.005
  5499.700 	     -0.001
  5500.687 	     -0.002
  5501.675 	      0.024
  5502.662 	     -0.002
  5503.650 	     -0.017
  5504.638 	     -0.006
  5505.626 	      0.019
  5506.614 	      0.004
  5507.602 	      0.039
  5508.591 	     -0.021
  5509.580 	      0.003
  5510.569 	     -0.014
  5511.558 	     -0.005
  5512.547 	     -0.003
  5513.537 	      0.022
  5514.526 	      0.008
  5515.516 	      0.008
  5516.506 	     -0.015
  5517.496 	     -0.034
  5518.487 	     -0.007
  5519.477 	     -0.003
  5520.468 	      0.029
  5521.459 	      0.033
  5522.450 	      0.003
  5523.441 	     -0.012
  5524.433 	      0.002
  5525.424 	     -0.008
  5526.416 	     -0.009
  5527.408 	      0.001
  5528.400 	      0.008
  5529.392 	     -0.023
  5530.385 	     -0.023
  5531.378 	     -0.002
  5532.370 	     -0.027
  5533.363 	     -0.031
  5534.357 	     -0.005
  5535.350 	     -0.004
  5536.344 	     -0.014
  5537.337 	     -0.029
  5538.331 	     -0.033
  5539.325 	     -0.011
  5540.320 	     -0.015
  5541.314 	     -0.028
  5542.309 	     -0.023
  5543.304 	      0.007
  5544.299 	     -0.023
  5545.294 	     -0.023
  5546.289 	      0.010
  5547.285 	      0.002
  5548.280 	      0.002
  5549.276 	      0.003
  5550.272 	      0.015
  5551.269 	     -0.007
  5552.265 	      0.016
  5553.262 	      0.018
  5554.259 	      0.010
  5555.255 	     -0.023
  5556.253 	     -0.051
  5557.250 	     -0.018
  5558.247 	      0.001
  5559.245 	     -0.029
  5560.243 	     -0.010
  5561.241 	      0.014
  5562.239 	     -0.035
  5563.238 	     -0.013
  5564.236 	     -0.018
  5565.235 	     -0.021
  5566.234 	     -0.003
  5567.233 	      0.007
  5568.232 	      0.003
  5569.232 	     -0.007
  5570.231 	     -0.017
  5571.231 	     -0.025
  5572.231 	     -0.028
  5573.232 	     -0.028
  5574.232 	     -0.026
  5575.232 	     -0.024
  5576.233 	     -0.019
  5577.234 	     -0.012
  5578.235 	     -0.001
  5579.236 	      0.011
  5580.238 	      0.019
  5581.240 	      0.019
  5582.241 	      0.011
  5583.243 	      0.001
  5584.246 	     -0.005
  5585.248 	     -0.006
  5586.250 	     -0.003
  5587.253 	     -0.000
  5588.256 	     -0.045
  5589.259 	     -0.028
  5590.262 	     -0.076
  5591.266 	     -0.039
  5592.269 	     -0.009
  5593.273 	     -0.030
  5594.277 	     -0.003
  5595.281 	     -0.044
  5596.286 	     -0.007
  5597.290 	     -0.021
  5598.295 	     -0.061
  5599.300 	     -0.065
  5600.305 	     -0.046
  5601.310 	     -0.000
  5602.315 	     -0.033
  5603.321 	     -0.026
  5604.327 	      0.010
  5605.333 	     -0.021
  5606.339 	     -0.006
  5607.345 	      0.010
  5608.352 	     -0.010
  5609.358 	     -0.046
  5610.365 	     -0.058
  5611.372 	     -0.048
  5612.379 	     -0.046
  5613.387 	     -0.057
  5614.394 	     -0.053
  5615.402 	     -0.036
  5616.410 	     -0.049
  5617.418 	     -0.009
  5618.427 	     -0.018
  5619.435 	     -0.024
  5620.444 	     -0.015
  5621.453 	     -0.029
  5622.462 	     -0.072
  5623.471 	     -0.026
  5624.480 	     -0.021
  5625.490 	     -0.023
  5626.499 	     -0.042
  5627.509 	     -0.074
  5628.520 	      0.004
  5629.530 	     -0.055
  5630.540 	     -0.048
  5631.551 	     -0.016
  5632.562 	     -0.039
  5633.573 	     -0.030
  5634.584 	     -0.050
  5635.595 	     -0.066
  5636.607 	     -0.068
  5637.619 	     -0.090
  5638.631 	     -0.058
  5639.643 	     -0.067
  5640.655 	     -0.086
  5641.668 	     -0.048
  5642.680 	     -0.058
  5643.693 	     -0.082
  5644.706 	     -0.005
  5645.719 	     -0.039
  5646.733 	     -0.057
  5647.746 	     -0.029
  5648.760 	     -0.080
  5649.774 	     -0.047
  5650.788 	     -0.089
  5651.802 	     -0.057
  5652.817 	     -0.092
  5653.831 	     -0.095
  5654.846 	     -0.065
  5655.861 	     -0.075
  5656.876 	     -0.048
  5657.892 	     -0.086
  5658.907 	     -0.049
  5659.923 	     -0.047
  5660.939 	     -0.075
  5661.955 	     -0.045
  5662.972 	     -0.047
  5663.988 	     -0.096
  5665.005 	     -0.080
  5666.022 	     -0.082
  5667.039 	     -0.098
  5668.056 	     -0.090
  5669.073 	     -0.065
  5670.091 	     -0.092
  5671.109 	     -0.104
  5672.126 	     -0.085
  5673.145 	     -0.129
  5674.163 	     -0.117
  5675.181 	     -0.105
  5676.200 	     -0.066
  5677.219 	     -0.083
  5678.238 	     -0.104
  5679.257 	     -0.106
  5680.277 	     -0.108
  5681.296 	     -0.098
  5682.316 	     -0.086
  5683.336 	     -0.081
  5684.356 	     -0.108
  5685.376 	     -0.137
  5686.397 	     -0.133
  5687.418 	     -0.123
  5688.438 	     -0.137
  5689.459 	     -0.144
  5690.481 	     -0.106
  5691.502 	     -0.115
  5692.524 	     -0.129
  5693.545 	     -0.130
  5694.567 	     -0.108
  5695.590 	     -0.103
  5696.612 	     -0.095
  5697.634 	     -0.118
  5698.657 	     -0.123
  5699.680 	     -0.134
  5700.703 	     -0.159
  5701.726 	     -0.136
  5702.750 	     -0.140
  5703.773 	     -0.152
  5704.797 	     -0.155
  5705.821 	     -0.132
  5706.845 	     -0.115
  5707.870 	     -0.131
  5708.894 	     -0.128
  5709.919 	     -0.125
  5710.944 	     -0.144
  5711.969 	     -0.133
  5712.994 	     -0.119
  5714.020 	     -0.126
  5715.045 	     -0.132
  5716.071 	     -0.153
  5717.097 	     -0.162
  5718.123 	     -0.159
  5719.150 	     -0.151
  5720.176 	     -0.139
  5721.203 	     -0.152
  5722.230 	     -0.117
  5723.257 	     -0.132
  5724.284 	     -0.144
  5725.312 	     -0.137
  5726.340 	     -0.133
  5727.367 	     -0.151
  5728.396 	     -0.112
  5729.424 	     -0.106
  5730.452 	     -0.134
  5731.481 	     -0.143
  5732.510 	     -0.177
  5733.538 	     -0.163
  5734.568 	     -0.139
  5735.597 	     -0.143
  5736.626 	     -0.141
  5737.656 	     -0.160
  5738.686 	     -0.173
  5739.716 	     -0.179
  5740.746 	     -0.163
  5741.777 	     -0.147
  5742.807 	     -0.154
  5743.838 	     -0.151
  5744.869 	     -0.157
  5745.900 	     -0.172
  5746.932 	     -0.147
  5747.963 	     -0.135
  5748.995 	     -0.139
  5750.027 	     -0.138
  5751.059 	     -0.136
  5752.091 	     -0.153
  5753.124 	     -0.160
  5754.157 	     -0.147
  5755.189 	     -0.139
  5756.222 	     -0.160
  5757.256 	     -0.185
  5758.289 	     -0.184
  5759.323 	     -0.199
  5760.356 	     -0.192
  5761.390 	     -0.180
  5762.425 	     -0.159
  5763.459 	     -0.183
  5764.493 	     -0.169
  5765.528 	     -0.159
  5766.563 	     -0.175
  5767.598 	     -0.166
  5768.633 	     -0.163
  5769.669 	     -0.168
  5770.704 	     -0.171
  5771.740 	     -0.170
  5772.776 	     -0.175
  5773.812 	     -0.158
  5774.849 	     -0.154
  5775.885 	     -0.187
  5776.922 	     -0.206
  5777.959 	     -0.206
  5778.996 	     -0.203
  5780.033 	     -0.177
  5781.071 	     -0.176
  5782.109 	     -0.169
  5783.146 	     -0.176
  5784.185 	     -0.175
  5785.223 	     -0.168
  5786.261 	     -0.169
  5787.300 	     -0.165
  5788.339 	     -0.166
  5789.378 	     -0.168
  5790.417 	     -0.161
  5791.456 	     -0.169
  5792.496 	     -0.170
  5793.535 	     -0.164
  5794.575 	     -0.188
  5795.615 	     -0.199
  5796.656 	     -0.184
  5797.696 	     -0.163
  5798.737 	     -0.151
  5799.778 	     -0.170
  5800.819 	     -0.175
  5801.860 	     -0.165
  5802.901 	     -0.152
  5803.943 	     -0.156
  5804.985 	     -0.159
  5806.027 	     -0.127
  5807.069 	     -0.144
  5808.111 	     -0.160
  5809.154 	     -0.138
  5810.196 	     -0.144
  5811.239 	     -0.148
  5812.282 	     -0.145
  5813.326 	     -0.154
  5814.369 	     -0.164
  5815.413 	     -0.168
  5816.457 	     -0.148
  5817.501 	     -0.145
  5818.545 	     -0.164
  5819.589 	     -0.171
  5820.634 	     -0.159
  5821.679 	     -0.141
  5822.724 	     -0.148
  5823.769 	     -0.162
  5824.814 	     -0.157
  5825.860 	     -0.151
  5826.905 	     -0.144
  5827.951 	     -0.150
  5828.997 	     -0.152
  5830.044 	     -0.148
  5831.090 	     -0.173
  5832.137 	     -0.179
  5833.184 	     -0.183
  5834.231 	     -0.196
  5835.278 	     -0.189
  5836.325 	     -0.172
  5837.373 	     -0.180
  5838.421 	     -0.175
  5839.469 	     -0.138
  5840.517 	     -0.120
  5841.565 	     -0.124
  5842.614 	     -0.126
  5843.663 	     -0.118
  5844.711 	     -0.120
  5845.761 	     -0.117
  5846.810 	     -0.106
  5847.859 	     -0.109
  5848.909 	     -0.118
  5849.959 	     -0.130
  5851.009 	     -0.128
  5852.059 	     -0.109
  5853.110 	     -0.115
  5854.160 	     -0.107
  5855.211 	     -0.109
  5856.262 	     -0.126
  5857.313 	     -0.147
  5858.364 	     -0.096
  5859.416 	     -0.095
  5860.468 	     -0.099
  5861.520 	     -0.073
  5862.572 	     -0.068
  5863.624 	     -0.070
  5864.677 	     -0.101
  5865.729 	     -0.111
  5866.782 	     -0.086
  5867.835 	     -0.107
  5868.888 	     -0.111
  5869.942 	     -0.097
  5870.996 	     -0.100
  5872.049 	     -0.098
  5873.103 	     -0.098
  5874.158 	     -0.108
  5875.212 	     -0.081
  5876.267 	     -0.063
  5877.321 	     -0.090
  5878.376 	     -0.111
  5879.431 	     -0.075
  5880.487 	     -0.056
  5881.542 	     -0.063
  5882.598 	     -0.079
  5883.654 	     -0.103
  5884.710 	     -0.093
  5885.766 	     -0.119
  5886.823 	     -0.105
  5887.879 	     -0.080
  5888.936 	     -0.095
  5889.993 	     -0.119
  5891.051 	     -0.131
  5892.108 	     -0.098
  5893.166 	     -0.106
  5894.223 	     -0.105
  5895.281 	     -0.104
  5896.340 	     -0.128
  5897.398 	     -0.098
  5898.456 	     -0.068
  5899.515 	     -0.038
  5900.574 	     -0.080
  5901.633 	     -0.077
  5902.693 	     -0.061
  5903.752 	     -0.065
  5904.812 	     -0.051
  5905.872 	     -0.017
  5906.932 	     -0.029
  5907.992 	     -0.073
  5909.052 	     -0.050
  5910.113 	     -0.068
  5911.174 	     -0.049
  5912.235 	     -0.033
  5913.296 	     -0.027
  5914.358 	     -0.027
  5915.419 	     -0.031
  5916.481 	     -0.032
  5917.543 	     -0.041
  5918.605 	     -0.061
  5919.668 	     -0.022
  5920.730 	     -0.018
  5921.793 	     -0.004
  5922.856 	      0.000
  5923.919 	     -0.086
  5924.982 	     -0.018
  5926.046 	      0.005
  5927.109 	     -0.001
  5958.040 	     -0.030
  5959.109 	     -0.022
  5960.179 	      0.007
  5961.249 	     -0.028
  5962.319 	      0.026
  5963.389 	      0.000
  5964.460 	      0.006
  5965.530 	      0.020
  5966.601 	      0.022
  5967.672 	     -0.034
  5968.743 	     -0.028
  5969.814 	      0.007
  5970.886 	      0.007
  5971.958 	      0.013
  5973.030 	      0.007
  5974.102 	     -0.006
  5975.174 	      0.004
  5976.247 	     -0.008
  5977.319 	     -0.024
  5978.392 	      0.015
  5979.465 	      0.006
  5980.539 	      0.028
  5981.612 	      0.029
  5982.686 	      0.003
  5983.760 	      0.019
  5984.834 	      0.044
  5985.908 	      0.044
  5986.982 	      0.024
  5988.057 	      0.008
  5989.132 	     -0.001
  5990.207 	      0.006
  5991.282 	     -0.004
  5992.358 	      0.011
  5993.433 	      0.028
  5994.509 	      0.020
  5995.585 	     -0.010
  5996.661 	      0.024
  5997.738 	      0.060
  5998.814 	      0.055
  5999.891 	      0.047
  6000.968 	      0.030
  6002.045 	      0.033
  6003.122 	      0.032
  6004.200 	      0.025
  6005.278 	      0.027
  6006.356 	      0.032
  6007.434 	      0.038
  6008.512 	      0.036
  6009.590 	      0.020
  6010.669 	      0.019
  6011.748 	      0.032
  6012.827 	      0.042
  6013.906 	      0.043
  6014.986 	      0.036
  6016.066 	      0.026
  6017.145 	      0.021
  6018.225 	      0.033
  6019.306 	      0.052
  6020.386 	      0.049
  6021.467 	      0.035
  6022.548 	      0.026
  6023.629 	      0.033
  6024.710 	      0.033
  6025.791 	      0.031
  6026.873 	      0.044
  6027.955 	      0.061
  6029.037 	      0.066
  6030.119 	      0.056
  6031.201 	      0.034
  6032.284 	      0.019
  6033.367 	      0.024
  6034.450 	      0.041
  6035.533 	      0.059
  6036.616 	      0.073
  6037.700 	      0.071
  6038.783 	      0.055
  6039.867 	      0.044
  6040.951 	      0.047
  6042.036 	      0.053
  6043.120 	      0.044
  6044.205 	      0.033
  6045.290 	      0.041
  6046.375 	      0.055
  6047.460 	      0.061
  6048.546 	      0.057
  6049.631 	      0.063
  6050.717 	      0.073
  6051.803 	      0.058
  6052.890 	      0.046
  6053.976 	      0.037
  6055.063 	      0.031
  6056.150 	      0.027
  6057.237 	      0.030
  6058.324 	      0.039
  6059.411 	      0.037
  6060.499 	      0.046
  6061.587 	      0.054
  6062.675 	      0.051
  6063.763 	      0.040
  6064.852 	      0.040
  6065.940 	      0.051
  6067.029 	      0.042
  6068.118 	      0.018
  6069.207 	      0.027
  6070.297 	      0.065
  6071.386 	      0.071
  6072.476 	      0.057
  6073.566 	      0.041
  6074.656 	      0.040
  6075.747 	      0.052
  6076.837 	      0.054
  6077.928 	      0.040
  6079.019 	      0.030
  6080.110 	      0.051
  6081.201 	      0.070
  6082.293 	      0.072
  6083.385 	      0.071
  6084.477 	      0.074
  6085.569 	      0.075
  6086.661 	      0.078
  6087.754 	      0.113
  6088.846 	      0.141
  6089.939 	      0.141
  6091.032 	      0.131
  6092.126 	      0.126
  6093.219 	      0.111
  6094.313 	      0.088
  6095.407 	      0.080
  6096.501 	      0.088
  6097.595 	      0.098
  6098.690 	      0.100
  6099.784 	      0.102
  6100.879 	      0.110
  6101.974 	      0.128
  6103.070 	      0.134
  6104.165 	      0.124
  6105.261 	      0.120
  6106.357 	      0.135
  6107.453 	      0.135
  6108.549 	      0.110
  6109.646 	      0.107
  6110.742 	      0.123
  6111.839 	      0.137
  6112.936 	      0.121
  6114.033 	      0.117
  6115.131 	      0.100
  6116.228 	      0.106
  6117.326 	      0.130
  6118.424 	      0.146
  6119.523 	      0.096
  6120.621 	      0.060
  6121.720 	      0.148
  6122.818 	      0.196
  6123.917 	      0.225
  6125.017 	      0.261
  6126.116 	      0.246
  6127.216 	      0.162
  6128.315 	      0.122
  6129.415 	      0.119
  6130.516 	      0.118
  6131.616 	      0.118
  6132.717 	      0.120
  6133.817 	      0.125
  6134.918 	      0.132
  6136.020 	      0.138
  6137.121 	      0.143
  6138.223 	      0.146
  6139.324 	      0.146
  6140.426 	      0.146
  6141.529 	      0.144
  6142.631 	      0.141
  6143.734 	      0.138
  6144.836 	      0.135
  6145.939 	      0.134
  6147.042 	      0.136
  6148.146 	      0.139
  6149.249 	      0.038
  6150.353 	     -0.037
  6151.457 	      0.171
  6152.561 	      0.242
  6153.666 	      0.126
  6154.770 	      0.130
  6155.875 	      0.195
  6156.980 	      0.176
  6158.085 	      0.136
  6159.190 	      0.136
  6160.296 	      0.152
  6161.402 	      0.153
  6162.508 	      0.148
  6163.614 	      0.147
  6164.720 	      0.128
  6165.827 	      0.111
  6166.933 	      0.132
  6168.040 	      0.164
  6169.148 	      0.178
  6170.255 	      0.180
  6171.362 	      0.177
  6172.470 	      0.167
  6173.578 	      0.162
  6174.686 	      0.172
  6175.795 	      0.176
  6176.903 	      0.158
  6178.012 	      0.134
  6179.121 	      0.126
  6180.230 	      0.137
  6181.339 	      0.151
  6182.449 	      0.154
  6183.558 	      0.153
  6184.668 	      0.148
  6185.778 	      0.148
  6186.889 	      0.170
  6187.999 	      0.195
  6189.110 	      0.183
  6190.221 	      0.165
  6191.332 	      0.162
  6192.443 	      0.172
  6193.555 	      0.179
  6194.667 	      0.176
  6195.779 	      0.153
  6196.891 	      0.146
  6198.003 	      0.179
  6199.116 	      0.125
  6200.228 	      0.143
  6201.341 	      0.182
  6202.454 	      0.192
  6203.568 	      0.150
  6204.681 	      0.139
  6205.795 	      0.175
  6206.909 	      0.181
  6208.023 	      0.159
  6209.137 	      0.172
  6210.252 	      0.193
  6211.366 	      0.145
  6212.481 	      0.109
  6213.596 	      0.148
  6214.712 	      0.175
  6215.827 	      0.146
  6216.943 	      0.106
  6218.059 	      0.103
  6219.175 	      0.144
  6220.291 	      0.183
  6221.408 	      0.181
  6222.525 	      0.156
  6223.641 	      0.134
  6224.759 	      0.143
  6225.876 	      0.181
  6226.993 	      0.198
  6228.111 	      0.189
  6229.229 	      0.194
  6230.347 	      0.216
  6231.466 	      0.227
  6232.584 	      0.216
  6233.703 	      0.184
  6234.822 	      0.158
  6235.941 	      0.153
  6237.060 	      0.153
  6238.180 	      0.152
  6239.299 	      0.150
  6240.419 	      0.154
  6241.539 	      0.145
  6242.660 	      0.134
  6243.780 	      0.130
  6244.901 	      0.144
  6246.022 	      0.172
  6247.143 	      0.177
  6248.264 	      0.155
  6249.386 	      0.140
  6250.508 	      0.156
  6251.630 	      0.188
  6252.752 	      0.211
  6253.874 	      0.206
  6254.997 	      0.178
  6256.119 	      0.143
  6257.242 	      0.134
  6258.366 	      0.146
  6259.489 	      0.155
  6260.612 	      0.146
  6261.736 	      0.135
  6262.860 	      0.126
  6263.984 	      0.120
  6265.109 	      0.116
  6266.233 	      0.113
  6267.358 	      0.111
  6268.483 	      0.113
  6269.608 	      0.117
  6270.734 	      0.126
  6271.859 	      0.138
  6272.985 	      0.149
  6274.111 	      0.152
  6275.237 	      0.148
  6276.363 	      0.141
  6277.490 	      0.135
  6278.617 	      0.132
  6279.744 	      0.127
  6280.871 	      0.120
  6281.998 	      0.112
  6283.126 	      0.105
  6284.254 	      0.100
  6285.382 	      0.096
  6286.510 	      0.096
  6287.638 	      0.103
  6288.767 	      0.113
  6289.896 	      0.121
  6291.025 	      0.117
  6292.154 	      0.101
  6293.283 	      0.081
  6294.413 	      0.064
  6295.543 	      0.058
  6296.673 	      0.060
  6297.803 	      0.067
  6298.933 	      0.073
  6300.064 	      0.097
  6301.195 	      0.098
  6302.326 	      0.098
  6303.457 	      0.096
  6304.589 	      0.066
  6305.720 	      0.069
  6306.852 	      0.109
  6307.984 	      0.106
  6309.117 	      0.111
  6310.249 	      0.161
  6311.382 	      0.152
  6312.514 	      0.134
  6313.648 	      0.130
  6314.781 	      0.112
  6315.914 	      0.124
  6317.048 	      0.193
  6318.182 	      0.152
  6319.316 	      0.102
  6320.450 	      0.099
  6321.585 	      0.104
  6322.719 	      0.112
  6323.854 	      0.141
  6324.989 	      0.154
  6326.125 	      0.175
  6327.260 	      0.174
  6328.396 	      0.145
  6329.532 	      0.127
  6330.668 	      0.118
  6331.804 	      0.113
  6332.941 	      0.112
  6334.078 	      0.110
  6335.215 	      0.124
  6336.352 	      0.126
  6337.489 	      0.135
  6338.627 	      0.113
  6339.764 	      0.088
  6340.902 	      0.069
  6342.041 	      0.071
  6343.179 	      0.048
  6344.317 	      0.043
  6345.456 	      0.035
  6346.595 	      0.045
  6347.734 	      0.041
  6348.874 	      0.055
  6350.013 	      0.092
  6351.153 	      0.168
  6352.293 	      0.202
  6353.433 	      0.155
  6354.574 	      0.118
  6355.714 	      0.132
  6356.855 	      0.212
  6357.996 	      0.313
  6359.138 	      0.377
  6360.279 	      0.436
  6361.421 	      0.396
  6362.563 	      0.262
  6363.705 	      0.166
  6364.847 	      0.124
  6365.989 	      0.112
  6367.132 	      0.109
  6368.275 	      0.106
  6369.418 	      0.115
  6370.561 	      0.095
  6371.705 	      0.094
  6372.848 	      0.109
  6373.992 	      0.132
  6375.136 	      0.123
  6376.281 	      0.113
  6377.425 	      0.123
  6378.570 	      0.109
  6379.715 	      0.088
  6380.860 	      0.093
  6382.005 	      0.110
  6383.151 	      0.126
  6384.297 	      0.115
  6385.443 	      0.117
  6386.589 	      0.130
  6387.735 	      0.111
  6388.882 	      0.139
  6390.028 	      0.140
  6391.175 	      0.142
  6392.323 	      0.159
  6393.470 	      0.149
  6394.618 	      0.095
  6395.765 	      0.128
  6396.913 	      0.109
  6398.062 	      0.137
  6399.210 	      0.108
  6400.359 	      0.100
  6401.508 	      0.096
  6402.657 	      0.136
  6403.806 	      0.084
  6404.955 	      0.085
  6406.105 	      0.083
  6407.255 	      0.090
  6408.405 	      0.098
  6409.555 	      0.097
  6410.706 	      0.124
  6411.856 	      0.098
  6413.007 	      0.076
  6414.158 	      0.085
  6415.310 	      0.113
  6416.461 	      0.099
  6417.613 	      0.079
  6418.765 	      0.094
  6419.917 	      0.093
  6421.069 	      0.067
  6422.222 	      0.081
  6423.375 	      0.102
  6424.528 	      0.101
  6425.681 	      0.122
  6426.834 	      0.117
  6427.988 	      0.069
  6429.142 	      0.069
  6430.296 	      0.099
  6431.450 	      0.101
  6432.604 	      0.105
  6433.759 	      0.106
  6434.914 	      0.108
  6436.069 	      0.087
  6437.224 	      0.069
  6438.380 	      0.064
  6439.535 	      0.067
  6440.691 	      0.082
  6441.847 	      0.087
  6443.003 	      0.080
  6444.160 	      0.088
  6445.317 	      0.094
  6446.474 	      0.097
  6447.631 	      0.099
  6448.788 	      0.127
  6449.945 	      0.115
  6451.103 	      0.070
  6452.261 	      0.098
  6453.419 	      0.111
  6454.578 	      0.083
  6455.736 	      0.056
  6456.895 	      0.014
  6458.054 	      0.017
  6459.213 	      0.041
  6460.373 	      0.053
  6461.532 	      0.065
  6462.692 	      0.070
  6463.852 	      0.074
  6465.012 	      0.042
  6466.173 	      0.042
  6467.333 	      0.054
  6468.494 	      0.046
  6469.655 	      0.040
  6470.817 	      0.014
  6471.978 	      0.010
  6473.140 	      0.040
  6474.302 	      0.042
  6475.464 	      0.025
  6476.626 	      0.017
  6477.789 	      0.031
  6478.951 	      0.033
  6480.114 	      0.006
  6481.277 	      0.022
  6482.441 	      0.035
  6483.604 	      0.022
  6484.768 	      0.018
  6485.932 	      0.028
  6487.096 	      0.016
  6488.261 	      0.000
  6489.425 	      0.020
  6490.590 	      0.040
  6491.755 	      0.063
  6492.921 	      0.066
  6494.086 	      0.085
  6495.252 	      0.064
  6496.418 	      0.015
  6497.584 	      0.018
  6498.750 	      0.051
  6499.916 	      0.059
  6501.083 	      0.040
  6502.250 	      0.046
  6503.417 	      0.047
  6504.584 	      0.020
  6505.752 	      0.007
  6506.920 	      0.014
  6508.088 	      0.018
  6509.256 	      0.031
  6510.424 	      0.060
  6511.593 	      0.010
  6512.762 	     -0.005
  6513.931 	     -0.017
  6515.100 	     -0.018
  6516.269 	     -0.005
  6517.439 	     -0.007
  6518.609 	     -0.005
  6519.779 	      0.004
  6520.949 	      0.008
  6522.120 	      0.039
  6523.290 	      0.055
  6524.461 	      0.037
  6525.632 	      0.002
  6526.804 	      0.019
  6527.975 	      0.048
  6529.147 	      0.050
  6530.319 	      0.028
  6531.491 	      0.020
  6532.664 	      0.043
  6533.836 	      0.039
  6535.009 	      0.071
  6536.182 	      0.067
  6537.355 	      0.052
  6538.529 	      0.047
  6539.702 	      0.039
  6540.876 	      0.037
  6542.050 	      0.022
  6543.224 	      0.050
  6544.399 	      0.063
  6545.574 	      0.038
  6546.748 	      0.022
  6547.924 	      0.038
  6549.099 	      0.058
  6550.274 	      0.050
  6551.450 	      0.030
  6552.626 	     -0.006
  6553.802 	     -0.020
  6554.979 	     -0.032
  6556.155 	      0.014
  6557.332 	      0.052
  6558.509 	      0.030
  6559.686 	      0.045
  6560.864 	     -0.008
  6562.041 	     -0.004
  6563.219 	      0.013
  6564.397 	      0.019
  6565.576 	      0.031
  6566.754 	      0.016
  6567.933 	      0.014
  6569.112 	      0.050
  6570.291 	      0.050
  6571.470 	      0.087
  6572.650 	      0.103
  6573.830 	      0.085
  6575.010 	      0.082
  6576.190 	      0.086
  6577.370 	      0.092
  6578.551 	      0.096
  6579.732 	      0.095
  6580.913 	      0.089
  6582.094 	      0.077
  6583.275 	      0.065
  6584.457 	      0.057
  6585.639 	      0.052
  6586.821 	      0.051
  6588.003 	      0.040
  6589.186 	      0.032
  6590.368 	      0.029
  6591.551 	      0.037
  6592.735 	      0.039
  6593.918 	      0.040
  6595.102 	      0.069
  6596.285 	      0.072
  6597.469 	      0.070
  6598.654 	      0.068
  6599.838 	      0.063
  6601.023 	      0.068
  6602.207 	      0.059
  6603.393 	      0.059
  6604.578 	      0.085
  6605.763 	      0.186
  6606.949 	      0.364
  6608.135 	      0.654
  6609.321 	      1.064
  6610.507 	      1.271
  6611.694 	      1.184
  6612.881 	      0.852
  6614.068 	      0.486
  6615.255 	      0.292
  6616.442 	      0.206
  6617.630 	      0.156
  6618.818 	      0.211
  6620.006 	      0.454
  6621.194 	      1.105
  6622.383 	      2.681
  6623.571 	      4.948
  6624.760 	      6.893
  6625.949 	      7.150
  6627.139 	      5.489
  6628.328 	      3.019
  6629.518 	      1.344
  6630.708 	      0.601
  6631.898 	      0.280
  6633.089 	      0.178
  6634.279 	      0.156
  6635.470 	      0.149
  6636.661 	      0.157
  6637.852 	      0.152
  6639.044 	      0.170
  6640.235 	      0.208
  6641.427 	      0.443
  6642.619 	      1.030
  6643.812 	      2.016
  6645.004 	      3.220
  6646.197 	      3.896
  6647.390 	      3.628
  6648.583 	      2.327
  6649.777 	      1.297
  6650.970 	      0.685
  6652.164 	      0.363
  6653.358 	      0.224
  6654.552 	      0.185
  6655.747 	      0.133
  6656.941 	      0.106
  6658.136 	      0.088
  6659.331 	      0.071
  6660.527 	      0.089
  6661.722 	      0.123
  6662.918 	      0.097
  6664.114 	      0.078
  6665.310 	      0.097
  6666.507 	      0.097
  6667.703 	      0.081
  6668.900 	      0.098
  6670.097 	      0.117
  6671.294 	      0.136
  6672.492 	      0.126
  6673.689 	      0.100
  6674.887 	      0.085
  6676.086 	      0.096
  6677.284 	      0.093
  6678.482 	      0.078
  6679.681 	      0.094
  6680.880 	      0.095
  6682.079 	      0.069
  6683.279 	      0.071
  6684.478 	      0.085
  6685.678 	      0.093
  6686.878 	      0.113
  6688.079 	      0.105
  6689.279 	      0.102
  6690.480 	      0.102
  6691.681 	      0.113
  6692.882 	      0.093
  6694.083 	      0.090
  6695.285 	      0.098
  6696.486 	      0.106
  6697.688 	      0.086
  6698.891 	      0.058
  6700.093 	      0.074
  6701.296 	      0.067
  6702.499 	      0.069
  6703.702 	      0.083
  6704.905 	      0.078
  6706.108 	      0.087
  6707.312 	      0.107
  6708.516 	      0.086
  6709.720 	      0.097
  6710.925 	      0.078
  6712.129 	      0.093
  6713.334 	      0.092
  6714.539 	      0.091
  6715.744 	      0.066
  6716.950 	      0.049
  6718.155 	      0.103
  6719.361 	      0.100
  6720.567 	      0.082
  6721.774 	      0.050
  6722.980 	      0.059
  6724.187 	      0.066
  6725.394 	      0.053
  6726.601 	      0.040
  6727.808 	      0.065
  6729.016 	      0.048
  6730.224 	      0.032
  6731.432 	      0.036
  6732.640 	      0.068
  6733.849 	      0.086
  6735.057 	      0.073
  6736.266 	      0.058
  6737.475 	      0.063
  6738.685 	      0.079
  6739.894 	      0.098
  6741.104 	      0.116
  6742.314 	      0.102
  6743.524 	      0.086
  6744.735 	      0.088
  6745.945 	      0.105
  6747.156 	      0.104
  6748.367 	      0.065
  6749.579 	      0.071
  6750.790 	      0.101
  6752.002 	      0.103
  6753.214 	      0.102
  6754.426 	      0.077
  6755.638 	      0.075
  6756.851 	      0.062
  6758.064 	      0.041
  6759.277 	      0.040
  6760.490 	      0.045
  6761.704 	      0.045
  6762.917 	      0.058
  6764.131 	      0.088
  6765.345 	      0.096
  6766.560 	      0.046
  6767.774 	      0.031
  6768.989 	      0.036
  6770.204 	      0.053
  6771.419 	      0.062
  6772.635 	      0.083
  6773.851 	      0.072
  6775.066 	      0.073
  6776.282 	      0.187
  6777.499 	      0.396
  6778.715 	      0.759
  6779.932 	      0.978
  6781.149 	      1.011
  6782.366 	      0.810
  6783.584 	      0.487
  6784.801 	      0.243
  6786.019 	      0.140
  6787.237 	      0.091
  6788.455 	      0.069
  6789.674 	      0.099
  6790.893 	      0.192
  6792.112 	      0.378
  6793.331 	      0.677
  6794.550 	      0.895
  6795.770 	      0.849
  6796.990 	      0.654
  6798.210 	      0.392
  6799.430 	      0.202
  6800.650 	      0.099
  6801.871 	      0.078
  6803.092 	      0.070
  6804.313 	      0.045
  6805.534 	      0.022
  6806.756 	      0.013
  6807.978 	      0.025
  6809.200 	      0.042
  6810.422 	      0.042
  6811.644 	      0.032
  6812.867 	      0.020
  6814.090 	      0.035
  6815.313 	      0.043
  6816.536 	      0.036
  6817.760 	      0.031
  6818.984 	      0.042
  6820.208 	      0.048
  6821.432 	      0.057
  6822.656 	      0.056
  6823.881 	      0.065
  6825.106 	      0.095
  6826.331 	      0.112
  6827.556 	      0.097
  6828.782 	      0.096
  6830.007 	      0.086
  6831.233 	      0.038
  6832.460 	      0.007
  6833.686 	      0.027
  6834.913 	      0.021
  6836.139 	      0.014
  6837.366 	      0.015
  6838.594 	      0.032
  6839.821 	      0.034
  6841.049 	      0.005
  6842.277 	     -0.010
  6843.505 	      0.002
  6844.733 	      0.032
  6845.962 	      0.058
  6847.191 	      0.022
  6848.420 	      0.035
  6849.649 	      0.029
  6850.879 	      0.004
  6852.108 	     -0.018
  6853.338 	     -0.005
  6854.568 	      0.014
  6855.799 	      0.027
  6857.029 	      0.045
  6858.260 	      0.080
  6859.491 	      0.103
  6860.722 	      0.046
  6861.954 	     -0.116
  6863.186 	     -0.310
  6864.418 	     -0.413
  6865.650 	     -0.425
  6866.882 	     -0.379
  6868.115 	     -0.339
  6869.347 	     -0.301
  6870.580 	     -0.273
  6871.814 	     -0.218
  6873.047 	     -0.146
  6874.281 	     -0.096
  6875.515 	     -0.046
  6876.749 	     -0.031
  6877.983 	     -0.034
  6879.218 	     -0.041
  6880.453 	     -0.083
  6881.688 	     -0.118
  6882.923 	     -0.136
  6884.158 	     -0.130
  6885.394 	     -0.119
  6886.630 	     -0.136
  6887.866 	     -0.140
  6889.102 	     -0.135
  6890.339 	     -0.159
  6891.576 	     -0.132
  6892.813 	     -0.087
  6894.050 	     -0.064
  6895.287 	     -0.080
  6896.525 	     -0.116
  6897.763 	     -0.074
  6899.001 	     -0.084
  6900.239 	     -0.102
  6901.478 	     -0.096
  6902.717 	     -0.077
  6903.956 	     -0.092
  6905.195 	     -0.096
  6906.434 	     -0.038
  6907.674 	     -0.032
  6908.914 	     -0.055
  6910.154 	     -0.037
  6911.395 	     -0.041
  6912.635 	     -0.041
  6913.876 	     -0.055
  6915.117 	     -0.054
  6916.358 	     -0.046
  6917.600 	      0.003
  6918.841 	      0.006
  6920.083 	     -0.006
  6921.325 	     -0.036
  6922.568 	     -0.061
  6923.810 	     -0.061
  6925.053 	     -0.041
  6926.296 	     -0.034
  6927.539 	     -0.031
  6928.783 	     -0.038
  6930.026 	     -0.053
  6931.270 	     -0.034
  6932.514 	      0.049
  6933.759 	      0.084
  6935.003 	      0.048
  6936.248 	      0.013
  6937.493 	      0.004
  6938.739 	     -0.002
  6939.984 	     -0.020
  6941.230 	     -0.013
  6942.476 	      0.005
  6943.722 	      0.039
  6944.968 	      0.063
  6946.215 	      0.053
  6947.462 	      0.017
  6948.709 	     -0.010
  6949.956 	     -0.002
  6951.203 	     -0.006
  6952.451 	      0.010
  6953.699 	      0.050
  6954.947 	      0.022
  6956.196 	     -0.003
  6957.444 	      0.017
  6958.693 	      0.003
  6959.942 	      0.043
  6961.191 	      0.060
  6962.441 	      0.059
  6963.691 	      0.059
  6964.941 	      0.056
  6966.191 	      0.073
  6967.441 	      0.032
  6968.692 	     -0.008
  6969.943 	      0.004
  6971.194 	      0.014
  6972.445 	      0.011
  6973.696 	      0.026
  6974.948 	      0.032
  6976.200 	      0.023
  6977.452 	     -0.019
  6978.705 	     -0.034
  6979.957 	     -0.023
  6981.210 	      0.004
  6982.463 	      0.001
  6983.717 	     -0.006
  6984.970 	     -0.014
  6986.224 	      0.002
  6987.478 	     -0.000
  6988.732 	      0.000
  6989.987 	     -0.007
  6991.241 	      0.000
  6992.496 	     -0.011
  6993.751 	     -0.028
  6995.007 	     -0.012
  6996.262 	      0.009
  6997.518 	      0.009
  6998.774 	     -0.002
  7000.030 	     -0.031
  7001.287 	     -0.037
  7002.544 	     -0.012
  7003.801 	     -0.022
  7005.058 	     -0.029
  7006.315 	      0.009
  7007.573 	      0.024
  7008.831 	     -0.004
  7010.089 	     -0.038
  7011.347 	     -0.025
  7012.605 	      0.004
  7013.864 	     -0.015
  7015.123 	      0.005
  7016.382 	      0.002
  7017.642 	     -0.018
  7018.901 	      0.002
  7020.161 	      0.005
  7021.421 	     -0.006
  7022.682 	     -0.013
  7023.942 	      0.000
  7025.203 	      0.010
  7026.464 	     -0.007
  7027.725 	     -0.018
  7028.987 	     -0.022
  7030.248 	     -0.012
  7031.510 	     -0.007
  7032.772 	     -0.021
  7034.035 	     -0.010
  7035.297 	     -0.026
  7036.560 	     -0.024
  7037.823 	     -0.017
  7039.086 	     -0.010
  7040.350 	     -0.006
  7041.614 	      0.013
  7042.877 	      0.007
  7044.142 	      0.013
  7045.406 	      0.015
  7046.671 	     -0.000
  7047.936 	     -0.011
  7049.201 	     -0.009
  7050.466 	     -0.003
  7051.731 	      0.022
  7052.997 	      0.022
  7054.263 	      0.005
  7055.529 	     -0.019
  7056.796 	     -0.014
  7058.062 	     -0.023
  7059.329 	     -0.010
  7060.596 	     -0.002
  7061.864 	     -0.003
  7063.131 	      0.019
  7064.399 	     -0.003
  7065.667 	     -0.033
  7066.936 	     -0.016
  7068.204 	     -0.020
  7069.473 	     -0.004
  7070.742 	     -0.011
  7072.011 	     -0.013
  7073.280 	     -0.005
  7074.550 	     -0.012
  7075.820 	     -0.020
  7077.090 	     -0.020
  7078.360 	     -0.046
  7079.631 	     -0.061
  7080.901 	     -0.013
  7082.172 	      0.018
  7083.444 	      0.024
  7084.715 	     -0.016
  7085.987 	     -0.048
  7087.259 	     -0.021
  7088.531 	     -0.019
  7089.803 	      0.000
  7091.076 	     -0.007
  7092.349 	     -0.009
  7093.622 	     -0.012
  7094.895 	      0.007
  7096.168 	      0.000
  7097.442 	     -0.010
  7098.716 	     -0.013
  7099.990 	     -0.022
  7101.265 	     -0.006
  7102.539 	      0.007
  7103.814 	      0.016
  7105.089 	      0.011
  7106.365 	      0.016
  7107.640 	      0.012
  7108.916 	     -0.006
  7110.192 	     -0.015
  7111.468 	     -0.003
  7112.745 	     -0.037
  7114.021 	     -0.042
  7115.298 	     -0.018
  7116.576 	     -0.016
  7117.853 	     -0.014
  7119.131 	     -0.010
  7120.408 	      0.006
  7121.687 	      0.000
  7122.965 	     -0.004
  7124.243 	     -0.012
  7125.522 	     -0.044
  7126.801 	     -0.019
  7128.080 	     -0.011
  7129.360 	      0.005
  7130.640 	      0.016
  7131.919 	      0.010
  7133.200 	     -0.021
  7134.480 	     -0.012
  7135.761 	     -0.030
  7137.041 	     -0.037
  7138.323 	     -0.026
  7139.604 	     -0.006
  7140.885 	     -0.004
  7142.167 	     -0.019
  7143.449 	     -0.016
  7144.731 	     -0.008
  7146.014 	     -0.017
  7147.296 	     -0.025
  7148.579 	     -0.023
  7149.863 	     -0.031
  7151.146 	     -0.024
  7152.430 	     -0.032
  7153.713 	     -0.008
  7154.997 	      0.027
  7156.282 	      0.027
  7157.566 	     -0.018
  7158.851 	     -0.030
  7160.136 	     -0.056
  7161.421 	     -0.032
  7162.707 	     -0.011
  7163.992 	     -0.029
  7165.278 	     -0.044
  7166.564 	     -0.063
  7167.851 	     -0.073
  7169.137 	     -0.080
  7170.424 	     -0.108
  7171.711 	     -0.121
  7172.998 	     -0.089
  7174.286 	     -0.073
  7175.574 	     -0.069
  7176.862 	     -0.072
  7178.150 	     -0.103
  7179.438 	     -0.116
  7180.727 	     -0.149
  7182.016 	     -0.163
  7183.305 	     -0.126
  7184.595 	     -0.120
  7185.884 	     -0.137
  7187.174 	     -0.131
  7188.464 	     -0.129
  7189.754 	     -0.124
  7191.045 	     -0.064
  7192.336 	     -0.087
  7193.627 	     -0.069
  7194.918 	     -0.130
  7196.209 	     -0.141
  7197.501 	     -0.134
  7198.793 	     -0.091
  7200.085 	     -0.116
  7201.377 	     -0.080
  7202.670 	     -0.048
  7203.963 	     -0.054
  7205.256 	     -0.071
  7206.549 	     -0.048
  7207.843 	     -0.066
  7209.137 	     -0.068
  7210.431 	     -0.083
  7211.725 	     -0.107
  7213.019 	     -0.111
  7214.314 	     -0.068
  7215.609 	     -0.054
  7216.904 	     -0.094
  7218.200 	     -0.118
  7219.495 	     -0.113
  7220.791 	     -0.093
  7222.087 	     -0.086
  7223.384 	     -0.075
  7224.680 	     -0.065
  7225.977 	     -0.064
  7227.274 	     -0.117
  7228.571 	     -0.158
  7229.869 	     -0.165
  7231.166 	     -0.122
  7232.464 	     -0.063
  7233.763 	      0.032
  7235.061 	      0.033
  7236.360 	     -0.053
  7237.659 	     -0.082
  7238.958 	     -0.073
  7240.257 	     -0.037
  7241.557 	     -0.074
  7242.857 	     -0.169
  7244.157 	     -0.206
  7245.457 	     -0.194
  7246.757 	     -0.189
  7248.058 	     -0.158
  7249.359 	     -0.130
  7250.660 	     -0.120
  7251.962 	     -0.134
  7253.264 	     -0.132
  7254.566 	     -0.107
  7255.868 	     -0.092
  7257.170 	     -0.120
  7258.473 	     -0.129
  7259.776 	     -0.136
  7261.079 	     -0.154
  7262.382 	     -0.122
  7263.686 	     -0.068
  7264.989 	     -0.087
  7266.293 	     -0.128
  7267.598 	     -0.126
  7268.902 	     -0.065
  7270.207 	      0.034
  7271.512 	      0.027
  7272.817 	     -0.055
  7274.123 	     -0.146
  7275.428 	     -0.166
  7276.734 	     -0.144
  7278.040 	     -0.090
  7279.347 	     -0.091
  7280.653 	     -0.120
  7281.960 	     -0.148
  7283.267 	     -0.179
  7284.575 	     -0.176
  7285.882 	     -0.178
  7287.190 	     -0.180
  7288.498 	     -0.149
  7289.806 	     -0.122
  7291.115 	     -0.117
  7292.423 	     -0.109
  7293.732 	     -0.124
  7295.042 	     -0.150
  7296.351 	     -0.130
  7297.661 	     -0.080
  7298.971 	     -0.079
  7300.281 	     -0.055
  7301.591 	     -0.069
  7302.902 	     -0.103
  7304.212 	     -0.125
  7305.524 	     -0.137
  7306.835 	     -0.102
  7308.146 	     -0.099
  7309.458 	     -0.032
  7310.770 	      0.032
  7312.082 	      0.006
  7313.395 	     -0.073
  7314.708 	     -0.151
  7316.021 	     -0.166
  7317.334 	     -0.168
  7318.647 	     -0.129
  7319.961 	     -0.109
  7321.275 	     -0.102
  7322.589 	     -0.053
  7323.903 	     -0.034
  7325.218 	     -0.054
  7326.533 	     -0.098
  7327.848 	     -0.123
  7329.163 	     -0.100
  7330.479 	     -0.092
  7331.795 	     -0.081
  7333.111 	     -0.042
  7334.427 	      0.055
  7335.743 	      0.081
  7337.060 	     -0.011
  7338.377 	     -0.089
  7339.694 	     -0.096
