WV      	 Sigma   
4259.984	    0.166
4260.688	    0.166
4261.392	    0.167
4262.096	    0.167
4262.800	    0.167
4263.505	    0.167
4264.209	    0.167
4264.914	    0.167
4265.618	    0.167
4266.323	    0.167
4267.028	    0.167
4267.733	    0.167
4268.439	    0.167
4269.144	    0.167
4269.849	    0.167
4270.555	    0.167
4271.261	    0.167
4271.966	    0.179
4272.672	    0.199
4273.378	    0.161
4274.084	    0.055
4274.791	    0.084
4275.497	    0.070
4276.204	    0.084
4276.910	    0.109
4277.617	    0.142
4278.324	    0.093
4279.031	    0.096
4279.738	    0.027
4280.445	    0.124
4281.152	    0.140
4281.860	    0.061
4282.567	    0.061
4283.275	    0.061
4283.983	    0.027
4284.691	    0.027
4285.399	    0.098
4286.107	    0.122
4286.815	    0.070
4287.523	    0.058
4288.232	    0.067
4288.940	    0.043
4289.649	    0.070
4290.358	    0.019
4291.067	    0.064
4291.776	    0.039
4292.485	    0.070
4293.194	    0.107
4293.904	    0.090
4294.613	    0.088
4295.323	    0.104
4296.033	    0.138
4296.743	    0.096
4297.453	    0.067
4298.163	    0.082
4298.873	    0.128
4299.583	    0.176
4300.294	    0.176
4301.004	    0.160
4301.715	    0.128
4302.426	    0.047
4303.137	    0.058
4303.848	    0.107
4304.559	    0.122
4305.270	    0.098
4305.982	    0.117
4306.693	    0.106
4307.405	    0.070
4308.117	    0.043
4308.829	    0.061
4309.541	    0.107
4310.253	    0.125
4310.965	    0.136
4311.677	    0.143
4312.390	    0.124
4313.102	    0.138
4313.815	    0.117
4314.528	    0.055
4315.241	    0.140
4315.954	    0.134
4316.667	    0.112
4317.380	    0.086
4318.094	    0.070
4318.807	    0.027
4319.521	    0.033
4320.235	    0.051
4320.949	    0.096
4321.663	    0.088
4322.377	    0.134
4323.091	    0.112
4323.805	    0.051
4324.520	    0.043
4325.234	    0.131
4325.949	    0.132
4326.664	    0.077
4327.379	    0.124
4328.094	    0.111
4328.809	    0.080
4329.524	    0.086
4330.240	    0.102
4330.955	    0.096
4331.671	    0.058
4332.387	    0.033
4333.103	    0.027
4333.819	    0.055
4334.535	    0.019
4335.251	    0.043
4335.968	    0.027
4336.684	    0.084
4337.401	    0.127
4338.117	    0.128
4338.834	    0.019
4339.551	    0.125
4340.268	    0.165
4340.985	    0.127
4341.703	    0.095
4342.420	    0.104
4343.138	    0.116
4343.855	    0.102
4344.573	    0.116
4345.291	    0.055
4346.009	    0.072
4346.727	    0.095
4347.445	    0.070
4348.164	    0.106
4348.882	    0.114
4349.601	    0.112
4350.320	    0.104
4351.039	    0.086
4351.758	    0.051
4352.477	    0.102
4353.196	    0.124
4353.915	    0.106
4354.635	    0.039
4355.354	    0.098
4356.074	    0.104
4356.794	    0.055
4357.514	    0.055
4358.234	    0.161
4358.954	    0.212
4359.674	    0.239
4360.394	    0.247
4361.115	    0.252
4361.836	    0.227
4362.556	    0.206
4363.277	    0.195
4363.998	    0.197
4364.719	    0.179
4365.441	    0.163
4366.162	    0.144
4366.883	    0.124
4367.605	    0.138
4368.327	    0.146
4369.049	    0.122
4369.771	    0.064
4370.493	    0.051
4371.215	    0.070
4371.937	    0.067
4372.660	    0.109
4373.382	    0.119
4374.105	    0.077
4374.828	    0.019
4375.550	    0.093
4376.273	    0.140
4376.997	    0.159
4377.720	    0.148
4378.443	    0.164
4379.167	    0.158
4379.890	    0.146
4380.614	    0.168
4381.338	    0.153
4382.062	    0.187
4382.786	    0.232
4383.510	    0.278
4384.235	    0.296
4384.959	    0.363
4385.684	    0.399
4386.408	    0.410
4387.133	    0.390
4387.858	    0.274
4388.583	    0.218
4389.308	    0.187
4390.034	    0.176
4390.759	    0.161
4391.485	    0.182
4392.210	    0.187
4392.936	    0.197
4393.662	    0.204
4394.388	    0.170
4395.114	    0.135
4395.840	    0.114
4396.567	    0.120
4397.293	    0.151
4398.020	    0.164
4398.747	    0.200
4399.473	    0.197
4400.200	    0.182
4400.928	    0.171
4401.655	    0.168
4402.382	    0.164
4403.110	    0.157
4403.837	    0.149
4404.565	    0.149
4405.293	    0.061
4406.021	    0.064
4406.749	    0.111
4407.477	    0.152
4408.205	    0.161
4408.934	    0.177
4409.662	    0.198
4410.391	    0.197
4411.119	    0.171
4411.848	    0.120
4412.577	    0.175
4413.307	    0.173
4414.036	    0.154
4414.765	    0.134
4415.495	    0.164
4416.224	    0.165
4416.954	    0.158
4417.684	    0.149
4418.414	    0.144
4419.144	    0.152
4419.874	    0.148
4420.605	    0.147
4421.335	    0.146
4422.066	    0.136
4422.796	    0.112
4423.527	    0.125
4424.258	    0.148
4424.989	    0.165
4425.720	    0.154
4426.452	    0.142
4427.183	    0.117
4427.915	    0.107
4428.646	    0.111
4429.378	    0.102
4430.110	    0.047
4430.842	    0.104
4431.574	    0.119
4432.307	    0.102
4433.039	    0.080
4433.772	    0.088
4434.504	    0.098
4435.237	    0.061
4435.970	    0.082
4436.703	    0.111
4437.436	    0.090
4438.169	    0.122
4438.903	    0.160
4439.636	    0.185
4440.370	    0.090
4441.103	    0.043
4441.837	    0.082
4442.571	    0.039
4443.305	    0.112
4444.040	    0.131
4444.774	    0.120
4445.508	    0.107
4446.243	    0.106
4446.978	    0.117
4447.713	    0.090
4448.447	    0.096
4449.183	    0.111
4449.918	    0.102
4450.653	    0.051
4451.388	    0.077
4452.124	    0.112
4452.860	    0.128
4453.596	    0.122
4454.331	    0.088
4455.067	    0.112
4455.804	    0.143
4456.540	    0.131
4457.276	    0.111
4458.013	    0.095
4458.750	    0.033
4459.486	    0.080
4460.223	    0.100
4460.960	    0.119
4461.697	    0.135
4462.435	    0.120
4463.172	    0.082
4463.909	    0.058
4464.647	    0.055
4465.385	    0.055
4466.123	    0.088
4466.861	    0.098
4467.599	    0.084
4468.337	    0.095
4469.075	    0.127
4469.814	    0.131
4470.552	    0.160
4471.291	    0.173
4472.030	    0.163
4472.769	    0.136
4473.508	    0.152
4474.247	    0.086
4474.987	    0.072
4475.726	    0.088
4476.466	    0.043
4477.205	    0.033
4477.945	    0.088
4478.685	    0.132
4479.425	    0.077
4480.165	    0.117
4480.906	    0.077
4481.646	    0.047
4482.387	    0.095
4483.127	    0.109
4483.868	    0.124
4484.609	    0.164
4485.350	    0.132
4486.091	    0.142
4486.833	    0.140
4487.574	    0.131
4488.316	    0.125
4489.057	    0.116
4489.799	    0.116
4490.541	    0.139
4491.283	    0.157
4492.025	    0.153
4492.767	    0.148
4493.510	    0.158
4494.252	    0.120
4494.995	    0.086
4495.738	    0.104
4496.481	    0.135
4497.224	    0.120
4497.967	    0.127
4498.710	    0.129
4499.453	    0.125
4500.197	    0.120
4500.940	    0.088
4501.684	    0.033
4502.428	    0.027
4503.172	    0.088
4503.916	    0.146
4504.660	    0.147
4505.405	    0.109
4506.149	    0.122
4506.894	    0.160
4507.639	    0.190
4508.383	    0.164
4509.128	    0.106
4509.873	    0.070
4510.619	    0.070
4511.364	    0.100
4512.109	    0.175
4512.855	    0.175
4513.601	    0.177
4514.347	    0.178
4515.093	    0.178
4515.839	    0.184
4516.585	    0.167
4517.331	    0.128
4518.078	    0.119
4518.824	    0.163
4519.571	    0.241
4520.318	    0.217
4521.065	    0.184
4521.812	    0.166
4522.559	    0.166
4523.306	    0.178
4524.054	    0.187
4524.801	    0.135
4525.549	    0.128
4526.297	    0.102
4527.045	    0.055
4527.793	    0.104
4528.541	    0.077
4529.289	    0.106
4530.038	    0.095
4530.786	    0.058
4531.535	    0.051
4532.284	    0.158
4533.033	    0.174
4533.782	    0.146
4534.531	    0.107
4535.280	    0.111
4536.030	    0.178
4536.779	    0.163
4537.529	    0.147
4538.279	    0.136
4539.028	    0.128
4539.779	    0.084
4540.529	    0.084
4541.279	    0.114
4542.029	    0.132
4542.780	    0.149
4543.531	    0.167
4544.281	    0.152
4545.032	    0.181
4545.783	    0.196
4546.534	    0.187
4547.286	    0.157
4548.037	    0.140
4548.789	    0.125
4549.540	    0.140
4550.292	    0.174
4551.044	    0.194
4551.796	    0.183
4552.548	    0.184
4553.300	    0.185
4554.053	    0.159
4554.805	    0.128
4555.558	    0.112
4556.311	    0.116
4557.064	    0.119
4557.817	    0.143
4558.570	    0.151
4559.323	    0.149
4560.076	    0.152
4560.830	    0.143
4561.584	    0.109
4562.337	    0.095
4563.091	    0.107
4563.845	    0.134
4564.599	    0.144
4565.354	    0.158
4566.108	    0.144
4566.863	    0.111
4567.617	    0.090
4568.372	    0.131
4569.127	    0.119
4569.882	    0.144
4570.637	    0.156
4571.392	    0.149
4572.148	    0.125
4572.903	    0.080
4573.659	    0.086
4574.415	    0.033
4575.170	    0.080
4575.926	    0.107
4576.683	    0.084
4577.439	    0.019
4578.195	    0.077
4578.952	    0.106
4579.708	    0.184
4580.465	    0.217
4581.222	    0.187
4581.979	    0.164
4582.736	    0.157
4583.493	    0.132
4584.251	    0.116
4585.008	    0.124
4585.766	    0.156
4586.524	    0.132
4587.282	    0.119
4588.040	    0.122
4588.798	    0.119
4589.556	    0.082
4590.314	    0.093
4591.073	    0.027
4591.832	    0.140
4592.590	    0.174
4593.349	    0.157
4594.108	    0.019
4594.867	    0.116
4595.627	    0.064
4596.386	    0.070
4597.146	    0.107
4597.905	    0.116
4598.665	    0.093
4599.425	    0.095
4600.185	    0.106
4600.945	    0.112
4601.705	    0.095
4602.466	    0.019
4603.226	    0.072
4603.987	    0.086
4604.748	    0.144
4605.508	    0.164
4606.269	    0.161
4607.031	    0.147
4607.792	    0.160
4608.553	    0.156
4609.315	    0.098
4610.076	    0.027
4610.838	    0.039
4611.600	    0.027
4612.362	    0.061
4613.124	    0.168
4613.887	    0.180
4614.649	    0.167
4615.412	    0.165
4616.174	    0.210
4616.937	    0.177
4617.700	    0.144
4618.463	    0.159
4619.226	    0.179
4619.989	    0.186
4620.753	    0.181
4621.516	    0.194
4622.280	    0.181
4623.044	    0.168
4623.808	    0.142
4624.572	    0.106
4625.336	    0.117
4626.100	    0.119
4626.865	    0.080
4627.629	    0.077
4628.394	    0.067
4629.159	    0.027
4629.924	    0.058
4630.689	    0.134
4631.454	    0.166
4632.219	    0.136
4632.985	    0.112
4633.750	    0.146
4634.516	    0.164
4635.282	    0.102
4636.048	    0.075
4636.814	    0.080
4637.580	    0.107
4638.346	    0.132
4639.113	    0.129
4639.879	    0.039
4640.646	    0.064
4641.413	    0.077
4642.180	    0.075
4642.947	    0.075
4643.714	    0.075
4644.481	    0.096
4645.249	    0.082
4646.016	    0.096
4646.784	    0.116
4647.552	    0.122
4648.320	    0.096
4649.088	    0.125
4649.856	    0.119
4650.625	    0.124
4651.393	    0.147
4652.162	    0.175
4652.930	    0.180
4653.699	    0.114
4654.468	    0.058
4655.237	    0.093
4656.007	    0.124
4656.776	    0.120
4657.546	    0.077
4658.315	    0.055
4659.085	    0.114
4659.855	    0.136
4660.625	    0.143
4661.395	    0.146
4662.165	    0.160
4662.936	    0.160
4663.706	    0.131
4664.477	    0.128
4665.247	    0.122
4666.018	    0.112
4666.789	    0.116
4667.561	    0.134
4668.332	    0.051
4669.103	    0.051
4669.875	    0.077
4670.646	    0.104
4671.418	    0.084
4672.190	    0.131
4672.962	    0.163
4673.734	    0.165
4674.507	    0.151
4675.279	    0.112
4676.052	    0.047
4676.824	    0.122
4677.597	    0.153
4678.370	    0.135
4679.143	    0.109
4679.916	    0.082
4680.690	    0.095
4681.463	    0.178
4682.237	    0.178
4683.010	    0.151
4683.784	    0.151
4684.558	    0.151
4685.332	    0.144
4686.106	    0.140
4686.881	    0.128
4687.655	    0.064
4688.430	    0.058
4689.205	    0.096
4689.979	    0.128
4690.754	    0.144
4691.529	    0.138
4692.305	    0.140
4693.080	    0.148
4693.856	    0.129
4694.631	    0.088
4695.407	    0.019
4696.183	    0.061
4696.959	    0.033
4697.735	    0.067
4698.511	    0.088
4699.288	    0.077
4700.064	    0.027
4700.841	    0.084
4701.618	    0.095
4702.394	    0.027
4703.171	    0.043
4703.949	    0.072
4704.726	    0.135
4705.503	    0.169
4706.281	    0.164
4707.059	    0.157
4707.836	    0.177
4708.614	    0.177
4709.392	    0.170
4710.171	    0.171
4710.949	    0.183
4711.727	    0.166
4712.506	    0.096
4713.285	    0.055
4714.063	    0.051
4714.842	    0.039
4715.621	    0.047
4716.401	    0.047
4717.180	    0.033
4717.960	    0.095
4718.739	    0.124
4719.519	    0.124
4720.299	    0.104
4721.079	    0.082
4721.859	    0.027
4722.639	    0.119
4723.419	    0.149
4724.200	    0.147
4724.981	    0.128
4725.761	    0.117
4726.542	    0.134
4727.323	    0.080
4728.104	    0.080
4728.886	    0.043
4729.667	    0.051
4730.449	    0.072
4731.230	    0.116
4732.012	    0.075
4732.794	    0.070
4733.576	    0.151
4734.358	    0.169
4735.141	    0.171
4735.923	    0.174
4736.706	    0.171
4737.488	    0.176
4738.271	    0.134
4739.054	    0.114
4739.837	    0.111
4740.620	    0.102
4741.404	    0.090
4742.187	    0.125
4742.971	    0.158
4743.755	    0.159
4744.538	    0.127
4745.322	    0.033
4746.107	    0.111
4746.891	    0.075
4747.675	    0.122
4748.460	    0.152
4749.244	    0.075
4750.029	    0.033
4750.814	    0.080
4751.599	    0.106
4752.384	    0.070
4753.170	    0.100
4753.955	    0.112
4754.741	    0.075
4755.526	    0.061
4756.312	    0.075
4757.098	    0.077
4757.884	    0.039
4758.670	    0.082
4759.457	    0.039
4760.243	    0.072
4761.030	    0.033
4761.816	    0.055
4762.603	    0.072
4763.390	    0.102
4764.177	    0.039
4764.965	    0.039
4765.752	    0.027
4766.539	    0.072
4767.327	    0.107
4768.115	    0.134
4768.903	    0.142
4769.691	    0.104
4770.479	    0.100
4771.267	    0.107
4772.056	    0.102
4772.844	    0.102
4773.633	    0.114
4774.422	    0.116
4775.211	    0.109
4776.000	    0.075
4776.789	    0.082
4777.578	    0.109
4778.368	    0.090
4779.157	    0.019
4779.947	    0.027
4780.737	    0.100
4781.527	    0.088
4782.317	    0.033
4783.107	    0.039
4783.897	    0.067
4784.688	    0.084
4785.479	    0.132
4786.269	    0.082
4787.060	    0.095
4787.851	    0.096
4788.642	    0.106
4789.434	    0.117
4790.225	    0.119
4791.017	    0.111
4791.808	    0.142
4792.600	    0.144
4793.392	    0.090
4794.184	    0.112
4794.976	    0.143
4795.769	    0.138
4796.561	    0.088
4797.354	    0.043
4798.146	    0.047
4798.939	    0.047
4799.732	    0.093
4800.525	    0.093
4801.319	    0.055
4802.112	    0.039
4802.906	    0.019
4803.699	    0.107
4804.493	    0.064
4805.287	    0.047
4806.081	    0.112
4806.875	    0.106
4807.669	    0.061
4808.464	    0.127
4809.258	    0.120
4810.053	    0.067
4810.848	    0.064
4811.643	    0.077
4812.438	    0.075
4813.233	    0.058
4814.028	    0.027
4814.824	    0.039
4815.620	    0.047
4816.415	    0.082
4817.211	    0.093
4818.007	    0.033
4818.803	    0.077
4819.600	    0.051
4820.396	    0.067
4821.192	    0.070
4821.989	    0.047
4822.786	    0.090
4823.583	    0.082
4824.380	    0.058
4825.177	    0.055
4825.974	    0.086
4826.772	    0.128
4827.569	    0.135
4828.367	    0.111
4829.165	    0.080
4829.963	    0.077
4830.761	    0.116
4831.559	    0.152
4832.358	    0.151
4833.156	    0.093
4833.955	    0.075
4834.754	    0.070
4835.553	    0.043
4836.352	    0.070
4837.151	    0.117
4837.950	    0.136
4838.750	    0.086
4839.549	    0.064
4840.349	    0.064
4841.149	    0.058
4841.949	    0.098
4842.749	    0.104
4843.549	    0.100
4844.349	    0.122
4845.150	    0.142
4845.950	    0.131
4846.751	    0.127
4847.552	    0.124
4848.353	    0.125
4849.154	    0.124
4849.955	    0.106
4850.757	    0.027
4851.558	    0.019
4852.360	    0.072
4853.162	    0.067
4853.964	    0.082
4854.766	    0.104
4855.568	    0.098
4856.370	    0.027
4857.173	    0.093
4857.976	    0.027
4858.778	    0.019
4859.581	    0.075
4860.384	    0.111
4861.187	    0.112
4861.991	    0.080
4862.794	    0.058
4863.598	    0.111
4864.401	    0.075
4865.205	    0.051
4866.009	    0.098
4866.813	    0.084
4867.617	    0.064
4868.422	    0.095
4869.226	    0.125
4870.031	    0.111
4870.835	    0.055
4871.640	    0.064
4872.445	    0.039
4873.250	    0.096
4874.056	    0.138
4874.861	    0.139
4875.667	    0.102
4876.472	    0.102
4877.278	    0.019
4878.084	    0.090
4878.890	    0.107
4879.696	    0.019
4880.503	    0.084
4881.309	    0.019
4882.116	    0.116
4882.922	    0.146
4883.729	    0.072
4884.536	    0.055
4885.343	    0.077
4886.151	    0.127
4886.958	    0.088
4887.766	    0.072
4888.573	    0.043
4889.381	    0.027
4890.189	    0.039
4890.997	    0.117
4891.805	    0.095
4892.613	    0.019
4893.422	    0.072
4894.231	    0.093
4895.039	    0.125
4895.848	    0.171
4896.657	    0.163
4897.466	    0.122
4898.276	    0.082
4899.085	    0.047
4899.894	    0.075
4900.704	    0.104
4901.514	    0.109
4902.324	    0.114
4903.134	    0.136
4903.944	    0.171
4904.754	    0.164
4905.565	    0.111
4906.376	    0.117
4907.186	    0.209
4907.997	    0.334
4908.808	    0.471
4909.619	    0.601
4910.431	    0.718
4911.242	    0.791
4912.054	    0.808
4912.865	    0.762
4913.677	    0.645
4914.489	    0.486
4915.301	    0.338
4916.113	    0.246
4916.926	    0.209
4917.738	    0.194
4918.551	    0.180
4919.363	    0.166
4920.176	    0.154
4920.989	    0.143
4921.803	    0.127
4922.616	    0.119
4923.429	    0.134
4924.243	    0.125
4925.057	    0.111
4925.870	    0.127
4926.684	    0.148
4927.498	    0.140
4928.313	    0.119
4929.127	    0.117
4929.941	    0.143
4930.756	    0.151
4931.571	    0.140
4932.386	    0.136
4933.201	    0.100
4934.016	    0.075
4934.831	    0.086
4935.647	    0.098
4936.462	    0.077
4937.278	    0.058
4938.094	    0.167
4938.910	    0.114
4939.726	    0.019
4940.542	    0.047
4941.359	    0.051
4942.175	    0.088
4942.992	    0.104
4943.809	    0.106
4944.625	    0.086
4945.443	    0.098
4946.260	    0.146
4947.077	    0.160
4947.895	    0.147
4948.712	    0.112
4949.530	    0.064
4950.348	    0.039
4951.166	    0.070
4951.984	    0.072
4952.802	    0.095
4953.621	    0.019
4954.439	    0.077
4955.258	    0.033
4956.077	    0.058
4956.896	    0.047
4957.715	    0.027
4958.534	    0.120
4959.353	    0.112
4960.173	    0.082
4960.992	    0.120
4961.812	    0.165
4962.632	    0.129
4963.452	    0.027
4964.272	    0.080
4965.093	    0.080
4965.913	    0.088
4966.734	    0.077
4967.554	    0.111
4968.375	    0.051
4969.196	    0.124
4970.017	    0.143
4970.838	    0.166
4971.660	    0.160
4972.481	    0.112
4973.303	    0.019
4974.125	    0.039
4974.947	    0.047
4975.769	    0.109
4976.591	    0.064
4977.413	    0.128
4978.236	    0.124
4979.058	    0.127
4979.881	    0.143
4980.704	    0.151
4981.527	    0.125
4982.350	    0.027
4983.174	    0.019
4983.997	    0.111
4984.821	    0.122
4985.644	    0.100
4986.468	    0.055
4987.292	    0.039
4988.116	    0.061
4988.940	    0.058
4989.765	    0.058
4990.589	    0.058
4991.414	    0.093
4992.239	    0.064
4993.064	    0.067
4993.889	    0.117
4994.714	    0.143
4995.539	    0.140
4996.365	    0.124
4997.190	    0.114
4998.016	    0.116
4998.842	    0.120
4999.668	    0.120
5000.494	    0.098
5001.320	    0.075
5002.147	    0.047
5002.973	    0.019
5003.800	    0.019
5004.627	    0.039
5005.454	    0.033
5006.281	    0.039
5007.108	    0.033
5007.936	    0.107
5008.763	    0.149
5009.591	    0.171
5010.419	    0.153
5011.247	    0.128
5012.075	    0.127
5012.903	    0.134
5013.731	    0.116
5014.560	    0.064
5015.388	    0.070
5016.217	    0.102
5017.046	    0.077
5017.875	    0.047
5018.704	    0.033
5019.533	    0.051
5020.363	    0.112
5021.192	    0.135
5022.022	    0.119
5022.852	    0.104
5023.682	    0.027
5024.512	    0.127
5025.342	    0.084
5026.173	    0.084
5027.003	    0.061
5027.834	    0.067
5028.665	    0.064
5029.496	    0.117
5030.327	    0.122
5031.158	    0.096
5031.989	    0.090
5032.821	    0.131
5033.653	    0.166
5034.484	    0.132
5035.316	    0.114
5036.148	    0.120
5036.980	    0.151
5037.813	    0.169
5038.645	    0.152
5039.478	    0.109
5040.311	    0.119
5041.143	    0.127
5041.976	    0.070
5042.810	    0.070
5043.643	    0.064
5044.476	    0.064
5045.310	    0.064
5046.144	    0.043
5046.977	    0.027
5047.811	    0.027
5048.645	    0.043
5049.480	    0.039
5050.314	    0.080
5051.149	    0.114
5051.983	    0.158
5052.818	    0.187
5053.653	    0.167
5054.488	    0.109
5055.323	    0.093
5056.159	    0.175
5056.994	    0.239
5057.830	    0.299
5058.666	    0.315
5059.501	    0.296
5060.337	    0.271
5061.174	    0.191
5062.010	    0.116
5062.846	    0.039
5063.683	    0.102
5064.520	    0.096
5065.357	    0.086
5066.194	    0.106
5067.031	    0.107
5067.868	    0.116
5068.706	    0.135
5069.543	    0.129
5070.381	    0.061
5071.219	    0.104
5072.057	    0.154
5072.895	    0.149
5073.733	    0.106
5074.571	    0.047
5075.410	    0.084
5076.249	    0.144
5077.087	    0.128
5077.926	    0.128
5078.765	    0.061
5079.605	    0.117
5080.444	    0.072
5081.283	    0.072
5082.123	    0.019
5082.963	    0.104
5083.803	    0.102
5084.643	    0.019
5085.483	    0.088
5086.323	    0.082
5087.164	    0.086
5088.004	    0.067
5088.845	    0.033
5089.686	    0.064
5090.527	    0.051
5091.368	    0.043
5092.210	    0.070
5093.051	    0.132
5093.893	    0.152
5094.734	    0.129
5095.576	    0.084
5096.418	    0.084
5097.260	    0.047
5098.103	    0.033
5098.945	    0.058
5099.788	    0.051
5100.630	    0.033
5101.473	    0.070
5102.316	    0.051
5103.159	    0.106
5104.003	    0.098
5104.846	    0.070
5105.689	    0.077
5106.533	    0.088
5107.377	    0.098
5108.221	    0.116
5109.065	    0.117
5109.909	    0.086
5110.754	    0.061
5111.598	    0.027
5112.443	    0.039
5113.288	    0.082
5114.132	    0.102
5114.978	    0.086
5115.823	    0.019
5116.668	    0.080
5117.514	    0.067
5118.359	    0.039
5119.205	    0.033
5120.051	    0.096
5120.897	    0.096
5121.743	    0.090
5122.589	    0.061
5123.436	    0.039
5124.283	    0.064
5125.129	    0.043
5125.976	    0.080
5126.823	    0.117
5127.670	    0.104
5128.518	    0.104
5129.365	    0.055
5130.213	    0.080
5131.060	    0.077
5131.908	    0.072
5132.756	    0.082
5133.604	    0.075
5134.453	    0.075
5135.301	    0.067
5136.150	    0.077
5136.998	    0.106
5137.847	    0.064
5138.696	    0.096
5139.545	    0.104
5140.395	    0.127
5141.244	    0.093
5142.094	    0.127
5142.943	    0.109
5143.793	    0.070
5144.643	    0.067
5145.493	    0.055
5146.343	    0.058
5147.194	    0.096
5148.044	    0.100
5148.895	    0.027
5149.746	    0.064
5150.597	    0.112
5151.448	    0.084
5152.299	    0.107
5153.151	    0.086
5154.002	    0.109
5154.854	    0.033
5155.706	    0.043
5156.557	    0.039
5157.410	    0.095
5158.262	    0.129
5159.114	    0.098
5159.967	    0.047
5160.819	    0.055
5161.672	    0.086
5162.525	    0.102
5163.378	    0.100
5164.231	    0.084
5165.085	    0.075
5165.938	    0.086
5166.792	    0.072
5167.645	    0.124
5168.499	    0.134
5169.353	    0.086
5170.208	    0.033
5171.062	    0.106
5171.916	    0.100
5172.771	    0.051
5173.626	    0.061
5174.481	    0.109
5175.336	    0.086
5176.191	    0.061
5177.046	    0.061
5177.902	    0.095
5178.757	    0.129
5179.613	    0.146
5180.469	    0.136
5181.325	    0.127
5182.181	    0.129
5183.037	    0.117
5183.894	    0.102
5184.751	    0.120
5185.607	    0.129
5186.464	    0.093
5187.321	    0.122
5188.178	    0.072
5189.036	    0.088
5189.893	    0.088
5190.751	    0.051
5191.608	    0.077
5192.466	    0.098
5193.324	    0.102
5194.182	    0.098
5195.041	    0.090
5195.899	    0.088
5196.758	    0.088
5197.616	    0.090
5198.475	    0.093
5199.334	    0.095
5200.194	    0.096
5201.053	    0.098
5201.912	    0.100
5202.772	    0.102
5203.632	    0.106
5204.491	    0.107
5205.351	    0.111
5206.212	    0.112
5207.072	    0.114
5207.932	    0.117
5208.793	    0.119
5209.654	    0.120
5210.514	    0.120
5211.375	    0.122
5212.236	    0.122
5213.098	    0.122
5213.959	    0.122
5214.821	    0.120
5215.682	    0.119
5216.544	    0.151
5217.406	    0.122
5218.268	    0.112
5219.131	    0.149
5219.993	    0.174
5220.856	    0.170
5221.718	    0.168
5222.581	    0.185
5223.444	    0.187
5224.307	    0.163
5225.171	    0.122
5226.034	    0.104
5226.898	    0.148
5227.761	    0.174
5228.625	    0.148
5229.489	    0.127
5230.353	    0.128
5231.218	    0.109
5232.082	    0.027
5232.947	    0.039
5233.811	    0.064
5234.676	    0.093
5235.541	    0.124
5236.406	    0.159
5237.271	    0.174
5238.137	    0.177
5239.002	    0.164
5239.868	    0.134
5240.734	    0.112
5241.600	    0.051
5242.466	    0.070
5243.332	    0.148
5244.199	    0.151
5245.065	    0.095
5245.932	    0.122
5246.799	    0.160
5247.666	    0.156
5248.533	    0.139
5249.400	    0.124
5250.268	    0.033
5251.135	    0.158
5252.003	    0.174
5252.871	    0.134
5253.739	    0.131
5254.607	    0.180
5255.475	    0.183
5256.344	    0.163
5257.212	    0.095
5258.081	    0.095
5258.950	    0.149
5259.819	    0.119
5260.688	    0.138
5261.557	    0.153
5262.427	    0.144
5263.296	    0.111
5264.166	    0.086
5265.036	    0.095
5265.906	    0.134
5266.776	    0.173
5267.646	    0.159
5268.517	    0.072
5269.387	    0.107
5270.258	    0.179
5271.129	    0.146
5272.000	    0.095
5272.871	    0.148
5273.742	    0.168
5274.614	    0.201
5275.485	    0.109
5276.357	    0.140
5277.229	    0.147
5278.101	    0.190
5278.973	    0.154
5279.845	    0.136
5280.718	    0.182
5281.591	    0.185
5282.463	    0.184
5283.336	    0.177
5284.209	    0.182
5285.082	    0.184
5285.956	    0.143
5286.829	    0.164
5287.703	    0.175
5288.577	    0.199
5289.450	    0.192
5290.324	    0.185
5291.199	    0.167
5292.073	    0.125
5292.947	    0.143
5293.822	    0.107
5294.697	    0.072
5295.572	    0.043
5296.447	    0.114
5297.322	    0.127
5298.197	    0.152
5299.073	    0.163
5299.948	    0.117
5300.824	    0.128
5301.700	    0.184
5302.576	    0.176
5303.452	    0.171
5304.329	    0.176
5305.205	    0.193
5306.082	    0.104
5306.959	    0.164
5307.836	    0.152
5308.713	    0.064
5309.590	    0.169
5310.467	    0.202
5311.345	    0.191
5312.222	    0.147
5313.100	    0.102
5313.978	    0.111
5314.856	    0.160
5315.734	    0.175
5316.613	    0.129
5317.491	    0.135
5318.370	    0.199
5319.249	    0.227
5320.128	    0.217
5321.007	    0.203
5321.886	    0.217
5322.766	    0.177
5323.645	    0.213
5324.525	    0.228
5325.405	    0.245
5326.285	    0.211
5327.165	    0.215
5328.045	    0.149
5328.925	    0.196
5329.806	    0.170
5330.687	    0.180
5331.568	    0.181
5332.449	    0.125
5333.330	    0.104
5334.211	    0.055
5335.092	    0.144
5335.974	    0.181
5336.856	    0.188
5337.738	    0.187
5338.620	    0.205
5339.502	    0.212
5340.384	    0.186
5341.267	    0.153
5342.149	    0.100
5343.032	    0.144
5343.915	    0.138
5344.798	    0.043
5345.681	    0.114
5346.564	    0.184
5347.448	    0.167
5348.331	    0.106
5349.215	    0.156
5350.099	    0.154
5350.983	    0.165
5351.867	    0.175
5352.752	    0.204
5353.636	    0.187
5354.521	    0.199
5355.406	    0.128
5356.291	    0.134
5357.176	    0.184
5358.061	    0.189
5358.946	    0.187
5359.832	    0.206
5360.718	    0.169
5361.603	    0.148
5362.489	    0.178
5363.375	    0.148
5364.262	    0.143
5365.148	    0.164
5366.035	    0.189
5366.921	    0.186
5367.808	    0.159
5368.695	    0.142
5369.582	    0.173
5370.470	    0.098
5371.357	    0.159
5372.245	    0.184
5373.132	    0.176
5374.020	    0.139
5374.908	    0.189
5375.796	    0.176
5376.685	    0.167
5377.573	    0.188
5378.462	    0.183
5379.350	    0.138
5380.239	    0.175
5381.128	    0.198
5382.018	    0.198
5382.907	    0.203
5383.796	    0.205
5384.686	    0.204
5385.576	    0.236
5386.466	    0.234
5387.356	    0.183
5388.246	    0.175
5389.136	    0.184
5390.027	    0.168
5390.918	    0.153
5391.808	    0.132
5392.699	    0.169
5393.590	    0.212
5394.482	    0.175
5395.373	    0.135
5396.265	    0.204
5397.156	    0.176
5398.048	    0.140
5398.940	    0.178
5399.832	    0.140
5400.724	    0.229
5401.617	    0.223
5402.509	    0.217
5403.402	    0.234
5404.295	    0.204
5405.188	    0.215
5406.081	    0.192
5406.975	    0.200
5407.868	    0.208
5408.762	    0.169
5409.655	    0.179
5410.549	    0.174
5411.443	    0.174
5412.338	    0.173
5413.232	    0.152
5414.126	    0.177
5415.021	    0.195
5415.916	    0.205
5416.811	    0.199
5417.706	    0.184
5418.601	    0.199
5419.496	    0.199
5420.392	    0.203
5421.288	    0.203
5422.183	    0.189
5423.079	    0.211
5423.976	    0.228
5424.872	    0.216
5425.768	    0.168
5426.665	    0.204
5427.561	    0.246
5428.458	    0.217
5429.355	    0.191
5430.253	    0.157
5431.150	    0.171
5432.047	    0.194
5432.945	    0.195
5433.843	    0.168
5434.741	    0.170
5435.639	    0.201
5436.537	    0.167
5437.435	    0.164
5438.334	    0.187
5439.232	    0.147
5440.131	    0.158
5441.030	    0.175
5441.929	    0.164
5442.828	    0.157
5443.728	    0.197
5444.627	    0.204
5445.527	    0.203
5446.427	    0.211
5447.327	    0.205
5448.227	    0.203
5449.127	    0.211
5450.028	    0.203
5450.928	    0.209
5451.829	    0.214
5452.730	    0.205
5453.631	    0.181
5454.532	    0.184
5455.433	    0.206
5456.335	    0.204
5457.236	    0.212
5458.138	    0.210
5459.040	    0.185
5459.942	    0.179
5460.844	    0.169
5461.747	    0.117
5462.649	    0.135
5463.552	    0.180
5464.455	    0.181
5465.358	    0.197
5466.261	    0.179
5467.164	    0.153
5468.067	    0.167
5468.971	    0.176
5469.875	    0.157
5470.778	    0.175
5471.682	    0.185
5472.587	    0.157
5473.491	    0.117
5474.395	    0.134
5475.300	    0.165
5476.205	    0.212
5477.110	    0.202
5478.015	    0.177
5478.920	    0.184
5479.825	    0.193
5480.731	    0.204
5481.636	    0.199
5482.542	    0.189
5483.448	    0.183
5484.354	    0.210
5485.260	    0.208
5486.167	    0.225
5487.073	    0.232
5487.980	    0.204
5488.887	    0.199
5489.794	    0.201
5490.701	    0.200
5491.608	    0.222
5492.516	    0.232
5493.423	    0.198
5494.331	    0.186
5495.239	    0.189
5496.147	    0.179
5497.055	    0.175
5497.964	    0.168
5498.872	    0.179
5499.781	    0.195
5500.689	    0.202
5501.598	    0.200
5502.507	    0.205
5503.417	    0.195
5504.326	    0.212
5505.236	    0.221
5506.145	    0.203
5507.055	    0.187
5507.965	    0.187
5508.875	    0.201
5509.786	    0.222
5510.696	    0.217
5511.607	    0.221
5512.517	    0.235
5513.428	    0.207
5514.339	    0.164
5515.251	    0.170
5516.162	    0.179
5517.073	    0.177
5517.985	    0.199
5518.897	    0.221
5519.809	    0.208
5520.721	    0.174
5521.633	    0.190
5522.546	    0.217
5523.458	    0.222
5524.371	    0.227
5525.284	    0.215
5526.197	    0.196
5527.110	    0.189
5528.023	    0.195
5528.937	    0.214
5529.850	    0.237
5530.764	    0.244
5531.678	    0.227
5532.592	    0.220
5533.506	    0.223
5534.421	    0.235
5535.335	    0.228
5536.250	    0.200
5537.165	    0.206
5538.080	    0.225
5538.995	    0.215
5539.910	    0.192
5540.825	    0.178
5541.741	    0.178
5542.657	    0.190
5543.573	    0.190
5544.489	    0.186
5545.405	    0.195
5546.321	    0.204
5547.238	    0.202
5548.154	    0.213
5549.071	    0.217
5549.988	    0.214
5550.905	    0.207
5551.822	    0.199
5552.740	    0.201
5553.657	    0.206
5554.575	    0.200
5555.493	    0.185
5556.411	    0.174
5557.329	    0.154
5558.247	    0.203
5559.166	    0.212
5560.084	    0.192
5561.003	    0.216
5561.922	    0.220
5562.841	    0.210
5563.760	    0.216
5564.680	    0.210
5565.599	    0.200
5566.519	    0.189
5567.439	    0.171
5568.359	    0.205
5569.279	    0.223
5570.199	    0.219
5571.119	    0.207
5572.040	    0.191
5572.961	    0.200
5573.882	    0.203
5583.099	    0.242
5584.021	    0.238
5584.944	    0.232
5585.867	    0.237
5586.790	    0.260
5587.713	    0.260
5588.637	    0.233
5589.560	    0.205
5590.484	    0.144
5591.407	    0.168
5592.331	    0.214
5593.255	    0.210
5594.180	    0.240
5595.104	    0.248
5596.029	    0.242
5596.953	    0.227
5597.878	    0.222
5598.803	    0.227
5599.728	    0.224
5600.654	    0.235
5601.579	    0.252
5602.505	    0.262
5603.431	    0.261
5604.356	    0.239
5605.283	    0.207
5606.209	    0.200
5607.135	    0.210
5608.062	    0.232
5608.988	    0.240
5609.915	    0.234
5610.842	    0.234
5611.769	    0.252
5612.697	    0.270
5613.624	    0.263
5614.552	    0.252
5615.479	    0.258
5616.407	    0.264
5617.335	    0.260
5618.264	    0.250
5619.192	    0.255
5620.121	    0.259
5621.049	    0.258
5621.978	    0.260
5622.907	    0.245
5623.836	    0.228
5624.765	    0.221
5625.695	    0.232
5626.625	    0.252
5627.554	    0.259
5628.484	    0.257
5629.414	    0.242
5630.344	    0.237
5631.275	    0.246
5632.205	    0.260
5633.136	    0.262
5634.067	    0.246
5634.998	    0.242
5635.929	    0.255
5636.860	    0.257
5637.792	    0.251
5638.723	    0.241
5639.655	    0.251
5640.587	    0.259
5641.519	    0.262
5642.451	    0.254
5643.384	    0.260
5644.316	    0.282
5645.249	    0.288
5646.182	    0.289
5647.115	    0.252
5648.048	    0.249
5648.981	    0.290
5649.915	    0.304
5650.848	    0.284
5651.782	    0.272
5652.716	    0.263
5653.650	    0.269
5654.584	    0.352
5655.518	    0.389
5656.453	    0.280
5657.388	    0.282
5658.322	    0.276
5659.257	    0.271
5660.193	    0.274
5661.128	    0.282
5662.063	    0.269
5662.999	    0.262
5663.935	    0.243
5664.871	    0.246
5665.807	    0.244
5666.743	    0.239
5667.679	    0.248
5668.616	    0.235
5669.553	    0.239
5670.489	    0.245
5671.426	    0.254
5672.364	    0.250
5673.301	    0.257
5674.238	    0.261
5675.176	    0.274
5676.114	    0.284
5677.052	    0.283
5677.990	    0.256
5678.928	    0.257
5679.866	    0.271
5680.805	    0.276
5681.744	    0.267
5682.683	    0.254
5683.622	    0.249
5684.561	    0.261
5685.500	    0.265
5686.440	    0.251
5687.379	    0.245
5688.319	    0.236
5689.259	    0.216
5690.199	    0.203
5691.139	    0.217
5692.080	    0.230
5693.020	    0.217
5693.961	    0.235
5694.902	    0.245
5695.843	    0.258
5696.784	    0.264
5697.725	    0.258
5698.667	    0.258
5699.609	    0.275
5700.550	    0.280
5701.492	    0.292
5702.435	    0.303
5703.377	    0.288
5704.319	    0.266
5705.262	    0.271
5706.205	    0.267
5707.147	    0.284
5708.091	    0.262
5709.034	    0.244
5709.977	    0.268
5710.921	    0.254
5711.864	    0.263
5712.808	    0.276
5713.752	    0.252
5714.696	    0.260
5715.641	    0.288
5716.585	    0.277
5717.530	    0.268
5718.475	    0.287
5719.419	    0.280
5720.365	    0.280
5721.310	    0.284
5722.255	    0.285
5723.201	    0.271
5724.146	    0.256
5725.092	    0.258
5726.038	    0.274
5726.985	    0.279
5727.931	    0.276
5728.877	    0.267
5729.824	    0.274
5730.771	    0.260
5731.718	    0.266
5732.665	    0.281
5733.612	    0.260
5734.560	    0.270
5735.507	    0.255
5736.455	    0.301
5737.403	    0.294
5738.351	    0.277
5739.299	    0.264
5740.247	    0.265
5741.196	    0.277
5742.145	    0.225
5743.094	    0.221
5744.043	    0.246
5744.992	    0.232
5745.941	    0.279
5746.890	    0.271
5747.840	    0.278
5748.790	    0.265
5749.740	    0.247
5750.690	    0.254
5751.640	    0.234
5752.591	    0.237
5753.541	    0.261
5754.492	    0.260
5755.443	    0.250
5756.394	    0.253
5757.345	    0.246
5758.296	    0.245
5759.248	    0.249
5760.200	    0.271
5761.151	    0.260
5762.103	    0.248
5763.055	    0.271
5764.008	    0.284
5764.960	    0.278
5765.913	    0.285
5766.866	    0.296
5767.819	    0.282
5768.772	    0.267
5769.725	    0.287
5770.678	    0.267
5771.632	    0.254
5772.586	    0.241
5773.539	    0.274
5774.493	    0.269
5775.448	    0.271
5776.402	    0.275
5777.357	    0.264
5778.311	    0.246
5779.266	    0.265
5780.221	    0.274
5781.176	    0.276
5782.131	    0.264
5783.087	    0.231
5784.042	    0.237
5784.998	    0.254
5785.954	    0.252
5786.910	    0.242
5787.866	    0.242
5788.823	    0.227
5789.779	    0.227
5790.736	    0.253
5791.693	    0.254
5792.650	    0.246
5793.607	    0.248
5794.565	    0.250
5795.522	    0.246
5796.480	    0.255
5797.438	    0.288
5798.396	    0.246
5799.354	    0.225
5800.312	    0.242
5801.270	    0.264
5802.229	    0.268
5803.188	    0.235
5804.147	    0.234
5805.106	    0.239
5806.065	    0.254
5807.024	    0.235
5807.984	    0.239
5808.944	    0.253
5809.904	    0.262
5810.864	    0.231
5811.824	    0.222
5812.784	    0.232
5813.745	    0.216
5814.705	    0.205
5815.666	    0.178
5816.627	    0.200
5817.588	    0.179
5818.550	    0.232
5819.511	    0.222
5820.473	    0.213
5821.435	    0.215
5822.397	    0.211
5823.359	    0.202
5824.321	    0.178
5825.283	    0.194
5826.246	    0.219
5827.209	    0.201
5828.172	    0.184
5829.135	    0.193
5830.098	    0.198
5831.061	    0.233
5832.025	    0.185
5832.988	    0.218
5833.952	    0.200
5834.916	    0.209
5835.880	    0.209
5836.845	    0.177
5837.809	    0.195
5838.774	    0.252
5839.739	    0.268
5840.704	    0.248
5841.669	    0.263
5842.634	    0.267
5843.600	    0.261
5844.565	    0.254
5845.531	    0.234
5846.497	    0.205
5847.463	    0.204
5848.429	    0.226
5849.396	    0.184
5850.362	    0.174
5851.329	    0.175
5852.296	    0.175
5853.263	    0.146
5854.230	    0.189
5855.197	    0.203
5856.165	    0.181
5857.133	    0.177
5858.100	    0.213
5859.068	    0.203
5860.037	    0.182
5861.005	    0.156
5861.973	    0.125
5862.942	    0.102
5863.911	    0.093
5864.880	    0.058
5865.849	    0.109
5866.818	    0.116
5867.788	    0.143
5868.757	    0.138
5869.727	    0.039
5870.697	    0.061
5871.667	    0.119
5872.637	    0.072
5873.608	    0.122
5874.578	    0.072
5875.549	    0.132
5876.520	    0.109
5877.491	    0.098
5878.462	    0.140
5879.434	    0.166
5880.405	    0.154
5881.377	    0.112
5882.349	    0.090
5883.321	    0.111
5884.293	    0.131
5885.265	    0.061
5886.238	    0.109
5887.210	    0.182
5888.183	    0.312
5889.156	    0.445
5890.129	    0.483
5891.102	    0.472
5892.076	    0.451
5893.050	    0.426
5894.023	    0.359
5894.997	    0.329
5895.971	    0.339
5896.946	    0.333
5897.920	    0.335
5898.895	    0.303
5899.869	    0.197
5900.844	    0.077
5901.819	    0.072
5902.795	    0.061
5903.770	    0.128
5904.746	    0.147
5905.721	    0.124
5906.697	    0.119
5907.673	    0.152
5908.649	    0.114
5909.626	    0.055
5910.602	    0.102
5911.579	    0.102
5912.556	    0.125
5913.533	    0.124
5914.510	    0.077
5915.487	    0.043
5916.465	    0.061
5917.442	    0.061
5918.420	    0.019
5919.398	    0.117
5920.376	    0.151
5921.355	    0.111
5922.333	    0.058
5923.312	    0.047
5924.290	    0.047
5925.269	    0.067
5926.248	    0.055
5927.228	    0.055
5928.207	    0.067
5929.187	    0.070
5930.166	    0.075
5931.146	    0.090
5932.126	    0.187
5933.107	    0.231
5934.087	    0.290
5935.068	    0.345
5936.048	    0.361
5937.029	    0.329
5938.010	    0.265
5938.992	    0.136
5939.973	    0.067
5940.954	    0.111
5941.936	    0.109
5942.918	    0.109
5943.900	    0.100
5944.882	    0.027
5945.865	    0.019
5946.847	    0.131
5947.830	    0.171
5948.813	    0.236
5949.796	    0.339
5950.779	    0.401
5951.762	    0.432
5952.745	    0.411
5953.729	    0.396
5954.713	    0.388
5955.697	    0.362
5956.681	    0.362
5957.665	    0.386
5958.650	    0.377
5959.634	    0.363
5960.619	    0.349
5961.604	    0.301
5962.589	    0.216
5963.574	    0.156
5964.560	    0.098
5965.546	    0.136
5966.531	    0.143
5967.517	    0.200
5968.503	    0.388
5969.490	    0.443
5970.476	    0.116
5971.463	    0.112
5972.449	    0.082
5973.436	    0.067
5974.423	    0.128
5975.410	    0.160
5976.398	    0.058
5977.385	    0.039
5978.373	    0.096
5979.361	    0.106
5980.349	    0.146
5981.337	    0.139
5982.326	    0.086
5983.314	    0.106
5984.303	    0.147
5985.292	    0.178
5986.281	    0.107
5987.270	    0.140
5988.259	    0.180
5989.249	    0.171
5990.238	    0.161
5991.228	    0.187
5992.218	    0.202
5993.208	    0.173
5994.199	    0.129
5995.189	    0.154
5996.180	    0.152
5997.171	    0.134
5998.162	    0.127
5999.153	    0.129
6000.144	    0.075
6001.136	    0.077
6002.127	    0.119
6003.119	    0.135
6004.111	    0.165
6005.103	    0.148
6006.095	    0.116
6007.088	    0.136
6008.081	    0.095
6009.073	    0.163
6010.066	    0.181
6011.059	    0.173
6012.053	    0.170
6013.046	    0.164
6014.040	    0.182
6015.033	    0.171
6016.027	    0.180
6017.022	    0.178
6018.016	    0.205
6019.010	    0.195
6020.005	    0.222
6021.000	    0.208
6021.994	    0.180
6022.990	    0.135
6023.985	    0.088
6024.980	    0.136
6025.976	    0.170
6026.972	    0.156
6027.967	    0.153
6028.964	    0.188
6029.960	    0.144
6030.956	    0.098
6031.953	    0.107
6032.949	    0.132
6033.946	    0.139
6034.943	    0.135
6035.941	    0.128
6036.938	    0.140
6037.936	    0.156
6038.933	    0.178
6039.931	    0.176
6040.929	    0.142
6041.927	    0.138
6042.926	    0.140
6043.924	    0.166
6044.923	    0.182
6045.922	    0.186
6046.921	    0.163
6047.920	    0.151
6048.920	    0.166
6049.919	    0.166
6050.919	    0.135
6051.919	    0.143
6052.919	    0.147
6053.919	    0.154
6054.919	    0.192
6055.920	    0.163
6056.920	    0.129
6057.921	    0.120
6058.922	    0.139
6059.924	    0.154
6060.925	    0.169
6061.926	    0.154
6062.928	    0.135
6063.930	    0.084
6064.932	    0.058
6065.934	    0.047
6066.937	    0.095
6067.939	    0.102
6068.942	    0.095
6069.945	    0.147
6070.948	    0.157
6071.951	    0.140
6072.954	    0.140
6073.958	    0.185
6074.961	    0.168
6075.965	    0.100
6076.969	    0.127
6077.973	    0.161
6078.978	    0.149
6079.982	    0.114
6080.987	    0.119
6081.992	    0.033
6082.997	    0.098
6084.002	    0.067
6085.007	    0.147
6086.013	    0.135
6087.018	    0.138
6088.024	    0.129
6089.030	    0.129
6090.036	    0.088
6091.043	    0.102
6092.049	    0.064
6093.056	    0.082
6094.063	    0.058
6095.070	    0.111
6096.077	    0.043
6097.084	    0.111
6098.092	    0.039
6099.099	    0.095
6100.107	    0.140
6101.115	    0.134
6102.123	    0.096
6103.132	    0.019
6104.140	    0.104
6105.149	    0.128
6106.157	    0.117
6107.166	    0.109
6108.176	    0.093
6109.185	    0.090
6110.194	    0.106
6111.204	    0.152
6112.214	    0.173
6113.224	    0.163
6114.234	    0.098
6115.244	    0.096
6116.255	    0.143
6117.266	    0.122
6118.276	    0.112
6119.287	    0.136
6120.299	    0.127
6121.310	    0.134
6122.321	    0.166
6123.333	    0.088
6124.345	    0.082
6125.357	    0.088
6126.369	    0.027
6127.381	    0.075
6128.394	    0.132
6129.407	    0.167
6130.419	    0.160
6131.432	    0.135
6132.446	    0.125
6133.459	    0.179
6134.472	    0.204
6135.486	    0.178
6136.500	    0.208
6137.514	    0.232
6138.528	    0.230
6139.542	    0.221
6140.557	    0.213
6141.572	    0.194
6142.586	    0.188
6143.601	    0.210
6144.617	    0.208
6145.632	    0.232
6146.648	    0.222
6147.663	    0.159
6148.679	    0.195
6149.695	    0.197
6150.711	    0.180
6151.728	    0.183
6152.744	    0.182
6153.761	    0.186
6154.778	    0.232
6155.795	    0.246
6156.812	    0.245
6157.829	    0.244
6158.847	    0.242
6159.865	    0.242
6160.882	    0.241
6161.900	    0.240
6162.919	    0.239
6163.937	    0.238
6164.956	    0.237
6165.974	    0.236
6166.993	    0.235
6168.012	    0.234
6169.031	    0.232
6170.051	    0.232
6171.070	    0.231
6172.090	    0.229
6173.110	    0.228
6174.130	    0.227
6175.150	    0.226
6176.171	    0.225
6177.191	    0.223
6178.212	    0.224
6179.233	    0.230
6180.254	    0.227
6181.275	    0.216
6182.296	    0.189
6183.318	    0.181
6184.340	    0.179
6185.362	    0.181
6186.384	    0.200
6187.406	    0.216
6188.428	    0.235
6189.451	    0.204
6190.474	    0.163
6191.497	    0.179
6192.520	    0.228
6193.543	    0.236
6194.567	    0.271
6195.590	    0.276
6196.614	    0.248
6197.638	    0.232
6198.662	    0.234
6199.686	    0.223
6200.711	    0.223
6201.735	    0.235
6202.760	    0.232
6203.785	    0.260
6204.810	    0.258
6205.835	    0.262
6206.861	    0.267
6207.887	    0.250
6208.912	    0.228
6209.938	    0.214
6210.964	    0.216
6211.991	    0.246
6213.017	    0.221
6214.044	    0.217
6215.071	    0.217
6216.098	    0.201
6217.125	    0.190
6218.152	    0.194
6219.180	    0.191
6220.207	    0.218
6221.235	    0.215
6222.263	    0.234
6223.291	    0.264
6224.320	    0.265
6225.348	    0.242
6226.377	    0.195
6227.406	    0.152
6228.435	    0.184
6229.464	    0.211
6230.493	    0.176
6231.523	    0.212
6232.553	    0.207
6233.583	    0.251
6234.613	    0.314
6235.643	    0.347
6236.673	    0.373
6237.704	    0.368
6238.734	    0.353
6239.765	    0.336
6240.796	    0.309
6241.828	    0.279
6242.859	    0.286
6243.891	    0.274
6244.922	    0.252
6245.954	    0.276
6246.986	    0.278
6248.019	    0.241
6249.051	    0.217
6250.084	    0.228
6251.117	    0.220
6252.149	    0.199
6253.183	    0.171
6254.216	    0.186
6255.249	    0.220
6256.283	    0.279
6257.317	    0.343
6258.351	    0.367
6259.385	    0.354
6260.419	    0.359
6261.454	    0.347
6262.488	    0.274
6263.523	    0.246
6264.558	    0.289
6265.593	    0.303
6266.629	    0.276
6267.664	    0.254
6268.700	    0.246
6269.736	    0.239
6270.772	    0.253
6271.808	    0.240
6272.844	    0.243
6273.881	    0.239
6274.918	    0.227
6275.954	    0.232
6276.991	    0.212
6278.029	    0.175
6279.066	    0.136
6280.104	    0.051
6281.141	    0.095
6282.179	    0.128
6283.217	    0.117
6284.256	    0.144
6285.294	    0.184
6286.333	    0.264
6287.371	    0.316
6288.410	    0.311
6289.449	    0.321
6290.489	    0.332
6291.528	    0.262
6292.568	    0.200
6293.608	    0.200
6294.648	    0.192
6295.688	    0.181
6296.728	    0.235
6306.099	    0.301
6307.141	    0.327
6308.183	    0.356
6309.225	    0.363
6310.268	    0.342
6311.310	    0.255
6312.353	    0.171
6313.396	    0.191
6314.440	    0.201
6315.483	    0.212
6316.527	    0.194
6317.570	    0.167
6318.614	    0.189
6319.658	    0.242
6320.703	    0.278
6321.747	    0.278
6322.792	    0.274
6323.837	    0.264
6324.882	    0.267
6325.927	    0.267
6326.972	    0.269
6328.017	    0.293
6329.063	    0.339
6330.109	    0.361
6331.155	    0.364
6332.201	    0.356
6333.247	    0.315
6334.294	    0.250
6335.341	    0.195
6336.388	    0.188
6337.435	    0.216
6338.482	    0.215
6339.529	    0.209
6340.577	    0.229
6341.624	    0.214
6342.672	    0.175
6343.720	    0.181
6344.769	    0.166
6345.817	    0.146
6346.866	    0.158
6347.914	    0.171
6348.963	    0.128
6350.012	    0.104
6351.062	    0.161
6352.111	    0.191
6353.161	    0.190
6354.211	    0.211
6355.261	    0.274
6356.311	    0.313
6357.361	    0.326
6358.412	    0.317
6359.462	    0.304
6360.513	    0.283
6361.564	    0.373
6362.615	    0.612
6363.667	    0.761
6364.718	    0.795
6365.770	    0.802
6366.822	    0.775
6367.874	    0.611
6368.926	    0.347
6369.979	    0.237
6371.031	    0.222
6372.084	    0.227
6373.137	    0.235
6374.190	    0.212
6375.243	    0.190
6376.297	    0.203
6377.350	    0.182
6378.404	    0.179
6379.458	    0.228
6380.512	    0.250
6381.567	    0.252
6382.621	    0.217
6383.676	    0.203
6384.731	    0.226
6385.786	    0.265
6386.841	    0.270
6387.896	    0.246
6388.952	    0.270
6390.008	    0.270
6391.063	    0.222
6392.120	    0.227
6393.176	    0.235
6394.232	    0.213
6395.289	    0.164
6396.346	    0.190
6397.403	    0.240
6398.460	    0.275
6399.517	    0.250
6400.574	    0.198
6401.632	    0.173
6402.690	    0.210
6403.748	    0.180
6404.806	    0.209
6405.864	    0.235
6406.923	    0.221
6407.982	    0.213
6409.040	    0.225
6410.099	    0.231
6411.159	    0.210
6412.218	    0.189
6413.278	    0.227
6414.337	    0.242
6415.397	    0.245
6416.457	    0.216
6417.518	    0.210
6418.578	    0.217
6419.639	    0.240
6420.700	    0.246
6421.760	    0.229
6422.822	    0.223
6423.883	    0.211
6424.944	    0.201
6426.006	    0.224
6427.068	    0.252
6428.130	    0.254
6429.192	    0.247
6430.255	    0.261
6431.317	    0.267
6432.380	    0.260
6433.443	    0.236
6434.506	    0.214
6435.569	    0.227
6436.632	    0.246
6437.696	    0.233
6438.760	    0.228
6439.824	    0.239
6440.888	    0.232
6441.952	    0.225
6443.017	    0.239
6444.081	    0.220
6445.146	    0.195
6446.211	    0.186
6447.276	    0.193
6448.342	    0.225
6449.407	    0.234
6450.473	    0.206
6451.539	    0.246
6452.605	    0.256
6453.671	    0.246
6454.738	    0.208
6455.804	    0.186
6456.871	    0.189
6457.938	    0.202
6459.005	    0.181
6460.072	    0.190
6461.140	    0.210
6462.207	    0.244
6463.275	    0.258
6464.343	    0.282
6465.411	    0.329
6466.480	    0.335
6467.548	    0.309
6468.617	    0.296
6469.686	    0.319
6470.755	    0.304
6471.824	    0.315
6472.894	    0.300
6473.963	    0.282
6475.033	    0.260
6476.103	    0.199
6477.173	    0.200
6478.243	    0.230
6479.314	    0.231
6480.385	    0.234
6481.455	    0.210
6482.526	    0.182
6483.598	    0.183
6484.669	    0.156
6485.740	    0.166
6486.812	    0.170
6487.884	    0.209
6488.956	    0.232
6490.028	    0.224
6491.101	    0.219
6492.173	    0.214
6493.246	    0.207
6494.319	    0.198
6495.392	    0.198
6496.466	    0.226
6497.539	    0.295
6498.613	    0.339
6499.687	    0.349
6500.761	    0.348
6501.835	    0.342
6502.909	    0.300
6503.984	    0.259
6505.058	    0.249
6506.133	    0.239
6507.208	    0.253
6508.284	    0.260
6509.359	    0.232
6510.435	    0.196
6511.511	    0.164
6512.587	    0.167
6513.663	    0.144
6514.739	    0.168
6515.816	    0.170
6516.892	    0.138
6517.969	    0.136
6519.046	    0.160
6520.123	    0.170
6521.201	    0.134
6522.278	    0.166
6523.356	    0.209
6524.434	    0.252
6525.512	    0.220
6526.590	    0.187
6527.669	    0.163
6528.748	    0.159
6529.826	    0.177
6530.905	    0.180
6531.985	    0.268
6533.064	    0.319
6534.143	    0.322
6535.223	    0.328
6536.303	    0.309
6537.383	    0.241
6538.463	    0.194
6539.544	    0.169
6540.624	    0.164
6541.705	    0.200
6542.786	    0.235
6543.867	    0.230
6544.949	    0.239
6546.030	    0.259
6547.112	    0.267
6548.194	    0.213
6549.276	    0.169
6550.358	    0.167
6551.440	    0.203
6552.523	    0.290
6553.606	    0.349
6554.689	    0.350
6555.772	    0.322
6556.855	    0.296
6557.938	    0.214
6559.022	    0.102
6560.106	    0.120
6561.190	    0.168
6562.274	    0.229
6563.358	    0.269
6564.443	    0.301
6565.528	    0.318
6566.613	    0.271
6567.698	    0.220
6568.783	    0.203
6569.868	    0.197
6570.954	    0.210
6572.040	    0.232
6573.126	    0.224
6574.212	    0.211
6575.298	    0.221
6576.385	    0.269
6577.471	    0.291
6578.558	    0.302
6579.645	    0.314
6580.733	    0.286
6581.820	    0.189
6582.908	    0.176
6583.995	    0.199
6585.083	    0.129
6586.171	    0.117
6587.260	    0.116
6588.348	    0.160
6589.437	    0.167
6590.526	    0.158
6591.615	    0.169
6592.704	    0.171
6593.793	    0.168
6594.883	    0.165
6595.973	    0.185
6597.063	    0.180
6598.153	    0.212
6599.243	    0.238
6600.334	    0.183
6601.424	    0.176
6602.515	    0.208
6603.606	    0.258
6604.697	    0.262
6605.789	    0.265
6606.880	    0.274
6607.972	    0.239
6609.064	    0.199
6610.156	    0.248
6611.248	    0.345
6612.341	    0.574
6613.433	    0.817
6614.526	    1.007
6615.619	    1.087
6616.712	    1.020
6617.806	    0.761
6618.899	    0.495
6619.993	    0.326
6621.087	    0.253
6622.181	    0.246
6623.275	    0.272
6624.370	    0.349
6625.464	    0.577
6626.559	    1.045
6627.654	    1.731
6628.749	    2.409
6629.844	    2.803
6630.940	    2.819
6632.036	    2.430
6633.132	    1.699
6634.228	    0.959
6635.324	    0.520
6636.420	    0.403
6637.517	    0.347
6638.614	    0.307
6639.711	    0.284
6640.808	    0.285
6641.905	    0.287
6643.003	    0.272
6644.100	    0.277
6645.198	    0.291
6646.296	    0.414
6647.395	    0.723
6648.493	    1.164
6649.592	    1.587
6650.691	    1.846
6651.789	    1.890
6652.889	    1.616
6653.988	    1.116
6655.087	    0.659
6656.187	    0.417
6657.287	    0.289
6658.387	    0.221
6659.487	    0.189
6660.588	    0.135
6661.688	    0.156
6662.789	    0.200
6663.890	    0.139
6664.991	    0.186
6666.093	    0.171
6667.194	    0.192
6668.296	    0.168
6669.398	    0.174
6670.500	    0.185
6671.602	    0.178
6672.705	    0.100
6673.807	    0.095
6674.910	    0.082
6676.013	    0.111
6677.116	    0.120
6678.219	    0.075
6679.323	    0.033
6680.427	    0.082
6681.530	    0.112
6682.635	    0.111
6683.739	    0.131
6684.843	    0.111
6685.948	    0.160
6687.053	    0.186
6688.158	    0.152
6689.263	    0.119
6690.368	    0.112
6691.474	    0.033
6692.579	    0.086
6693.685	    0.116
6694.791	    0.055
6695.898	    0.165
6697.004	    0.124
6698.111	    0.033
6699.217	    0.061
6700.324	    0.055
6701.432	    0.019
6702.539	    0.061
6703.647	    0.043
6704.754	    0.077
6705.862	    0.064
6706.970	    0.039
6708.079	    0.019
6709.187	    0.027
6710.296	    0.019
6711.404	    0.033
6712.513	    0.064
6713.623	    0.090
6714.732	    0.077
6715.842	    0.077
6716.951	    0.039
6718.061	    0.096
6719.171	    0.072
6720.282	    0.019
6721.392	    0.093
6722.503	    0.061
6723.614	    0.088
6724.725	    0.027
6725.836	    0.019
6726.947	    0.077
6728.059	    0.043
6729.171	    0.064
6730.283	    0.064
6731.395	    0.104
6732.507	    0.084
6733.619	    0.098
6734.732	    0.125
6735.845	    0.080
6736.958	    0.067
6738.071	    0.084
6739.185	    0.051
6740.298	    0.095
6741.412	    0.090
6742.526	    0.058
6743.640	    0.117
6744.754	    0.080
6745.869	    0.135
6746.984	    0.188
6748.099	    0.159
6749.214	    0.077
6750.329	    0.033
6751.444	    0.039
6752.560	    0.058
6753.676	    0.090
6754.792	    0.128
6755.908	    0.061
6757.024	    0.098
6758.141	    0.096
6759.258	    0.106
6760.374	    0.100
6761.492	    0.096
6762.609	    0.112
6763.726	    0.148
6764.844	    0.187
6765.962	    0.168
6767.080	    0.149
6768.198	    0.167
6769.316	    0.159
6770.435	    0.163
6771.554	    0.132
6772.673	    0.151
6773.792	    0.147
6774.911	    0.119
6776.031	    0.152
6777.150	    0.152
6778.270	    0.143
6779.390	    0.061
6780.510	    0.136
6781.631	    0.299
6782.752	    0.552
6783.872	    0.791
6784.993	    0.922
6786.114	    0.921
6787.236	    0.774
6788.357	    0.526
6789.479	    0.278
6790.601	    0.111
6791.723	    0.072
6792.845	    0.114
6793.968	    0.144
6795.090	    0.027
6796.213	    0.287
6797.336	    0.522
6798.459	    0.716
6799.583	    0.837
6800.706	    0.852
6801.830	    0.688
6802.954	    0.439
6804.078	    0.214
6805.203	    0.051
6806.327	    0.156
6807.452	    0.174
6808.577	    0.176
6809.702	    0.171
6810.827	    0.188
6811.952	    0.183
6813.078	    0.180
6814.204	    0.157
6815.330	    0.143
6816.456	    0.180
6817.582	    0.211
6818.709	    0.197
6819.836	    0.193
6820.963	    0.183
6822.090	    0.192
6823.217	    0.210
6824.344	    0.199
6825.472	    0.163
6826.600	    0.107
6827.728	    0.217
6828.856	    0.318
6829.985	    0.322
6831.113	    0.316
6832.242	    0.345
6833.371	    0.346
6834.500	    0.291
6835.630	    0.278
6836.759	    0.243
6837.889	    0.152
6839.019	    0.116
6840.149	    0.153
6841.279	    0.039
6842.410	    0.114
6843.540	    0.098
6844.671	    0.039
6845.802	    0.104
6846.933	    0.129
6848.065	    0.129
6849.196	    0.127
6850.328	    0.129
6851.460	    0.166
6852.592	    0.168
6853.724	    0.177
6854.857	    0.182
6855.990	    0.190
6857.123	    0.200
6858.256	    0.173
6859.389	    0.156
6860.522	    0.151
6861.656	    0.082
6862.790	    0.301
6863.924	    0.386
6865.058	    0.399
6866.193	    0.353
6867.327	    0.183
6868.462	    0.296
6869.597	    0.383
6870.732	    0.416
6871.867	    0.415
6873.003	    0.393
6874.139	    0.381
6875.274	    0.381
6876.411	    0.384
6877.547	    0.366
6878.683	    0.335
6879.820	    0.262
6880.957	    0.208
6882.094	    0.201
6883.231	    0.201
6884.368	    0.204
6885.506	    0.279
6886.644	    0.285
6887.782	    0.266
6888.920	    0.253
6890.058	    0.233
6891.197	    0.211
6892.335	    0.267
6893.474	    0.270
6894.613	    0.299
6895.753	    0.308
6896.892	    0.311
6898.032	    0.299
6899.172	    0.287
6900.312	    0.245
6901.452	    0.224
6902.592	    0.254
6903.733	    0.238
6904.874	    0.234
6906.015	    0.271
6907.156	    0.290
6908.297	    0.288
6909.439	    0.270
6910.580	    0.245
6911.722	    0.201
6912.864	    0.144
6914.007	    0.084
6915.149	    0.043
6916.292	    0.142
6917.435	    0.227
6918.578	    0.259
6919.721	    0.262
6920.865	    0.207
6922.008	    0.107
6923.152	    0.194
6924.296	    0.211
6925.440	    0.222
6926.584	    0.120
6927.729	    0.207
6928.874	    0.239
6930.019	    0.251
6931.164	    0.245
6932.309	    0.236
6933.455	    0.218
6934.600	    0.232
6935.746	    0.237
6936.892	    0.194
6938.039	    0.122
6939.185	    0.067
6940.332	    0.112
6941.479	    0.075
6942.626	    0.033
6943.773	    0.184
6944.920	    0.218
6946.068	    0.231
6947.216	    0.070
6948.364	    0.248
6949.512	    0.264
6950.660	    0.269
6951.809	    0.246
6952.957	    0.082
6954.106	    0.171
6955.255	    0.200
6956.405	    0.220
6957.554	    0.228
6958.704	    0.214
6959.854	    0.182
6961.004	    0.205
6962.154	    0.217
6963.304	    0.217
6964.455	    0.207
6965.606	    0.218
6966.757	    0.209
6967.908	    0.177
6969.059	    0.168
6970.211	    0.151
6971.363	    0.154
6972.515	    0.169
6973.667	    0.206
6974.819	    0.224
6975.972	    0.169
6977.125	    0.043
6978.277	    0.190
6979.431	    0.197
6980.584	    0.177
6981.737	    0.098
6982.891	    0.194
6984.045	    0.225
6985.199	    0.217
6986.353	    0.217
6987.508	    0.208
6988.662	    0.235
6989.817	    0.210
6990.972	    0.200
6992.127	    0.236
6993.283	    0.249
6994.438	    0.210
6995.594	    0.213
6996.750	    0.252
6997.906	    0.260
6999.063	    0.257
7000.219	    0.248
7001.376	    0.247
7002.533	    0.226
7003.690	    0.199
7004.847	    0.193
7006.005	    0.206
7007.162	    0.225
7008.320	    0.238
7009.478	    0.215
7010.636	    0.173
7011.795	    0.140
7012.954	    0.163
7014.112	    0.188
7015.271	    0.239
7016.431	    0.260
7017.590	    0.263
7018.750	    0.265
7019.909	    0.255
7021.069	    0.252
7022.230	    0.263
7023.390	    0.252
7024.551	    0.254
7025.711	    0.257
7026.872	    0.251
7028.033	    0.249
7029.195	    0.265
7030.356	    0.270
7031.518	    0.245
7032.680	    0.249
7033.842	    0.264
7035.004	    0.246
7036.167	    0.214
7037.329	    0.247
7038.492	    0.266
7039.655	    0.248
7040.819	    0.210
7041.982	    0.215
7043.146	    0.210
7044.309	    0.226
7045.473	    0.229
7046.638	    0.211
7047.802	    0.191
7048.967	    0.197
7050.131	    0.217
7051.296	    0.218
7052.462	    0.232
7053.627	    0.250
7054.792	    0.267
7055.958	    0.272
7057.124	    0.269
7058.290	    0.280
7059.457	    0.271
7060.623	    0.239
7061.790	    0.254
7062.957	    0.285
7064.124	    0.287
7065.291	    0.269
7066.459	    0.252
7067.626	    0.256
7068.794	    0.252
7069.962	    0.259
7071.130	    0.285
7072.299	    0.285
7073.468	    0.291
7074.636	    0.292
7075.805	    0.287
7076.975	    0.287
7078.144	    0.292
7079.314	    0.285
7080.483	    0.262
7081.653	    0.228
7082.824	    0.238
7083.994	    0.252
7085.165	    0.234
7086.335	    0.230
7087.506	    0.242
7088.677	    0.261
7089.849	    0.282
7091.020	    0.284
7092.192	    0.280
7093.364	    0.271
7094.536	    0.296
7095.708	    0.283
7096.881	    0.282
7098.054	    0.285
7099.227	    0.282
7100.400	    0.280
7101.573	    0.282
7102.746	    0.284
7103.920	    0.297
7105.094	    0.301
7106.268	    0.276
7107.442	    0.274
7108.617	    0.274
7109.791	    0.282
7110.966	    0.282
7112.141	    0.260
7113.316	    0.245
7114.492	    0.274
7115.667	    0.278
7116.843	    0.283
7118.019	    0.285
