wlen 	 newgal_spectrum 
  4259.984 	     -0.074
  4260.688 	     -0.074
  4261.392 	     -0.075
  4262.096 	     -0.075
  4262.800 	     -0.075
  4263.505 	     -0.075
  4264.209 	     -0.075
  4264.914 	     -0.075
  4265.618 	     -0.075
  4266.323 	     -0.075
  4267.028 	     -0.075
  4267.733 	     -0.075
  4268.439 	     -0.075
  4269.144 	     -0.075
  4269.849 	     -0.075
  4270.555 	     -0.075
  4271.261 	     -0.075
  4271.966 	     -0.086
  4272.672 	     -0.106
  4273.378 	     -0.070
  4274.084 	     -0.008
  4274.791 	      0.019
  4275.497 	      0.013
  4276.204 	      0.019
  4276.910 	      0.032
  4277.617 	      0.054
  4278.324 	     -0.023
  4279.031 	     -0.025
  4279.738 	     -0.002
  4280.445 	      0.041
  4281.152 	      0.053
  4281.860 	      0.010
  4282.567 	     -0.010
  4283.275 	     -0.010
  4283.983 	      0.002
  4284.691 	     -0.002
  4285.399 	     -0.026
  4286.107 	     -0.040
  4286.815 	     -0.013
  4287.523 	     -0.009
  4288.232 	     -0.012
  4288.940 	     -0.005
  4289.649 	      0.013
  4290.358 	     -0.001
  4291.067 	      0.011
  4291.776 	      0.004
  4292.485 	     -0.013
  4293.194 	     -0.031
  4293.904 	     -0.022
  4294.613 	     -0.021
  4295.323 	     -0.029
  4296.033 	     -0.051
  4296.743 	     -0.025
  4297.453 	     -0.012
  4298.163 	     -0.018
  4298.873 	     -0.044
  4299.583 	     -0.083
  4300.294 	     -0.083
  4301.004 	     -0.069
  4301.715 	     -0.044
  4302.426 	     -0.006
  4303.137 	     -0.009
  4303.848 	     -0.031
  4304.559 	     -0.040
  4305.270 	     -0.026
  4305.982 	     -0.037
  4306.693 	     -0.030
  4307.405 	     -0.013
  4308.117 	      0.005
  4308.829 	     -0.010
  4309.541 	     -0.031
  4310.253 	     -0.042
  4310.965 	     -0.050
  4311.677 	     -0.055
  4312.390 	     -0.041
  4313.102 	     -0.051
  4313.815 	     -0.037
  4314.528 	     -0.008
  4315.241 	     -0.053
  4315.954 	     -0.048
  4316.667 	     -0.034
  4317.380 	     -0.020
  4318.094 	     -0.013
  4318.807 	     -0.002
  4319.521 	     -0.003
  4320.235 	      0.007
  4320.949 	      0.025
  4321.663 	     -0.021
  4322.377 	     -0.048
  4323.091 	     -0.034
  4323.805 	     -0.007
  4324.520 	      0.005
  4325.234 	     -0.046
  4325.949 	     -0.047
  4326.664 	     -0.016
  4327.379 	      0.041
  4328.094 	      0.033
  4328.809 	      0.017
  4329.524 	      0.020
  4330.240 	      0.028
  4330.955 	      0.025
  4331.671 	      0.009
  4332.387 	      0.003
  4333.103 	     -0.002
  4333.819 	     -0.008
  4334.535 	      0.001
  4335.251 	     -0.005
  4335.968 	      0.002
  4336.684 	      0.019
  4337.401 	      0.043
  4338.117 	      0.044
  4338.834 	      0.001
  4339.551 	     -0.042
  4340.268 	     -0.073
  4340.985 	     -0.043
  4341.703 	     -0.024
  4342.420 	     -0.029
  4343.138 	     -0.036
  4343.855 	     -0.028
  4344.573 	     -0.036
  4345.291 	     -0.008
  4346.009 	      0.014
  4346.727 	      0.024
  4347.445 	      0.013
  4348.164 	      0.030
  4348.882 	      0.035
  4349.601 	      0.034
  4350.320 	      0.029
  4351.039 	      0.020
  4351.758 	     -0.007
  4352.477 	     -0.028
  4353.196 	     -0.041
  4353.915 	     -0.030
  4354.635 	      0.004
  4355.354 	      0.026
  4356.074 	      0.029
  4356.794 	      0.008
  4357.514 	     -0.000
  4358.234 	      0.070
  4358.954 	      0.121
  4359.674 	      0.154
  4360.394 	      0.164
  4361.115 	      0.171
  4361.836 	      0.139
  4362.556 	      0.114
  4363.277 	      0.102
  4363.998 	      0.104
  4364.719 	      0.086
  4365.441 	      0.071
  4366.162 	      0.056
  4366.883 	      0.041
  4367.605 	      0.051
  4368.327 	      0.057
  4369.049 	      0.040
  4369.771 	      0.011
  4370.493 	     -0.007
  4371.215 	     -0.013
  4371.937 	      0.012
  4372.660 	      0.032
  4373.382 	      0.038
  4374.105 	      0.016
  4374.828 	     -0.001
  4375.550 	      0.023
  4376.273 	      0.053
  4376.997 	      0.068
  4377.720 	      0.059
  4378.443 	      0.072
  4379.167 	      0.067
  4379.890 	      0.057
  4380.614 	      0.076
  4381.338 	      0.063
  4382.062 	      0.094
  4382.786 	      0.145
  4383.510 	      0.208
  4384.235 	      0.236
  4384.959 	      0.355
  4385.684 	      0.428
  4386.408 	      0.451
  4387.133 	      0.408
  4387.858 	      0.202
  4388.583 	      0.128
  4389.308 	      0.094
  4390.034 	      0.083
  4390.759 	      0.070
  4391.485 	      0.089
  4392.210 	      0.094
  4392.936 	      0.104
  4393.662 	      0.112
  4394.388 	      0.078
  4395.114 	      0.049
  4395.840 	      0.035
  4396.567 	      0.039
  4397.293 	      0.061
  4398.020 	      0.072
  4398.747 	      0.107
  4399.473 	      0.104
  4400.200 	      0.089
  4400.928 	      0.079
  4401.655 	      0.076
  4402.382 	      0.072
  4403.110 	      0.066
  4403.837 	      0.060
  4404.565 	      0.060
  4405.293 	      0.010
  4406.021 	      0.011
  4406.749 	      0.033
  4407.477 	      0.062
  4408.205 	      0.070
  4408.934 	      0.084
  4409.662 	      0.105
  4410.391 	      0.104
  4411.119 	      0.079
  4411.848 	      0.039
  4412.577 	      0.082
  4413.307 	      0.080
  4414.036 	      0.064
  4414.765 	      0.048
  4415.495 	      0.072
  4416.224 	      0.073
  4416.954 	      0.067
  4417.684 	      0.060
  4418.414 	      0.056
  4419.144 	      0.062
  4419.874 	      0.059
  4420.605 	      0.058
  4421.335 	      0.057
  4422.066 	      0.050
  4422.796 	      0.034
  4423.527 	      0.042
  4424.258 	      0.059
  4424.989 	      0.073
  4425.720 	      0.064
  4426.452 	      0.054
  4427.183 	      0.037
  4427.915 	      0.031
  4428.646 	      0.033
  4429.378 	      0.028
  4430.110 	      0.006
  4430.842 	      0.029
  4431.574 	      0.038
  4432.307 	      0.028
  4433.039 	      0.017
  4433.772 	     -0.021
  4434.504 	     -0.026
  4435.237 	     -0.010
  4435.970 	      0.018
  4436.703 	      0.033
  4437.436 	      0.022
  4438.169 	      0.040
  4438.903 	      0.069
  4439.636 	      0.092
  4440.370 	      0.022
  4441.103 	     -0.005
  4441.837 	     -0.018
  4442.571 	     -0.004
  4443.305 	      0.034
  4444.040 	      0.046
  4444.774 	      0.039
  4445.508 	      0.031
  4446.243 	      0.030
  4446.978 	      0.037
  4447.713 	      0.022
  4448.447 	      0.025
  4449.183 	      0.033
  4449.918 	      0.028
  4450.653 	      0.007
  4451.388 	      0.016
  4452.124 	      0.034
  4452.860 	      0.044
  4453.596 	      0.040
  4454.331 	      0.021
  4455.067 	      0.034
  4455.804 	      0.055
  4456.540 	      0.046
  4457.276 	      0.033
  4458.013 	      0.024
  4458.750 	      0.003
  4459.486 	     -0.017
  4460.223 	     -0.027
  4460.960 	     -0.038
  4461.697 	     -0.049
  4462.435 	     -0.039
  4463.172 	     -0.018
  4463.909 	     -0.009
  4464.647 	     -0.008
  4465.385 	     -0.008
  4466.123 	      0.021
  4466.861 	      0.026
  4467.599 	      0.019
  4468.337 	      0.024
  4469.075 	      0.043
  4469.814 	      0.046
  4470.552 	      0.069
  4471.291 	      0.080
  4472.030 	      0.071
  4472.769 	      0.050
  4473.508 	      0.062
  4474.247 	      0.020
  4474.987 	     -0.014
  4475.726 	     -0.021
  4476.466 	     -0.005
  4477.205 	      0.003
  4477.945 	      0.021
  4478.685 	      0.047
  4479.425 	      0.016
  4480.165 	     -0.037
  4480.906 	     -0.016
  4481.646 	      0.006
  4482.387 	      0.024
  4483.127 	      0.032
  4483.868 	      0.041
  4484.609 	      0.072
  4485.350 	      0.047
  4486.091 	      0.054
  4486.833 	      0.053
  4487.574 	      0.046
  4488.316 	      0.042
  4489.057 	      0.036
  4489.799 	      0.036
  4490.541 	      0.052
  4491.283 	      0.066
  4492.025 	      0.063
  4492.767 	      0.059
  4493.510 	      0.067
  4494.252 	      0.039
  4494.995 	      0.020
  4495.738 	      0.029
  4496.481 	      0.049
  4497.224 	      0.039
  4497.967 	      0.043
  4498.710 	      0.045
  4499.453 	      0.042
  4500.197 	      0.039
  4500.940 	      0.021
  4501.684 	      0.003
  4502.428 	      0.002
  4503.172 	      0.021
  4503.916 	      0.057
  4504.660 	      0.058
  4505.405 	      0.032
  4506.149 	      0.040
  4506.894 	      0.069
  4507.639 	      0.097
  4508.383 	      0.072
  4509.128 	      0.030
  4509.873 	      0.013
  4510.619 	      0.013
  4511.364 	      0.027
  4512.109 	      0.082
  4512.855 	      0.082
  4513.601 	      0.084
  4514.347 	      0.085
  4515.093 	      0.085
  4515.839 	      0.091
  4516.585 	      0.075
  4517.331 	      0.044
  4518.078 	      0.038
  4518.824 	      0.071
  4519.571 	      0.156
  4520.318 	      0.127
  4521.065 	      0.091
  4521.812 	      0.074
  4522.559 	      0.074
  4523.306 	      0.085
  4524.054 	      0.094
  4524.801 	      0.049
  4525.549 	      0.044
  4526.297 	      0.028
  4527.045 	     -0.008
  4527.793 	     -0.029
  4528.541 	      0.016
  4529.289 	      0.030
  4530.038 	      0.024
  4530.786 	      0.009
  4531.535 	      0.007
  4532.284 	      0.067
  4533.033 	      0.081
  4533.782 	      0.057
  4534.531 	      0.031
  4535.280 	      0.033
  4536.030 	      0.085
  4536.779 	      0.071
  4537.529 	      0.058
  4538.279 	      0.050
  4539.028 	      0.044
  4539.779 	      0.019
  4540.529 	      0.019
  4541.279 	      0.035
  4542.029 	      0.047
  4542.780 	      0.060
  4543.531 	      0.075
  4544.281 	      0.062
  4545.032 	      0.088
  4545.783 	      0.103
  4546.534 	      0.094
  4547.286 	      0.066
  4548.037 	      0.053
  4548.789 	      0.042
  4549.540 	      0.053
  4550.292 	      0.081
  4551.044 	      0.101
  4551.796 	      0.090
  4552.548 	      0.091
  4553.300 	      0.092
  4554.053 	      0.068
  4554.805 	      0.044
  4555.558 	      0.034
  4556.311 	      0.036
  4557.064 	      0.038
  4557.817 	      0.055
  4558.570 	      0.061
  4559.323 	      0.060
  4560.076 	      0.062
  4560.830 	      0.055
  4561.584 	      0.032
  4562.337 	      0.024
  4563.091 	      0.031
  4563.845 	      0.048
  4564.599 	      0.056
  4565.354 	      0.067
  4566.108 	      0.056
  4566.863 	      0.033
  4567.617 	      0.022
  4568.372 	      0.046
  4569.127 	      0.038
  4569.882 	      0.056
  4570.637 	      0.065
  4571.392 	      0.060
  4572.148 	      0.042
  4572.903 	      0.017
  4573.659 	     -0.020
  4574.415 	     -0.003
  4575.170 	     -0.017
  4575.926 	     -0.031
  4576.683 	     -0.019
  4577.439 	     -0.001
  4578.195 	     -0.016
  4578.952 	      0.030
  4579.708 	      0.091
  4580.465 	      0.127
  4581.222 	      0.094
  4581.979 	      0.072
  4582.736 	      0.066
  4583.493 	      0.047
  4584.251 	      0.036
  4585.008 	      0.041
  4585.766 	      0.065
  4586.524 	      0.047
  4587.282 	      0.038
  4588.040 	      0.040
  4588.798 	      0.038
  4589.556 	      0.018
  4590.314 	     -0.023
  4591.073 	      0.002
  4591.832 	      0.053
  4592.590 	      0.081
  4593.349 	      0.066
  4594.108 	      0.001
  4594.867 	     -0.036
  4595.627 	     -0.011
  4596.386 	      0.013
  4597.146 	      0.031
  4597.905 	      0.036
  4598.665 	      0.023
  4599.425 	      0.024
  4600.185 	      0.030
  4600.945 	      0.034
  4601.705 	      0.024
  4602.466 	     -0.001
  4603.226 	     -0.014
  4603.987 	      0.020
  4604.748 	      0.056
  4605.508 	      0.072
  4606.269 	      0.070
  4607.031 	      0.058
  4607.792 	      0.069
  4608.553 	      0.065
  4609.315 	      0.026
  4610.076 	      0.002
  4610.838 	     -0.004
  4611.600 	     -0.002
  4612.362 	      0.010
  4613.124 	      0.076
  4613.887 	      0.087
  4614.649 	      0.075
  4615.412 	      0.073
  4616.174 	      0.118
  4616.937 	      0.084
  4617.700 	      0.056
  4618.463 	      0.068
  4619.226 	      0.086
  4619.989 	      0.093
  4620.753 	      0.088
  4621.516 	      0.101
  4622.280 	      0.088
  4623.044 	      0.076
  4623.808 	      0.054
  4624.572 	      0.030
  4625.336 	      0.037
  4626.100 	      0.038
  4626.865 	      0.017
  4627.629 	      0.016
  4628.394 	      0.012
  4629.159 	     -0.002
  4629.924 	      0.009
  4630.689 	      0.048
  4631.454 	      0.074
  4632.219 	      0.050
  4632.985 	      0.034
  4633.750 	      0.057
  4634.516 	      0.072
  4635.282 	      0.028
  4636.048 	      0.015
  4636.814 	      0.017
  4637.580 	      0.031
  4638.346 	      0.047
  4639.113 	      0.045
  4639.879 	     -0.004
  4640.646 	      0.011
  4641.413 	      0.016
  4642.180 	      0.015
  4642.947 	      0.015
  4643.714 	      0.015
  4644.481 	      0.025
  4645.249 	      0.018
  4646.016 	      0.025
  4646.784 	      0.036
  4647.552 	      0.040
  4648.320 	      0.025
  4649.088 	      0.042
  4649.856 	      0.038
  4650.625 	      0.041
  4651.393 	      0.058
  4652.162 	      0.082
  4652.930 	      0.087
  4653.699 	      0.035
  4654.468 	      0.009
  4655.237 	      0.023
  4656.007 	      0.041
  4656.776 	      0.039
  4657.546 	      0.016
  4658.315 	      0.008
  4659.085 	      0.035
  4659.855 	      0.050
  4660.625 	      0.055
  4661.395 	      0.057
  4662.165 	      0.069
  4662.936 	      0.069
  4663.706 	      0.046
  4664.477 	      0.044
  4665.247 	      0.040
  4666.018 	      0.034
  4666.789 	      0.036
  4667.561 	      0.048
  4668.332 	      0.007
  4669.103 	      0.000
  4669.875 	      0.016
  4670.646 	      0.029
  4671.418 	      0.019
  4672.190 	      0.046
  4672.962 	      0.071
  4673.734 	      0.073
  4674.507 	      0.061
  4675.279 	      0.034
  4676.052 	      0.006
  4676.824 	      0.040
  4677.597 	      0.063
  4678.370 	      0.049
  4679.143 	      0.032
  4679.916 	      0.018
  4680.690 	      0.024
  4681.463 	      0.085
  4682.237 	      0.085
  4683.010 	      0.061
  4683.784 	      0.061
  4684.558 	      0.061
  4685.332 	      0.056
  4686.106 	      0.053
  4686.881 	      0.044
  4687.655 	      0.011
  4688.430 	      0.009
  4689.205 	      0.025
  4689.979 	      0.044
  4690.754 	      0.056
  4691.529 	      0.051
  4692.305 	      0.053
  4693.080 	      0.059
  4693.856 	      0.045
  4694.631 	      0.021
  4695.407 	      0.001
  4696.183 	     -0.010
  4696.959 	     -0.003
  4697.735 	     -0.012
  4698.511 	     -0.021
  4699.288 	     -0.016
  4700.064 	      0.002
  4700.841 	      0.019
  4701.618 	      0.024
  4702.394 	      0.002
  4703.171 	     -0.005
  4703.949 	      0.014
  4704.726 	      0.049
  4705.503 	      0.077
  4706.281 	      0.072
  4707.059 	      0.066
  4707.836 	      0.084
  4708.614 	      0.084
  4709.392 	      0.078
  4710.171 	      0.079
  4710.949 	      0.090
  4711.727 	      0.074
  4712.506 	      0.025
  4713.285 	      0.008
  4714.063 	      0.007
  4714.842 	      0.004
  4715.621 	     -0.006
  4716.401 	     -0.000
  4717.180 	      0.003
  4717.960 	     -0.024
  4718.739 	     -0.041
  4719.519 	     -0.041
  4720.299 	     -0.029
  4721.079 	     -0.018
  4721.859 	      0.002
  4722.639 	      0.038
  4723.419 	      0.060
  4724.200 	      0.058
  4724.981 	      0.044
  4725.761 	      0.037
  4726.542 	      0.048
  4727.323 	      0.017
  4728.104 	      0.000
  4728.886 	      0.005
  4729.667 	      0.007
  4730.449 	      0.014
  4731.230 	      0.036
  4732.012 	      0.015
  4732.794 	      0.013
  4733.576 	      0.061
  4734.358 	      0.077
  4735.141 	      0.079
  4735.923 	      0.081
  4736.706 	      0.079
  4737.488 	      0.083
  4738.271 	      0.048
  4739.054 	      0.035
  4739.837 	      0.033
  4740.620 	      0.028
  4741.404 	      0.022
  4742.187 	      0.042
  4742.971 	      0.067
  4743.755 	      0.068
  4744.538 	      0.043
  4745.322 	     -0.003
  4746.107 	     -0.033
  4746.891 	     -0.015
  4747.675 	      0.040
  4748.460 	      0.062
  4749.244 	      0.015
  4750.029 	      0.003
  4750.814 	      0.017
  4751.599 	      0.030
  4752.384 	      0.013
  4753.170 	     -0.027
  4753.955 	     -0.034
  4754.741 	     -0.015
  4755.526 	     -0.010
  4756.312 	     -0.015
  4757.098 	     -0.016
  4757.884 	     -0.004
  4758.670 	     -0.018
  4759.457 	     -0.004
  4760.243 	      0.014
  4761.030 	     -0.003
  4761.816 	     -0.008
  4762.603 	      0.014
  4763.390 	      0.028
  4764.177 	      0.004
  4764.965 	      0.000
  4765.752 	      0.002
  4766.539 	      0.014
  4767.327 	      0.031
  4768.115 	      0.048
  4768.903 	      0.054
  4769.691 	      0.029
  4770.479 	      0.027
  4771.267 	      0.031
  4772.056 	      0.028
  4772.844 	      0.028
  4773.633 	      0.035
  4774.422 	      0.036
  4775.211 	      0.032
  4776.000 	      0.015
  4776.789 	     -0.018
  4777.578 	     -0.032
  4778.368 	     -0.022
  4779.157 	     -0.001
  4779.947 	      0.002
  4780.737 	     -0.027
  4781.527 	     -0.021
  4782.317 	      0.003
  4783.107 	     -0.004
  4783.897 	     -0.012
  4784.688 	     -0.019
  4785.479 	     -0.047
  4786.269 	     -0.018
  4787.060 	      0.024
  4787.851 	      0.025
  4788.642 	      0.030
  4789.434 	      0.037
  4790.225 	      0.038
  4791.017 	      0.033
  4791.808 	      0.054
  4792.600 	      0.056
  4793.392 	      0.022
  4794.184 	      0.034
  4794.976 	      0.055
  4795.769 	      0.051
  4796.561 	      0.021
  4797.354 	     -0.005
  4798.146 	     -0.006
  4798.939 	      0.006
  4799.732 	      0.023
  4800.525 	      0.023
  4801.319 	      0.008
  4802.112 	     -0.004
  4802.906 	     -0.001
  4803.699 	      0.031
  4804.493 	     -0.011
  4805.287 	      0.006
  4806.081 	      0.034
  4806.875 	      0.030
  4807.669 	     -0.010
  4808.464 	     -0.043
  4809.258 	     -0.039
  4810.053 	     -0.012
  4810.848 	      0.011
  4811.643 	      0.016
  4812.438 	      0.015
  4813.233 	      0.009
  4814.028 	     -0.002
  4814.824 	      0.004
  4815.620 	     -0.006
  4816.415 	     -0.018
  4817.211 	     -0.023
  4818.007 	     -0.003
  4818.803 	      0.016
  4819.600 	      0.007
  4820.396 	     -0.012
  4821.192 	     -0.013
  4821.989 	      0.006
  4822.786 	      0.022
  4823.583 	      0.018
  4824.380 	      0.009
  4825.177 	      0.008
  4825.974 	      0.020
  4826.772 	      0.044
  4827.569 	      0.049
  4828.367 	      0.033
  4829.165 	      0.017
  4829.963 	      0.016
  4830.761 	      0.036
  4831.559 	      0.062
  4832.358 	      0.061
  4833.156 	      0.023
  4833.955 	      0.015
  4834.754 	      0.013
  4835.553 	      0.005
  4836.352 	      0.013
  4837.151 	      0.037
  4837.950 	      0.050
  4838.750 	      0.020
  4839.549 	     -0.011
  4840.349 	     -0.011
  4841.149 	      0.009
  4841.949 	      0.026
  4842.749 	      0.029
  4843.549 	      0.027
  4844.349 	      0.040
  4845.150 	      0.054
  4845.950 	      0.046
  4846.751 	      0.043
  4847.552 	      0.041
  4848.353 	      0.042
  4849.154 	      0.041
  4849.955 	      0.030
  4850.757 	      0.002
  4851.558 	     -0.001
  4852.360 	      0.014
  4853.162 	      0.012
  4853.964 	      0.018
  4854.766 	      0.029
  4855.568 	      0.026
  4856.370 	     -0.002
  4857.173 	     -0.023
  4857.976 	      0.002
  4858.778 	     -0.001
  4859.581 	      0.015
  4860.384 	      0.033
  4861.187 	      0.034
  4861.991 	      0.017
  4862.794 	      0.009
  4863.598 	      0.033
  4864.401 	      0.015
  4865.205 	      0.007
  4866.009 	      0.026
  4866.813 	      0.019
  4867.617 	      0.011
  4868.422 	      0.024
  4869.226 	      0.042
  4870.031 	      0.033
  4870.835 	      0.008
  4871.640 	      0.011
  4872.445 	      0.004
  4873.250 	     -0.025
  4874.056 	     -0.051
  4874.861 	     -0.052
  4875.667 	     -0.028
  4876.472 	      0.000
  4877.278 	     -0.001
  4878.084 	     -0.022
  4878.890 	     -0.031
  4879.696 	      0.001
  4880.503 	      0.019
  4881.309 	     -0.001
  4882.116 	     -0.036
  4882.922 	     -0.057
  4883.729 	     -0.014
  4884.536 	      0.008
  4885.343 	     -0.016
  4886.151 	     -0.043
  4886.958 	     -0.021
  4887.766 	      0.014
  4888.573 	      0.005
  4889.381 	      0.002
  4890.189 	      0.004
  4890.997 	     -0.037
  4891.805 	     -0.024
  4892.613 	     -0.001
  4893.422 	      0.014
  4894.231 	      0.023
  4895.039 	      0.042
  4895.848 	      0.079
  4896.657 	      0.071
  4897.466 	      0.040
  4898.276 	      0.018
  4899.085 	      0.006
  4899.894 	      0.015
  4900.704 	      0.029
  4901.514 	      0.032
  4902.324 	      0.035
  4903.134 	      0.050
  4903.944 	      0.079
  4904.754 	      0.072
  4905.565 	      0.033
  4906.376 	      0.037
  4907.186 	      0.117
  4907.997 	      0.300
  4908.808 	      0.596
  4909.619 	      0.969
  4910.431 	      1.386
  4911.242 	      1.679
  4912.054 	      1.755
  4912.865 	      1.559
  4913.677 	      1.118
  4914.489 	      0.635
  4915.301 	      0.307
  4916.113 	      0.163
  4916.926 	      0.117
  4917.738 	      0.101
  4918.551 	      0.087
  4919.363 	      0.074
  4920.176 	      0.064
  4920.989 	      0.055
  4921.803 	      0.043
  4922.616 	      0.038
  4923.429 	      0.048
  4924.243 	      0.042
  4925.057 	      0.033
  4925.870 	      0.043
  4926.684 	      0.059
  4927.498 	      0.053
  4928.313 	      0.038
  4929.127 	      0.037
  4929.941 	      0.055
  4930.756 	      0.061
  4931.571 	      0.053
  4932.386 	      0.050
  4933.201 	      0.027
  4934.016 	      0.015
  4934.831 	      0.020
  4935.647 	      0.026
  4936.462 	      0.016
  4937.278 	     -0.009
  4938.094 	     -0.075
  4938.910 	     -0.035
  4939.726 	     -0.001
  4940.542 	      0.006
  4941.359 	     -0.007
  4942.175 	     -0.021
  4942.992 	     -0.029
  4943.809 	     -0.030
  4944.625 	     -0.020
  4945.443 	      0.026
  4946.260 	      0.057
  4947.077 	      0.069
  4947.895 	      0.058
  4948.712 	      0.034
  4949.530 	      0.011
  4950.348 	     -0.004
  4951.166 	     -0.013
  4951.984 	     -0.014
  4952.802 	     -0.024
  4953.621 	     -0.001
  4954.439 	      0.016
  4955.258 	     -0.003
  4956.077 	     -0.009
  4956.896 	      0.006
  4957.715 	     -0.002
  4958.534 	     -0.039
  4959.353 	     -0.034
  4960.173 	     -0.018
  4960.992 	     -0.039
  4961.812 	     -0.073
  4962.632 	     -0.045
  4963.452 	      0.002
  4964.272 	      0.017
  4965.093 	     -0.000
  4965.913 	     -0.021
  4966.734 	     -0.016
  4967.554 	      0.033
  4968.375 	      0.007
  4969.196 	     -0.041
  4970.017 	     -0.055
  4970.838 	     -0.074
  4971.660 	     -0.069
  4972.481 	     -0.034
  4973.303 	     -0.001
  4974.125 	      0.004
  4974.947 	     -0.006
  4975.769 	     -0.032
  4976.591 	      0.011
  4977.413 	      0.044
  4978.236 	      0.041
  4979.058 	      0.043
  4979.881 	      0.055
  4980.704 	      0.061
  4981.527 	      0.042
  4982.350 	      0.002
  4983.174 	     -0.001
  4983.997 	      0.033
  4984.821 	      0.040
  4985.644 	      0.027
  4986.468 	      0.008
  4987.292 	     -0.004
  4988.116 	     -0.010
  4988.940 	     -0.009
  4989.765 	      0.000
  4990.589 	     -0.000
  4991.414 	     -0.023
  4992.239 	     -0.011
  4993.064 	      0.012
  4993.889 	      0.037
  4994.714 	      0.055
  4995.539 	      0.053
  4996.365 	      0.041
  4997.190 	      0.035
  4998.016 	      0.036
  4998.842 	      0.039
  4999.668 	      0.039
  5000.494 	      0.026
  5001.320 	      0.015
  5002.147 	      0.006
  5002.973 	      0.001
  5003.800 	      0.001
  5004.627 	      0.004
  5005.454 	      0.003
  5006.281 	     -0.004
  5007.108 	      0.003
  5007.936 	      0.031
  5008.763 	      0.060
  5009.591 	      0.079
  5010.419 	      0.063
  5011.247 	      0.044
  5012.075 	      0.043
  5012.903 	      0.048
  5013.731 	      0.036
  5014.560 	      0.011
  5015.388 	     -0.013
  5016.217 	     -0.028
  5017.046 	     -0.016
  5017.875 	     -0.006
  5018.704 	      0.003
  5019.533 	     -0.007
  5020.363 	     -0.034
  5021.192 	     -0.049
  5022.022 	     -0.038
  5022.852 	     -0.029
  5023.682 	     -0.002
  5024.512 	      0.043
  5025.342 	      0.019
  5026.173 	      0.000
  5027.003 	      0.010
  5027.834 	      0.012
  5028.665 	     -0.011
  5029.496 	     -0.037
  5030.327 	     -0.040
  5031.158 	     -0.025
  5031.989 	     -0.022
  5032.821 	     -0.046
  5033.653 	     -0.074
  5034.484 	     -0.047
  5035.316 	     -0.035
  5036.148 	     -0.039
  5036.980 	     -0.061
  5037.813 	     -0.077
  5038.645 	     -0.062
  5039.478 	     -0.032
  5040.311 	     -0.038
  5041.143 	     -0.043
  5041.976 	     -0.013
  5042.810 	     -0.013
  5043.643 	     -0.011
  5044.476 	     -0.011
  5045.310 	     -0.011
  5046.144 	     -0.005
  5046.977 	      0.002
  5047.811 	      0.002
  5048.645 	     -0.005
  5049.480 	     -0.004
  5050.314 	     -0.017
  5051.149 	     -0.035
  5051.983 	     -0.067
  5052.818 	     -0.094
  5053.653 	     -0.075
  5054.488 	     -0.032
  5055.323 	      0.023
  5056.159 	      0.082
  5056.994 	      0.154
  5057.830 	      0.241
  5058.666 	      0.267
  5059.501 	      0.235
  5060.337 	      0.198
  5061.174 	      0.098
  5062.010 	      0.036
  5062.846 	     -0.004
  5063.683 	     -0.028
  5064.520 	     -0.025
  5065.357 	     -0.020
  5066.194 	     -0.030
  5067.031 	     -0.031
  5067.868 	     -0.036
  5068.706 	     -0.049
  5069.543 	     -0.045
  5070.381 	     -0.010
  5071.219 	     -0.029
  5072.057 	     -0.064
  5072.895 	     -0.060
  5073.733 	     -0.030
  5074.571 	     -0.006
  5075.410 	      0.019
  5076.249 	      0.056
  5077.087 	      0.044
  5077.926 	     -0.000
  5078.765 	      0.010
  5079.605 	      0.037
  5080.444 	      0.014
  5081.283 	     -0.014
  5082.123 	      0.001
  5082.963 	      0.029
  5083.803 	      0.028
  5084.643 	     -0.001
  5085.483 	     -0.021
  5086.323 	     -0.018
  5087.164 	     -0.020
  5088.004 	     -0.012
  5088.845 	     -0.003
  5089.686 	      0.011
  5090.527 	      0.007
  5091.368 	      0.005
  5092.210 	     -0.013
  5093.051 	     -0.047
  5093.893 	     -0.062
  5094.734 	     -0.045
  5095.576 	     -0.019
  5096.418 	     -0.000
  5097.260 	     -0.006
  5098.103 	     -0.003
  5098.945 	      0.009
  5099.788 	      0.007
  5100.630 	     -0.003
  5101.473 	     -0.013
  5102.316 	      0.007
  5103.159 	      0.030
  5104.003 	      0.026
  5104.846 	      0.013
  5105.689 	      0.016
  5106.533 	      0.021
  5107.377 	      0.026
  5108.221 	      0.036
  5109.065 	      0.037
  5109.909 	      0.020
  5110.754 	      0.010
  5111.598 	      0.002
  5112.443 	      0.004
  5113.288 	      0.018
  5114.132 	      0.028
  5114.978 	      0.020
  5115.823 	     -0.001
  5116.668 	     -0.017
  5117.514 	     -0.012
  5118.359 	      0.004
  5119.205 	     -0.003
  5120.051 	     -0.025
  5120.897 	     -0.025
  5121.743 	     -0.022
  5122.589 	     -0.010
  5123.436 	      0.004
  5124.283 	      0.011
  5125.129 	      0.005
  5125.976 	     -0.017
  5126.823 	     -0.037
  5127.670 	     -0.029
  5128.518 	     -0.029
  5129.365 	     -0.008
  5130.213 	     -0.017
  5131.060 	     -0.016
  5131.908 	     -0.014
  5132.756 	     -0.018
  5133.604 	     -0.015
  5134.453 	     -0.015
  5135.301 	     -0.012
  5136.150 	     -0.016
  5136.998 	     -0.030
  5137.847 	     -0.011
  5138.696 	      0.025
  5139.545 	      0.029
  5140.395 	      0.043
  5141.244 	      0.023
  5142.094 	      0.043
  5142.943 	      0.032
  5143.793 	      0.013
  5144.643 	      0.012
  5145.493 	      0.008
  5146.343 	      0.009
  5147.194 	      0.025
  5148.044 	      0.027
  5148.895 	      0.002
  5149.746 	     -0.011
  5150.597 	     -0.034
  5151.448 	     -0.019
  5152.299 	     -0.031
  5153.151 	      0.020
  5154.002 	      0.032
  5154.854 	      0.003
  5155.706 	      0.005
  5156.557 	      0.004
  5157.410 	     -0.024
  5158.262 	     -0.045
  5159.114 	     -0.026
  5159.967 	      0.006
  5160.819 	     -0.008
  5161.672 	     -0.020
  5162.525 	     -0.028
  5163.378 	     -0.027
  5164.231 	     -0.019
  5165.085 	      0.015
  5165.938 	      0.020
  5166.792 	     -0.014
  5167.645 	     -0.041
  5168.499 	     -0.048
  5169.353 	     -0.020
  5170.208 	     -0.003
  5171.062 	     -0.030
  5171.916 	     -0.027
  5172.771 	     -0.007
  5173.626 	     -0.010
  5174.481 	     -0.032
  5175.336 	     -0.020
  5176.191 	      0.010
  5177.046 	      0.010
  5177.902 	     -0.024
  5178.757 	     -0.045
  5179.613 	     -0.057
  5180.469 	     -0.050
  5181.325 	     -0.043
  5182.181 	     -0.045
  5183.037 	     -0.037
  5183.894 	     -0.028
  5184.751 	     -0.039
  5185.607 	     -0.045
  5186.464 	     -0.023
  5187.321 	     -0.040
  5188.178 	     -0.014
  5189.036 	     -0.021
  5189.893 	     -0.021
  5190.751 	     -0.007
  5191.608 	     -0.016
  5192.466 	     -0.026
  5193.324 	     -0.028
  5194.182 	     -0.026
  5195.041 	     -0.022
  5195.899 	     -0.021
  5196.758 	     -0.021
  5197.616 	     -0.022
  5198.475 	     -0.023
  5199.334 	     -0.024
  5200.194 	     -0.025
  5201.053 	     -0.026
  5201.912 	     -0.027
  5202.772 	     -0.028
  5203.632 	     -0.030
  5204.491 	     -0.031
  5205.351 	     -0.033
  5206.212 	     -0.034
  5207.072 	     -0.035
  5207.932 	     -0.037
  5208.793 	     -0.038
  5209.654 	     -0.039
  5210.514 	     -0.039
  5211.375 	     -0.040
  5212.236 	     -0.040
  5213.098 	     -0.040
  5213.959 	     -0.040
  5214.821 	     -0.039
  5215.682 	     -0.038
  5216.544 	     -0.061
  5217.406 	     -0.040
  5218.268 	     -0.034
  5219.131 	     -0.060
  5219.993 	     -0.081
  5220.856 	     -0.078
  5221.718 	     -0.076
  5222.581 	     -0.092
  5223.444 	     -0.094
  5224.307 	     -0.071
  5225.171 	     -0.040
  5226.034 	     -0.029
  5226.898 	     -0.059
  5227.761 	     -0.081
  5228.625 	     -0.059
  5229.489 	     -0.043
  5230.353 	     -0.044
  5231.218 	     -0.032
  5232.082 	     -0.002
  5232.947 	      0.004
  5233.811 	     -0.011
  5234.676 	     -0.023
  5235.541 	     -0.041
  5236.406 	     -0.068
  5237.271 	     -0.081
  5238.137 	     -0.084
  5239.002 	     -0.072
  5239.868 	     -0.048
  5240.734 	     -0.034
  5241.600 	     -0.007
  5242.466 	     -0.013
  5243.332 	     -0.059
  5244.199 	     -0.061
  5245.065 	     -0.024
  5245.932 	     -0.040
  5246.799 	     -0.069
  5247.666 	     -0.065
  5248.533 	     -0.052
  5249.400 	     -0.041
  5250.268 	      0.003
  5251.135 	      0.067
  5252.003 	      0.081
  5252.871 	      0.048
  5253.739 	      0.046
  5254.607 	      0.087
  5255.475 	      0.090
  5256.344 	      0.071
  5257.212 	      0.024
  5258.081 	     -0.024
  5258.950 	     -0.060
  5259.819 	     -0.038
  5260.688 	     -0.051
  5261.557 	     -0.063
  5262.427 	     -0.056
  5263.296 	     -0.033
  5264.166 	     -0.020
  5265.036 	     -0.024
  5265.906 	     -0.048
  5266.776 	     -0.080
  5267.646 	     -0.068
  5268.517 	     -0.014
  5269.387 	     -0.031
  5270.258 	     -0.086
  5271.129 	     -0.057
  5272.000 	     -0.024
  5272.871 	      0.059
  5273.742 	      0.076
  5274.614 	      0.109
  5275.485 	      0.032
  5276.357 	     -0.053
  5277.229 	     -0.058
  5278.101 	      0.097
  5278.973 	      0.064
  5279.845 	     -0.050
  5280.718 	     -0.089
  5281.591 	     -0.092
  5282.463 	     -0.091
  5283.336 	     -0.084
  5284.209 	     -0.089
  5285.082 	     -0.091
  5285.956 	     -0.055
  5286.829 	     -0.072
  5287.703 	     -0.082
  5288.577 	     -0.106
  5289.450 	     -0.099
  5290.324 	     -0.092
  5291.199 	     -0.075
  5292.073 	     -0.042
  5292.947 	     -0.055
  5293.822 	     -0.031
  5294.697 	     -0.014
  5295.572 	     -0.005
  5296.447 	     -0.035
  5297.322 	     -0.043
  5298.197 	     -0.062
  5299.073 	     -0.071
  5299.948 	     -0.037
  5300.824 	     -0.044
  5301.700 	     -0.091
  5302.576 	     -0.083
  5303.452 	     -0.079
  5304.329 	     -0.083
  5305.205 	     -0.100
  5306.082 	     -0.029
  5306.959 	     -0.072
  5307.836 	     -0.062
  5308.713 	     -0.011
  5309.590 	     -0.077
  5310.467 	     -0.110
  5311.345 	     -0.098
  5312.222 	     -0.058
  5313.100 	     -0.028
  5313.978 	     -0.033
  5314.856 	     -0.069
  5315.734 	     -0.082
  5316.613 	     -0.045
  5317.491 	     -0.049
  5318.370 	     -0.106
  5319.249 	     -0.139
  5320.128 	     -0.126
  5321.007 	     -0.111
  5321.886 	     -0.127
  5322.766 	     -0.084
  5323.645 	     -0.122
  5324.525 	     -0.140
  5325.405 	     -0.161
  5326.285 	     -0.120
  5327.165 	     -0.124
  5328.045 	     -0.060
  5328.925 	     -0.103
  5329.806 	     -0.078
  5330.687 	     -0.087
  5331.568 	     -0.088
  5332.449 	     -0.042
  5333.330 	     -0.029
  5334.211 	     -0.008
  5335.092 	     -0.056
  5335.974 	     -0.088
  5336.856 	     -0.095
  5337.738 	     -0.094
  5338.620 	     -0.113
  5339.502 	     -0.121
  5340.384 	     -0.093
  5341.267 	     -0.063
  5342.149 	     -0.027
  5343.032 	     -0.056
  5343.915 	     -0.051
  5344.798 	     -0.005
  5345.681 	     -0.035
  5346.564 	     -0.091
  5347.448 	     -0.075
  5348.331 	     -0.030
  5349.215 	     -0.065
  5350.099 	     -0.064
  5350.983 	     -0.073
  5351.867 	     -0.082
  5352.752 	     -0.112
  5353.636 	     -0.094
  5354.521 	     -0.106
  5355.406 	     -0.044
  5356.291 	     -0.048
  5357.176 	     -0.091
  5358.061 	     -0.096
  5358.946 	     -0.094
  5359.832 	     -0.114
  5360.718 	     -0.077
  5361.603 	     -0.059
  5362.489 	     -0.085
  5363.375 	     -0.059
  5364.262 	     -0.055
  5365.148 	     -0.072
  5366.035 	     -0.096
  5366.921 	     -0.093
  5367.808 	     -0.068
  5368.695 	     -0.054
  5369.582 	     -0.080
  5370.470 	     -0.026
  5371.357 	     -0.068
  5372.245 	     -0.091
  5373.132 	     -0.083
  5374.020 	     -0.052
  5374.908 	     -0.096
  5375.796 	     -0.083
  5376.685 	     -0.075
  5377.573 	     -0.095
  5378.462 	     -0.090
  5379.350 	     -0.051
  5380.239 	     -0.082
  5381.128 	     -0.105
  5382.018 	     -0.105
  5382.907 	     -0.111
  5383.796 	     -0.113
  5384.686 	     -0.112
  5385.576 	     -0.150
  5386.466 	     -0.147
  5387.356 	     -0.090
  5388.246 	     -0.082
  5389.136 	     -0.091
  5390.027 	     -0.076
  5390.918 	     -0.063
  5391.808 	     -0.047
  5392.699 	     -0.077
  5393.590 	     -0.121
  5394.482 	     -0.082
  5395.373 	     -0.049
  5396.265 	     -0.112
  5397.156 	     -0.083
  5398.048 	     -0.053
  5398.940 	     -0.085
  5399.832 	     -0.053
  5400.724 	     -0.141
  5401.617 	     -0.134
  5402.509 	     -0.127
  5403.402 	     -0.147
  5404.295 	     -0.112
  5405.188 	     -0.124
  5406.081 	     -0.099
  5406.975 	     -0.108
  5407.868 	     -0.116
  5408.762 	     -0.077
  5409.655 	     -0.086
  5410.549 	     -0.081
  5411.443 	     -0.081
  5412.338 	     -0.080
  5413.232 	     -0.062
  5414.126 	     -0.084
  5415.021 	     -0.102
  5415.916 	     -0.113
  5416.811 	     -0.106
  5417.706 	     -0.091
  5418.601 	     -0.106
  5419.496 	     -0.106
  5420.392 	     -0.111
  5421.288 	     -0.111
  5422.183 	     -0.096
  5423.079 	     -0.120
  5423.976 	     -0.140
  5424.872 	     -0.125
  5425.768 	     -0.076
  5426.665 	     -0.112
  5427.561 	     -0.162
  5428.458 	     -0.127
  5429.355 	     -0.098
  5430.253 	     -0.066
  5431.150 	     -0.079
  5432.047 	     -0.101
  5432.945 	     -0.102
  5433.843 	     -0.076
  5434.741 	     -0.078
  5435.639 	     -0.109
  5436.537 	     -0.075
  5437.435 	     -0.072
  5438.334 	     -0.094
  5439.232 	     -0.058
  5440.131 	     -0.067
  5441.030 	     -0.082
  5441.929 	     -0.072
  5442.828 	     -0.066
  5443.728 	     -0.104
  5444.627 	     -0.112
  5445.527 	     -0.111
  5446.427 	     -0.120
  5447.327 	     -0.113
  5448.227 	     -0.111
  5449.127 	     -0.120
  5450.028 	     -0.111
  5450.928 	     -0.117
  5451.829 	     -0.123
  5452.730 	     -0.113
  5453.631 	     -0.088
  5454.532 	     -0.091
  5455.433 	     -0.114
  5456.335 	     -0.112
  5457.236 	     -0.121
  5458.138 	     -0.119
  5459.040 	     -0.092
  5459.942 	     -0.086
  5460.844 	     -0.077
  5461.747 	     -0.037
  5462.649 	     -0.049
  5463.552 	     -0.087
  5464.455 	     -0.088
  5465.358 	     -0.104
  5466.261 	     -0.086
  5467.164 	     -0.063
  5468.067 	     -0.075
  5468.971 	     -0.083
  5469.875 	     -0.066
  5470.778 	     -0.082
  5471.682 	     -0.092
  5472.587 	     -0.066
  5473.491 	     -0.037
  5474.395 	     -0.048
  5475.300 	     -0.073
  5476.205 	     -0.121
  5477.110 	     -0.110
  5478.015 	     -0.084
  5478.920 	     -0.091
  5479.825 	     -0.100
  5480.731 	     -0.112
  5481.636 	     -0.106
  5482.542 	     -0.096
  5483.448 	     -0.090
  5484.354 	     -0.119
  5485.260 	     -0.116
  5486.167 	     -0.136
  5487.073 	     -0.144
  5487.980 	     -0.112
  5488.887 	     -0.106
  5489.794 	     -0.109
  5490.701 	     -0.107
  5491.608 	     -0.133
  5492.516 	     -0.145
  5493.423 	     -0.105
  5494.331 	     -0.093
  5495.239 	     -0.096
  5496.147 	     -0.086
  5497.055 	     -0.082
  5497.964 	     -0.076
  5498.872 	     -0.086
  5499.781 	     -0.102
  5500.689 	     -0.110
  5501.598 	     -0.107
  5502.507 	     -0.113
  5503.417 	     -0.102
  5504.326 	     -0.121
  5505.236 	     -0.131
  5506.145 	     -0.111
  5507.055 	     -0.094
  5507.965 	     -0.094
  5508.875 	     -0.109
  5509.786 	     -0.132
  5510.696 	     -0.127
  5511.607 	     -0.131
  5512.517 	     -0.148
  5513.428 	     -0.115
  5514.339 	     -0.072
  5515.251 	     -0.078
  5516.162 	     -0.086
  5517.073 	     -0.084
  5517.985 	     -0.106
  5518.897 	     -0.131
  5519.809 	     -0.116
  5520.721 	     -0.081
  5521.633 	     -0.097
  5522.546 	     -0.127
  5523.458 	     -0.133
  5524.371 	     -0.139
  5525.284 	     -0.124
  5526.197 	     -0.103
  5527.110 	     -0.096
  5528.023 	     -0.102
  5528.937 	     -0.123
  5529.850 	     -0.151
  5530.764 	     -0.160
  5531.678 	     -0.138
  5532.592 	     -0.130
  5533.506 	     -0.134
  5534.421 	     -0.148
  5535.335 	     -0.140
  5536.250 	     -0.107
  5537.165 	     -0.114
  5538.080 	     -0.136
  5538.995 	     -0.124
  5539.910 	     -0.099
  5540.825 	     -0.085
  5541.741 	     -0.085
  5542.657 	     -0.097
  5543.573 	     -0.097
  5544.489 	     -0.093
  5545.405 	     -0.102
  5546.321 	     -0.112
  5547.238 	     -0.110
  5548.154 	     -0.122
  5549.071 	     -0.126
  5549.988 	     -0.123
  5550.905 	     -0.115
  5551.822 	     -0.106
  5552.740 	     -0.109
  5553.657 	     -0.114
  5554.575 	     -0.107
  5555.493 	     -0.092
  5556.411 	     -0.081
  5557.329 	     -0.064
  5558.247 	     -0.111
  5559.166 	     -0.121
  5560.084 	     -0.099
  5561.003 	     -0.125
  5561.922 	     -0.130
  5562.841 	     -0.119
  5563.760 	     -0.125
  5564.680 	     -0.119
  5565.599 	     -0.107
  5566.519 	     -0.096
  5567.439 	     -0.079
  5568.359 	     -0.113
  5569.279 	     -0.134
  5570.199 	     -0.129
  5571.119 	     -0.115
  5572.040 	     -0.098
  5572.961 	     -0.107
  5573.882 	     -0.111
  5583.099 	     -0.157
  5584.021 	     -0.152
  5584.944 	     -0.145
  5585.867 	     -0.151
  5586.790 	     -0.182
  5587.713 	     -0.181
  5588.637 	     -0.146
  5589.560 	     -0.113
  5590.484 	     -0.056
  5591.407 	     -0.076
  5592.331 	     -0.123
  5593.255 	     -0.119
  5594.180 	     -0.155
  5595.104 	     -0.165
  5596.029 	     -0.157
  5596.953 	     -0.138
  5597.878 	     -0.132
  5598.803 	     -0.138
  5599.728 	     -0.135
  5600.654 	     -0.148
  5601.579 	     -0.171
  5602.505 	     -0.185
  5603.431 	     -0.183
  5604.356 	     -0.153
  5605.283 	     -0.115
  5606.209 	     -0.107
  5607.135 	     -0.118
  5608.062 	     -0.144
  5608.988 	     -0.155
  5609.915 	     -0.147
  5610.842 	     -0.147
  5611.769 	     -0.170
  5612.697 	     -0.196
  5613.624 	     -0.186
  5614.552 	     -0.170
  5615.479 	     -0.179
  5616.407 	     -0.187
  5617.335 	     -0.182
  5618.264 	     -0.168
  5619.192 	     -0.175
  5620.121 	     -0.180
  5621.049 	     -0.179
  5621.978 	     -0.181
  5622.907 	     -0.161
  5623.836 	     -0.140
  5624.765 	     -0.131
  5625.695 	     -0.145
  5626.625 	     -0.171
  5627.554 	     -0.180
  5628.484 	     -0.177
  5629.414 	     -0.157
  5630.344 	     -0.151
  5631.275 	     -0.163
  5632.205 	     -0.181
  5633.136 	     -0.184
  5634.067 	     -0.162
  5634.998 	     -0.157
  5635.929 	     -0.175
  5636.860 	     -0.177
  5637.792 	     -0.169
  5638.723 	     -0.156
  5639.655 	     -0.169
  5640.587 	     -0.180
  5641.519 	     -0.185
  5642.451 	     -0.174
  5643.384 	     -0.182
  5644.316 	     -0.213
  5645.249 	     -0.223
  5646.182 	     -0.224
  5647.115 	     -0.170
  5648.048 	     -0.167
  5648.981 	     -0.226
  5649.915 	     -0.249
  5650.848 	     -0.216
  5651.782 	     -0.199
  5652.716 	     -0.186
  5653.650 	     -0.194
  5654.584 	     -0.333
  5655.518 	     -0.407
  5656.453 	     -0.210
  5657.388 	     -0.214
  5658.322 	     -0.204
  5659.257 	     -0.197
  5660.193 	     -0.202
  5661.128 	     -0.213
  5662.063 	     -0.195
  5662.999 	     -0.184
  5663.935 	     -0.159
  5664.871 	     -0.162
  5665.807 	     -0.160
  5666.743 	     -0.154
  5667.679 	     -0.165
  5668.616 	     -0.148
  5669.553 	     -0.154
  5670.489 	     -0.161
  5671.426 	     -0.174
  5672.364 	     -0.168
  5673.301 	     -0.177
  5674.238 	     -0.183
  5675.176 	     -0.201
  5676.114 	     -0.216
  5677.052 	     -0.215
  5677.990 	     -0.176
  5678.928 	     -0.178
  5679.866 	     -0.198
  5680.805 	     -0.205
  5681.744 	     -0.192
  5682.683 	     -0.174
  5683.622 	     -0.167
  5684.561 	     -0.183
  5685.500 	     -0.189
  5686.440 	     -0.169
  5687.379 	     -0.161
  5688.319 	     -0.150
  5689.259 	     -0.125
  5690.199 	     -0.111
  5691.139 	     -0.126
  5692.080 	     -0.142
  5693.020 	     -0.127
  5693.961 	     -0.148
  5694.902 	     -0.161
  5695.843 	     -0.179
  5696.784 	     -0.187
  5697.725 	     -0.179
  5698.667 	     -0.179
  5699.609 	     -0.203
  5700.550 	     -0.211
  5701.492 	     -0.229
  5702.435 	     -0.247
  5703.377 	     -0.223
  5704.319 	     -0.190
  5705.262 	     -0.198
  5706.205 	     -0.192
  5707.147 	     -0.217
  5708.091 	     -0.185
  5709.034 	     -0.160
  5709.977 	     -0.193
  5710.921 	     -0.173
  5711.864 	     -0.186
  5712.808 	     -0.204
  5713.752 	     -0.170
  5714.696 	     -0.182
  5715.641 	     -0.223
  5716.585 	     -0.206
  5717.530 	     -0.193
  5718.475 	     -0.221
  5719.419 	     -0.211
  5720.365 	     -0.210
  5721.310 	     -0.217
  5722.255 	     -0.218
  5723.201 	     -0.197
  5724.146 	     -0.176
  5725.092 	     -0.179
  5726.038 	     -0.201
  5726.985 	     -0.209
  5727.931 	     -0.204
  5728.877 	     -0.192
  5729.824 	     -0.201
  5730.771 	     -0.181
  5731.718 	     -0.190
  5732.665 	     -0.212
  5733.612 	     -0.182
  5734.560 	     -0.196
  5735.507 	     -0.175
  5736.455 	     -0.243
  5737.403 	     -0.232
  5738.351 	     -0.206
  5739.299 	     -0.187
  5740.247 	     -0.189
  5741.196 	     -0.206
  5742.145 	     -0.136
  5743.094 	     -0.131
  5744.043 	     -0.162
  5744.992 	     -0.144
  5745.941 	     -0.209
  5746.890 	     -0.198
  5747.840 	     -0.208
  5748.790 	     -0.189
  5749.740 	     -0.164
  5750.690 	     -0.173
  5751.640 	     -0.147
  5752.591 	     -0.151
  5753.541 	     -0.183
  5754.492 	     -0.182
  5755.443 	     -0.168
  5756.394 	     -0.172
  5757.345 	     -0.162
  5758.296 	     -0.161
  5759.248 	     -0.167
  5760.200 	     -0.198
  5761.151 	     -0.182
  5762.103 	     -0.165
  5763.055 	     -0.197
  5764.008 	     -0.216
  5764.960 	     -0.207
  5765.913 	     -0.219
  5766.866 	     -0.236
  5767.819 	     -0.213
  5768.772 	     -0.191
  5769.725 	     -0.221
  5770.678 	     -0.191
  5771.632 	     -0.173
  5772.586 	     -0.156
  5773.539 	     -0.201
  5774.493 	     -0.194
  5775.448 	     -0.198
  5776.402 	     -0.203
  5777.357 	     -0.187
  5778.311 	     -0.163
  5779.266 	     -0.189
  5780.221 	     -0.201
  5781.176 	     -0.205
  5782.131 	     -0.187
  5783.087 	     -0.143
  5784.042 	     -0.151
  5784.998 	     -0.174
  5785.954 	     -0.171
  5786.910 	     -0.157
  5787.866 	     -0.158
  5788.823 	     -0.139
  5789.779 	     -0.138
  5790.736 	     -0.172
  5791.693 	     -0.174
  5792.650 	     -0.163
  5793.607 	     -0.165
  5794.565 	     -0.168
  5795.522 	     -0.163
  5796.480 	     -0.175
  5797.438 	     -0.223
  5798.396 	     -0.162
  5799.354 	     -0.136
  5800.312 	     -0.157
  5801.270 	     -0.187
  5802.229 	     -0.193
  5803.188 	     -0.149
  5804.147 	     -0.147
  5805.106 	     -0.153
  5806.065 	     -0.173
  5807.024 	     -0.148
  5807.984 	     -0.153
  5808.944 	     -0.172
  5809.904 	     -0.185
  5810.864 	     -0.143
  5811.824 	     -0.132
  5812.784 	     -0.144
  5813.745 	     -0.125
  5814.705 	     -0.113
  5815.666 	     -0.085
  5816.627 	     -0.107
  5817.588 	     -0.086
  5818.550 	     -0.145
  5819.511 	     -0.133
  5820.473 	     -0.122
  5821.435 	     -0.124
  5822.397 	     -0.120
  5823.359 	     -0.110
  5824.321 	     -0.085
  5825.283 	     -0.101
  5826.246 	     -0.129
  5827.209 	     -0.109
  5828.172 	     -0.091
  5829.135 	     -0.100
  5830.098 	     -0.105
  5831.061 	     -0.146
  5832.025 	     -0.092
  5832.988 	     -0.128
  5833.952 	     -0.107
  5834.916 	     -0.117
  5835.880 	     -0.117
  5836.845 	     -0.084
  5837.809 	     -0.102
  5838.774 	     -0.170
  5839.739 	     -0.193
  5840.704 	     -0.165
  5841.669 	     -0.186
  5842.634 	     -0.192
  5843.600 	     -0.183
  5844.565 	     -0.174
  5845.531 	     -0.147
  5846.497 	     -0.113
  5847.463 	     -0.112
  5848.429 	     -0.137
  5849.396 	     -0.091
  5850.362 	     -0.081
  5851.329 	     -0.082
  5852.296 	     -0.082
  5853.263 	     -0.057
  5854.230 	     -0.096
  5855.197 	     -0.111
  5856.165 	     -0.088
  5857.133 	     -0.084
  5858.100 	     -0.122
  5859.068 	     -0.111
  5860.037 	     -0.089
  5861.005 	     -0.065
  5861.973 	     -0.042
  5862.942 	     -0.028
  5863.911 	     -0.023
  5864.880 	      0.009
  5865.849 	      0.032
  5866.818 	      0.036
  5867.788 	      0.055
  5868.757 	      0.051
  5869.727 	      0.004
  5870.697 	      0.010
  5871.667 	      0.038
  5872.637 	     -0.014
  5873.608 	     -0.040
  5874.578 	     -0.014
  5875.549 	     -0.047
  5876.520 	     -0.032
  5877.491 	     -0.026
  5878.462 	     -0.053
  5879.434 	     -0.074
  5880.405 	     -0.064
  5881.377 	     -0.034
  5882.349 	     -0.022
  5883.321 	     -0.033
  5884.293 	     -0.046
  5885.265 	     -0.010
  5886.238 	      0.032
  5887.210 	      0.089
  5888.183 	      0.261
  5889.156 	      0.531
  5890.129 	      0.627
  5891.102 	      0.598
  5892.076 	      0.547
  5893.050 	      0.488
  5894.023 	      0.346
  5894.997 	      0.290
  5895.971 	      0.308
  5896.946 	      0.298
  5897.920 	      0.302
  5898.895 	      0.247
  5899.869 	      0.104
  5900.844 	     -0.016
  5901.819 	     -0.014
  5902.795 	     -0.010
  5903.770 	     -0.044
  5904.746 	     -0.058
  5905.721 	     -0.041
  5906.697 	     -0.038
  5907.673 	     -0.062
  5908.649 	     -0.035
  5909.626 	     -0.008
  5910.602 	     -0.028
  5911.579 	     -0.028
  5912.556 	     -0.042
  5913.533 	     -0.041
  5914.510 	     -0.016
  5915.487 	     -0.005
  5916.465 	      0.010
  5917.442 	      0.010
  5918.420 	     -0.001
  5919.398 	     -0.037
  5920.376 	     -0.061
  5921.355 	     -0.033
  5922.333 	     -0.009
  5923.312 	     -0.006
  5924.290 	     -0.006
  5925.269 	      0.012
  5926.248 	      0.008
  5927.228 	      0.000
  5928.207 	     -0.012
  5929.187 	     -0.013
  5930.166 	     -0.015
  5931.146 	      0.022
  5932.126 	      0.094
  5933.107 	      0.143
  5934.087 	      0.226
  5935.068 	      0.319
  5936.048 	      0.351
  5937.029 	      0.291
  5938.010 	      0.189
  5938.992 	      0.050
  5939.973 	     -0.012
  5940.954 	     -0.033
  5941.936 	     -0.032
  5942.918 	     -0.032
  5943.900 	     -0.027
  5944.882 	      0.002
  5945.865 	      0.001
  5946.847 	     -0.046
  5947.830 	     -0.079
  5948.813 	     -0.150
  5949.796 	     -0.309
  5950.779 	     -0.432
  5951.762 	     -0.501
  5952.745 	     -0.454
  5953.729 	     -0.422
  5954.713 	     -0.404
  5955.697 	     -0.353
  5956.681 	     -0.353
  5957.665 	     -0.400
  5958.650 	     -0.381
  5959.634 	     -0.354
  5960.619 	     -0.328
  5961.604 	     -0.244
  5962.589 	     -0.125
  5963.574 	     -0.065
  5964.560 	     -0.026
  5965.546 	     -0.050
  5966.531 	     -0.055
  5967.517 	     -0.108
  5968.503 	     -0.405
  5969.490 	     -0.528
  5970.476 	     -0.036
  5971.463 	     -0.034
  5972.449 	     -0.018
  5973.436 	     -0.012
  5974.423 	     -0.044
  5975.410 	     -0.069
  5976.398 	     -0.009
  5977.385 	     -0.004
  5978.373 	      0.025
  5979.361 	     -0.030
  5980.349 	      0.057
  5981.337 	     -0.052
  5982.326 	     -0.020
  5983.314 	     -0.030
  5984.303 	     -0.058
  5985.292 	     -0.085
  5986.281 	     -0.031
  5987.270 	     -0.053
  5988.259 	     -0.087
  5989.249 	     -0.079
  5990.238 	     -0.070
  5991.228 	     -0.094
  5992.218 	     -0.110
  5993.208 	     -0.080
  5994.199 	     -0.045
  5995.189 	     -0.064
  5996.180 	     -0.062
  5997.171 	     -0.048
  5998.162 	     -0.043
  5999.153 	     -0.045
  6000.144 	     -0.015
  6001.136 	     -0.016
  6002.127 	     -0.038
  6003.119 	     -0.049
  6004.111 	     -0.073
  6005.103 	     -0.059
  6006.095 	     -0.036
  6007.088 	     -0.050
  6008.081 	     -0.024
  6009.073 	     -0.071
  6010.066 	     -0.088
  6011.059 	     -0.080
  6012.053 	     -0.078
  6013.046 	     -0.072
  6014.040 	     -0.089
  6015.033 	     -0.079
  6016.027 	     -0.087
  6017.022 	     -0.085
  6018.016 	     -0.113
  6019.010 	     -0.102
  6020.005 	     -0.132
  6021.000 	     -0.116
  6021.994 	     -0.087
  6022.990 	     -0.049
  6023.985 	     -0.021
  6024.980 	     -0.050
  6025.976 	     -0.078
  6026.972 	     -0.065
  6027.967 	     -0.063
  6028.964 	     -0.095
  6029.960 	     -0.056
  6030.956 	     -0.026
  6031.953 	     -0.031
  6032.949 	     -0.047
  6033.946 	     -0.052
  6034.943 	     -0.049
  6035.941 	     -0.044
  6036.938 	     -0.053
  6037.936 	     -0.065
  6038.933 	     -0.085
  6039.931 	     -0.083
  6040.929 	     -0.054
  6041.927 	     -0.051
  6042.926 	     -0.053
  6043.924 	     -0.074
  6044.923 	     -0.089
  6045.922 	     -0.093
  6046.921 	     -0.071
  6047.920 	     -0.061
  6048.920 	     -0.074
  6049.919 	     -0.074
  6050.919 	     -0.049
  6051.919 	     -0.055
  6052.919 	     -0.058
  6053.919 	     -0.064
  6054.919 	     -0.099
  6055.920 	     -0.071
  6056.920 	     -0.045
  6057.921 	     -0.039
  6058.922 	     -0.052
  6059.924 	     -0.064
  6060.925 	     -0.077
  6061.926 	     -0.064
  6062.928 	     -0.049
  6063.930 	     -0.019
  6064.932 	     -0.009
  6065.934 	     -0.006
  6066.937 	     -0.024
  6067.939 	     -0.028
  6068.942 	     -0.024
  6069.945 	     -0.058
  6070.948 	     -0.066
  6071.951 	     -0.053
  6072.954 	     -0.053
  6073.958 	     -0.092
  6074.961 	     -0.076
  6075.965 	     -0.027
  6076.969 	     -0.043
  6077.973 	     -0.070
  6078.978 	     -0.060
  6079.982 	     -0.035
  6080.987 	     -0.038
  6081.992 	     -0.003
  6082.997 	      0.026
  6084.002 	      0.012
  6085.007 	     -0.058
  6086.013 	     -0.049
  6087.018 	     -0.051
  6088.024 	     -0.045
  6089.030 	     -0.045
  6090.036 	     -0.021
  6091.043 	     -0.028
  6092.049 	      0.011
  6093.056 	      0.018
  6094.063 	      0.009
  6095.070 	     -0.033
  6096.077 	     -0.005
  6097.084 	      0.033
  6098.092 	      0.004
  6099.099 	      0.024
  6100.107 	      0.053
  6101.115 	      0.048
  6102.123 	      0.025
  6103.132 	     -0.001
  6104.140 	      0.029
  6105.149 	      0.044
  6106.157 	      0.037
  6107.166 	      0.032
  6108.176 	      0.023
  6109.185 	      0.022
  6110.194 	      0.030
  6111.204 	      0.062
  6112.214 	      0.080
  6113.224 	      0.071
  6114.234 	      0.026
  6115.244 	      0.025
  6116.255 	      0.055
  6117.266 	      0.040
  6118.276 	      0.034
  6119.287 	      0.050
  6120.299 	      0.043
  6121.310 	      0.048
  6122.321 	      0.074
  6123.333 	      0.021
  6124.345 	      0.018
  6125.357 	      0.021
  6126.369 	      0.002
  6127.381 	      0.015
  6128.394 	      0.047
  6129.407 	      0.075
  6130.419 	      0.069
  6131.432 	      0.049
  6132.446 	      0.042
  6133.459 	      0.086
  6134.472 	      0.112
  6135.486 	      0.085
  6136.500 	      0.116
  6137.514 	      0.144
  6138.528 	      0.142
  6139.542 	      0.131
  6140.557 	      0.122
  6141.572 	      0.101
  6142.586 	      0.095
  6143.601 	      0.118
  6144.617 	      0.116
  6145.632 	      0.145
  6146.648 	      0.132
  6147.663 	      0.068
  6148.679 	      0.102
  6149.695 	      0.104
  6150.711 	      0.087
  6151.728 	      0.090
  6152.744 	      0.089
  6153.761 	      0.093
  6154.778 	      0.144
  6155.795 	      0.162
  6156.812 	      0.161
  6157.829 	      0.160
  6158.847 	      0.158
  6159.865 	      0.157
  6160.882 	      0.156
  6161.900 	      0.155
  6162.919 	      0.153
  6163.937 	      0.152
  6164.956 	      0.151
  6165.974 	      0.150
  6166.993 	      0.148
  6168.012 	      0.147
  6169.031 	      0.145
  6170.051 	      0.144
  6171.070 	      0.143
  6172.090 	      0.141
  6173.110 	      0.140
  6174.130 	      0.138
  6175.150 	      0.137
  6176.171 	      0.136
  6177.191 	      0.134
  6178.212 	      0.135
  6179.233 	      0.142
  6180.254 	      0.139
  6181.275 	      0.125
  6182.296 	      0.096
  6183.318 	      0.088
  6184.340 	      0.086
  6185.362 	      0.088
  6186.384 	      0.107
  6187.406 	      0.125
  6188.428 	      0.149
  6189.451 	      0.112
  6190.474 	      0.071
  6191.497 	      0.086
  6192.520 	      0.140
  6193.543 	      0.150
  6194.567 	      0.197
  6195.590 	      0.205
  6196.614 	      0.165
  6197.638 	      0.145
  6198.662 	      0.147
  6199.686 	      0.134
  6200.711 	      0.134
  6201.735 	      0.148
  6202.760 	      0.144
  6203.785 	      0.182
  6204.810 	      0.179
  6205.835 	      0.184
  6206.861 	      0.192
  6207.887 	      0.168
  6208.912 	      0.140
  6209.938 	      0.123
  6210.964 	      0.125
  6211.991 	      0.162
  6213.017 	      0.131
  6214.044 	      0.126
  6215.071 	      0.126
  6216.098 	      0.109
  6217.125 	      0.097
  6218.152 	      0.101
  6219.180 	      0.098
  6220.207 	      0.128
  6221.235 	      0.124
  6222.263 	      0.147
  6223.291 	      0.187
  6224.320 	      0.189
  6225.348 	      0.158
  6226.377 	      0.102
  6227.406 	      0.062
  6228.435 	      0.091
  6229.464 	      0.120
  6230.493 	      0.083
  6231.523 	      0.121
  6232.553 	      0.115
  6233.583 	      0.169
  6234.613 	      0.265
  6235.643 	      0.323
  6236.673 	      0.374
  6237.704 	      0.363
  6238.734 	      0.335
  6239.765 	      0.303
  6240.796 	      0.257
  6241.828 	      0.209
  6242.859 	      0.220
  6243.891 	      0.202
  6244.922 	      0.171
  6245.954 	      0.204
  6246.986 	      0.208
  6248.019 	      0.156
  6249.051 	      0.126
  6250.084 	      0.140
  6251.117 	      0.130
  6252.149 	      0.106
  6253.183 	      0.079
  6254.216 	      0.093
  6255.249 	      0.130
  6256.283 	      0.209
  6257.317 	      0.316
  6258.351 	      0.361
  6259.385 	      0.336
  6260.419 	      0.347
  6261.454 	      0.323
  6262.488 	      0.201
  6263.523 	      0.162
  6264.558 	      0.225
  6265.593 	      0.247
  6266.629 	      0.205
  6267.664 	      0.173
  6268.700 	      0.162
  6269.736 	      0.153
  6270.772 	      0.172
  6271.808 	      0.155
  6272.844 	      0.159
  6273.881 	      0.153
  6274.918 	      0.139
  6275.954 	      0.144
  6276.991 	      0.121
  6278.029 	      0.082
  6279.066 	      0.050
  6280.104 	      0.007
  6281.141 	      0.024
  6282.179 	      0.044
  6283.217 	      0.037
  6284.256 	      0.056
  6285.294 	      0.091
  6286.333 	      0.187
  6287.371 	      0.269
  6288.410 	      0.260
  6289.449 	      0.276
  6290.489 	      0.297
  6291.528 	      0.184
  6292.568 	      0.107
  6293.608 	      0.107
  6294.648 	      0.099
  6295.688 	      0.088
  6296.728 	      0.148
  6306.099 	      0.244
  6307.141 	      0.288
  6308.183 	      0.341
  6309.225 	      0.354
  6310.268 	      0.314
  6311.310 	      0.175
  6312.353 	      0.079
  6313.396 	      0.098
  6314.440 	      0.109
  6315.483 	      0.121
  6316.527 	      0.101
  6317.570 	      0.075
  6318.614 	      0.096
  6319.658 	      0.157
  6320.703 	      0.207
  6321.747 	      0.207
  6322.792 	      0.201
  6323.837 	      0.187
  6324.882 	      0.192
  6325.927 	      0.191
  6326.972 	      0.194
  6328.017 	      0.230
  6329.063 	      0.309
  6330.109 	      0.351
  6331.155 	      0.356
  6332.201 	      0.340
  6333.247 	      0.266
  6334.294 	      0.168
  6335.341 	      0.102
  6336.388 	      0.095
  6337.435 	      0.125
  6338.482 	      0.124
  6339.529 	      0.117
  6340.577 	      0.141
  6341.624 	      0.123
  6342.672 	      0.082
  6343.720 	      0.088
  6344.769 	      0.074
  6345.817 	      0.057
  6346.866 	      0.067
  6347.914 	      0.079
  6348.963 	      0.044
  6350.012 	      0.029
  6351.062 	      0.070
  6352.111 	      0.098
  6353.161 	      0.097
  6354.211 	      0.120
  6355.261 	      0.202
  6356.311 	      0.263
  6357.361 	      0.286
  6358.412 	      0.270
  6359.462 	      0.248
  6360.513 	      0.215
  6361.564 	      0.374
  6362.615 	      1.006
  6363.667 	      1.558
  6364.718 	      1.699
  6365.770 	      1.727
  6366.822 	      1.613
  6367.874 	      1.004
  6368.926 	      0.324
  6369.979 	      0.151
  6371.031 	      0.132
  6372.084 	      0.138
  6373.137 	      0.148
  6374.190 	      0.121
  6375.243 	      0.097
  6376.297 	      0.111
  6377.350 	      0.089
  6378.404 	      0.086
  6379.458 	      0.140
  6380.512 	      0.168
  6381.567 	      0.171
  6382.621 	      0.127
  6383.676 	      0.111
  6384.731 	      0.137
  6385.786 	      0.188
  6386.841 	      0.196
  6387.896 	      0.163
  6388.952 	      0.196
  6390.008 	      0.196
  6391.063 	      0.133
  6392.120 	      0.138
  6393.176 	      0.148
  6394.232 	      0.122
  6395.289 	      0.072
  6396.346 	      0.097
  6397.403 	      0.155
  6398.460 	      0.203
  6399.517 	      0.168
  6400.574 	      0.105
  6401.632 	      0.080
  6402.690 	      0.119
  6403.748 	      0.087
  6404.806 	      0.117
  6405.864 	      0.149
  6406.923 	      0.131
  6407.982 	      0.122
  6409.040 	      0.136
  6410.099 	      0.143
  6411.159 	      0.119
  6412.218 	      0.096
  6413.278 	      0.138
  6414.337 	      0.158
  6415.397 	      0.161
  6416.457 	      0.125
  6417.518 	      0.118
  6418.578 	      0.126
  6419.639 	      0.155
  6420.700 	      0.163
  6421.760 	      0.141
  6422.822 	      0.134
  6423.883 	      0.120
  6424.944 	      0.109
  6426.006 	      0.135
  6427.068 	      0.171
  6428.130 	      0.174
  6429.192 	      0.164
  6430.255 	      0.183
  6431.317 	      0.192
  6432.380 	      0.181
  6433.443 	      0.150
  6434.506 	      0.123
  6435.569 	      0.139
  6436.632 	      0.162
  6437.696 	      0.146
  6438.760 	      0.140
  6439.824 	      0.154
  6440.888 	      0.144
  6441.952 	      0.136
  6443.017 	      0.153
  6444.081 	      0.130
  6445.146 	      0.102
  6446.211 	      0.093
  6447.276 	      0.100
  6448.342 	      0.136
  6449.407 	      0.147
  6450.473 	      0.114
  6451.539 	      0.162
  6452.605 	      0.176
  6453.671 	      0.163
  6454.738 	      0.116
  6455.804 	      0.093
  6456.871 	      0.096
  6457.938 	      0.110
  6459.005 	      0.088
  6460.072 	      0.097
  6461.140 	      0.118
  6462.207 	      0.160
  6463.275 	      0.179
  6464.343 	      0.213
  6465.411 	      0.291
  6466.480 	      0.302
  6467.548 	      0.257
  6468.617 	      0.235
  6469.686 	      0.273
  6470.755 	      0.248
  6471.824 	      0.266
  6472.894 	      0.242
  6473.963 	      0.214
  6475.033 	      0.181
  6476.103 	      0.106
  6477.173 	      0.107
  6478.243 	      0.142
  6479.314 	      0.143
  6480.385 	      0.147
  6481.455 	      0.119
  6482.526 	      0.089
  6483.598 	      0.090
  6484.669 	      0.065
  6485.740 	      0.074
  6486.812 	      0.078
  6487.884 	      0.117
  6488.956 	      0.144
  6490.028 	      0.135
  6491.101 	      0.129
  6492.173 	      0.123
  6493.246 	      0.115
  6494.319 	      0.105
  6495.392 	      0.105
  6496.466 	      0.137
  6497.539 	      0.234
  6498.613 	      0.308
  6499.687 	      0.328
  6500.761 	      0.325
  6501.835 	      0.315
  6502.909 	      0.242
  6503.984 	      0.180
  6505.058 	      0.166
  6506.133 	      0.154
  6507.208 	      0.172
  6508.284 	      0.181
  6509.359 	      0.144
  6510.435 	      0.103
  6511.511 	      0.072
  6512.587 	      0.075
  6513.663 	      0.056
  6514.739 	      0.076
  6515.816 	      0.078
  6516.892 	      0.051
  6517.969 	      0.050
  6519.046 	      0.069
  6520.123 	      0.078
  6521.201 	      0.048
  6522.278 	      0.074
  6523.356 	      0.117
  6524.434 	      0.171
  6525.512 	      0.130
  6526.590 	      0.094
  6527.669 	      0.071
  6528.748 	      0.068
  6529.826 	      0.084
  6530.905 	      0.087
  6531.985 	      0.193
  6533.064 	      0.274
  6534.143 	      0.278
  6535.223 	      0.289
  6536.303 	      0.257
  6537.383 	      0.156
  6538.463 	      0.101
  6539.544 	      0.077
  6540.624 	      0.072
  6541.705 	      0.108
  6542.786 	      0.148
  6543.867 	      0.142
  6544.949 	      0.154
  6546.030 	      0.180
  6547.112 	      0.191
  6548.194 	      0.122
  6549.276 	      0.077
  6550.358 	      0.075
  6551.440 	      0.111
  6552.523 	      0.226
  6553.606 	      0.328
  6554.689 	      0.329
  6555.772 	      0.278
  6556.855 	      0.236
  6557.938 	      0.123
  6559.022 	      0.028
  6560.106 	      0.039
  6561.190 	      0.076
  6562.274 	      0.141
  6563.358 	      0.194
  6564.443 	      0.244
  6565.528 	      0.271
  6566.613 	      0.198
  6567.698 	      0.130
  6568.783 	      0.111
  6569.868 	      0.104
  6570.954 	      0.119
  6572.040 	      0.144
  6573.126 	      0.135
  6574.212 	      0.120
  6575.298 	      0.131
  6576.385 	      0.195
  6577.471 	      0.228
  6578.558 	      0.245
  6579.645 	      0.265
  6580.733 	      0.220
  6581.820 	      0.096
  6582.908 	      0.083
  6583.995 	      0.106
  6585.083 	      0.045
  6586.171 	      0.037
  6587.260 	      0.036
  6588.348 	      0.069
  6589.437 	      0.075
  6590.526 	      0.067
  6591.615 	      0.077
  6592.704 	      0.079
  6593.793 	      0.076
  6594.883 	      0.073
  6595.973 	      0.092
  6597.063 	      0.087
  6598.153 	      0.121
  6599.243 	      0.152
  6600.334 	      0.090
  6601.424 	      0.083
  6602.515 	      0.116
  6603.606 	      0.179
  6604.697 	      0.185
  6605.789 	      0.189
  6606.880 	      0.202
  6607.972 	      0.154
  6609.064 	      0.106
  6610.156 	      0.165
  6611.248 	      0.320
  6612.341 	      0.885
  6613.433 	      1.794
  6614.526 	      2.727
  6615.619 	      3.176
  6616.712 	      2.798
  6617.806 	      1.555
  6618.899 	      0.659
  6619.993 	      0.285
  6621.087 	      0.172
  6622.181 	      0.163
  6623.275 	      0.199
  6624.370 	      0.327
  6625.464 	      0.894
  6626.559 	      2.935
  6627.654 	      8.054
  6628.749 	     15.589
  6629.844 	     21.114
  6630.940 	     21.358
  6632.036 	     15.860
  6633.132 	      7.752
  6634.228 	      2.469
  6635.324 	      0.727
  6636.420 	      0.436
  6637.517 	      0.323
  6638.614 	      0.253
  6639.711 	      0.216
  6640.808 	      0.219
  6641.905 	      0.221
  6643.003 	      0.199
  6644.100 	      0.206
  6645.198 	      0.228
  6646.296 	      0.461
  6647.395 	      1.405
  6648.493 	      3.642
  6649.592 	      6.766
  6650.691 	      9.158
  6651.789 	      9.593
  6652.889 	      7.017
  6653.988 	      3.345
  6655.087 	      1.166
  6656.187 	      0.468
  6657.287 	      0.224
  6658.387 	      0.131
  6659.487 	      0.096
  6660.588 	      0.049
  6661.688 	      0.065
  6662.789 	      0.107
  6663.890 	      0.052
  6664.991 	      0.093
  6666.093 	      0.079
  6667.194 	      0.099
  6668.296 	      0.076
  6669.398 	      0.081
  6670.500 	      0.092
  6671.602 	      0.085
  6672.705 	      0.027
  6673.807 	      0.024
  6674.910 	      0.018
  6676.013 	      0.033
  6677.116 	      0.039
  6678.219 	      0.015
  6679.323 	      0.003
  6680.427 	      0.018
  6681.530 	      0.034
  6682.635 	      0.033
  6683.739 	      0.046
  6684.843 	      0.033
  6685.948 	      0.069
  6687.053 	      0.093
  6688.158 	      0.062
  6689.263 	      0.038
  6690.368 	      0.034
  6691.474 	      0.003
  6692.579 	     -0.020
  6693.685 	     -0.036
  6694.791 	      0.008
  6695.898 	      0.073
  6697.004 	      0.041
  6698.111 	     -0.003
  6699.217 	     -0.010
  6700.324 	      0.008
  6701.432 	     -0.001
  6702.539 	     -0.010
  6703.647 	     -0.005
  6704.754 	      0.016
  6705.862 	      0.011
  6706.970 	      0.004
  6708.079 	     -0.001
  6709.187 	     -0.002
  6710.296 	     -0.001
  6711.404 	     -0.003
  6712.513 	     -0.011
  6713.623 	      0.022
  6714.732 	     -0.016
  6715.842 	     -0.000
  6716.951 	     -0.004
  6718.061 	     -0.025
  6719.171 	      0.014
  6720.282 	     -0.001
  6721.392 	     -0.023
  6722.503 	     -0.010
  6723.614 	     -0.021
  6724.725 	      0.002
  6725.836 	      0.001
  6726.947 	     -0.016
  6728.059 	      0.005
  6729.171 	      0.011
  6730.283 	      0.000
  6731.395 	     -0.029
  6732.507 	     -0.019
  6733.619 	     -0.026
  6734.732 	     -0.042
  6735.845 	     -0.017
  6736.958 	     -0.012
  6738.071 	      0.019
  6739.185 	     -0.007
  6740.298 	     -0.024
  6741.412 	     -0.022
  6742.526 	      0.009
  6743.640 	      0.037
  6744.754 	      0.017
  6745.869 	      0.049
  6746.984 	      0.095
  6748.099 	      0.068
  6749.214 	      0.016
  6750.329 	      0.003
  6751.444 	     -0.004
  6752.560 	     -0.009
  6753.676 	      0.022
  6754.792 	      0.044
  6755.908 	      0.010
  6757.024 	     -0.026
  6758.141 	     -0.025
  6759.258 	     -0.030
  6760.374 	     -0.027
  6761.492 	     -0.025
  6762.609 	     -0.034
  6763.726 	     -0.059
  6764.844 	     -0.094
  6765.962 	     -0.076
  6767.080 	     -0.060
  6768.198 	     -0.075
  6769.316 	     -0.068
  6770.435 	     -0.071
  6771.554 	     -0.047
  6772.673 	     -0.061
  6773.792 	     -0.058
  6774.911 	     -0.038
  6776.031 	     -0.062
  6777.150 	     -0.062
  6778.270 	     -0.055
  6779.390 	     -0.010
  6780.510 	      0.050
  6781.631 	      0.241
  6782.752 	      0.818
  6783.872 	      1.681
  6784.993 	      2.282
  6786.114 	      2.280
  6787.236 	      1.611
  6788.357 	      0.742
  6789.479 	      0.207
  6790.601 	      0.033
  6791.723 	     -0.014
  6792.845 	     -0.035
  6793.968 	     -0.056
  6795.090 	     -0.002
  6796.213 	      0.221
  6797.336 	      0.733
  6798.459 	      1.377
  6799.583 	      1.882
  6800.706 	      1.951
  6801.830 	      1.270
  6802.954 	      0.518
  6804.078 	      0.123
  6805.203 	     -0.007
  6806.327 	     -0.065
  6807.452 	     -0.081
  6808.577 	     -0.083
  6809.702 	     -0.079
  6810.827 	     -0.095
  6811.952 	     -0.090
  6813.078 	     -0.087
  6814.204 	     -0.066
  6815.330 	     -0.055
  6816.456 	     -0.087
  6817.582 	     -0.120
  6818.709 	     -0.104
  6819.836 	     -0.100
  6820.963 	     -0.090
  6822.090 	     -0.099
  6823.217 	     -0.118
  6824.344 	     -0.106
  6825.472 	     -0.071
  6826.600 	      0.031
  6827.728 	      0.127
  6828.856 	      0.272
  6829.985 	      0.279
  6831.113 	      0.269
  6832.242 	      0.320
  6833.371 	      0.322
  6834.500 	      0.228
  6835.630 	      0.208
  6836.759 	      0.159
  6837.889 	      0.062
  6839.019 	     -0.036
  6840.149 	     -0.063
  6841.279 	     -0.004
  6842.410 	      0.035
  6843.540 	      0.026
  6844.671 	     -0.004
  6845.802 	     -0.029
  6846.933 	     -0.045
  6848.065 	     -0.045
  6849.196 	     -0.043
  6850.328 	     -0.045
  6851.460 	     -0.074
  6852.592 	     -0.076
  6853.724 	     -0.084
  6854.857 	     -0.089
  6855.990 	     -0.097
  6857.123 	     -0.107
  6858.256 	     -0.080
  6859.389 	     -0.065
  6860.522 	     -0.061
  6861.656 	      0.018
  6862.790 	      0.243
  6863.924 	      0.400
  6865.058 	      0.427
  6866.193 	      0.334
  6867.327 	      0.090
  6868.462 	     -0.236
  6869.597 	     -0.395
  6870.732 	     -0.465
  6871.867 	     -0.462
  6873.003 	     -0.416
  6874.139 	     -0.390
  6875.274 	     -0.391
  6876.411 	     -0.396
  6877.547 	     -0.359
  6878.683 	     -0.301
  6879.820 	     -0.184
  6880.957 	     -0.116
  6882.094 	     -0.109
  6883.231 	     -0.109
  6884.368 	     -0.112
  6885.506 	     -0.209
  6886.644 	     -0.218
  6887.782 	     -0.190
  6888.920 	     -0.172
  6890.058 	     -0.146
  6891.197 	     -0.120
  6892.335 	     -0.191
  6893.474 	     -0.196
  6894.613 	     -0.241
  6895.753 	     -0.255
  6896.892 	     -0.260
  6898.032 	     -0.241
  6899.172 	     -0.222
  6900.312 	     -0.161
  6901.452 	     -0.135
  6902.592 	     -0.174
  6903.733 	     -0.152
  6904.874 	     -0.147
  6906.015 	     -0.198
  6907.156 	     -0.226
  6908.297 	     -0.223
  6909.439 	     -0.196
  6910.580 	     -0.161
  6911.722 	     -0.109
  6912.864 	     -0.056
  6914.007 	     -0.019
  6915.149 	      0.005
  6916.292 	     -0.054
  6917.435 	     -0.138
  6918.578 	     -0.180
  6919.721 	     -0.185
  6920.865 	     -0.115
  6922.008 	      0.031
  6923.152 	      0.101
  6924.296 	      0.120
  6925.440 	      0.133
  6926.584 	      0.039
  6927.729 	     -0.115
  6928.874 	     -0.153
  6930.019 	     -0.169
  6931.164 	     -0.161
  6932.309 	     -0.150
  6933.455 	     -0.128
  6934.600 	     -0.144
  6935.746 	     -0.151
  6936.892 	     -0.101
  6938.039 	     -0.040
  6939.185 	      0.012
  6940.332 	      0.034
  6941.479 	      0.015
  6942.626 	     -0.003
  6943.773 	     -0.091
  6944.920 	     -0.128
  6946.068 	     -0.143
  6947.216 	      0.013
  6948.364 	      0.165
  6949.512 	      0.187
  6950.660 	      0.194
  6951.809 	      0.163
  6952.957 	      0.018
  6954.106 	     -0.079
  6955.255 	     -0.107
  6956.405 	     -0.130
  6957.554 	     -0.140
  6958.704 	     -0.123
  6959.854 	     -0.089
  6961.004 	     -0.113
  6962.154 	     -0.126
  6963.304 	     -0.127
  6964.455 	     -0.115
  6965.606 	     -0.128
  6966.757 	     -0.117
  6967.908 	     -0.084
  6969.059 	     -0.076
  6970.211 	     -0.061
  6971.363 	     -0.064
  6972.515 	     -0.077
  6973.667 	     -0.114
  6974.819 	     -0.135
  6975.972 	     -0.077
  6977.125 	      0.005
  6978.277 	      0.097
  6979.431 	      0.104
  6980.584 	      0.084
  6981.737 	      0.026
  6982.891 	     -0.101
  6984.045 	     -0.136
  6985.199 	     -0.127
  6986.353 	     -0.127
  6987.508 	     -0.116
  6988.662 	     -0.148
  6989.817 	     -0.119
  6990.972 	     -0.108
  6992.127 	     -0.150
  6993.283 	     -0.167
  6994.438 	     -0.118
  6995.594 	     -0.122
  6996.750 	     -0.171
  6997.906 	     -0.181
  6999.063 	     -0.178
  7000.219 	     -0.165
  7001.376 	     -0.164
  7002.533 	     -0.137
  7003.690 	     -0.106
  7004.847 	     -0.100
  7006.005 	     -0.114
  7007.162 	     -0.136
  7008.320 	     -0.152
  7009.478 	     -0.124
  7010.636 	     -0.080
  7011.795 	     -0.053
  7012.954 	     -0.071
  7014.112 	     -0.095
  7015.271 	     -0.154
  7016.431 	     -0.182
  7017.590 	     -0.186
  7018.750 	     -0.189
  7019.909 	     -0.175
  7021.069 	     -0.170
  7022.230 	     -0.186
  7023.390 	     -0.171
  7024.551 	     -0.174
  7025.711 	     -0.178
  7026.872 	     -0.169
  7028.033 	     -0.167
  7029.195 	     -0.188
  7030.356 	     -0.196
  7031.518 	     -0.161
  7032.680 	     -0.166
  7033.842 	     -0.187
  7035.004 	     -0.162
  7036.167 	     -0.123
  7037.329 	     -0.164
  7038.492 	     -0.190
  7039.655 	     -0.165
  7040.819 	     -0.118
  7041.982 	     -0.124
  7043.146 	     -0.118
  7044.309 	     -0.137
  7045.473 	     -0.141
  7046.638 	     -0.120
  7047.802 	     -0.098
  7048.967 	     -0.104
  7050.131 	     -0.127
  7051.296 	     -0.128
  7052.462 	     -0.145
  7053.627 	     -0.168
  7054.792 	     -0.192
  7055.958 	     -0.199
  7057.124 	     -0.194
  7058.290 	     -0.210
  7059.457 	     -0.198
  7060.623 	     -0.154
  7061.790 	     -0.174
  7062.957 	     -0.219
  7064.124 	     -0.222
  7065.291 	     -0.195
  7066.459 	     -0.171
  7067.626 	     -0.176
  7068.794 	     -0.171
  7069.962 	     -0.180
  7071.130 	     -0.218
  7072.299 	     -0.218
  7073.468 	     -0.228
  7074.636 	     -0.229
  7075.805 	     -0.221
  7076.975 	     -0.222
  7078.144 	     -0.229
  7079.314 	     -0.219
  7080.483 	     -0.184
  7081.653 	     -0.140
  7082.824 	     -0.152
  7083.994 	     -0.170
  7085.165 	     -0.147
  7086.335 	     -0.142
  7087.506 	     -0.157
  7088.677 	     -0.183
  7089.849 	     -0.214
  7091.020 	     -0.216
  7092.192 	     -0.211
  7093.364 	     -0.197
  7094.536 	     -0.235
  7095.708 	     -0.215
  7096.881 	     -0.214
  7098.054 	     -0.218
  7099.227 	     -0.214
  7100.400 	     -0.211
  7101.573 	     -0.213
  7102.746 	     -0.217
  7103.920 	     -0.237
  7105.094 	     -0.244
  7106.268 	     -0.204
  7107.442 	     -0.201
  7108.617 	     -0.201
  7109.791 	     -0.213
  7110.966 	     -0.213
  7112.141 	     -0.182
  7113.316 	     -0.161
  7114.492 	     -0.201
  7115.667 	     -0.208
  7116.843 	     -0.215
  7118.019 	     -0.218
