wlen 	 newgal_spectrum 
  4184.326 	      0.011
  4185.077 	      0.014
  4185.828 	      0.010
  4186.580 	      0.001
  4187.331 	     -0.031
  4188.083 	     -0.039
  4188.835 	     -0.033
  4189.586 	     -0.012
  4190.339 	     -0.019
  4191.091 	     -0.041
  4191.843 	     -0.049
  4192.595 	     -0.033
  4193.348 	     -0.087
  4194.101 	     -0.024
  4194.853 	      0.015
  4195.606 	     -0.003
  4196.359 	     -0.079
  4197.113 	     -0.126
  4197.866 	     -0.151
  4198.620 	     -0.138
  4199.373 	     -0.043
  4200.127 	     -0.009
  4200.881 	      0.014
  4201.635 	      0.029
  4202.389 	      0.003
  4203.143 	      0.053
  4203.898 	      0.113
  4204.652 	      0.178
  4205.407 	      0.114
  4206.162 	      0.037
  4206.917 	     -0.041
  4207.672 	     -0.124
  4208.427 	     -0.001
  4209.183 	      0.042
  4209.938 	      0.070
  4210.694 	      0.090
  4211.450 	      0.028
  4212.206 	     -0.017
  4212.962 	     -0.053
  4213.718 	     -0.075
  4214.474 	     -0.036
  4215.231 	      0.012
  4215.987 	      0.056
  4216.744 	      0.090
  4217.501 	      0.065
  4218.258 	      0.076
  4219.015 	      0.064
  4219.773 	     -0.016
  4220.530 	     -0.076
  4221.288 	     -0.038
  4222.045 	      0.013
  4222.803 	      0.069
  4223.561 	      0.034
  4224.319 	      0.042
  4225.077 	      0.052
  4225.836 	      0.054
  4226.594 	      0.069
  4227.353 	      0.052
  4228.112 	      0.038
  4228.871 	      0.037
  4229.630 	     -0.127
  4230.389 	     -0.054
  4231.148 	     -0.057
  4231.908 	     -0.207
  4232.667 	      0.165
  4233.427 	      0.184
  4234.187 	      0.159
  4234.947 	      0.104
  4235.707 	      0.037
  4236.468 	      0.157
  4237.228 	      0.114
  4237.989 	     -0.117
  4238.749 	      0.005
  4239.510 	      0.088
  4240.271 	      0.114
  4241.032 	      0.089
  4241.793 	      0.168
  4242.555 	      0.187
  4243.316 	      0.135
  4244.078 	      0.031
  4244.840 	     -0.064
  4245.602 	     -0.062
  4246.364 	     -0.049
  4247.126 	     -0.020
  4247.888 	      0.090
  4248.651 	      0.129
  4249.413 	      0.132
  4250.176 	      0.121
  4250.939 	      0.131
  4251.702 	      0.087
  4252.465 	      0.014
  4253.229 	     -0.039
  4253.992 	      0.030
  4254.756 	      0.121
  4255.519 	      0.085
  4256.283 	      0.029
  4257.047 	     -0.003
  4257.811 	      0.068
  4258.575 	      0.053
  4259.340 	      0.011
  4260.104 	     -0.062
  4260.869 	      0.091
  4261.634 	      0.139
  4262.399 	      0.145
  4263.164 	      0.104
  4263.929 	     -0.084
  4264.695 	     -0.013
  4265.460 	      0.053
  4266.226 	      0.098
  4266.991 	     -0.036
  4267.757 	     -0.026
  4268.523 	     -0.029
  4269.290 	     -0.031
  4270.056 	      0.088
  4270.822 	      0.044
  4271.589 	      0.040
  4272.356 	      0.052
  4273.123 	      0.038
  4273.890 	      0.106
  4274.657 	      0.077
  4275.424 	      0.026
  4276.191 	      0.002
  4276.959 	      0.101
  4277.727 	     -0.005
  4278.494 	     -0.046
  4279.262 	      0.105
  4280.031 	      0.138
  4280.799 	      0.054
  4281.567 	      0.008
  4282.336 	      0.017
  4283.104 	     -0.005
  4283.873 	     -0.025
  4284.642 	      0.010
  4285.411 	      0.080
  4286.180 	      0.082
  4286.950 	      0.082
  4287.719 	      0.041
  4288.489 	     -0.013
  4289.259 	     -0.045
  4290.029 	      0.037
  4290.799 	      0.030
  4291.569 	      0.011
  4292.339 	      0.017
  4293.110 	      0.093
  4293.880 	      0.041
  4294.651 	     -0.023
  4295.422 	     -0.086
  4296.193 	      0.026
  4296.964 	      0.024
  4297.735 	     -0.002
  4298.507 	     -0.034
  4299.278 	      0.059
  4300.050 	      0.068
  4300.822 	      0.159
  4301.594 	      0.210
  4302.366 	     -0.086
  4303.138 	      0.043
  4303.910 	      0.027
  4304.683 	      0.011
  4305.456 	      0.065
  4306.229 	      0.118
  4307.001 	      0.175
  4307.775 	      0.154
  4308.548 	      0.044
  4309.321 	     -0.072
  4310.095 	      0.023
  4310.868 	      0.136
  4311.642 	      0.232
  4312.416 	      0.141
  4313.190 	      0.044
  4313.964 	     -0.041
  4314.739 	     -0.073
  4315.513 	      0.032
  4316.288 	      0.043
  4317.062 	      0.093
  4317.837 	      0.144
  4318.612 	      0.188
  4319.388 	      0.162
  4320.163 	      0.046
  4320.938 	     -0.002
  4321.714 	     -0.005
  4322.490 	     -0.051
  4323.266 	     -0.075
  4324.042 	      0.012
  4324.818 	      0.111
  4325.594 	      0.151
  4326.370 	      0.174
  4327.147 	      0.142
  4327.924 	      0.102
  4328.700 	      0.062
  4329.477 	      0.014
  4330.255 	      0.018
  4331.032 	      0.067
  4331.809 	      0.125
  4332.587 	      0.082
  4333.364 	      0.093
  4334.142 	      0.092
  4334.920 	      0.072
  4335.698 	      0.015
  4336.477 	      0.034
  4337.255 	      0.038
  4338.034 	      0.002
  4338.812 	     -0.059
  4339.591 	      0.032
  4340.370 	      0.000
  4341.149 	     -0.052
  4341.928 	     -0.076
  4342.708 	      0.027
  4343.487 	      0.062
  4344.267 	     -0.016
  4345.046 	     -0.091
  4345.826 	     -0.134
  4346.606 	     -0.069
  4347.387 	      0.065
  4348.167 	      0.033
  4348.947 	     -0.074
  4349.728 	     -0.057
  4350.509 	     -0.019
  4351.290 	      0.013
  4352.071 	      0.047
  4352.852 	      0.087
  4353.633 	      0.117
  4354.415 	      0.116
  4355.196 	      0.159
  4355.978 	      0.218
  4356.760 	      0.161
  4357.542 	      0.086
  4358.324 	      0.026
  4359.106 	     -0.003
  4359.889 	      0.024
  4360.671 	      0.085
  4361.454 	      0.097
  4362.237 	      0.111
  4363.020 	      0.124
  4363.803 	      0.106
  4364.587 	      0.054
  4365.370 	     -0.017
  4366.153 	     -0.057
  4366.937 	     -0.020
  4367.721 	      0.019
  4368.505 	      0.077
  4369.289 	      0.063
  4370.073 	     -0.007
  4370.858 	     -0.005
  4371.642 	      0.052
  4372.427 	      0.104
  4373.212 	      0.110
  4373.997 	      0.017
  4374.782 	      0.178
  4386.576 	      0.122
  4387.363 	      0.128
  4388.151 	      0.179
  4388.938 	      0.137
  4389.726 	      0.154
  4390.514 	      0.108
  4391.302 	      0.038
  4392.090 	      0.003
  4392.879 	      0.064
  4393.667 	      0.089
  4394.456 	      0.067
  4395.245 	      0.006
  4396.033 	      0.065
  4396.823 	      0.038
  4397.612 	      0.015
  4398.401 	      0.005
  4399.191 	      0.020
  4399.980 	      0.084
  4400.770 	      0.043
  4401.560 	      0.017
  4402.350 	      0.020
  4403.140 	      0.085
  4403.931 	      0.096
  4404.721 	      0.073
  4405.512 	      0.105
  4406.302 	      0.216
  4407.093 	      0.212
  4407.884 	      0.112
  4408.676 	      0.016
  4409.467 	     -0.027
  4410.258 	      0.067
  4411.050 	      0.013
  4411.842 	     -0.005
  4412.634 	      0.072
  4413.426 	      0.176
  4414.218 	     -0.025
  4415.010 	      0.000
  4415.803 	      0.015
  4416.595 	      0.015
  4417.388 	     -0.005
  4418.181 	      0.015
  4418.974 	      0.060
  4419.767 	      0.033
  4420.561 	      0.004
  4421.354 	      0.048
  4422.148 	      0.039
  4422.941 	      0.046
  4423.735 	     -0.019
  4424.529 	     -0.102
  4425.324 	     -0.013
  4426.118 	      0.102
  4426.912 	      0.039
  4427.707 	      0.045
  4428.502 	      0.151
  4429.297 	      0.065
  4430.092 	      0.064
  4430.887 	      0.113
  4431.682 	      0.145
  4432.478 	      0.121
  4433.273 	      0.124
  4434.069 	      0.079
  4434.865 	     -0.028
  4435.661 	     -0.134
  4436.457 	     -0.153
  4437.253 	     -0.105
  4438.050 	     -0.058
  4438.847 	     -0.017
  4439.643 	      0.006
  4440.440 	     -0.026
  4441.237 	     -0.090
  4442.034 	     -0.098
  4442.832 	     -0.070
  4443.629 	     -0.011
  4444.427 	      0.083
  4445.225 	      0.111
  4446.023 	      0.068
  4446.821 	      0.001
  4447.619 	     -0.066
  4448.417 	     -0.045
  4449.216 	     -0.009
  4450.014 	     -0.010
  4450.813 	     -0.034
  4451.612 	     -0.072
  4452.411 	     -0.038
  4453.210 	      0.002
  4454.009 	      0.029
  4454.809 	      0.040
  4455.609 	      0.030
  4456.408 	      0.021
  4457.208 	     -0.008
  4458.008 	     -0.047
  4458.808 	     -0.088
  4459.609 	     -0.108
  4460.409 	     -0.064
  4461.210 	     -0.013
  4462.011 	      0.024
  4462.812 	      0.041
  4463.613 	      0.022
  4464.414 	     -0.036
  4465.215 	     -0.079
  4466.017 	     -0.095
  4466.818 	     -0.078
  4467.620 	     -0.001
  4468.422 	      0.078
  4469.224 	      0.065
  4470.026 	     -0.003
  4470.829 	     -0.102
  4471.631 	     -0.120
  4472.434 	     -0.028
  4473.237 	      0.014
  4474.039 	      0.019
  4474.843 	     -0.009
  4475.646 	     -0.004
  4476.449 	      0.035
  4477.253 	      0.026
  4478.056 	     -0.023
  4478.860 	     -0.104
  4479.664 	     -0.096
  4480.468 	     -0.091
  4481.272 	     -0.087
  4482.077 	     -0.083
  4482.881 	     -0.079
  4483.686 	     -0.071
  4484.491 	     -0.062
  4485.296 	     -0.052
  4486.101 	     -0.042
  4486.906 	     -0.035
  4487.711 	     -0.027
  4488.517 	     -0.023
  4489.322 	     -0.019
  4490.128 	     -0.013
  4490.934 	     -0.007
  4491.740 	      0.001
  4492.547 	     -0.072
  4493.353 	     -0.073
  4494.160 	     -0.053
  4494.966 	     -0.054
  4495.773 	      0.042
  4496.580 	      0.043
  4497.387 	     -0.006
  4498.194 	     -0.065
  4499.002 	     -0.101
  4499.809 	     -0.049
  4500.617 	     -0.022
  4501.425 	     -0.021
  4502.233 	     -0.039
  4503.041 	     -0.068
  4503.849 	     -0.112
  4504.658 	     -0.117
  4505.466 	     -0.096
  4506.275 	     -0.064
  4507.084 	     -0.032
  4507.893 	     -0.023
  4508.702 	     -0.040
  4509.511 	     -0.059
  4510.321 	     -0.073
  4511.130 	     -0.074
  4511.940 	     -0.057
  4512.750 	     -0.028
  4513.560 	      0.004
  4514.370 	      0.033
  4515.180 	      0.046
  4515.991 	      0.029
  4516.802 	     -0.018
  4517.612 	     -0.051
  4518.423 	     -0.054
  4519.234 	     -0.023
  4520.045 	      0.045
  4520.857 	      0.078
  4521.668 	      0.064
  4522.480 	      0.034
  4523.292 	     -0.004
  4524.103 	     -0.042
  4524.916 	     -0.047
  4525.728 	     -0.004
  4526.540 	      0.056
  4527.353 	      0.110
  4528.165 	      0.114
  4528.978 	     -0.017
  4529.791 	     -0.108
  4530.604 	     -0.132
  4531.417 	     -0.098
  4532.231 	     -0.023
  4533.044 	      0.046
  4533.858 	      0.057
  4534.672 	      0.036
  4535.486 	      0.001
  4536.300 	     -0.027
  4537.114 	     -0.006
  4537.928 	      0.010
  4538.743 	      0.013
  4539.558 	      0.005
  4540.372 	     -0.012
  4541.187 	     -0.022
  4542.002 	     -0.046
  4542.818 	     -0.057
  4543.633 	     -0.040
  4544.449 	      0.002
  4545.264 	      0.063
  4546.080 	      0.041
  4546.896 	     -0.030
  4547.712 	     -0.073
  4548.529 	     -0.071
  4549.345 	     -0.023
  4550.162 	     -0.002
  4550.979 	     -0.021
  4551.795 	     -0.025
  4552.612 	     -0.015
  4553.430 	      0.002
  4554.247 	     -0.015
  4555.064 	     -0.042
  4555.882 	     -0.050
  4556.700 	     -0.043
  4557.518 	     -0.029
  4558.336 	     -0.024
  4559.154 	     -0.029
  4559.972 	     -0.014
  4560.791 	      0.000
  4561.609 	      0.005
  4562.428 	     -0.015
  4563.247 	     -0.052
  4564.066 	     -0.065
  4564.885 	     -0.063
  4565.705 	     -0.052
  4566.524 	     -0.042
  4567.344 	     -0.030
  4568.164 	     -0.034
  4568.984 	     -0.051
  4569.804 	     -0.072
  4570.624 	     -0.089
  4571.445 	     -0.073
  4572.265 	     -0.027
  4573.086 	     -0.022
  4573.907 	     -0.052
  4574.728 	     -0.091
  4575.549 	     -0.096
  4576.370 	     -0.012
  4577.192 	      0.008
  4578.013 	     -0.016
  4578.835 	     -0.062
  4579.657 	     -0.104
  4580.479 	     -0.107
  4581.301 	     -0.094
  4582.123 	     -0.072
  4582.946 	     -0.034
  4583.768 	      0.014
  4584.591 	      0.066
  4585.414 	      0.059
  4586.237 	      0.026
  4587.060 	      0.034
  4587.884 	      0.074
  4588.707 	      0.120
  4589.531 	      0.107
  4590.355 	      0.039
  4591.179 	     -0.015
  4592.003 	     -0.053
  4592.827 	     -0.071
  4593.651 	     -0.081
  4594.476 	     -0.084
  4595.301 	     -0.070
  4596.125 	     -0.046
  4596.950 	     -0.019
  4597.776 	      0.002
  4598.601 	     -0.002
  4599.426 	     -0.038
  4600.252 	     -0.064
  4601.078 	     -0.068
  4601.903 	     -0.049
  4602.730 	     -0.019
  4603.556 	     -0.003
  4604.382 	      0.009
  4605.208 	      0.033
  4606.035 	      0.059
  4606.862 	      0.070
  4607.689 	      0.039
  4608.516 	      0.013
  4609.343 	      0.015
  4610.170 	      0.019
  4610.998 	      0.010
  4611.826 	     -0.032
  4612.653 	     -0.111
  4613.481 	     -0.156
  4614.309 	     -0.144
  4615.138 	     -0.083
  4615.966 	      0.001
  4616.795 	      0.043
  4617.623 	     -0.005
  4618.452 	     -0.053
  4619.281 	     -0.079
  4620.110 	     -0.083
  4620.940 	     -0.077
  4621.769 	     -0.067
  4622.599 	     -0.054
  4623.428 	     -0.036
  4624.258 	     -0.020
  4625.088 	     -0.009
  4625.918 	     -0.006
  4626.749 	     -0.002
  4627.579 	     -0.007
  4628.410 	     -0.030
  4629.241 	     -0.059
  4630.072 	     -0.076
  4630.903 	     -0.037
  4631.734 	      0.015
  4632.565 	     -0.005
  4633.397 	     -0.051
  4634.229 	     -0.085
  4635.060 	     -0.070
  4635.892 	     -0.023
  4636.724 	     -0.049
  4637.557 	     -0.085
  4638.389 	     -0.089
  4639.222 	     -0.058
  4640.054 	     -0.015
  4640.887 	     -0.035
  4641.720 	     -0.056
  4642.553 	     -0.051
  4643.387 	     -0.034
  4644.220 	     -0.026
  4645.054 	     -0.074
  4645.888 	     -0.139
  4646.722 	     -0.155
  4647.556 	     -0.127
  4648.390 	     -0.065
  4649.224 	      0.012
  4650.059 	      0.049
  4650.893 	     -0.011
  4651.728 	     -0.054
  4652.563 	     -0.056
  4653.398 	     -0.030
  4654.234 	     -0.001
  4655.069 	     -0.010
  4655.905 	     -0.043
  4656.740 	     -0.066
  4657.576 	     -0.073
  4658.412 	     -0.061
  4659.248 	     -0.028
  4660.085 	      0.038
  4660.921 	      0.077
  4661.758 	      0.057
  4662.594 	     -0.004
  4663.431 	     -0.069
  4664.268 	     -0.085
  4665.106 	     -0.003
  4665.943 	      0.050
  4666.781 	      0.055
  4667.618 	      0.030
  4668.456 	     -0.011
  4669.294 	     -0.051
  4670.132 	     -0.089
  4670.970 	     -0.086
  4671.809 	     -0.058
  4672.647 	     -0.021
  4673.486 	      0.002
  4674.325 	     -0.016
  4675.164 	     -0.061
  4676.003 	     -0.046
  4676.843 	     -0.018
  4677.682 	     -0.013
  4678.522 	     -0.043
  4679.361 	     -0.085
  4680.201 	     -0.065
  4681.041 	     -0.018
  4681.882 	      0.002
  4682.722 	     -0.004
  4683.563 	     -0.036
  4684.403 	     -0.093
  4685.244 	     -0.096
  4686.085 	     -0.029
  4686.926 	     -0.072
  4687.767 	     -0.040
  4688.609 	      0.049
  4689.450 	     -0.006
  4690.292 	     -0.091
  4691.134 	     -0.037
  4691.976 	      0.000
  4692.818 	      0.054
  4693.661 	      0.068
  4694.503 	     -0.065
  4695.346 	      0.029
  4696.189 	      0.008
  4697.032 	      0.033
  4697.875 	      0.045
  4698.718 	      0.014
  4699.561 	     -0.064
  4700.405 	      0.011
  4701.249 	      0.013
  4702.092 	     -0.034
  4702.936 	     -0.029
  4703.781 	      0.011
  4704.625 	      0.024
  4705.469 	     -0.045
  4706.314 	     -0.026
  4707.159 	     -0.002
  4708.004 	     -0.021
  4708.849 	     -0.058
  4709.694 	     -0.068
  4710.539 	     -0.010
  4711.385 	     -0.004
  4712.231 	      0.011
  4713.076 	      0.021
  4713.922 	      0.042
  4714.768 	      0.061
  4715.615 	     -0.001
  4716.461 	     -0.099
  4717.308 	     -0.055
  4718.154 	     -0.009
  4719.001 	      0.029
  4719.848 	      0.061
  4720.696 	      0.091
  4721.543 	     -0.005
  4722.390 	     -0.030
  4723.238 	     -0.017
  4724.086 	     -0.019
  4724.934 	     -0.023
  4725.782 	     -0.000
  4726.630 	     -0.065
  4727.479 	     -0.026
  4728.327 	     -0.021
  4729.176 	     -0.044
  4730.025 	     -0.038
  4730.874 	      0.012
  4731.723 	     -0.009
  4732.572 	     -0.082
  4733.422 	     -0.095
  4734.271 	     -0.052
  4735.121 	     -0.006
  4735.971 	     -0.011
  4736.821 	     -0.093
  4737.671 	      0.135
  4738.522 	      0.107
  4739.372 	      0.003
  4740.223 	      0.007
  4741.074 	      0.061
  4741.925 	      0.026
  4742.776 	     -0.053
  4743.627 	     -0.032
  4744.479 	     -0.027
  4745.330 	     -0.048
  4746.182 	     -0.048
  4747.034 	     -0.007
  4747.886 	      0.026
  4748.738 	      0.045
  4749.591 	      0.026
  4750.443 	      0.008
  4751.296 	     -0.067
  4752.149 	     -0.115
  4753.002 	     -0.023
  4753.855 	     -0.029
  4754.708 	      0.029
  4755.562 	     -0.008
  4756.415 	      0.009
  4757.269 	      0.028
  4758.123 	      0.023
  4758.977 	      0.055
  4759.831 	     -0.020
  4760.686 	     -0.018
  4761.540 	      0.024
  4762.395 	      0.027
  4763.250 	     -0.001
  4764.105 	     -0.010
  4764.960 	     -0.031
  4765.815 	     -0.028
  4766.671 	     -0.004
  4767.526 	     -0.008
  4768.382 	     -0.017
  4769.238 	      0.002
  4770.094 	      0.067
  4770.950 	      0.086
  4771.807 	      0.046
  4772.663 	      0.038
  4773.520 	     -0.020
  4774.377 	     -0.067
  4775.234 	     -0.051
  4776.091 	     -0.033
  4776.948 	     -0.048
  4777.805 	      0.058
  4778.663 	      0.033
  4779.521 	     -0.041
  4780.379 	     -0.089
  4781.237 	     -0.069
  4782.095 	     -0.023
  4782.953 	      0.033
  4783.812 	      0.006
  4784.670 	      0.050
  4785.529 	      0.088
  4786.388 	      0.069
  4787.247 	     -0.003
  4788.107 	     -0.079
  4788.966 	      0.004
  4789.826 	      0.056
  4790.686 	      0.030
  4791.545 	      0.030
  4792.405 	      0.060
  4793.266 	     -0.038
  4794.126 	     -0.066
  4794.987 	      0.038
  4795.847 	      0.038
  4796.708 	     -0.031
  4797.569 	     -0.033
  4798.430 	      0.046
  4799.292 	     -0.050
  4800.153 	      0.033
  4801.015 	     -0.012
  4801.876 	     -0.014
  4802.738 	      0.072
  4803.600 	      0.070
  4804.463 	     -0.101
  4805.325 	     -0.117
  4806.188 	     -0.031
  4807.050 	     -0.040
  4807.913 	      0.019
  4808.776 	     -0.017
  4809.639 	     -0.063
  4810.503 	     -0.015
  4811.366 	     -0.006
  4812.230 	     -0.025
  4813.093 	     -0.024
  4813.957 	      0.027
  4814.821 	     -0.013
  4815.686 	     -0.083
  4816.550 	     -0.068
  4817.415 	      0.029
  4818.279 	      0.080
  4819.144 	     -0.013
  4820.009 	     -0.056
  4820.874 	     -0.053
  4821.740 	     -0.030
  4822.605 	     -0.008
  4823.471 	      0.027
  4824.337 	     -0.032
  4825.203 	     -0.102
  4826.069 	     -0.062
  4826.935 	      0.026
  4827.801 	      0.075
  4828.668 	      0.053
  4829.535 	      0.053
  4830.401 	      0.086
  4831.269 	      0.039
  4832.136 	     -0.026
  4833.003 	     -0.046
  4833.871 	     -0.017
  4834.738 	      0.021
  4835.606 	      0.000
  4836.474 	     -0.028
  4837.342 	      0.039
  4838.210 	     -0.003
  4839.079 	     -0.060
  4839.947 	     -0.037
  4840.816 	      0.022
  4841.685 	     -0.020
  4842.554 	     -0.065
  4843.423 	      0.047
  4844.293 	      0.035
  4845.162 	     -0.015
  4846.032 	     -0.016
  4846.902 	      0.037
  4847.772 	      0.082
  4848.642 	      0.074
  4849.512 	     -0.020
  4850.383 	     -0.007
  4851.253 	     -0.028
  4852.124 	     -0.006
  4852.995 	      0.036
  4853.866 	      0.037
  4854.737 	     -0.036
  4855.609 	     -0.033
  4856.480 	     -0.028
  4857.352 	     -0.039
  4858.224 	      0.066
  4859.096 	      0.064
  4859.968 	     -0.049
  4860.841 	     -0.031
  4861.713 	     -0.039
  4862.586 	      0.085
  4863.459 	     -0.084
  4864.332 	     -0.036
  4865.205 	     -0.005
  4866.078 	     -0.079
  4866.951 	     -0.182
  4867.825 	     -0.175
  4868.699 	      0.002
  4869.573 	     -0.110
  4870.447 	     -0.067
  4871.321 	     -0.087
  4872.195 	     -0.079
  4873.070 	     -0.012
  4873.945 	      0.008
  4874.819 	     -0.010
  4875.694 	      0.016
  4876.570 	     -0.011
  4877.445 	     -0.068
  4878.320 	     -0.088
  4879.196 	     -0.093
  4880.072 	     -0.100
  4880.948 	     -0.047
  4881.824 	     -0.041
  4882.700 	     -0.077
  4883.577 	     -0.022
  4884.453 	     -0.034
  4885.330 	     -0.055
  4886.207 	     -0.030
  4887.084 	      0.018
  4887.961 	     -0.041
  4888.838 	      0.054
  4889.716 	      0.060
  4890.594 	     -0.020
  4891.472 	     -0.065
  4892.350 	     -0.041
  4893.228 	      0.013
  4894.106 	      0.036
  4894.984 	      0.022
  4895.863 	     -0.001
  4896.742 	     -0.048
  4897.621 	     -0.074
  4898.500 	     -0.115
  4899.379 	     -0.115
  4900.259 	     -0.068
  4901.138 	     -0.059
  4902.018 	     -0.020
  4902.898 	      0.065
  4903.778 	      0.168
  4904.658 	      0.547
  4905.538 	      1.095
  4906.419 	      1.498
  4907.300 	      1.556
  4908.180 	      1.379
  4909.061 	      0.947
  4909.943 	      0.416
  4910.824 	      0.205
  4911.705 	      0.137
  4912.587 	      0.096
  4913.469 	      0.027
  4914.351 	     -0.045
  4915.233 	     -0.039
  4916.115 	     -0.046
  4916.998 	     -0.118
  4917.880 	     -0.103
  4918.763 	     -0.089
  4919.646 	     -0.068
  4920.529 	     -0.037
  4921.412 	      0.007
  4922.295 	      0.060
  4923.179 	     -0.029
  4924.063 	     -0.057
  4924.947 	     -0.039
  4925.831 	     -0.133
  4926.715 	     -0.145
  4927.599 	     -0.140
  4928.484 	     -0.156
  4929.368 	     -0.058
  4930.253 	     -0.084
  4931.138 	     -0.094
  4932.023 	     -0.066
  4932.908 	     -0.026
  4933.794 	     -0.005
  4934.679 	     -0.054
  4935.565 	     -0.130
  4936.451 	     -0.118
  4937.337 	     -0.066
  4938.223 	     -0.048
  4939.110 	      0.032
  4939.996 	      0.015
  4940.883 	     -0.037
  4941.770 	     -0.058
  4942.657 	     -0.056
  4943.544 	     -0.061
  4944.431 	     -0.025
  4945.319 	     -0.180
  4946.207 	     -0.120
  4947.094 	     -0.077
  4947.982 	     -0.079
  4948.871 	     -0.070
  4949.759 	     -0.052
  4950.647 	     -0.042
  4951.536 	     -0.043
  4952.425 	     -0.176
  4953.314 	     -0.079
  4954.203 	     -0.042
  4955.092 	     -0.096
  4955.981 	     -0.114
  4956.871 	     -0.075
  4957.761 	      0.001
  4958.651 	      0.056
  4959.541 	     -0.044
  4960.431 	     -0.102
  4961.321 	     -0.032
  4962.212 	     -0.077
  4963.103 	     -0.077
  4963.993 	     -0.044
  4964.884 	     -0.040
  4965.776 	     -0.073
  4966.667 	     -0.070
  4967.558 	     -0.077
  4968.450 	     -0.040
  4969.342 	     -0.043
  4970.234 	     -0.031
  4971.126 	      0.016
  4972.018 	      0.062
  4972.911 	      0.037
  4973.803 	     -0.064
  4974.696 	     -0.115
  4975.589 	     -0.080
  4976.482 	     -0.087
  4977.375 	     -0.015
  4978.269 	      0.046
  4979.162 	     -0.004
  4980.056 	     -0.066
  4980.950 	     -0.069
  4981.844 	     -0.053
  4982.738 	     -0.077
  4983.633 	     -0.111
  4984.527 	     -0.117
  4985.422 	     -0.075
  4986.317 	     -0.028
  4987.212 	      0.050
  4988.107 	      0.068
  4989.002 	      0.024
  4989.898 	     -0.004
  4990.794 	     -0.076
  4991.689 	     -0.101
  4992.585 	     -0.019
  4993.482 	      0.031
  4994.378 	     -0.001
  4995.274 	     -0.007
  4996.171 	     -0.010
  4997.068 	     -0.039
  4997.965 	     -0.055
  4998.862 	      0.006
  4999.759 	      0.044
  5000.657 	     -0.056
  5001.554 	     -0.105
  5002.452 	     -0.052
  5003.350 	     -0.038
  5004.248 	     -0.008
  5005.146 	      0.061
  5006.045 	      0.097
  5006.943 	      0.063
  5007.842 	      0.042
  5008.741 	     -0.062
  5009.640 	     -0.076
  5010.539 	     -0.009
  5011.438 	     -0.041
  5012.338 	     -0.090
  5013.238 	     -0.093
  5014.137 	     -0.087
  5015.037 	     -0.108
  5015.938 	     -0.108
  5016.838 	     -0.000
  5017.738 	     -0.004
  5018.639 	     -0.063
  5019.540 	     -0.112
  5020.441 	     -0.072
  5021.342 	     -0.024
  5022.243 	     -0.019
  5023.145 	      0.010
  5024.046 	      0.061
  5024.948 	     -0.053
  5025.850 	     -0.068
  5026.752 	     -0.035
  5027.655 	     -0.024
  5028.557 	     -0.007
  5029.460 	     -0.040
  5030.362 	     -0.080
  5031.265 	     -0.076
  5032.168 	     -0.107
  5033.072 	     -0.033
  5033.975 	     -0.149
  5034.879 	     -0.009
  5035.782 	     -0.031
  5036.686 	     -0.018
  5037.590 	     -0.044
  5038.495 	     -0.048
  5039.399 	      0.004
  5040.304 	      0.040
  5041.208 	      0.068
  5042.113 	      0.046
  5043.018 	     -0.056
  5043.923 	     -0.092
  5044.829 	     -0.096
  5045.734 	     -0.035
  5046.640 	     -0.073
  5047.546 	     -0.120
  5048.452 	     -0.056
  5049.358 	      0.014
  5050.264 	     -0.046
  5051.171 	     -0.000
  5052.078 	      0.140
  5052.984 	      0.278
  5053.891 	      0.313
  5054.799 	      0.251
  5055.706 	      0.176
  5056.613 	      0.091
  5057.521 	      0.005
  5058.429 	     -0.024
  5059.337 	     -0.048
  5060.245 	      0.022
  5061.153 	     -0.001
  5062.062 	     -0.035
  5062.970 	     -0.037
  5063.879 	      0.002
  5064.788 	     -0.000
  5065.697 	     -0.029
  5066.606 	     -0.043
  5067.516 	     -0.052
  5068.425 	     -0.088
  5069.335 	     -0.095
  5070.245 	     -0.072
  5071.155 	     -0.062
  5072.065 	     -0.066
  5072.976 	     -0.080
  5073.886 	     -0.048
  5074.797 	     -0.051
  5075.708 	     -0.093
  5076.619 	     -0.075
  5077.530 	      0.004
  5078.442 	      0.008
  5079.353 	     -0.056
  5080.265 	      0.008
  5081.177 	      0.074
  5082.089 	      0.055
  5083.001 	     -0.002
  5083.914 	     -0.016
  5084.826 	     -0.009
  5085.739 	     -0.022
  5086.652 	     -0.035
  5087.565 	     -0.058
  5088.478 	     -0.098
  5089.391 	     -0.184
  5090.305 	     -0.091
  5091.219 	      0.020
  5092.132 	      0.070
  5093.046 	     -0.001
  5093.961 	     -0.046
  5094.875 	     -0.025
  5095.789 	     -0.024
  5096.704 	     -0.033
  5097.619 	     -0.031
  5098.534 	     -0.006
  5099.449 	     -0.009
  5100.364 	      0.002
  5101.280 	      0.089
  5102.196 	      0.064
  5103.111 	     -0.012
  5104.027 	     -0.060
  5104.944 	     -0.029
  5105.860 	      0.057
  5106.776 	      0.077
  5107.693 	      0.064
  5108.610 	     -0.012
  5109.527 	     -0.004
  5110.444 	     -0.023
  5111.361 	      0.019
  5112.279 	     -0.018
  5113.196 	     -0.013
  5114.114 	      0.009
  5115.032 	     -0.013
  5115.950 	     -0.050
  5116.868 	     -0.039
  5117.787 	     -0.006
  5118.706 	      0.037
  5119.624 	      0.022
  5120.543 	     -0.019
  5121.462 	      0.085
  5122.382 	     -0.011
  5123.301 	     -0.082
  5124.221 	     -0.062
  5125.141 	     -0.005
  5126.060 	      0.013
  5126.981 	     -0.033
  5127.901 	     -0.022
  5128.821 	     -0.053
  5129.742 	     -0.015
  5130.663 	     -0.076
  5131.584 	      0.077
  5132.505 	      0.027
  5133.426 	     -0.000
  5134.347 	      0.020
  5135.269 	     -0.056
  5136.191 	     -0.131
  5137.113 	     -0.040
  5138.035 	      0.040
  5138.957 	      0.035
  5139.879 	      0.003
  5140.802 	      0.067
  5141.725 	      0.055
  5142.648 	     -0.032
  5143.571 	     -0.015
  5144.494 	      0.018
  5145.417 	     -0.019
  5146.341 	     -0.081
  5147.265 	     -0.079
  5148.189 	     -0.014
  5149.113 	      0.027
  5150.037 	      0.080
  5150.961 	      0.007
  5151.886 	     -0.007
  5152.811 	      0.043
  5153.736 	     -0.046
  5154.661 	     -0.085
  5155.586 	     -0.092
  5156.511 	     -0.110
  5157.437 	     -0.056
  5158.363 	      0.019
  5159.289 	      0.006
  5160.215 	     -0.001
  5161.141 	      0.011
  5162.067 	      0.006
  5162.994 	     -0.087
  5163.921 	     -0.032
  5164.848 	      0.012
  5165.775 	      0.054
  5166.702 	      0.032
  5167.629 	     -0.029
  5168.557 	     -0.038
  5169.485 	     -0.018
  5170.412 	     -0.028
  5171.341 	     -0.035
  5172.269 	     -0.020
  5173.197 	     -0.098
  5174.126 	     -0.141
  5175.054 	     -0.121
  5175.983 	     -0.112
  5176.912 	     -0.080
  5177.842 	     -0.061
  5178.771 	     -0.038
  5179.701 	     -0.026
  5180.630 	     -0.006
  5181.560 	      0.009
  5182.490 	     -0.017
  5183.421 	     -0.054
  5184.351 	     -0.057
  5185.282 	     -0.044
  5186.212 	     -0.056
  5187.143 	     -0.061
  5188.074 	     -0.032
  5189.006 	     -0.064
  5189.937 	     -0.030
  5190.868 	      0.014
  5191.800 	     -0.027
  5192.732 	     -0.081
  5193.664 	     -0.092
  5194.596 	     -0.091
  5195.529 	     -0.090
  5196.461 	     -0.090
  5197.394 	     -0.089
  5198.327 	     -0.088
  5199.260 	     -0.086
  5200.193 	     -0.083
  5201.127 	     -0.080
  5202.060 	     -0.078
  5202.994 	     -0.077
  5203.928 	     -0.076
  5204.862 	     -0.077
  5205.796 	     -0.078
  5206.731 	     -0.081
  5207.665 	     -0.083
  5208.600 	     -0.084
  5209.535 	     -0.084
  5210.470 	     -0.083
  5211.405 	     -0.080
  5212.341 	     -0.078
  5213.276 	     -0.074
  5214.212 	     -0.069
  5215.148 	     -0.060
  5216.084 	     -0.047
  5217.021 	     -0.031
  5217.957 	     -0.018
  5218.894 	     -0.011
  5219.830 	     -0.014
  5220.767 	     -0.019
  5221.704 	     -0.024
  5222.642 	     -0.026
  5223.579 	     -0.030
  5224.517 	     -0.038
  5225.454 	     -0.046
  5226.392 	     -0.052
  5227.331 	     -0.054
  5228.269 	     -0.053
  5229.207 	     -0.052
  5230.146 	     -0.050
  5231.085 	     -0.029
  5232.024 	     -0.027
  5232.963 	     -0.037
  5233.902 	     -0.034
  5234.842 	     -0.030
  5235.781 	      0.035
  5236.721 	      0.005
  5237.661 	     -0.044
  5238.601 	     -0.016
  5239.541 	     -0.090
  5240.482 	      0.008
  5241.423 	     -0.053
  5242.363 	     -0.082
  5243.304 	     -0.008
  5244.245 	      0.038
  5245.187 	      0.052
  5246.128 	      0.070
  5247.070 	      0.090
  5248.012 	      0.119
  5248.954 	      0.135
  5249.896 	      0.051
  5250.838 	      0.071
  5251.781 	      0.014
  5252.723 	     -0.090
  5253.666 	     -0.009
  5254.609 	     -0.137
  5255.552 	     -0.088
  5256.496 	     -0.060
  5257.439 	     -0.069
  5258.383 	     -0.061
  5259.327 	     -0.043
  5260.271 	     -0.049
  5261.215 	     -0.041
  5262.159 	      0.035
  5263.104 	      0.117
  5264.049 	      0.118
  5264.994 	      0.127
  5265.939 	      0.112
  5266.884 	      0.049
  5267.829 	      0.046
  5268.775 	      0.079
  5269.721 	      0.058
  5270.666 	      0.010
  5271.612 	     -0.006
  5272.559 	     -0.093
  5273.505 	     -0.009
  5274.452 	     -0.040
  5275.398 	     -0.090
  5276.345 	     -0.026
  5277.292 	      0.022
  5278.240 	      0.002
  5279.187 	     -0.024
  5280.135 	     -0.039
  5281.082 	     -0.058
  5282.030 	     -0.062
  5282.979 	      0.035
  5283.927 	     -0.014
  5284.875 	      0.108
  5285.824 	      0.088
  5286.773 	      0.003
  5287.722 	     -0.055
  5288.671 	     -0.020
  5289.620 	      0.077
  5290.569 	      0.059
  5291.519 	     -0.025
  5292.469 	     -0.015
  5293.419 	      0.010
  5294.369 	     -0.005
  5304.832 	     -0.028
  5305.784 	     -0.043
  5306.736 	     -0.062
  5307.689 	     -0.062
  5308.642 	     -0.011
  5309.595 	      0.015
  5310.548 	     -0.031
  5311.501 	     -0.078
  5312.454 	     -0.109
  5313.408 	     -0.125
  5314.362 	     -0.039
  5315.315 	     -0.038
  5316.270 	     -0.072
  5317.224 	     -0.061
  5318.178 	     -0.087
  5319.133 	     -0.091
  5320.088 	     -0.037
  5321.043 	      0.061
  5321.998 	      0.021
  5322.953 	     -0.006
  5323.908 	     -0.038
  5324.864 	     -0.040
  5325.820 	      0.024
  5326.776 	      0.034
  5327.732 	     -0.031
  5328.688 	     -0.039
  5329.645 	     -0.006
  5330.601 	     -0.048
  5331.558 	     -0.094
  5332.515 	     -0.059
  5333.472 	     -0.087
  5334.430 	     -0.132
  5335.387 	      0.005
  5336.345 	      0.053
  5337.303 	     -0.010
  5338.261 	     -0.032
  5339.219 	     -0.011
  5340.177 	     -0.055
  5341.136 	     -0.044
  5342.094 	      0.005
  5343.053 	      0.032
  5344.012 	      0.054
  5344.972 	      0.026
  5345.931 	     -0.041
  5346.891 	     -0.060
  5347.850 	     -0.026
  5348.810 	     -0.000
  5349.770 	      0.024
  5350.731 	      0.042
  5351.691 	      0.002
  5352.652 	      0.008
  5353.612 	      0.005
  5354.573 	     -0.020
  5355.535 	      0.033
  5356.496 	      0.019
  5357.457 	     -0.053
  5358.419 	     -0.024
  5359.381 	      0.022
  5360.343 	      0.023
  5361.305 	      0.017
  5362.267 	      0.016
  5363.230 	      0.007
  5364.192 	      0.002
  5365.155 	      0.016
  5366.118 	      0.024
  5367.081 	      0.006
  5368.045 	      0.018
  5369.008 	      0.061
  5369.972 	      0.060
  5370.936 	      0.046
  5371.900 	      0.036
  5372.864 	      0.009
  5373.829 	     -0.023
  5374.793 	     -0.028
  5375.758 	     -0.039
  5376.723 	     -0.104
  5377.688 	     -0.114
  5378.653 	     -0.099
  5379.619 	     -0.058
  5380.584 	     -0.024
  5381.550 	      0.044
  5382.516 	      0.068
  5383.482 	     -0.008
  5384.449 	     -0.018
  5385.415 	     -0.003
  5386.382 	      0.016
  5387.349 	     -0.251
  5388.316 	     -0.559
  5389.283 	     -0.485
  5390.250 	     -0.261
  5391.218 	     -0.151
  5392.185 	     -0.097
  5393.153 	     -0.103
  5394.121 	     -0.058
  5395.090 	      0.039
  5396.058 	      0.004
  5397.027 	     -0.057
  5397.995 	     -0.061
  5398.964 	     -0.089
  5399.933 	     -0.058
  5400.903 	      0.050
  5401.872 	      0.098
  5402.842 	      0.081
  5403.811 	      0.016
  5404.781 	     -0.005
  5405.751 	     -0.032
  5406.722 	      0.029
  5407.692 	      0.056
  5408.663 	      0.038
  5409.634 	      0.028
  5410.605 	      0.057
  5411.576 	      0.005
  5412.547 	     -0.030
  5413.519 	     -0.040
  5414.491 	     -0.022
  5415.462 	     -0.035
  5416.434 	     -0.075
  5417.407 	     -0.057
  5418.379 	     -0.050
  5419.352 	     -0.066
  5420.324 	     -0.057
  5421.297 	     -0.047
  5422.270 	     -0.001
  5423.244 	      0.038
  5424.217 	     -0.027
  5425.191 	     -0.028
  5426.165 	      0.033
  5427.139 	      0.052
  5428.113 	     -0.040
  5429.087 	     -0.045
  5430.062 	     -0.013
  5431.036 	     -0.100
  5432.011 	     -0.002
  5432.986 	     -0.060
  5433.961 	      0.010
  5434.937 	      0.044
  5435.912 	     -0.043
  5436.888 	     -0.061
  5437.864 	      0.005
  5438.840 	      0.012
  5439.816 	     -0.040
  5440.793 	     -0.045
  5441.769 	     -0.058
  5442.746 	     -0.028
  5443.723 	     -0.003
  5444.700 	     -0.037
  5445.677 	     -0.075
  5446.655 	     -0.057
  5447.632 	     -0.008
  5448.610 	     -0.003
  5449.588 	     -0.015
  5450.566 	     -0.027
  5451.545 	     -0.075
  5452.523 	     -0.027
  5453.502 	      0.038
  5454.481 	      0.044
  5455.460 	     -0.028
  5456.439 	     -0.020
  5457.419 	      0.032
  5458.398 	     -0.047
  5459.378 	     -0.016
  5460.358 	     -0.002
  5461.338 	     -0.019
  5462.318 	      0.020
  5463.299 	     -0.030
  5464.279 	     -0.012
  5465.260 	      0.022
  5466.241 	      0.061
  5467.222 	      0.122
  5468.204 	      0.066
  5469.185 	     -0.015
  5470.167 	      0.065
  5471.149 	      0.012
  5472.131 	     -0.005
  5473.113 	      0.032
  5474.096 	     -0.008
  5475.078 	     -0.005
  5476.061 	     -0.029
  5477.044 	     -0.048
  5478.027 	     -0.086
  5479.010 	     -0.008
  5479.994 	      0.010
  5480.977 	     -0.089
  5481.961 	     -0.077
  5482.945 	     -0.041
  5483.929 	     -0.049
  5484.914 	     -0.038
  5485.898 	     -0.008
  5486.883 	      0.019
  5487.868 	      0.014
  5488.853 	      0.027
  5489.838 	      0.038
  5490.823 	      0.076
  5491.809 	      0.050
  5492.795 	      0.111
  5493.781 	      0.039
  5494.767 	      0.024
  5495.753 	      0.024
  5496.740 	     -0.046
  5497.726 	     -0.089
  5498.713 	     -0.065
  5499.700 	     -0.081
  5500.687 	     -0.008
  5501.675 	      0.091
  5502.662 	     -0.045
  5503.650 	      0.001
  5504.638 	     -0.077
  5505.626 	     -0.076
  5506.614 	     -0.055
  5507.602 	      0.058
  5508.591 	      0.049
  5509.580 	      0.079
  5510.569 	     -0.014
  5511.558 	      0.085
  5512.547 	     -0.052
  5513.537 	      0.045
  5514.526 	     -0.022
  5515.516 	      0.058
  5516.506 	     -0.021
  5517.496 	     -0.023
  5518.487 	      0.066
  5519.477 	     -0.006
  5520.468 	     -0.075
  5521.459 	     -0.054
  5522.450 	     -0.057
  5523.441 	     -0.037
  5524.433 	      0.011
  5525.424 	     -0.013
  5526.416 	     -0.044
  5527.408 	     -0.063
  5528.400 	     -0.014
  5529.392 	      0.001
  5530.385 	     -0.062
  5531.378 	     -0.089
  5532.370 	     -0.034
  5533.363 	      0.024
  5534.357 	      0.011
  5535.350 	      0.004
  5536.344 	      0.004
  5537.337 	     -0.011
  5538.331 	      0.007
  5539.325 	     -0.004
  5540.320 	     -0.055
  5541.314 	     -0.057
  5542.309 	     -0.018
  5543.304 	     -0.027
  5544.299 	     -0.039
  5545.294 	      0.015
  5546.289 	      0.018
  5547.285 	      0.022
  5548.280 	      0.014
  5549.276 	     -0.039
  5550.272 	      0.041
  5551.269 	      0.041
  5552.265 	      0.028
  5553.262 	      0.033
  5554.259 	     -0.017
  5555.255 	     -0.047
  5556.253 	     -0.016
  5557.250 	     -0.053
  5558.247 	      0.014
  5559.245 	      0.089
  5560.243 	      0.078
  5561.241 	      0.012
  5562.239 	      0.005
  5563.238 	     -0.032
  5564.236 	     -0.015
  5565.235 	     -0.027
  5566.234 	     -0.032
  5567.233 	     -0.037
  5568.232 	     -0.044
  5569.232 	     -0.051
  5570.231 	     -0.058
  5571.231 	     -0.063
  5572.231 	     -0.069
  5573.232 	     -0.072
  5574.232 	     -0.076
  5575.232 	     -0.079
  5576.233 	     -0.082
  5577.234 	     -0.084
  5578.235 	     -0.086
  5579.236 	     -0.085
  5580.238 	     -0.085
  5581.240 	     -0.085
  5582.241 	     -0.088
  5583.243 	     -0.094
  5584.246 	     -0.103
  5585.248 	     -0.109
  5586.250 	     -0.112
  5587.253 	     -0.113
  5588.256 	     -0.114
  5589.259 	     -0.117
  5590.262 	     -0.049
  5591.266 	     -0.018
  5592.269 	     -0.044
  5593.273 	      0.026
  5594.277 	     -0.022
  5595.281 	     -0.107
  5596.286 	      0.011
  5597.290 	     -0.010
  5598.295 	     -0.014
  5599.300 	     -0.021
  5600.305 	      0.074
  5601.310 	     -0.035
  5602.315 	      0.020
  5603.321 	      0.084
  5604.327 	     -0.015
  5605.333 	     -0.099
  5606.339 	     -0.052
  5607.345 	      0.020
  5608.352 	      0.051
  5609.358 	     -0.048
  5610.365 	     -0.037
  5611.372 	     -0.117
  5612.379 	     -0.080
  5613.387 	     -0.117
  5614.394 	      0.031
  5615.402 	     -0.109
  5616.410 	     -0.058
  5617.418 	     -0.079
  5618.427 	     -0.067
  5619.435 	     -0.094
  5620.444 	      0.069
  5621.453 	     -0.015
  5622.462 	     -0.066
  5623.471 	     -0.046
  5624.480 	     -0.007
  5625.490 	      0.043
  5626.499 	     -0.066
  5627.509 	     -0.118
  5628.520 	     -0.121
  5629.530 	     -0.122
  5630.540 	     -0.004
  5631.551 	      0.002
  5632.562 	      0.031
  5633.573 	     -0.061
  5634.584 	     -0.054
  5635.595 	     -0.113
  5636.607 	     -0.120
  5637.619 	     -0.128
  5638.631 	     -0.166
  5639.643 	     -0.140
  5640.655 	     -0.058
  5641.668 	     -0.068
  5642.680 	     -0.100
  5643.693 	     -0.121
  5644.706 	     -0.111
  5645.719 	     -0.072
  5646.733 	     -0.045
  5647.746 	     -0.070
  5648.760 	     -0.145
  5649.774 	     -0.128
  5650.788 	     -0.060
  5651.802 	     -0.032
  5652.817 	     -0.043
  5653.831 	     -0.043
  5654.846 	     -0.117
  5655.861 	     -0.077
  5656.876 	     -0.036
  5657.892 	     -0.123
  5658.907 	     -0.117
  5659.923 	     -0.036
  5660.939 	     -0.026
  5661.955 	     -0.133
  5662.972 	     -0.061
  5663.988 	     -0.102
  5665.005 	     -0.064
  5666.022 	     -0.117
  5667.039 	     -0.100
  5668.056 	     -0.173
  5669.073 	     -0.135
  5670.091 	     -0.053
  5671.109 	     -0.102
  5672.126 	     -0.043
  5673.145 	     -0.039
  5674.163 	     -0.092
  5675.181 	     -0.077
  5676.200 	     -0.080
  5677.219 	     -0.040
  5678.238 	     -0.056
  5679.257 	      0.021
  5680.277 	     -0.054
  5681.296 	     -0.060
  5682.316 	     -0.043
  5683.336 	     -0.046
  5684.356 	     -0.038
  5685.376 	     -0.065
  5686.397 	     -0.055
  5687.418 	     -0.111
  5688.438 	     -0.152
  5689.459 	     -0.127
  5690.481 	     -0.121
  5691.502 	     -0.136
  5692.524 	     -0.108
  5693.545 	     -0.053
  5694.567 	     -0.080
  5695.590 	     -0.140
  5696.612 	     -0.178
  5697.634 	     -0.150
  5698.657 	     -0.133
  5699.680 	     -0.148
  5700.703 	     -0.142
  5701.726 	     -0.121
  5702.750 	     -0.097
  5703.773 	     -0.144
  5704.797 	     -0.113
  5705.821 	     -0.100
  5706.845 	     -0.150
  5707.870 	     -0.159
  5708.894 	     -0.136
  5709.919 	     -0.196
  5710.944 	     -0.173
  5711.969 	     -0.202
  5712.994 	     -0.131
  5714.020 	     -0.099
  5715.045 	     -0.217
  5716.071 	     -0.187
  5717.097 	     -0.180
  5718.123 	     -0.209
  5719.150 	     -0.151
  5720.176 	     -0.128
  5721.203 	     -0.169
  5722.230 	     -0.095
  5723.257 	     -0.062
  5724.284 	     -0.065
  5725.312 	     -0.111
  5726.340 	     -0.110
  5727.367 	     -0.088
  5728.396 	     -0.134
  5729.424 	     -0.104
  5730.452 	     -0.110
  5731.481 	     -0.070
  5732.510 	     -0.133
  5733.538 	     -0.160
  5734.568 	     -0.216
  5735.597 	     -0.135
  5736.626 	     -0.164
  5737.656 	     -0.171
  5738.686 	     -0.187
  5739.716 	     -0.247
  5740.746 	     -0.169
  5741.777 	     -0.153
  5742.807 	     -0.164
  5743.838 	     -0.158
  5744.869 	     -0.119
  5745.900 	     -0.122
  5746.932 	     -0.170
  5747.963 	     -0.175
  5748.995 	     -0.201
  5750.027 	     -0.189
  5751.059 	     -0.151
  5752.091 	     -0.166
  5753.124 	     -0.152
  5754.157 	     -0.111
  5755.189 	     -0.153
  5756.222 	     -0.174
  5757.256 	     -0.176
  5758.289 	     -0.185
  5759.323 	     -0.195
  5760.356 	     -0.253
  5761.390 	     -0.237
  5762.425 	     -0.206
  5763.459 	     -0.182
  5764.493 	     -0.139
  5765.528 	     -0.163
  5766.563 	     -0.156
  5767.598 	     -0.142
  5768.633 	     -0.204
  5769.669 	     -0.176
  5770.704 	     -0.152
  5771.740 	     -0.186
  5772.776 	     -0.185
  5773.812 	     -0.181
  5774.849 	     -0.199
  5775.885 	     -0.190
  5776.922 	     -0.192
  5777.959 	     -0.134
  5778.996 	     -0.100
  5780.033 	     -0.119
  5781.071 	     -0.196
  5782.109 	     -0.190
  5783.146 	     -0.193
  5784.185 	     -0.145
  5785.223 	     -0.141
  5786.261 	     -0.205
  5787.300 	     -0.217
  5788.339 	     -0.165
  5789.378 	     -0.163
  5790.417 	     -0.144
  5791.456 	     -0.102
  5792.496 	     -0.117
  5793.535 	     -0.141
  5794.575 	     -0.118
  5795.615 	     -0.105
  5796.656 	     -0.140
  5797.696 	     -0.147
  5798.737 	     -0.132
  5799.778 	     -0.156
  5800.819 	     -0.173
  5801.860 	     -0.207
  5802.901 	     -0.239
  5803.943 	     -0.226
  5804.985 	     -0.178
  5806.027 	     -0.159
  5807.069 	     -0.159
  5808.111 	     -0.162
  5809.154 	     -0.196
  5810.196 	     -0.166
  5811.239 	     -0.117
  5812.282 	     -0.087
  5813.326 	     -0.084
  5814.369 	     -0.101
  5815.413 	     -0.129
  5816.457 	     -0.134
  5817.501 	     -0.139
  5818.545 	     -0.140
  5819.589 	     -0.132
  5820.634 	     -0.155
  5821.679 	     -0.178
  5822.724 	     -0.188
  5823.769 	     -0.187
  5824.814 	     -0.161
  5825.860 	     -0.171
  5826.905 	     -0.190
  5827.951 	     -0.145
  5828.997 	     -0.113
  5830.044 	     -0.128
  5831.090 	     -0.141
  5832.137 	     -0.153
  5833.184 	     -0.103
  5834.231 	     -0.108
  5835.278 	     -0.234
  5836.325 	     -0.224
  5837.373 	     -0.178
  5838.421 	     -0.154
  5839.469 	     -0.170
  5840.517 	     -0.193
  5841.565 	     -0.158
  5842.614 	     -0.114
  5843.663 	     -0.091
  5844.711 	     -0.117
  5845.761 	     -0.122
  5846.810 	     -0.112
  5847.859 	     -0.133
  5848.909 	     -0.136
  5849.959 	     -0.118
  5851.009 	     -0.092
  5852.059 	     -0.100
  5853.110 	     -0.116
  5854.160 	     -0.101
  5855.211 	     -0.088
  5856.262 	     -0.058
  5857.313 	     -0.052
  5858.364 	     -0.068
  5859.416 	     -0.044
  5860.468 	     -0.025
  5861.520 	     -0.020
  5862.572 	     -0.019
  5863.624 	     -0.007
  5864.677 	     -0.028
  5865.729 	     -0.073
  5866.782 	     -0.119
  5867.835 	     -0.140
  5868.888 	     -0.137
  5869.942 	     -0.112
  5870.996 	     -0.059
  5872.049 	     -0.026
  5873.103 	     -0.058
  5874.158 	     -0.103
  5875.212 	     -0.103
  5876.267 	     -0.089
  5877.321 	      0.012
  5878.376 	     -0.031
  5879.431 	     -0.057
  5880.487 	     -0.072
  5881.542 	     -0.063
  5882.598 	      0.016
  5883.654 	      0.071
  5884.710 	      0.141
  5885.766 	      0.054
  5886.823 	      0.005
  5887.879 	     -0.101
  5888.936 	     -0.191
  5889.993 	     -0.108
  5891.051 	     -0.040
  5892.108 	     -0.050
  5893.166 	     -0.082
  5894.223 	     -0.123
  5895.281 	     -0.100
  5896.340 	     -0.118
  5897.398 	     -0.128
  5898.456 	     -0.003
  5899.515 	     -0.080
  5900.574 	     -0.036
  5901.633 	     -0.009
  5902.693 	     -0.066
  5903.752 	     -0.057
  5904.812 	      0.045
  5905.872 	     -0.072
  5906.932 	     -0.100
  5907.992 	     -0.030
  5909.052 	      0.039
  5910.113 	      0.091
  5911.174 	      0.027
  5912.235 	     -0.006
  5913.296 	     -0.098
  5914.358 	     -0.104
  5915.419 	     -0.126
  5916.481 	     -0.080
  5917.543 	      0.011
  5918.605 	     -0.010
  5919.668 	     -0.095
  5920.730 	     -0.032
  5921.793 	     -0.085
  5922.856 	      0.010
  5923.919 	     -0.033
  5924.982 	     -0.018
  5926.046 	      0.098
  5927.109 	      0.085
  5928.173 	      0.075
  5929.237 	      0.069
  5930.302 	      0.074
  5931.366 	      0.085
  5932.431 	      0.093
  5933.496 	      0.084
  5934.561 	      0.057
  5935.626 	      0.025
  5936.691 	     -0.002
  5937.757 	     -0.020
  5938.823 	     -0.032
  5939.889 	      0.046
  5940.955 	     -0.010
  5942.021 	     -0.090
  5943.088 	     -0.207
  5944.155 	     -0.276
  5945.222 	     -0.383
  5946.289 	     -0.405
  5947.356 	     -0.380
  5948.424 	     -0.167
  5949.491 	     -0.167
  5950.559 	     -0.273
  5951.627 	     -0.356
  5952.696 	     -0.363
  5953.764 	     -0.332
  5954.833 	     -0.244
  5955.902 	     -0.065
  5956.971 	     -0.043
  5958.040 	     -0.040
  5959.109 	     -0.017
  5960.179 	     -0.040
  5961.249 	      0.077
  5962.319 	     -0.051
  5963.389 	      0.038
  5964.460 	      0.079
  5965.530 	      0.045
  5966.601 	      0.023
  5967.672 	     -0.036
  5968.743 	     -0.035
  5969.814 	     -0.071
  5970.886 	     -0.021
  5971.958 	     -0.004
  5973.030 	      0.017
  5974.102 	      0.031
  5975.174 	      0.039
  5976.247 	      0.027
  5977.319 	      0.041
  5978.392 	      0.014
  5979.465 	      0.005
  5980.539 	     -0.007
  5981.612 	      0.020
  5982.686 	      0.076
  5983.760 	      0.021
  5984.834 	     -0.029
  5985.908 	     -0.008
  5986.982 	      0.021
  5988.057 	      0.007
  5989.132 	      0.003
  5990.207 	      0.070
  5991.282 	      0.038
  5992.358 	      0.034
  5993.433 	      0.020
  5994.509 	      0.008
  5995.585 	     -0.050
  5996.661 	      0.009
  5997.738 	      0.063
  5998.814 	      0.063
  5999.891 	      0.020
  6000.968 	      0.048
  6002.045 	      0.016
  6003.122 	      0.022
  6004.200 	      0.093
  6005.278 	      0.084
  6006.356 	      0.016
  6007.434 	     -0.020
  6008.512 	      0.002
  6009.590 	      0.066
  6010.669 	      0.090
  6011.748 	      0.069
  6012.827 	      0.035
  6013.906 	      0.022
  6014.986 	      0.037
  6016.066 	      0.054
  6017.145 	      0.046
  6018.225 	      0.041
  6019.306 	      0.063
  6020.386 	      0.082
  6021.467 	      0.074
  6022.548 	      0.044
  6023.629 	      0.024
  6024.710 	      0.023
  6025.791 	      0.034
  6026.873 	      0.054
  6027.955 	      0.069
  6029.037 	      0.075
  6030.119 	      0.063
  6031.201 	      0.037
  6032.284 	      0.010
  6033.367 	     -0.005
  6034.450 	     -0.005
  6035.533 	      0.003
  6036.616 	      0.024
  6037.700 	      0.047
  6038.783 	      0.064
  6039.867 	      0.072
  6040.951 	      0.065
  6042.036 	      0.052
  6043.120 	      0.053
  6044.205 	      0.061
  6045.290 	      0.072
  6046.375 	      0.073
  6047.460 	      0.057
  6048.546 	      0.054
  6049.631 	      0.072
  6050.717 	      0.071
  6051.803 	      0.036
  6052.890 	      0.004
  6053.976 	      0.021
  6055.063 	      0.077
  6056.150 	      0.110
  6057.237 	      0.067
  6058.324 	     -0.003
  6059.411 	      0.003
  6060.499 	      0.061
  6061.587 	      0.082
  6062.675 	      0.038
  6063.763 	     -0.016
  6064.852 	     -0.041
  6065.940 	     -0.013
  6067.029 	      0.042
  6068.118 	      0.054
  6069.207 	      0.021
  6070.297 	     -0.002
  6071.386 	      0.039
  6072.476 	      0.103
  6073.566 	      0.105
  6074.656 	      0.071
  6075.747 	      0.036
  6076.837 	      0.021
  6077.928 	      0.022
  6079.019 	      0.013
  6080.110 	      0.005
  6081.201 	      0.034
  6082.293 	      0.091
  6083.385 	      0.126
  6084.477 	      0.112
  6085.569 	      0.098
  6086.661 	      0.083
  6087.754 	      0.080
  6088.846 	      0.090
  6089.939 	      0.124
  6091.032 	      0.168
  6092.126 	      0.195
  6093.219 	      0.132
  6094.313 	      0.036
  6095.407 	      0.057
  6096.501 	      0.170
  6097.595 	      0.213
  6098.690 	      0.184
  6099.784 	      0.184
  6100.879 	      0.184
  6101.974 	      0.182
  6103.070 	      0.180
  6104.165 	      0.178
  6105.261 	      0.178
  6106.357 	      0.178
  6107.453 	      0.177
  6108.549 	      0.175
  6109.646 	      0.174
  6110.742 	      0.173
  6111.839 	      0.173
  6112.936 	      0.172
  6114.033 	      0.172
  6115.131 	      0.172
  6116.228 	      0.172
  6117.326 	      0.170
  6118.424 	      0.169
  6119.523 	      0.168
  6120.621 	      0.168
  6121.720 	      0.168
  6122.818 	      0.171
  6123.917 	      0.173
  6125.017 	      0.173
  6126.116 	      0.168
  6127.216 	      0.163
  6128.315 	      0.159
  6129.415 	      0.158
  6130.516 	      0.158
  6131.616 	      0.157
  6132.717 	      0.156
  6133.817 	      0.156
  6134.918 	      0.155
  6136.020 	      0.155
  6137.121 	      0.155
  6138.223 	      0.155
  6139.324 	      0.155
  6140.426 	      0.156
  6141.529 	      0.155
  6142.631 	      0.155
  6143.734 	      0.153
  6144.836 	      0.151
  6145.939 	      0.149
  6147.042 	      0.147
  6148.146 	      0.147
  6149.249 	      0.148
  6150.353 	      0.147
  6151.457 	      0.146
  6152.561 	      0.144
  6153.666 	      0.143
  6154.770 	      0.142
  6155.875 	      0.141
  6156.980 	      0.138
  6158.085 	      0.135
  6159.190 	      0.133
  6160.296 	      0.135
  6161.402 	      0.141
  6162.508 	      0.144
  6163.614 	      0.142
  6164.720 	      0.137
  6165.827 	      0.133
  6166.933 	      0.132
  6168.040 	      0.131
  6169.148 	      0.130
  6170.255 	      0.128
  6171.362 	      0.123
  6172.470 	      0.125
  6173.578 	      0.145
  6174.686 	      0.163
  6175.795 	      0.167
  6176.903 	      0.145
  6178.012 	      0.123
  6179.121 	      0.110
  6180.230 	      0.120
  6181.339 	      0.142
  6182.449 	      0.147
  6183.558 	      0.138
  6184.668 	      0.144
  6185.778 	      0.166
  6186.889 	      0.187
  6187.999 	      0.175
  6189.110 	      0.157
  6190.221 	      0.149
  6191.332 	      0.160
  6192.443 	      0.115
  6193.555 	      0.038
  6194.667 	      0.046
  6195.779 	      0.146
  6196.891 	      0.204
  6198.003 	      0.181
  6199.116 	      0.151
  6200.228 	      0.145
  6201.341 	      0.148
  6202.454 	      0.175
  6203.568 	      0.213
  6204.681 	      0.195
  6205.795 	      0.120
  6206.909 	      0.098
  6208.023 	      0.144
  6209.137 	      0.215
  6210.252 	      0.247
  6211.366 	      0.206
  6212.481 	      0.129
  6213.596 	      0.072
  6214.712 	      0.086
  6215.827 	      0.152
  6216.943 	      0.180
  6218.059 	      0.149
  6219.175 	      0.124
  6220.291 	      0.114
  6221.408 	      0.125
  6222.525 	      0.128
  6223.641 	      0.123
  6224.759 	      0.108
  6225.876 	      0.155
  6226.993 	      0.173
  6228.111 	      0.186
  6229.229 	      0.258
  6230.347 	      0.350
  6231.466 	      0.321
  6232.584 	      0.254
  6233.703 	      0.163
  6234.822 	      0.101
  6235.941 	      0.106
  6237.060 	      0.112
  6238.180 	      0.089
  6239.299 	      0.087
  6240.419 	      0.098
  6241.539 	      0.071
  6242.660 	      0.055
  6243.780 	      0.098
  6244.901 	      0.149
  6246.022 	      0.138
  6247.143 	      0.081
  6248.264 	      0.042
  6249.386 	      0.080
  6250.508 	      0.191
  6251.630 	      0.272
  6252.752 	      0.298
  6253.874 	      0.278
  6254.997 	      0.220
  6256.119 	      0.144
  6257.242 	      0.104
  6258.366 	      0.109
  6259.489 	      0.111
  6260.612 	      0.110
  6261.736 	      0.107
  6262.860 	      0.103
  6263.984 	      0.098
  6265.109 	      0.095
  6266.233 	      0.093
  6267.358 	      0.091
  6268.483 	      0.088
  6269.608 	      0.086
  6270.734 	      0.083
  6271.859 	      0.083
  6272.985 	      0.085
  6274.111 	      0.087
  6275.237 	      0.087
  6276.363 	      0.084
  6277.490 	      0.080
  6278.617 	      0.078
  6279.744 	      0.076
  6280.871 	      0.074
  6281.998 	      0.070
  6283.126 	      0.066
  6284.254 	      0.062
  6285.382 	      0.059
  6286.510 	      0.056
  6287.638 	      0.054
  6288.767 	      0.053
  6289.896 	      0.055
  6291.025 	      0.057
  6292.154 	      0.058
  6293.283 	      0.052
  6294.413 	      0.045
  6295.543 	      0.037
  6296.673 	      0.034
  6297.803 	      0.033
  6298.933 	      0.035
  6300.064 	      0.063
  6301.195 	      0.061
  6302.326 	      0.058
  6303.457 	      0.055
  6304.589 	      0.053
  6305.720 	      0.051
  6306.852 	      0.049
  6307.984 	      0.047
  6309.117 	      0.041
  6310.249 	      0.035
  6311.382 	      0.032
  6312.514 	      0.033
  6313.648 	      0.030
  6314.781 	      0.096
  6315.914 	      0.122
  6317.048 	      0.110
  6318.182 	      0.134
  6319.316 	      0.110
  6320.450 	      0.092
  6321.585 	      0.156
  6322.719 	      0.179
  6323.854 	      0.148
  6324.989 	      0.250
  6326.125 	      0.279
  6327.260 	      0.136
  6328.396 	      0.029
  6329.532 	      0.048
  6330.668 	      0.059
  6331.804 	      0.079
  6332.941 	      0.096
  6334.078 	      0.092
  6335.215 	      0.125
  6336.352 	     -0.013
  6337.489 	     -0.007
  6338.627 	      0.018
  6339.764 	      0.002
  6340.902 	      0.019
  6342.041 	      0.011
  6343.179 	      0.011
  6344.317 	      0.032
  6345.456 	     -0.017
  6346.595 	      0.005
  6347.734 	      0.052
  6348.874 	      0.049
  6350.013 	      0.051
  6351.153 	      0.100
  6352.293 	      0.175
  6353.433 	      0.133
  6354.574 	      0.057
  6355.714 	      0.056
  6356.855 	      0.177
  6357.996 	      0.420
  6359.138 	      0.681
  6360.279 	      0.732
  6361.421 	      0.428
  6362.563 	      0.132
  6363.705 	     -0.006
  6364.847 	     -0.028
  6365.989 	     -0.023
  6367.132 	      0.003
  6368.275 	     -0.048
  6369.418 	     -0.028
  6370.561 	      0.064
  6371.705 	      0.045
  6372.848 	      0.036
  6373.992 	      0.050
  6375.136 	      0.054
  6376.281 	      0.060
  6377.425 	      0.080
  6378.570 	      0.050
  6379.715 	      0.115
  6380.860 	      0.157
  6382.005 	      0.113
  6383.151 	      0.106
  6384.297 	      0.120
  6385.443 	      0.098
  6386.589 	      0.086
  6387.735 	      0.148
  6388.882 	      0.137
  6390.028 	      0.137
  6391.175 	      0.120
  6392.323 	      0.119
  6393.470 	      0.244
  6394.618 	      0.171
  6395.765 	      0.115
  6396.913 	      0.057
  6398.062 	      0.003
  6399.210 	      0.077
  6400.359 	      0.118
  6401.508 	      0.096
  6402.657 	      0.062
  6403.806 	      0.049
  6404.955 	      0.012
  6406.105 	      0.070
  6407.255 	      0.133
  6408.405 	      0.131
  6409.555 	      0.114
  6410.706 	      0.154
  6411.856 	      0.092
  6413.007 	      0.081
  6414.158 	      0.050
  6415.310 	      0.100
  6416.461 	      0.093
  6417.613 	      0.111
  6418.765 	      0.038
  6419.917 	     -0.007
  6421.069 	      0.051
  6422.222 	      0.115
  6423.375 	      0.138
  6424.528 	      0.151
  6425.681 	      0.140
  6426.834 	      0.113
  6427.988 	      0.048
  6429.142 	      0.030
  6430.296 	      0.037
  6431.450 	      0.080
  6432.604 	      0.160
  6433.759 	      0.201
  6434.914 	      0.188
  6436.069 	      0.107
  6437.224 	      0.032
  6438.380 	      0.022
  6439.535 	      0.072
  6440.691 	      0.130
  6441.847 	      0.091
  6443.003 	      0.014
  6444.160 	      0.024
  6445.317 	      0.066
  6446.474 	      0.093
  6447.631 	      0.085
  6448.788 	      0.057
  6449.945 	      0.030
  6451.103 	      0.006
  6452.261 	     -0.003
  6453.419 	      0.025
  6454.578 	      0.043
  6455.736 	      0.039
  6456.895 	     -0.006
  6458.054 	      0.010
  6459.213 	      0.065
  6460.373 	      0.080
  6461.532 	      0.119
  6462.692 	      0.119
  6463.852 	      0.087
  6465.012 	      0.096
  6466.173 	      0.088
  6467.333 	      0.112
  6468.494 	      0.002
  6469.655 	     -0.081
  6470.817 	     -0.056
  6471.978 	     -0.002
  6473.140 	     -0.027
  6474.302 	     -0.000
  6475.464 	     -0.016
  6476.626 	     -0.056
  6477.789 	     -0.063
  6478.951 	      0.035
  6480.114 	      0.065
  6481.277 	      0.101
  6482.441 	      0.111
  6483.604 	     -0.005
  6484.768 	     -0.016
  6485.932 	     -0.061
  6497.584 	     -0.035
  6498.750 	     -0.031
  6499.916 	      0.002
  6501.083 	     -0.027
  6502.250 	     -0.017
  6503.417 	      0.023
  6504.584 	     -0.046
  6505.752 	     -0.063
  6506.920 	      0.027
  6508.088 	      0.016
  6509.256 	     -0.021
  6510.424 	     -0.025
  6511.593 	     -0.007
  6512.762 	     -0.034
  6513.931 	     -0.023
  6515.100 	      0.038
  6516.269 	      0.063
  6517.439 	      0.059
  6518.609 	      0.096
  6519.779 	      0.130
  6520.949 	      0.089
  6522.120 	      0.024
  6523.290 	      0.013
  6524.461 	      0.018
  6525.632 	      0.020
  6526.804 	      0.177
  6527.975 	      0.258
  6529.147 	      0.207
  6530.319 	      0.150
  6531.491 	      0.085
  6532.664 	      0.017
  6533.836 	     -0.034
  6535.009 	     -0.029
  6536.182 	      0.006
  6537.355 	     -0.003
  6538.529 	      0.060
  6539.702 	      0.091
  6540.876 	      0.089
  6542.050 	      0.111
  6543.224 	      0.056
  6544.399 	     -0.029
  6545.574 	     -0.038
  6546.748 	      0.009
  6547.924 	      0.085
  6549.099 	      0.107
  6550.274 	      0.081
  6551.450 	      0.014
  6552.626 	     -0.081
  6553.802 	     -0.048
  6554.979 	     -0.090
  6556.155 	     -0.001
  6557.332 	      0.082
  6558.509 	      0.047
  6559.686 	      0.060
  6560.864 	      0.024
  6562.041 	     -0.024
  6563.219 	     -0.015
  6564.397 	      0.001
  6565.576 	      0.053
  6566.754 	      0.008
  6567.933 	     -0.024
  6569.112 	      0.028
  6570.291 	      0.034
  6571.470 	      0.066
  6572.650 	      0.121
  6573.830 	      0.094
  6575.010 	      0.086
  6576.190 	      0.089
  6577.370 	      0.093
  6578.551 	      0.102
  6579.732 	      0.109
  6580.913 	      0.113
  6582.094 	      0.111
  6583.275 	      0.108
  6584.457 	      0.105
  6585.639 	      0.106
  6586.821 	      0.107
  6588.003 	      0.107
  6589.186 	      0.060
  6590.368 	      0.061
  6591.551 	      0.097
  6592.735 	      0.070
  6593.918 	     -0.005
  6595.102 	      0.022
  6596.285 	      0.058
  6597.469 	      0.049
  6598.654 	      0.073
  6599.838 	      0.095
  6601.023 	      0.144
  6602.207 	      0.188
  6603.393 	      0.126
  6604.578 	      0.128
  6605.763 	      0.167
  6606.949 	      0.355
  6608.135 	      0.792
  6609.321 	      1.444
  6610.507 	      1.708
  6611.694 	      1.419
  6612.881 	      0.829
  6614.068 	      0.400
  6615.255 	      0.245
  6616.442 	      0.234
  6617.630 	      0.203
  6618.818 	      0.238
  6620.006 	      0.513
  6621.194 	      1.178
  6622.383 	      3.061
  6623.571 	      6.556
  6624.760 	      9.815
  6625.949 	      9.869
  6627.139 	      6.728
  6628.328 	      2.933
  6629.518 	      1.013
  6630.708 	      0.528
  6631.898 	      0.344
  6633.089 	      0.243
  6634.279 	      0.185
  6635.470 	      0.064
  6636.661 	      0.168
  6637.852 	      0.212
  6639.044 	      0.250
  6640.235 	      0.278
  6641.427 	      0.403
  6642.619 	      1.051
  6643.812 	      2.379
  6645.004 	      4.273
  6646.197 	      5.125
  6647.390 	      4.283
  6648.583 	      2.173
  6649.777 	      0.863
  6650.970 	      0.328
  6652.164 	      0.173
  6653.358 	      0.160
  6654.552 	      0.165
  6655.747 	      0.101
  6656.941 	      0.057
  6658.136 	      0.071
  6659.331 	      0.039
  6660.527 	      0.052
  6661.722 	      0.114
  6662.918 	      0.150
  6664.114 	      0.151
  6665.310 	      0.111
  6666.507 	      0.102
  6667.703 	      0.106
  6668.900 	      0.058
  6670.097 	      0.003
  6671.294 	      0.028
  6672.492 	      0.066
  6673.689 	      0.087
  6674.887 	      0.101
  6676.086 	      0.080
  6677.284 	      0.091
  6678.482 	      0.068
  6679.681 	      0.077
  6680.880 	      0.053
  6682.079 	      0.049
  6683.279 	      0.071
  6684.478 	      0.089
  6685.678 	      0.080
  6686.878 	      0.085
  6688.079 	      0.084
  6689.279 	      0.079
  6690.480 	      0.079
  6691.681 	      0.067
  6692.882 	      0.054
  6694.083 	      0.071
  6695.285 	      0.061
  6696.486 	      0.028
  6697.688 	      0.059
  6698.891 	      0.048
  6700.093 	      0.059
  6701.296 	      0.055
  6702.499 	      0.062
  6703.702 	      0.062
  6704.905 	      0.018
  6706.108 	      0.027
  6707.312 	      0.061
  6708.516 	      0.081
  6709.720 	      0.084
  6710.925 	      0.075
  6712.129 	      0.047
  6713.334 	      0.091
  6714.539 	      0.023
  6715.744 	      0.024
  6716.950 	      0.024
  6718.155 	     -0.034
  6719.361 	      0.080
  6720.567 	      0.078
  6721.774 	      0.054
  6722.980 	      0.037
  6724.187 	      0.048
  6725.394 	      0.041
  6726.601 	      0.084
  6727.808 	      0.087
  6729.016 	      0.053
  6730.224 	      0.009
  6731.432 	     -0.012
  6732.640 	     -0.009
  6733.849 	      0.055
  6735.057 	      0.110
  6736.266 	      0.023
  6737.475 	      0.031
  6738.685 	      0.080
  6739.894 	      0.107
  6741.104 	      0.154
  6742.314 	      0.163
  6743.524 	      0.164
  6744.735 	      0.079
  6745.945 	      0.020
  6747.156 	      0.048
  6748.367 	      0.051
  6749.579 	      0.009
  6750.790 	      0.025
  6752.002 	      0.046
  6753.214 	      0.041
  6754.426 	      0.056
  6755.638 	      0.077
  6756.851 	      0.056
  6758.064 	     -0.001
  6759.277 	     -0.038
  6760.490 	      0.031
  6761.704 	      0.101
  6762.917 	      0.091
  6764.131 	      0.013
  6765.345 	      0.018
  6766.560 	      0.049
  6767.774 	      0.037
  6768.989 	      0.037
  6770.204 	      0.018
  6771.419 	      0.054
  6772.635 	     -0.027
  6773.851 	     -0.032
  6775.066 	      0.067
  6776.282 	      0.185
  6777.499 	      0.436
  6778.715 	      1.040
  6779.932 	      1.647
  6781.149 	      1.624
  6782.366 	      1.075
  6783.584 	      0.484
  6784.801 	      0.139
  6786.019 	      0.061
  6787.237 	      0.014
  6788.455 	     -0.022
  6789.674 	     -0.001
  6790.893 	      0.157
  6792.112 	      0.440
  6793.331 	      0.819
  6794.550 	      1.225
  6795.770 	      1.200
  6796.990 	      0.729
  6798.210 	      0.312
  6799.430 	      0.097
  6800.650 	      0.012
  6801.871 	     -0.011
  6803.092 	      0.028
  6804.313 	      0.018
  6805.534 	     -0.015
  6806.756 	      0.004
  6807.978 	      0.007
  6809.200 	      0.018
  6810.422 	     -0.001
  6811.644 	      0.005
  6812.867 	     -0.041
  6814.090 	     -0.059
  6968.692 	     -0.103
  6969.943 	     -0.039
  6971.194 	     -0.005
  6972.445 	      0.104
  6973.696 	      0.086
  6974.948 	      0.035
  6976.200 	      0.020
  6977.452 	     -0.086
  6978.705 	     -0.067
  6979.957 	     -0.058
  6981.210 	     -0.084
  6982.463 	     -0.065
  6983.717 	     -0.063
  6984.970 	     -0.022
  6986.224 	      0.039
  6987.478 	     -0.012
  6988.732 	     -0.053
  6989.987 	     -0.077
  6991.241 	     -0.052
  6992.496 	     -0.006
  6993.751 	      0.022
  6995.007 	     -0.007
  6996.262 	     -0.003
  6997.518 	      0.020
  6998.774 	     -0.006
  7000.030 	     -0.058
  7001.287 	     -0.055
  7002.544 	     -0.006
  7003.801 	      0.041
  7005.058 	      0.077
  7006.315 	      0.053
  7007.573 	     -0.002
  7008.831 	     -0.064
  7010.089 	     -0.063
  7011.347 	     -0.076
  7012.605 	     -0.025
  7013.864 	     -0.034
  7015.123 	     -0.021
  7016.382 	     -0.043
  7017.642 	     -0.048
  7018.901 	     -0.064
  7020.161 	     -0.021
  7021.421 	     -0.009
  7022.682 	      0.016
  7023.942 	     -0.006
  7025.203 	      0.023
  7026.464 	     -0.019
  7027.725 	     -0.063
  7028.987 	     -0.023
  7030.248 	      0.042
  7031.510 	     -0.004
  7032.772 	     -0.040
  7034.035 	     -0.047
  7035.297 	     -0.019
  7036.560 	      0.048
  7037.823 	      0.029
  7039.086 	      0.061
  7040.350 	      0.030
  7041.614 	     -0.003
  7042.877 	      0.049
  7044.142 	     -0.008
  7045.406 	     -0.037
  7046.671 	     -0.083
  7047.936 	     -0.077
  7049.201 	     -0.038
  7050.466 	      0.022
  7051.731 	      0.100
  7052.997 	      0.063
  7054.263 	      0.028
  7055.529 	     -0.025
  7056.796 	     -0.003
  7058.062 	      0.022
  7059.329 	      0.007
  7060.596 	     -0.037
  7061.864 	     -0.042
  7063.131 	     -0.019
  7064.399 	      0.019
  7065.667 	      0.008
  7066.936 	     -0.070
  7068.204 	     -0.059
  7069.473 	     -0.021
  7070.742 	     -0.014
  7072.011 	     -0.004
  7073.280 	     -0.026
  7074.550 	     -0.040
  7075.820 	      0.004
  7077.090 	      0.050
  7078.360 	      0.040
  7079.631 	      0.011
  7080.901 	     -0.067
  7082.172 	     -0.005
  7083.444 	      0.013
  7084.715 	      0.003
  7085.987 	     -0.006
  7087.259 	     -0.013
  7088.531 	      0.005
  7089.803 	      0.007
  7091.076 	     -0.037
  7092.349 	     -0.022
  7093.622 	     -0.012
  7094.895 	     -0.037
  7096.168 	     -0.069
  7097.442 	     -0.027
  7098.716 	     -0.010
  7099.990 	     -0.025
  7101.265 	      0.047
  7102.539 	      0.029
  7103.814 	     -0.061
  7105.089 	      0.001
  7106.365 	      0.015
  7107.640 	      0.053
  7108.916 	      0.050
  7110.192 	      0.005
  7111.468 	      0.005
  7112.745 	      0.000
  7114.021 	      0.042
  7115.298 	      0.037
  7116.576 	      0.001
  7117.853 	     -0.001
  7119.131 	     -0.028
  7120.408 	     -0.007
  7121.687 	      0.049
  7122.965 	      0.030
  7124.243 	      0.016
  7125.522 	      0.003
  7126.801 	     -0.038
  7128.080 	     -0.062
  7129.360 	     -0.004
  7130.640 	      0.030
  7131.919 	      0.057
  7133.200 	      0.072
  7134.480 	     -0.050
  7135.761 	     -0.101
  7137.041 	     -0.048
  7138.323 	      0.036
  7139.604 	     -0.017
  7140.885 	     -0.047
  7142.167 	     -0.002
  7143.449 	     -0.013
  7144.731 	     -0.066
  7146.014 	     -0.039
  7147.296 	     -0.031
  7148.579 	     -0.039
  7149.863 	     -0.080
  7151.146 	     -0.115
  7152.430 	     -0.120
  7153.713 	     -0.071
  7154.997 	     -0.053
  7156.282 	     -0.052
  7157.566 	     -0.044
  7158.851 	     -0.077
  7160.136 	     -0.131
  7161.421 	     -0.159
  7162.707 	     -0.118
  7163.992 	     -0.137
  7165.278 	     -0.136
  7166.564 	     -0.120
  7167.851 	     -0.109
  7169.137 	     -0.087
  7170.424 	     -0.059
  7171.711 	     -0.146
  7172.998 	     -0.144
  7174.286 	     -0.104
  7175.574 	     -0.120
  7176.862 	     -0.108
  7178.150 	     -0.102
  7179.438 	     -0.143
  7180.727 	     -0.185
  7182.016 	     -0.175
  7183.305 	     -0.192
  7184.595 	     -0.096
  7185.884 	     -0.124
  7187.174 	     -0.141
  7188.464 	     -0.177
  7189.754 	     -0.158
  7191.045 	     -0.106
  7192.336 	     -0.155
  7193.627 	     -0.155
  7194.918 	     -0.221
  7196.209 	     -0.173
  7197.501 	     -0.160
  7198.793 	     -0.187
  7200.085 	     -0.181
  7201.377 	     -0.093
  7202.670 	     -0.063
  7203.963 	     -0.100
  7205.256 	     -0.055
  7206.549 	     -0.093
  7207.843 	     -0.089
  7209.137 	     -0.074
  7210.431 	     -0.111
  7211.725 	     -0.111
  7213.019 	     -0.067
  7214.314 	     -0.080
  7215.609 	     -0.088
  7216.904 	     -0.115
  7218.200 	     -0.100
  7219.495 	     -0.087
  7220.791 	     -0.096
  7222.087 	     -0.128
  7223.384 	     -0.131
  7224.680 	     -0.131
  7225.977 	     -0.122
  7227.274 	     -0.132
  7228.571 	     -0.187
  7229.869 	     -0.216
  7231.166 	     -0.142
  7232.464 	      0.033
  7233.763 	      0.225
  7235.061 	      0.257
  7236.360 	      0.131
  7237.659 	      0.080
  7238.958 	      0.095
  7240.257 	      0.088
  7241.557 	      0.013
  7242.857 	     -0.305
  7244.157 	     -0.434
  7245.457 	     -0.391
  7246.757 	     -0.346
  7248.058 	     -0.282
  7249.359 	     -0.260
  7250.660 	     -0.229
  7251.962 	     -0.246
  7253.264 	     -0.181
  7254.566 	     -0.171
  7255.868 	     -0.161
  7257.170 	     -0.213
  7258.473 	     -0.204
  7259.776 	     -0.172
  7261.079 	     -0.151
  7262.382 	     -0.068
  7263.686 	     -0.079
  7264.989 	     -0.147
  7266.293 	     -0.183
  7267.598 	     -0.165
  7268.902 	      0.080
  7270.207 	      0.513
  7271.512 	      0.527
  7272.817 	      0.214
  7274.123 	     -0.270
  7275.428 	     -0.463
  7276.734 	     -0.349
  7278.040 	     -0.155
  7279.347 	     -0.077
  7280.653 	     -0.095
  7281.960 	     -0.270
  7283.267 	     -0.345
  7284.575 	     -0.284
  7285.882 	     -0.201
  7287.190 	     -0.243
  7288.498 	     -0.266
  7289.806 	     -0.144
  7291.115 	     -0.084
  7292.423 	     -0.086
  7293.732 	     -0.187
  7295.042 	     -0.150
  7296.351 	     -0.128
  7297.661 	      0.052
  7298.971 	      0.067
  7300.281 	      0.050
  7301.591 	     -0.081
  7302.902 	     -0.184
  7304.212 	     -0.207
  7305.524 	     -0.136
  7306.835 	     -0.125
  7308.146 	     -0.111
  7309.458 	      0.256
  7310.770 	      0.538
  7312.082 	      0.354
  7313.395 	     -0.085
  7314.708 	     -0.350
  7316.021 	     -0.275
  7317.334 	     -0.260
  7318.647 	     -0.254
  7319.961 	     -0.260
  7321.275 	     -0.209
  7322.589 	     -0.048
  7323.903 	      0.048
  7325.218 	      0.039
  7326.533 	     -0.091
  7327.848 	     -0.245
  7329.163 	     -0.221
  7330.479 	     -0.178
  7331.795 	     -0.204
  7333.111 	     -0.010
  7334.427 	      0.407
  7335.743 	      0.494
  7337.060 	      0.234
  7338.377 	     -0.232
  7339.694 	     -0.331
