WV      	 Sigma   
4184.326	    0.039
4185.077	    0.044
4185.828	    0.037
4186.580	    0.012
4187.331	    0.065
4188.083	    0.073
4188.835	    0.068
4189.586	    0.041
4190.339	    0.051
4191.091	    0.075
4191.843	    0.082
4192.595	    0.068
4193.348	    0.110
4194.101	    0.058
4194.853	    0.046
4195.606	    0.020
4196.359	    0.104
4197.113	    0.132
4197.866	    0.144
4198.620	    0.138
4199.373	    0.077
4200.127	    0.035
4200.881	    0.044
4201.635	    0.063
4202.389	    0.020
4203.143	    0.086
4203.898	    0.125
4204.652	    0.157
4205.407	    0.126
4206.162	    0.072
4206.917	    0.075
4207.672	    0.131
4208.427	    0.012
4209.183	    0.076
4209.938	    0.098
4210.694	    0.112
4211.450	    0.062
4212.206	    0.048
4212.962	    0.086
4213.718	    0.102
4214.474	    0.071
4215.231	    0.041
4215.987	    0.088
4216.744	    0.112
4217.501	    0.095
4218.258	    0.102
4219.015	    0.094
4219.773	    0.047
4220.530	    0.102
4221.288	    0.072
4222.045	    0.042
4222.803	    0.098
4223.561	    0.069
4224.319	    0.076
4225.077	    0.085
4225.836	    0.086
4226.594	    0.098
4227.353	    0.085
4228.112	    0.072
4228.871	    0.072
4229.630	    0.132
4230.389	    0.086
4231.148	    0.089
4231.908	    0.169
4232.667	    0.151
4233.427	    0.159
4234.187	    0.148
4234.947	    0.120
4235.707	    0.072
4236.468	    0.147
4237.228	    0.126
4237.989	    0.127
4238.749	    0.026
4239.510	    0.110
4240.271	    0.126
4241.032	    0.111
4241.793	    0.152
4242.555	    0.161
4243.316	    0.137
4244.078	    0.065
4244.840	    0.094
4245.602	    0.093
4246.364	    0.082
4247.126	    0.053
4247.888	    0.112
4248.651	    0.134
4249.413	    0.135
4250.176	    0.129
4250.939	    0.135
4251.702	    0.110
4252.465	    0.044
4253.229	    0.073
4253.992	    0.064
4254.756	    0.129
4255.519	    0.108
4256.283	    0.063
4257.047	    0.020
4257.811	    0.097
4258.575	    0.086
4259.340	    0.039
4260.104	    0.093
4260.869	    0.112
4261.634	    0.139
4262.399	    0.142
4263.164	    0.120
4263.929	    0.108
4264.695	    0.042
4265.460	    0.086
4266.226	    0.116
4266.991	    0.071
4267.757	    0.060
4268.523	    0.063
4269.290	    0.065
4270.056	    0.110
4270.822	    0.078
4271.589	    0.074
4272.356	    0.085
4273.123	    0.072
4273.890	    0.121
4274.657	    0.103
4275.424	    0.060
4276.191	    0.017
4276.959	    0.118
4277.727	    0.026
4278.494	    0.080
4279.262	    0.120
4280.031	    0.138
4280.799	    0.086
4281.567	    0.033
4282.336	    0.048
4283.104	    0.026
4283.873	    0.059
4284.642	    0.037
4285.411	    0.105
4286.180	    0.106
4286.950	    0.106
4287.719	    0.075
4288.489	    0.042
4289.259	    0.079
4290.029	    0.072
4290.799	    0.064
4291.569	    0.039
4292.339	    0.048
4293.110	    0.113
4293.880	    0.075
4294.651	    0.056
4295.422	    0.109
4296.193	    0.060
4296.964	    0.058
4297.735	    0.017
4298.507	    0.069
4299.278	    0.090
4300.050	    0.097
4300.822	    0.148
4301.594	    0.170
4302.366	    0.109
4303.138	    0.077
4303.910	    0.061
4304.683	    0.039
4305.456	    0.095
4306.229	    0.128
4307.001	    0.156
4307.775	    0.146
4308.548	    0.078
4309.321	    0.100
4310.095	    0.056
4310.868	    0.137
4311.642	    0.179
4312.416	    0.140
4313.190	    0.078
4313.964	    0.075
4314.739	    0.100
4315.513	    0.067
4316.288	    0.077
4317.062	    0.113
4317.837	    0.141
4318.612	    0.161
4319.388	    0.150
4320.163	    0.080
4320.938	    0.017
4321.714	    0.026
4322.490	    0.084
4323.266	    0.102
4324.042	    0.041
4324.818	    0.124
4325.594	    0.144
4326.370	    0.155
4327.147	    0.140
4327.924	    0.119
4328.700	    0.093
4329.477	    0.044
4330.255	    0.050
4331.032	    0.096
4331.809	    0.131
4332.587	    0.106
4333.364	    0.113
4334.142	    0.113
4334.920	    0.100
4335.698	    0.046
4336.477	    0.069
4337.255	    0.072
4338.034	    0.017
4338.812	    0.090
4339.591	    0.067
4340.370	    0.067
4341.149	    0.085
4341.928	    0.102
4342.708	    0.061
4343.487	    0.093
4344.267	    0.047
4345.046	    0.112
4345.826	    0.136
4346.606	    0.098
4347.387	    0.095
4348.167	    0.068
4348.947	    0.101
4349.728	    0.089
4350.509	    0.051
4351.290	    0.042
4352.071	    0.081
4352.852	    0.110
4353.633	    0.127
4354.415	    0.127
4355.196	    0.148
4355.978	    0.174
4356.760	    0.149
4357.542	    0.109
4358.324	    0.060
4359.106	    0.020
4359.889	    0.058
4360.671	    0.108
4361.454	    0.116
4362.237	    0.124
4363.020	    0.131
4363.803	    0.121
4364.587	    0.086
4365.370	    0.048
4366.153	    0.089
4366.937	    0.053
4367.721	    0.051
4368.505	    0.103
4369.289	    0.093
4370.073	    0.031
4370.858	    0.026
4371.642	    0.085
4372.427	    0.120
4373.212	    0.123
4373.997	    0.048
4374.782	    0.157
4386.576	    0.130
4387.363	    0.133
4388.151	    0.157
4388.938	    0.138
4389.726	    0.146
4390.514	    0.122
4391.302	    0.072
4392.090	    0.020
4392.879	    0.094
4393.667	    0.111
4394.456	    0.096
4395.245	    0.029
4396.033	    0.095
4396.823	    0.072
4397.612	    0.046
4398.401	    0.026
4399.191	    0.053
4399.980	    0.108
4400.770	    0.077
4401.560	    0.048
4402.350	    0.053
4403.140	    0.108
4403.931	    0.115
4404.721	    0.100
4405.512	    0.120
4406.302	    0.173
4407.093	    0.171
4407.884	    0.124
4408.676	    0.047
4409.467	    0.061
4410.258	    0.096
4411.050	    0.042
4411.842	    0.026
4412.634	    0.100
4413.426	    0.156
4414.218	    0.059
4415.010	    0.059
4415.803	    0.046
4416.595	    0.046
4417.388	    0.026
4418.181	    0.046
4418.974	    0.091
4419.767	    0.068
4420.561	    0.024
4421.354	    0.081
4422.148	    0.073
4422.941	    0.080
4423.735	    0.051
4424.529	    0.119
4425.324	    0.042
4426.118	    0.119
4426.912	    0.073
4427.707	    0.079
4428.502	    0.144
4429.297	    0.095
4430.092	    0.094
4430.887	    0.125
4431.682	    0.142
4432.478	    0.129
4433.273	    0.131
4434.069	    0.104
4434.865	    0.062
4435.661	    0.136
4436.457	    0.145
4437.253	    0.120
4438.050	    0.090
4438.847	    0.048
4439.643	    0.029
4440.440	    0.060
4441.237	    0.112
4442.034	    0.116
4442.832	    0.098
4443.629	    0.039
4444.427	    0.107
4445.225	    0.124
4446.023	    0.097
4446.821	    0.012
4447.619	    0.096
4448.417	    0.079
4449.216	    0.035
4450.014	    0.037
4450.813	    0.069
4451.612	    0.100
4452.411	    0.072
4453.210	    0.017
4454.009	    0.063
4454.809	    0.074
4455.609	    0.064
4456.408	    0.054
4457.208	    0.033
4458.008	    0.081
4458.808	    0.110
4459.609	    0.122
4460.409	    0.094
4461.210	    0.042
4462.011	    0.058
4462.812	    0.075
4463.613	    0.055
4464.414	    0.071
4465.215	    0.104
4466.017	    0.115
4466.818	    0.104
4467.620	    0.012
4468.422	    0.104
4469.224	    0.095
4470.026	    0.020
4470.829	    0.119
4471.631	    0.129
4472.434	    0.062
4473.237	    0.044
4474.039	    0.051
4474.843	    0.035
4475.646	    0.024
4476.449	    0.070
4477.253	    0.060
4478.056	    0.056
4478.860	    0.120
4479.664	    0.115
4480.468	    0.112
4481.272	    0.110
4482.077	    0.107
4482.881	    0.104
4483.686	    0.099
4484.491	    0.093
4485.296	    0.085
4486.101	    0.076
4486.906	    0.070
4487.711	    0.061
4488.517	    0.056
4489.322	    0.051
4490.128	    0.042
4490.934	    0.031
4491.740	    0.012
4492.547	    0.100
4493.353	    0.100
4494.160	    0.086
4494.966	    0.086
4495.773	    0.076
4496.580	    0.077
4497.387	    0.029
4498.194	    0.095
4499.002	    0.118
4499.809	    0.082
4500.617	    0.055
4501.425	    0.054
4502.233	    0.073
4503.041	    0.097
4503.849	    0.124
4504.658	    0.127
4505.466	    0.115
4506.275	    0.094
4507.084	    0.067
4507.893	    0.056
4508.702	    0.074
4509.511	    0.090
4510.321	    0.100
4511.130	    0.101
4511.940	    0.089
4512.750	    0.062
4513.560	    0.024
4514.370	    0.068
4515.180	    0.080
4515.991	    0.063
4516.802	    0.050
4517.612	    0.084
4518.423	    0.086
4519.234	    0.056
4520.045	    0.079
4520.857	    0.104
4521.668	    0.094
4522.480	    0.069
4523.292	    0.024
4524.103	    0.076
4524.916	    0.081
4525.728	    0.024
4526.540	    0.088
4527.353	    0.123
4528.165	    0.126
4528.978	    0.048
4529.791	    0.122
4530.604	    0.135
4531.417	    0.116
4532.231	    0.056
4533.044	    0.080
4533.858	    0.089
4534.672	    0.071
4535.486	    0.012
4536.300	    0.061
4537.114	    0.029
4537.928	    0.037
4538.743	    0.042
4539.558	    0.026
4540.372	    0.041
4541.187	    0.055
4542.002	    0.080
4542.818	    0.089
4543.633	    0.074
4544.449	    0.017
4545.264	    0.093
4546.080	    0.075
4546.896	    0.064
4547.712	    0.100
4548.529	    0.099
4549.345	    0.056
4550.162	    0.017
4550.979	    0.054
4551.795	    0.059
4552.612	    0.046
4553.430	    0.017
4554.247	    0.046
4555.064	    0.076
4555.882	    0.083
4556.700	    0.077
4557.518	    0.063
4558.336	    0.058
4559.154	    0.063
4559.972	    0.044
4560.791	    0.044
4561.609	    0.026
4562.428	    0.046
4563.247	    0.085
4564.066	    0.095
4564.885	    0.093
4565.705	    0.085
4566.524	    0.076
4567.344	    0.064
4568.164	    0.069
4568.984	    0.084
4569.804	    0.100
4570.624	    0.111
4571.445	    0.100
4572.265	    0.061
4573.086	    0.055
4573.907	    0.085
4574.728	    0.112
4575.549	    0.115
4576.370	    0.041
4577.192	    0.033
4578.013	    0.047
4578.835	    0.093
4579.657	    0.120
4580.479	    0.122
4581.301	    0.114
4582.123	    0.100
4582.946	    0.069
4583.768	    0.044
4584.591	    0.096
4585.414	    0.090
4586.237	    0.060
4587.060	    0.069
4587.884	    0.101
4588.707	    0.129
4589.531	    0.122
4590.355	    0.073
4591.179	    0.046
4592.003	    0.086
4592.827	    0.099
4593.651	    0.106
4594.476	    0.108
4595.301	    0.098
4596.125	    0.080
4596.950	    0.051
4597.776	    0.017
4598.601	    0.017
4599.426	    0.072
4600.252	    0.094
4601.078	    0.097
4601.903	    0.082
4602.730	    0.051
4603.556	    0.020
4604.382	    0.035
4605.208	    0.068
4606.035	    0.090
4606.862	    0.098
4607.689	    0.073
4608.516	    0.042
4609.343	    0.046
4610.170	    0.051
4610.998	    0.037
4611.826	    0.067
4612.653	    0.124
4613.481	    0.147
4614.309	    0.141
4615.138	    0.107
4615.966	    0.012
4616.795	    0.077
4617.623	    0.026
4618.452	    0.086
4619.281	    0.104
4620.110	    0.107
4620.940	    0.103
4621.769	    0.096
4622.599	    0.086
4623.428	    0.071
4624.258	    0.053
4625.088	    0.035
4625.918	    0.029
4626.749	    0.017
4627.579	    0.031
4628.410	    0.064
4629.241	    0.090
4630.072	    0.102
4630.903	    0.072
4631.734	    0.046
4632.565	    0.026
4633.397	    0.084
4634.229	    0.108
4635.060	    0.098
4635.892	    0.056
4636.724	    0.082
4637.557	    0.108
4638.389	    0.111
4639.222	    0.090
4640.054	    0.046
4640.887	    0.070
4641.720	    0.088
4642.553	    0.084
4643.387	    0.069
4644.220	    0.060
4645.054	    0.101
4645.888	    0.139
4646.722	    0.146
4647.556	    0.132
4648.390	    0.095
4649.224	    0.041
4650.059	    0.082
4650.893	    0.039
4651.728	    0.086
4652.563	    0.088
4653.398	    0.064
4654.234	    0.012
4655.069	    0.037
4655.905	    0.077
4656.740	    0.096
4657.576	    0.100
4658.412	    0.092
4659.248	    0.062
4660.085	    0.072
4660.921	    0.103
4661.758	    0.089
4662.594	    0.024
4663.431	    0.098
4664.268	    0.108
4665.106	    0.020
4665.943	    0.083
4666.781	    0.087
4667.618	    0.064
4668.456	    0.039
4669.294	    0.084
4670.132	    0.111
4670.970	    0.109
4671.809	    0.090
4672.647	    0.054
4673.486	    0.017
4674.325	    0.047
4675.164	    0.092
4676.003	    0.080
4676.843	    0.050
4677.682	    0.042
4678.522	    0.077
4679.361	    0.108
4680.201	    0.095
4681.041	    0.050
4681.882	    0.017
4682.722	    0.024
4683.563	    0.071
4684.403	    0.113
4685.244	    0.115
4686.085	    0.063
4686.926	    0.100
4687.767	    0.074
4688.609	    0.082
4689.450	    0.029
4690.292	    0.112
4691.134	    0.072
4691.976	    0.072
4692.818	    0.086
4693.661	    0.097
4694.503	    0.095
4695.346	    0.063
4696.189	    0.033
4697.032	    0.068
4697.875	    0.079
4698.718	    0.044
4699.561	    0.094
4700.405	    0.039
4701.249	    0.042
4702.092	    0.069
4702.936	    0.063
4703.781	    0.039
4704.625	    0.058
4705.469	    0.079
4706.314	    0.060
4707.159	    0.017
4708.004	    0.054
4708.849	    0.090
4709.694	    0.097
4710.539	    0.037
4711.385	    0.024
4712.231	    0.039
4713.076	    0.054
4713.922	    0.076
4714.768	    0.092
4715.615	    0.012
4716.461	    0.117
4717.308	    0.087
4718.154	    0.035
4719.001	    0.063
4719.848	    0.092
4720.696	    0.112
4721.543	    0.026
4722.390	    0.064
4723.238	    0.048
4724.086	    0.051
4724.934	    0.056
4725.782	    0.056
4726.630	    0.095
4727.479	    0.060
4728.327	    0.054
4729.176	    0.078
4730.025	    0.072
4730.874	    0.041
4731.723	    0.035
4732.572	    0.106
4733.422	    0.115
4734.271	    0.085
4735.121	    0.029
4735.971	    0.039
4736.821	    0.113
4737.671	    0.137
4738.522	    0.122
4739.372	    0.020
4740.223	    0.031
4741.074	    0.092
4741.925	    0.060
4742.776	    0.086
4743.627	    0.067
4744.479	    0.061
4745.330	    0.081
4746.182	    0.081
4747.034	    0.031
4747.886	    0.060
4748.738	    0.079
4749.591	    0.060
4750.443	    0.033
4751.296	    0.096
4752.149	    0.126
4753.002	    0.056
4753.855	    0.063
4754.708	    0.063
4755.562	    0.033
4756.415	    0.035
4757.269	    0.062
4758.123	    0.056
4758.977	    0.087
4759.831	    0.053
4760.686	    0.050
4761.540	    0.058
4762.395	    0.061
4763.250	    0.012
4764.105	    0.037
4764.960	    0.065
4765.815	    0.062
4766.671	    0.024
4767.526	    0.033
4768.382	    0.048
4769.238	    0.017
4770.094	    0.096
4770.950	    0.109
4771.807	    0.080
4772.663	    0.072
4773.520	    0.053
4774.377	    0.096
4775.234	    0.084
4776.091	    0.068
4776.948	    0.081
4777.805	    0.090
4778.663	    0.068
4779.521	    0.075
4780.379	    0.111
4781.237	    0.098
4782.095	    0.056
4782.953	    0.068
4783.812	    0.029
4784.670	    0.083
4785.529	    0.110
4786.388	    0.098
4787.247	    0.020
4788.107	    0.104
4788.966	    0.024
4789.826	    0.088
4790.686	    0.064
4791.545	    0.064
4792.405	    0.091
4793.266	    0.072
4794.126	    0.096
4794.987	    0.072
4795.847	    0.072
4796.708	    0.065
4797.569	    0.068
4798.430	    0.080
4799.292	    0.083
4800.153	    0.068
4801.015	    0.041
4801.876	    0.044
4802.738	    0.100
4803.600	    0.098
4804.463	    0.118
4805.325	    0.127
4806.188	    0.065
4807.050	    0.074
4807.913	    0.051
4808.776	    0.048
4809.639	    0.093
4810.503	    0.046
4811.366	    0.029
4812.230	    0.059
4813.093	    0.058
4813.957	    0.061
4814.821	    0.042
4815.686	    0.107
4816.550	    0.097
4817.415	    0.063
4818.279	    0.105
4819.144	    0.042
4820.009	    0.088
4820.874	    0.086
4821.740	    0.064
4822.605	    0.033
4823.471	    0.061
4824.337	    0.067
4825.203	    0.119
4826.069	    0.093
4826.935	    0.060
4827.801	    0.102
4828.668	    0.086
4829.535	    0.086
4830.401	    0.109
4831.269	    0.073
4832.136	    0.060
4833.003	    0.080
4833.871	    0.048
4834.738	    0.054
4835.606	    0.054
4836.474	    0.062
4837.342	    0.073
4838.210	    0.020
4839.079	    0.091
4839.947	    0.072
4840.816	    0.055
4841.685	    0.053
4842.554	    0.095
4843.423	    0.081
4844.293	    0.070
4845.162	    0.046
4846.032	    0.047
4846.902	    0.072
4847.772	    0.106
4848.642	    0.101
4849.512	    0.053
4850.383	    0.031
4851.253	    0.062
4852.124	    0.029
4852.995	    0.071
4853.866	    0.072
4854.737	    0.071
4855.609	    0.068
4856.480	    0.062
4857.352	    0.073
4858.224	    0.096
4859.096	    0.094
4859.968	    0.082
4860.841	    0.065
4861.713	    0.073
4862.586	    0.108
4863.459	    0.108
4864.332	    0.071
4865.205	    0.026
4866.078	    0.104
4866.951	    0.159
4867.825	    0.156
4868.699	    0.017
4869.573	    0.123
4870.447	    0.096
4871.321	    0.110
4872.195	    0.104
4873.070	    0.041
4873.945	    0.033
4874.819	    0.037
4875.694	    0.047
4876.570	    0.039
4877.445	    0.097
4878.320	    0.110
4879.196	    0.113
4880.072	    0.118
4880.948	    0.081
4881.824	    0.075
4882.700	    0.103
4883.577	    0.055
4884.453	    0.069
4885.330	    0.087
4886.207	    0.064
4887.084	    0.050
4887.961	    0.075
4888.838	    0.086
4889.716	    0.091
4890.594	    0.053
4891.472	    0.095
4892.350	    0.075
4893.228	    0.042
4894.106	    0.071
4894.984	    0.055
4895.863	    0.012
4896.742	    0.081
4897.621	    0.101
4898.500	    0.126
4899.379	    0.126
4900.259	    0.097
4901.138	    0.090
4902.018	    0.053
4902.898	    0.095
4903.778	    0.152
4904.658	    0.275
4905.538	    0.389
4906.419	    0.455
4907.300	    0.464
4908.180	    0.437
4909.061	    0.362
4909.943	    0.240
4910.824	    0.168
4911.705	    0.138
4912.587	    0.115
4913.469	    0.061
4914.351	    0.079
4915.233	    0.073
4916.115	    0.080
4916.998	    0.128
4917.880	    0.119
4918.763	    0.111
4919.646	    0.097
4920.529	    0.072
4921.412	    0.031
4922.295	    0.091
4923.179	    0.063
4924.063	    0.089
4924.947	    0.073
4925.831	    0.136
4926.715	    0.142
4927.599	    0.139
4928.484	    0.147
4929.368	    0.090
4930.253	    0.108
4931.138	    0.114
4932.023	    0.096
4932.908	    0.060
4933.794	    0.026
4934.679	    0.086
4935.565	    0.134
4936.451	    0.128
4937.337	    0.096
4938.223	    0.081
4939.110	    0.067
4939.996	    0.046
4940.883	    0.072
4941.770	    0.090
4942.657	    0.088
4943.544	    0.092
4944.431	    0.059
4945.319	    0.158
4946.207	    0.129
4947.094	    0.103
4947.982	    0.104
4948.871	    0.098
4949.759	    0.085
4950.647	    0.076
4951.536	    0.077
4952.425	    0.156
4953.314	    0.104
4954.203	    0.076
4955.092	    0.115
4955.981	    0.126
4956.871	    0.102
4957.761	    0.012
4958.651	    0.088
4959.541	    0.078
4960.431	    0.119
4961.321	    0.067
4962.212	    0.103
4963.103	    0.103
4963.993	    0.078
4964.884	    0.074
4965.776	    0.100
4966.667	    0.098
4967.558	    0.103
4968.450	    0.074
4969.342	    0.077
4970.234	    0.065
4971.126	    0.047
4972.018	    0.093
4972.911	    0.072
4973.803	    0.094
4974.696	    0.126
4975.589	    0.105
4976.482	    0.110
4977.375	    0.046
4978.269	    0.080
4979.162	    0.024
4980.056	    0.096
4980.950	    0.098
4981.844	    0.086
4982.738	    0.103
4983.633	    0.124
4984.527	    0.127
4985.422	    0.102
4986.317	    0.062
4987.212	    0.083
4988.107	    0.097
4989.002	    0.058
4989.898	    0.024
4990.794	    0.102
4991.689	    0.118
4992.585	    0.051
4993.482	    0.065
4994.378	    0.012
4995.274	    0.031
4996.171	    0.037
4997.068	    0.073
4997.965	    0.087
4998.862	    0.029
4999.759	    0.078
5000.657	    0.088
5001.554	    0.120
5002.452	    0.085
5003.350	    0.072
5004.248	    0.033
5005.146	    0.092
5006.045	    0.116
5006.943	    0.093
5007.842	    0.076
5008.741	    0.093
5009.640	    0.102
5010.539	    0.035
5011.438	    0.075
5012.338	    0.112
5013.238	    0.113
5014.137	    0.110
5015.037	    0.122
5015.938	    0.122
5016.838	    0.122
5017.738	    0.024
5018.639	    0.093
5019.540	    0.124
5020.441	    0.100
5021.342	    0.058
5022.243	    0.051
5023.145	    0.037
5024.046	    0.092
5024.948	    0.086
5025.850	    0.097
5026.752	    0.070
5027.655	    0.058
5028.557	    0.031
5029.460	    0.074
5030.362	    0.105
5031.265	    0.102
5032.168	    0.122
5033.072	    0.068
5033.975	    0.143
5034.879	    0.035
5035.782	    0.065
5036.686	    0.050
5037.590	    0.078
5038.495	    0.081
5039.399	    0.024
5040.304	    0.074
5041.208	    0.097
5042.113	    0.080
5043.018	    0.088
5043.923	    0.113
5044.829	    0.115
5045.734	    0.070
5046.640	    0.100
5047.546	    0.129
5048.452	    0.088
5049.358	    0.044
5050.264	    0.080
5051.171	    0.080
5052.078	    0.139
5052.984	    0.196
5053.891	    0.208
5054.799	    0.186
5055.706	    0.156
5056.613	    0.112
5057.521	    0.026
5058.429	    0.058
5059.337	    0.081
5060.245	    0.055
5061.153	    0.012
5062.062	    0.070
5062.970	    0.072
5063.879	    0.017
5064.788	    0.017
5065.697	    0.063
5066.606	    0.077
5067.516	    0.085
5068.425	    0.110
5069.335	    0.115
5070.245	    0.100
5071.155	    0.093
5072.065	    0.096
5072.976	    0.105
5073.886	    0.081
5074.797	    0.084
5075.708	    0.113
5076.619	    0.102
5077.530	    0.024
5078.442	    0.033
5079.353	    0.088
5080.265	    0.033
5081.177	    0.101
5082.089	    0.087
5083.001	    0.017
5083.914	    0.047
5084.826	    0.035
5085.739	    0.055
5086.652	    0.070
5087.565	    0.090
5088.478	    0.116
5089.391	    0.159
5090.305	    0.112
5091.219	    0.053
5092.132	    0.098
5093.046	    0.012
5093.961	    0.080
5094.875	    0.059
5095.789	    0.058
5096.704	    0.068
5097.619	    0.065
5098.534	    0.029
5099.449	    0.035
5100.364	    0.017
5101.280	    0.111
5102.196	    0.094
5103.111	    0.041
5104.027	    0.091
5104.944	    0.063
5105.860	    0.089
5106.776	    0.103
5107.693	    0.094
5108.610	    0.041
5109.527	    0.024
5110.444	    0.056
5111.361	    0.051
5112.279	    0.050
5113.196	    0.042
5114.114	    0.035
5115.032	    0.042
5115.950	    0.083
5116.868	    0.073
5117.787	    0.029
5118.706	    0.072
5119.624	    0.055
5120.543	    0.051
5121.462	    0.108
5122.382	    0.039
5123.301	    0.106
5124.221	    0.093
5125.141	    0.026
5126.060	    0.042
5126.981	    0.068
5127.901	    0.055
5128.821	    0.086
5129.742	    0.046
5130.663	    0.102
5131.584	    0.103
5132.505	    0.061
5133.426	    0.061
5134.347	    0.053
5135.269	    0.088
5136.191	    0.135
5137.113	    0.074
5138.035	    0.074
5138.957	    0.070
5139.879	    0.020
5140.802	    0.096
5141.725	    0.087
5142.648	    0.067
5143.571	    0.046
5144.494	    0.050
5145.417	    0.051
5146.341	    0.106
5147.265	    0.104
5148.189	    0.044
5149.113	    0.061
5150.037	    0.105
5150.961	    0.031
5151.886	    0.031
5152.811	    0.077
5153.736	    0.080
5154.661	    0.108
5155.586	    0.113
5156.511	    0.123
5157.437	    0.088
5158.363	    0.051
5159.289	    0.029
5160.215	    0.012
5161.141	    0.039
5162.067	    0.029
5162.994	    0.110
5163.921	    0.067
5164.848	    0.041
5165.775	    0.086
5166.702	    0.067
5167.629	    0.063
5168.557	    0.072
5169.485	    0.050
5170.412	    0.062
5171.341	    0.070
5172.269	    0.053
5173.197	    0.116
5174.126	    0.140
5175.054	    0.129
5175.983	    0.124
5176.912	    0.105
5177.842	    0.092
5178.771	    0.072
5179.701	    0.060
5180.630	    0.029
5181.560	    0.035
5182.490	    0.048
5183.421	    0.086
5184.351	    0.089
5185.282	    0.078
5186.212	    0.088
5187.143	    0.092
5188.074	    0.067
5189.006	    0.094
5189.937	    0.064
5190.868	    0.044
5191.800	    0.061
5192.732	    0.106
5193.664	    0.113
5194.596	    0.112
5195.529	    0.112
5196.461	    0.112
5197.394	    0.111
5198.327	    0.110
5199.260	    0.109
5200.193	    0.107
5201.127	    0.105
5202.060	    0.104
5202.994	    0.103
5203.928	    0.102
5204.862	    0.103
5205.796	    0.104
5206.731	    0.106
5207.665	    0.107
5208.600	    0.108
5209.535	    0.108
5210.470	    0.107
5211.405	    0.105
5212.341	    0.104
5213.276	    0.101
5214.212	    0.098
5215.148	    0.091
5216.084	    0.081
5217.021	    0.065
5217.957	    0.050
5218.894	    0.039
5219.830	    0.044
5220.767	    0.051
5221.704	    0.058
5222.642	    0.060
5223.579	    0.064
5224.517	    0.072
5225.454	    0.080
5226.392	    0.085
5227.331	    0.086
5228.269	    0.086
5229.207	    0.085
5230.146	    0.083
5231.085	    0.063
5232.024	    0.061
5232.963	    0.072
5233.902	    0.069
5234.842	    0.064
5235.781	    0.070
5236.721	    0.026
5237.661	    0.078
5238.601	    0.047
5239.541	    0.112
5240.482	    0.033
5241.423	    0.086
5242.363	    0.106
5243.304	    0.033
5244.245	    0.072
5245.187	    0.085
5246.128	    0.098
5247.070	    0.112
5248.012	    0.128
5248.954	    0.137
5249.896	    0.084
5250.838	    0.099
5251.781	    0.044
5252.723	    0.112
5253.666	    0.035
5254.609	    0.138
5255.552	    0.110
5256.496	    0.091
5257.439	    0.098
5258.383	    0.092
5259.327	    0.077
5260.271	    0.082
5261.215	    0.075
5262.159	    0.070
5263.104	    0.127
5264.049	    0.128
5264.994	    0.132
5265.939	    0.124
5266.884	    0.082
5267.829	    0.080
5268.775	    0.104
5269.721	    0.090
5270.666	    0.037
5271.612	    0.029
5272.559	    0.113
5273.505	    0.035
5274.452	    0.074
5275.398	    0.112
5276.345	    0.060
5277.292	    0.055
5278.240	    0.017
5279.187	    0.058
5280.135	    0.073
5281.082	    0.090
5282.030	    0.093
5282.979	    0.070
5283.927	    0.044
5284.875	    0.122
5285.824	    0.110
5286.773	    0.020
5287.722	    0.087
5288.671	    0.053
5289.620	    0.103
5290.569	    0.090
5291.519	    0.059
5292.469	    0.046
5293.419	    0.037
5294.369	    0.026
5304.832	    0.062
5305.784	    0.077
5306.736	    0.093
5307.689	    0.093
5308.642	    0.039
5309.595	    0.046
5310.548	    0.065
5311.501	    0.104
5312.454	    0.123
5313.408	    0.131
5314.362	    0.073
5315.315	    0.072
5316.270	    0.100
5317.224	    0.092
5318.178	    0.110
5319.133	    0.112
5320.088	    0.072
5321.043	    0.092
5321.998	    0.054
5322.953	    0.029
5323.908	    0.072
5324.864	    0.074
5325.820	    0.058
5326.776	    0.069
5327.732	    0.065
5328.688	    0.073
5329.645	    0.029
5330.601	    0.081
5331.558	    0.114
5332.515	    0.090
5333.472	    0.110
5334.430	    0.135
5335.387	    0.026
5336.345	    0.086
5337.303	    0.037
5338.261	    0.067
5339.219	    0.039
5340.177	    0.087
5341.136	    0.078
5342.094	    0.026
5343.053	    0.067
5344.012	    0.086
5344.972	    0.060
5345.931	    0.075
5346.891	    0.091
5347.850	    0.060
5348.810	    0.060
5349.770	    0.058
5350.731	    0.076
5351.691	    0.017
5352.652	    0.033
5353.612	    0.026
5354.573	    0.053
5355.535	    0.068
5356.496	    0.051
5357.457	    0.086
5358.419	    0.058
5359.381	    0.055
5360.343	    0.056
5361.305	    0.048
5362.267	    0.047
5363.230	    0.031
5364.192	    0.017
5365.155	    0.047
5366.118	    0.058
5367.081	    0.029
5368.045	    0.050
5369.008	    0.092
5369.972	    0.091
5370.936	    0.080
5371.900	    0.071
5372.864	    0.035
5373.829	    0.056
5374.793	    0.062
5375.758	    0.073
5376.723	    0.120
5377.688	    0.126
5378.653	    0.117
5379.619	    0.090
5380.584	    0.058
5381.550	    0.078
5382.516	    0.097
5383.482	    0.033
5384.449	    0.050
5385.415	    0.020
5386.382	    0.047
5387.349	    0.186
5388.316	    0.278
5389.283	    0.259
5390.250	    0.190
5391.218	    0.144
5392.185	    0.116
5393.153	    0.119
5394.121	    0.090
5395.090	    0.073
5396.058	    0.024
5397.027	    0.089
5397.995	    0.092
5398.964	    0.111
5399.933	    0.090
5400.903	    0.083
5401.872	    0.116
5402.842	    0.106
5403.811	    0.047
5404.781	    0.026
5405.751	    0.067
5406.722	    0.063
5407.692	    0.088
5408.663	    0.072
5409.634	    0.062
5410.605	    0.089
5411.576	    0.026
5412.547	    0.064
5413.519	    0.074
5414.491	    0.055
5415.462	    0.070
5416.434	    0.102
5417.407	    0.089
5418.379	    0.083
5419.352	    0.096
5420.324	    0.089
5421.297	    0.081
5422.270	    0.012
5423.244	    0.072
5424.217	    0.061
5425.191	    0.062
5426.165	    0.068
5427.139	    0.085
5428.113	    0.074
5429.087	    0.079
5430.062	    0.042
5431.036	    0.118
5432.011	    0.017
5432.986	    0.091
5433.961	    0.037
5434.937	    0.078
5435.912	    0.077
5436.888	    0.092
5437.864	    0.026
5438.840	    0.041
5439.816	    0.074
5440.793	    0.079
5441.769	    0.090
5442.746	    0.062
5443.723	    0.020
5444.700	    0.072
5445.677	    0.102
5446.655	    0.089
5447.632	    0.033
5448.610	    0.020
5449.588	    0.046
5450.566	    0.061
5451.545	    0.102
5452.523	    0.061
5453.502	    0.072
5454.481	    0.078
5455.460	    0.062
5456.439	    0.053
5457.419	    0.067
5458.398	    0.081
5459.378	    0.047
5460.358	    0.017
5461.338	    0.051
5462.318	    0.053
5463.299	    0.064
5464.279	    0.041
5465.260	    0.055
5466.241	    0.092
5467.222	    0.130
5468.204	    0.096
5469.185	    0.046
5470.167	    0.095
5471.149	    0.041
5472.131	    0.026
5473.113	    0.067
5474.096	    0.033
5475.078	    0.026
5476.061	    0.063
5477.044	    0.081
5478.027	    0.109
5479.010	    0.033
5479.994	    0.037
5480.977	    0.111
5481.961	    0.103
5482.945	    0.075
5483.929	    0.082
5484.914	    0.072
5485.898	    0.033
5486.883	    0.051
5487.868	    0.044
5488.853	    0.061
5489.838	    0.072
5490.823	    0.102
5491.809	    0.083
5492.795	    0.124
5493.781	    0.073
5494.767	    0.058
5495.753	    0.058
5496.740	    0.080
5497.726	    0.111
5498.713	    0.095
5499.700	    0.106
5500.687	    0.033
5501.675	    0.112
5502.662	    0.079
5503.650	    0.012
5504.638	    0.103
5505.626	    0.102
5506.614	    0.087
5507.602	    0.090
5508.591	    0.082
5509.580	    0.104
5510.569	    0.044
5511.558	    0.108
5512.547	    0.085
5513.537	    0.079
5514.526	    0.055
5515.516	    0.090
5516.506	    0.054
5517.496	    0.056
5518.487	    0.096
5519.477	    0.029
5520.468	    0.102
5521.459	    0.086
5522.450	    0.089
5523.441	    0.072
5524.433	    0.039
5525.424	    0.042
5526.416	    0.078
5527.408	    0.093
5528.400	    0.044
5529.392	    0.012
5530.385	    0.093
5531.378	    0.111
5532.370	    0.069
5533.363	    0.058
5534.357	    0.039
5535.350	    0.024
5536.344	    0.024
5537.337	    0.039
5538.331	    0.031
5539.325	    0.024
5540.320	    0.087
5541.314	    0.089
5542.309	    0.050
5543.304	    0.061
5544.299	    0.073
5545.294	    0.046
5546.289	    0.050
5547.285	    0.055
5548.280	    0.044
5549.276	    0.073
5550.272	    0.075
5551.269	    0.075
5552.265	    0.062
5553.262	    0.068
5554.259	    0.048
5555.255	    0.081
5556.253	    0.047
5557.250	    0.086
5558.247	    0.044
5559.245	    0.111
5560.243	    0.104
5561.241	    0.041
5562.239	    0.026
5563.238	    0.067
5564.236	    0.046
5565.235	    0.061
5566.234	    0.067
5567.233	    0.072
5568.232	    0.078
5569.232	    0.084
5570.231	    0.090
5571.231	    0.093
5572.231	    0.098
5573.232	    0.100
5574.232	    0.102
5575.232	    0.104
5576.233	    0.106
5577.234	    0.108
5578.235	    0.109
5579.236	    0.108
5580.238	    0.108
5581.240	    0.108
5582.241	    0.110
5583.243	    0.114
5584.246	    0.119
5585.248	    0.123
5586.250	    0.124
5587.253	    0.125
5588.256	    0.126
5589.259	    0.127
5590.262	    0.082
5591.266	    0.050
5592.269	    0.078
5593.273	    0.060
5594.277	    0.055
5595.281	    0.122
5596.286	    0.039
5597.290	    0.037
5598.295	    0.044
5599.300	    0.054
5600.305	    0.101
5601.310	    0.070
5602.315	    0.053
5603.321	    0.108
5604.327	    0.046
5605.333	    0.117
5606.339	    0.085
5607.345	    0.053
5608.352	    0.084
5609.358	    0.081
5610.365	    0.072
5611.372	    0.127
5612.379	    0.105
5613.387	    0.127
5614.394	    0.065
5615.402	    0.123
5616.410	    0.090
5617.418	    0.104
5618.427	    0.096
5619.435	    0.114
5620.444	    0.098
5621.453	    0.046
5622.462	    0.096
5623.471	    0.080
5624.480	    0.031
5625.490	    0.077
5626.499	    0.096
5627.509	    0.128
5628.520	    0.129
5629.530	    0.130
5630.540	    0.024
5631.551	    0.017
5632.562	    0.065
5633.573	    0.092
5634.584	    0.086
5635.595	    0.125
5636.607	    0.129
5637.619	    0.133
5638.631	    0.151
5639.643	    0.139
5640.655	    0.090
5641.668	    0.097
5642.680	    0.118
5643.693	    0.129
5644.706	    0.124
5645.719	    0.100
5646.733	    0.079
5647.746	    0.098
5648.760	    0.142
5649.774	    0.133
5650.788	    0.091
5651.802	    0.067
5652.817	    0.077
5653.831	    0.077
5654.846	    0.127
5655.861	    0.103
5656.876	    0.071
5657.892	    0.130
5658.907	    0.127
5659.923	    0.071
5660.939	    0.060
5661.955	    0.136
5662.972	    0.092
5663.988	    0.119
5665.005	    0.094
5666.022	    0.127
5667.039	    0.118
5668.056	    0.155
5669.073	    0.137
5670.091	    0.086
5671.109	    0.119
5672.126	    0.077
5673.145	    0.073
5674.163	    0.113
5675.181	    0.103
5676.200	    0.105
5677.219	    0.074
5678.238	    0.088
5679.257	    0.054
5680.277	    0.086
5681.296	    0.091
5682.316	    0.077
5683.336	    0.080
5684.356	    0.072
5685.376	    0.095
5686.397	    0.087
5687.418	    0.124
5688.438	    0.145
5689.459	    0.132
5690.481	    0.129
5691.502	    0.137
5692.524	    0.122
5693.545	    0.086
5694.567	    0.105
5695.590	    0.139
5696.612	    0.157
5697.634	    0.144
5698.657	    0.136
5699.680	    0.143
5700.703	    0.140
5701.726	    0.129
5702.750	    0.116
5703.773	    0.141
5704.797	    0.125
5705.821	    0.118
5706.845	    0.144
5707.870	    0.148
5708.894	    0.137
5709.919	    0.165
5710.944	    0.155
5711.969	    0.167
5712.994	    0.135
5714.020	    0.117
5715.045	    0.173
5716.071	    0.161
5717.097	    0.158
5718.123	    0.170
5719.150	    0.144
5720.176	    0.133
5721.203	    0.153
5722.230	    0.115
5723.257	    0.093
5724.284	    0.095
5725.312	    0.124
5726.340	    0.123
5727.367	    0.110
5728.396	    0.136
5729.424	    0.120
5730.452	    0.123
5731.481	    0.098
5732.510	    0.136
5733.538	    0.149
5734.568	    0.173
5735.597	    0.137
5736.626	    0.151
5737.656	    0.154
5738.686	    0.161
5739.716	    0.185
5740.746	    0.153
5741.777	    0.145
5742.807	    0.151
5743.838	    0.148
5744.869	    0.128
5745.900	    0.130
5746.932	    0.153
5747.963	    0.156
5748.995	    0.167
5750.027	    0.162
5751.059	    0.144
5752.091	    0.151
5753.124	    0.145
5754.157	    0.124
5755.189	    0.145
5756.222	    0.155
5757.256	    0.156
5758.289	    0.160
5759.323	    0.164
5760.356	    0.187
5761.390	    0.181
5762.425	    0.169
5763.459	    0.159
5764.493	    0.139
5765.528	    0.150
5766.563	    0.147
5767.598	    0.140
5768.633	    0.168
5769.669	    0.156
5770.704	    0.145
5771.740	    0.160
5772.776	    0.160
5773.812	    0.158
5774.849	    0.166
5775.885	    0.162
5776.922	    0.163
5777.959	    0.136
5778.996	    0.118
5780.033	    0.128
5781.071	    0.165
5782.109	    0.162
5783.146	    0.163
5784.185	    0.142
5785.223	    0.140
5786.261	    0.168
5787.300	    0.173
5788.339	    0.151
5789.378	    0.150
5790.417	    0.141
5791.456	    0.119
5792.496	    0.127
5793.535	    0.140
5794.575	    0.128
5795.615	    0.120
5796.656	    0.139
5797.696	    0.143
5798.737	    0.135
5799.778	    0.147
5800.819	    0.155
5801.860	    0.169
5802.901	    0.182
5803.943	    0.177
5804.985	    0.157
5806.027	    0.148
5807.069	    0.148
5808.111	    0.150
5809.154	    0.165
5810.196	    0.151
5811.239	    0.127
5812.282	    0.110
5813.326	    0.108
5814.369	    0.118
5815.413	    0.134
5816.457	    0.136
5817.501	    0.139
5818.545	    0.139
5819.589	    0.135
5820.634	    0.146
5821.679	    0.157
5822.724	    0.161
5823.769	    0.161
5824.814	    0.149
5825.860	    0.154
5826.905	    0.162
5827.951	    0.142
5828.997	    0.125
5830.044	    0.133
5831.090	    0.140
5832.137	    0.145
5833.184	    0.119
5834.231	    0.122
5835.278	    0.180
5836.325	    0.176
5837.373	    0.157
5838.421	    0.146
5839.469	    0.153
5840.517	    0.163
5841.565	    0.148
5842.614	    0.126
5843.663	    0.112
5844.711	    0.127
5845.761	    0.130
5846.810	    0.124
5847.859	    0.136
5848.909	    0.137
5849.959	    0.128
5851.009	    0.113
5852.059	    0.118
5853.110	    0.127
5854.160	    0.118
5855.211	    0.110
5856.262	    0.090
5857.313	    0.085
5858.364	    0.097
5859.416	    0.078
5860.468	    0.059
5861.520	    0.053
5862.572	    0.051
5863.624	    0.031
5864.677	    0.062
5865.729	    0.100
5866.782	    0.128
5867.835	    0.139
5868.888	    0.138
5869.942	    0.124
5870.996	    0.090
5872.049	    0.060
5873.103	    0.090
5874.158	    0.119
5875.212	    0.119
5876.267	    0.111
5877.321	    0.041
5878.376	    0.065
5879.431	    0.089
5880.487	    0.100
5881.542	    0.093
5882.598	    0.047
5883.654	    0.099
5884.710	    0.140
5885.766	    0.086
5886.823	    0.026
5887.879	    0.118
5888.936	    0.162
5889.993	    0.122
5891.051	    0.074
5892.108	    0.083
5893.166	    0.106
5894.223	    0.130
5895.281	    0.118
5896.340	    0.128
5897.398	    0.133
5898.456	    0.020
5899.515	    0.105
5900.574	    0.071
5901.633	    0.035
5902.693	    0.096
5903.752	    0.089
5904.812	    0.079
5905.872	    0.100
5906.932	    0.118
5907.992	    0.064
5909.052	    0.073
5910.113	    0.112
5911.174	    0.061
5912.235	    0.029
5913.296	    0.116
5914.358	    0.120
5915.419	    0.132
5916.481	    0.105
5917.543	    0.039
5918.605	    0.037
5919.668	    0.115
5920.730	    0.067
5921.793	    0.108
5922.856	    0.037
5923.919	    0.068
5924.982	    0.050
5926.046	    0.116
5927.109	    0.108
5928.173	    0.102
5929.237	    0.098
5930.302	    0.101
5931.366	    0.108
5932.431	    0.113
5933.496	    0.108
5934.561	    0.089
5935.626	    0.059
5936.691	    0.017
5937.757	    0.053
5938.823	    0.067
5939.889	    0.080
5940.955	    0.037
5942.021	    0.112
5943.088	    0.169
5944.155	    0.195
5945.222	    0.230
5946.289	    0.237
5947.356	    0.229
5948.424	    0.152
5949.491	    0.152
5950.559	    0.194
5951.627	    0.222
5952.696	    0.224
5953.764	    0.214
5954.833	    0.184
5955.902	    0.095
5956.971	    0.077
5958.040	    0.074
5959.109	    0.048
5960.179	    0.074
5961.249	    0.103
5962.319	    0.084
5963.389	    0.072
5964.460	    0.104
5965.530	    0.079
5966.601	    0.056
5967.672	    0.071
5968.743	    0.070
5969.814	    0.099
5970.886	    0.054
5971.958	    0.024
5973.030	    0.048
5974.102	    0.065
5975.174	    0.073
5976.247	    0.061
5977.319	    0.075
5978.392	    0.044
5979.465	    0.026
5980.539	    0.031
5981.612	    0.053
5982.686	    0.102
5983.760	    0.054
5984.834	    0.063
5985.908	    0.033
5986.982	    0.054
5988.057	    0.031
5989.132	    0.020
5990.207	    0.098
5991.282	    0.072
5992.358	    0.069
5993.433	    0.053
5994.509	    0.033
5995.585	    0.083
5996.661	    0.035
5997.738	    0.093
5998.814	    0.093
5999.891	    0.053
6000.968	    0.081
6002.045	    0.047
6003.122	    0.055
6004.200	    0.113
6005.278	    0.108
6006.356	    0.047
6007.434	    0.053
6008.512	    0.017
6009.590	    0.096
6010.669	    0.112
6011.748	    0.098
6012.827	    0.070
6013.906	    0.055
6014.986	    0.072
6016.066	    0.086
6017.145	    0.080
6018.225	    0.075
6019.306	    0.093
6020.386	    0.106
6021.467	    0.101
6022.548	    0.078
6023.629	    0.058
6024.710	    0.056
6025.791	    0.069
6026.873	    0.086
6027.955	    0.098
6029.037	    0.102
6030.119	    0.093
6031.201	    0.072
6032.284	    0.037
6033.367	    0.026
6034.450	    0.026
6035.533	    0.020
6036.616	    0.058
6037.700	    0.081
6038.783	    0.094
6039.867	    0.100
6040.951	    0.095
6042.036	    0.085
6043.120	    0.086
6044.205	    0.092
6045.290	    0.100
6046.375	    0.100
6047.460	    0.089
6048.546	    0.086
6049.631	    0.100
6050.717	    0.099
6051.803	    0.071
6052.890	    0.024
6053.976	    0.054
6055.063	    0.103
6056.150	    0.123
6057.237	    0.096
6058.324	    0.020
6059.411	    0.020
6060.499	    0.092
6061.587	    0.106
6062.675	    0.072
6063.763	    0.047
6064.852	    0.075
6065.940	    0.042
6067.029	    0.076
6068.118	    0.086
6069.207	    0.054
6070.297	    0.017
6071.386	    0.073
6072.476	    0.119
6073.566	    0.120
6074.656	    0.099
6075.747	    0.071
6076.837	    0.054
6077.928	    0.055
6079.019	    0.042
6080.110	    0.026
6081.201	    0.069
6082.293	    0.112
6083.385	    0.132
6084.477	    0.124
6085.569	    0.116
6086.661	    0.107
6087.754	    0.105
6088.846	    0.112
6089.939	    0.131
6091.032	    0.152
6092.126	    0.164
6093.219	    0.135
6094.313	    0.071
6095.407	    0.089
6096.501	    0.153
6097.595	    0.172
6098.690	    0.159
6099.784	    0.159
6100.879	    0.159
6101.974	    0.159
6103.070	    0.158
6104.165	    0.157
6105.261	    0.157
6106.357	    0.157
6107.453	    0.156
6108.549	    0.156
6109.646	    0.155
6110.742	    0.155
6111.839	    0.155
6112.936	    0.154
6114.033	    0.154
6115.131	    0.154
6116.228	    0.154
6117.326	    0.153
6118.424	    0.153
6119.523	    0.152
6120.621	    0.152
6121.720	    0.152
6122.818	    0.154
6123.917	    0.155
6125.017	    0.155
6126.116	    0.152
6127.216	    0.150
6128.315	    0.148
6129.415	    0.148
6130.516	    0.148
6131.616	    0.147
6132.717	    0.147
6133.817	    0.147
6134.918	    0.146
6136.020	    0.146
6137.121	    0.146
6138.223	    0.146
6139.324	    0.146
6140.426	    0.147
6141.529	    0.146
6142.631	    0.146
6143.734	    0.145
6144.836	    0.144
6145.939	    0.143
6147.042	    0.143
6148.146	    0.143
6149.249	    0.143
6150.353	    0.143
6151.457	    0.142
6152.561	    0.141
6153.666	    0.141
6154.770	    0.140
6155.875	    0.140
6156.980	    0.138
6158.085	    0.137
6159.190	    0.136
6160.296	    0.137
6161.402	    0.140
6162.508	    0.141
6163.614	    0.140
6164.720	    0.138
6165.827	    0.136
6166.933	    0.135
6168.040	    0.135
6169.148	    0.134
6170.255	    0.133
6171.362	    0.130
6172.470	    0.131
6173.578	    0.142
6174.686	    0.150
6175.795	    0.152
6176.903	    0.142
6178.012	    0.130
6179.121	    0.123
6180.230	    0.129
6181.339	    0.140
6182.449	    0.143
6183.558	    0.138
6184.668	    0.141
6185.778	    0.151
6186.889	    0.161
6187.999	    0.156
6189.110	    0.147
6190.221	    0.143
6191.332	    0.149
6192.443	    0.126
6193.555	    0.072
6194.667	    0.080
6195.779	    0.142
6196.891	    0.168
6198.003	    0.158
6199.116	    0.144
6200.228	    0.142
6201.341	    0.143
6202.454	    0.156
6203.568	    0.172
6204.681	    0.164
6205.795	    0.129
6206.909	    0.116
6208.023	    0.141
6209.137	    0.172
6210.252	    0.185
6211.366	    0.169
6212.481	    0.134
6213.596	    0.100
6214.712	    0.109
6215.827	    0.145
6216.943	    0.158
6218.059	    0.143
6219.175	    0.131
6220.291	    0.126
6221.408	    0.131
6222.525	    0.133
6223.641	    0.130
6224.759	    0.122
6225.876	    0.146
6226.993	    0.155
6228.111	    0.160
6229.229	    0.189
6230.347	    0.220
6231.466	    0.211
6232.584	    0.187
6233.703	    0.150
6234.822	    0.118
6235.941	    0.121
6237.060	    0.124
6238.180	    0.111
6239.299	    0.110
6240.419	    0.116
6241.539	    0.099
6242.660	    0.087
6243.780	    0.116
6244.901	    0.143
6246.022	    0.138
6247.143	    0.106
6248.264	    0.076
6249.386	    0.105
6250.508	    0.162
6251.630	    0.194
6252.752	    0.203
6253.874	    0.196
6254.997	    0.174
6256.119	    0.141
6257.242	    0.120
6258.366	    0.123
6259.489	    0.124
6260.612	    0.123
6261.736	    0.122
6262.860	    0.119
6263.984	    0.116
6265.109	    0.115
6266.233	    0.113
6267.358	    0.112
6268.483	    0.110
6269.608	    0.109
6270.734	    0.107
6271.859	    0.107
6272.985	    0.108
6274.111	    0.110
6275.237	    0.110
6276.363	    0.108
6277.490	    0.105
6278.617	    0.104
6279.744	    0.102
6280.871	    0.101
6281.998	    0.098
6283.126	    0.096
6284.254	    0.093
6285.382	    0.090
6286.510	    0.088
6287.638	    0.086
6288.767	    0.086
6289.896	    0.087
6291.025	    0.089
6292.154	    0.090
6293.283	    0.085
6294.413	    0.079
6295.543	    0.072
6296.673	    0.069
6297.803	    0.068
6298.933	    0.070
6300.064	    0.093
6301.195	    0.092
6302.326	    0.090
6303.457	    0.087
6304.589	    0.086
6305.720	    0.084
6306.852	    0.082
6307.984	    0.081
6309.117	    0.075
6310.249	    0.070
6311.382	    0.067
6312.514	    0.068
6313.648	    0.064
6314.781	    0.115
6315.914	    0.130
6317.048	    0.123
6318.182	    0.136
6319.316	    0.123
6320.450	    0.113
6321.585	    0.147
6322.719	    0.157
6323.854	    0.143
6324.989	    0.186
6326.125	    0.196
6327.260	    0.137
6328.396	    0.063
6329.532	    0.081
6330.668	    0.090
6331.804	    0.104
6332.941	    0.115
6334.078	    0.113
6335.215	    0.131
6336.352	    0.042
6337.489	    0.031
6338.627	    0.050
6339.764	    0.017
6340.902	    0.051
6342.041	    0.039
6343.179	    0.039
6344.317	    0.067
6345.456	    0.048
6346.595	    0.026
6347.734	    0.085
6348.874	    0.082
6350.013	    0.084
6351.153	    0.118
6352.293	    0.156
6353.433	    0.136
6354.574	    0.089
6355.714	    0.088
6356.855	    0.156
6357.996	    0.241
6359.138	    0.307
6360.279	    0.318
6361.421	    0.243
6362.563	    0.135
6363.705	    0.029
6364.847	    0.062
6365.989	    0.056
6367.132	    0.020
6368.275	    0.081
6369.418	    0.062
6370.561	    0.094
6371.705	    0.079
6372.848	    0.071
6373.992	    0.083
6375.136	    0.086
6376.281	    0.091
6377.425	    0.105
6378.570	    0.083
6379.715	    0.126
6380.860	    0.147
6382.005	    0.125
6383.151	    0.121
6384.297	    0.129
6385.443	    0.116
6386.589	    0.109
6387.735	    0.143
6388.882	    0.138
6390.028	    0.138
6391.175	    0.129
6392.323	    0.128
6393.470	    0.184
6394.618	    0.154
6395.765	    0.126
6396.913	    0.089
6398.062	    0.020
6399.210	    0.103
6400.359	    0.128
6401.508	    0.115
6402.657	    0.093
6403.806	    0.082
6404.955	    0.041
6406.105	    0.098
6407.255	    0.136
6408.405	    0.135
6409.555	    0.126
6410.706	    0.146
6411.856	    0.113
6413.007	    0.106
6414.158	    0.083
6415.310	    0.118
6416.461	    0.113
6417.613	    0.124
6418.765	    0.072
6419.917	    0.031
6421.069	    0.084
6422.222	    0.126
6423.375	    0.138
6424.528	    0.144
6425.681	    0.139
6426.834	    0.125
6427.988	    0.081
6429.142	    0.064
6430.296	    0.072
6431.450	    0.105
6432.604	    0.149
6433.759	    0.167
6434.914	    0.161
6436.069	    0.122
6437.224	    0.067
6438.380	    0.055
6439.535	    0.100
6440.691	    0.134
6441.847	    0.112
6443.003	    0.044
6444.160	    0.058
6445.317	    0.096
6446.474	    0.113
6447.631	    0.108
6448.788	    0.089
6449.945	    0.064
6451.103	    0.029
6452.261	    0.020
6453.419	    0.059
6454.578	    0.077
6455.736	    0.073
6456.895	    0.029
6458.054	    0.037
6459.213	    0.095
6460.373	    0.105
6461.532	    0.128
6462.692	    0.128
6463.852	    0.110
6465.012	    0.115
6466.173	    0.110
6467.333	    0.124
6468.494	    0.017
6469.655	    0.106
6470.817	    0.088
6471.978	    0.017
6473.140	    0.061
6474.302	    0.061
6475.464	    0.047
6476.626	    0.088
6477.789	    0.093
6478.951	    0.070
6480.114	    0.095
6481.277	    0.118
6482.441	    0.124
6483.604	    0.026
6484.768	    0.047
6485.932	    0.092
6497.584	    0.070
6498.750	    0.065
6499.916	    0.017
6501.083	    0.061
6502.250	    0.048
6503.417	    0.056
6504.584	    0.080
6505.752	    0.093
6506.920	    0.061
6508.088	    0.047
6509.256	    0.054
6510.424	    0.059
6511.593	    0.031
6512.762	    0.069
6513.931	    0.056
6515.100	    0.072
6516.269	    0.093
6517.439	    0.090
6518.609	    0.115
6519.779	    0.134
6520.949	    0.111
6522.120	    0.058
6523.290	    0.042
6524.461	    0.050
6525.632	    0.053
6526.804	    0.156
6527.975	    0.189
6529.147	    0.169
6530.319	    0.144
6531.491	    0.108
6532.664	    0.048
6533.836	    0.069
6535.009	    0.063
6536.182	    0.029
6537.355	    0.020
6538.529	    0.091
6539.702	    0.112
6540.876	    0.111
6542.050	    0.124
6543.224	    0.088
6544.399	    0.063
6545.574	    0.072
6546.748	    0.035
6547.924	    0.108
6549.099	    0.122
6550.274	    0.106
6551.450	    0.044
6552.626	    0.106
6553.802	    0.081
6554.979	    0.112
6556.155	    0.012
6557.332	    0.106
6558.509	    0.081
6559.686	    0.091
6560.864	    0.058
6562.041	    0.058
6563.219	    0.046
6564.397	    0.012
6565.576	    0.086
6566.754	    0.033
6567.933	    0.058
6569.112	    0.062
6570.291	    0.069
6571.470	    0.096
6572.650	    0.129
6573.830	    0.114
6575.010	    0.109
6576.190	    0.111
6577.370	    0.113
6578.551	    0.119
6579.732	    0.123
6580.913	    0.125
6582.094	    0.124
6583.275	    0.122
6584.457	    0.120
6585.639	    0.121
6586.821	    0.122
6588.003	    0.122
6589.186	    0.091
6590.368	    0.092
6591.551	    0.116
6592.735	    0.098
6593.918	    0.026
6595.102	    0.055
6596.285	    0.090
6597.469	    0.082
6598.654	    0.100
6599.838	    0.115
6601.023	    0.141
6602.207	    0.161
6603.393	    0.132
6604.578	    0.133
6605.763	    0.152
6606.949	    0.221
6608.135	    0.331
6609.321	    0.447
6610.507	    0.486
6611.694	    0.443
6612.881	    0.338
6614.068	    0.235
6615.255	    0.184
6616.442	    0.180
6617.630	    0.167
6618.818	    0.181
6620.006	    0.266
6621.194	    0.403
6622.383	    0.650
6623.571	    0.952
6624.760	    1.165
6625.949	    1.168
6627.139	    0.964
6628.328	    0.637
6629.518	    0.374
6630.708	    0.270
6631.898	    0.218
6633.089	    0.183
6634.279	    0.160
6635.470	    0.094
6636.661	    0.152
6637.852	    0.171
6639.044	    0.186
6640.235	    0.196
6641.427	    0.236
6642.619	    0.381
6643.812	    0.573
6645.004	    0.768
6646.197	    0.842
6647.390	    0.769
6648.583	    0.548
6649.777	    0.345
6650.970	    0.213
6652.164	    0.155
6653.358	    0.149
6654.552	    0.151
6655.747	    0.118
6656.941	    0.089
6658.136	    0.099
6659.331	    0.073
6660.527	    0.085
6661.722	    0.126
6662.918	    0.144
6664.114	    0.144
6665.310	    0.124
6666.507	    0.119
6667.703	    0.121
6668.900	    0.090
6670.097	    0.020
6671.294	    0.062
6672.492	    0.096
6673.689	    0.110
6674.887	    0.118
6676.086	    0.105
6677.284	    0.112
6678.482	    0.097
6679.681	    0.103
6680.880	    0.086
6682.079	    0.082
6683.279	    0.099
6684.478	    0.111
6685.678	    0.105
6686.878	    0.108
6688.079	    0.108
6689.279	    0.104
6690.480	    0.104
6691.681	    0.096
6692.882	    0.086
6694.083	    0.099
6695.285	    0.092
6696.486	    0.062
6697.688	    0.090
6698.891	    0.081
6700.093	    0.090
6701.296	    0.087
6702.499	    0.093
6703.702	    0.093
6704.905	    0.050
6706.108	    0.061
6707.312	    0.092
6708.516	    0.106
6709.720	    0.108
6710.925	    0.102
6712.129	    0.081
6713.334	    0.112
6714.539	    0.056
6715.744	    0.058
6716.950	    0.058
6718.155	    0.069
6719.361	    0.105
6720.567	    0.104
6721.774	    0.086
6722.980	    0.072
6724.187	    0.081
6725.394	    0.075
6726.601	    0.108
6727.808	    0.110
6729.016	    0.086
6730.224	    0.035
6731.432	    0.041
6732.640	    0.035
6733.849	    0.087
6735.057	    0.123
6736.266	    0.056
6737.475	    0.065
6738.685	    0.105
6739.894	    0.122
6741.104	    0.146
6742.314	    0.150
6743.524	    0.151
6744.735	    0.104
6745.945	    0.053
6747.156	    0.081
6748.367	    0.084
6749.579	    0.035
6750.790	    0.059
6752.002	    0.080
6753.214	    0.075
6754.426	    0.088
6755.638	    0.103
6756.851	    0.088
6758.064	    0.012
6759.277	    0.072
6760.490	    0.065
6761.704	    0.118
6762.917	    0.112
6764.131	    0.042
6765.345	    0.050
6766.560	    0.082
6767.774	    0.072
6768.989	    0.072
6770.204	    0.050
6771.419	    0.086
6772.635	    0.061
6773.851	    0.067
6775.066	    0.096
6776.282	    0.160
6777.499	    0.245
6778.715	    0.379
6779.932	    0.477
6781.149	    0.474
6782.366	    0.385
6783.584	    0.259
6784.801	    0.139
6786.019	    0.092
6787.237	    0.044
6788.455	    0.055
6789.674	    0.012
6790.893	    0.147
6792.112	    0.247
6793.331	    0.336
6794.550	    0.411
6795.770	    0.407
6796.990	    0.317
6798.210	    0.208
6799.430	    0.116
6800.650	    0.041
6801.871	    0.039
6803.092	    0.062
6804.313	    0.050
6805.534	    0.046
6806.756	    0.024
6807.978	    0.031
6809.200	    0.050
6810.422	    0.012
6811.644	    0.026
6812.867	    0.075
6814.090	    0.090
6968.692	    0.119
6969.943	    0.073
6971.194	    0.026
6972.445	    0.120
6973.696	    0.109
6974.948	    0.070
6976.200	    0.053
6977.452	    0.109
6978.705	    0.096
6979.957	    0.090
6981.210	    0.108
6982.463	    0.095
6983.717	    0.093
6984.970	    0.055
6986.224	    0.073
6987.478	    0.041
6988.732	    0.086
6989.987	    0.103
6991.241	    0.085
6992.496	    0.029
6993.751	    0.055
6995.007	    0.031
6996.262	    0.020
6997.518	    0.053
6998.774	    0.029
7000.030	    0.090
7001.287	    0.087
7002.544	    0.029
7003.801	    0.075
7005.058	    0.103
7006.315	    0.086
7007.573	    0.017
7008.831	    0.094
7010.089	    0.093
7011.347	    0.102
7012.605	    0.059
7013.864	    0.069
7015.123	    0.054
7016.382	    0.077
7017.642	    0.081
7018.901	    0.094
7020.161	    0.054
7021.421	    0.035
7022.682	    0.047
7023.942	    0.029
7025.203	    0.056
7026.464	    0.051
7027.725	    0.093
7028.987	    0.056
7030.248	    0.076
7031.510	    0.024
7032.772	    0.074
7034.035	    0.081
7035.297	    0.051
7036.560	    0.081
7037.823	    0.063
7039.086	    0.092
7040.350	    0.064
7041.614	    0.020
7042.877	    0.082
7044.142	    0.033
7045.406	    0.072
7046.671	    0.107
7047.936	    0.103
7049.201	    0.072
7050.466	    0.055
7051.731	    0.118
7052.997	    0.093
7054.263	    0.062
7055.529	    0.059
7056.796	    0.020
7058.062	    0.055
7059.329	    0.031
7060.596	    0.072
7061.864	    0.076
7063.131	    0.051
7064.399	    0.051
7065.667	    0.033
7066.936	    0.098
7068.204	    0.090
7069.473	    0.054
7070.742	    0.044
7072.011	    0.024
7073.280	    0.060
7074.550	    0.074
7075.820	    0.024
7077.090	    0.083
7078.360	    0.074
7079.631	    0.039
7080.901	    0.096
7082.172	    0.026
7083.444	    0.042
7084.715	    0.020
7085.987	    0.029
7087.259	    0.042
7088.531	    0.026
7089.803	    0.031
7091.076	    0.072
7092.349	    0.055
7093.622	    0.041
7094.895	    0.072
7096.168	    0.098
7097.442	    0.061
7098.716	    0.037
7099.990	    0.059
7101.265	    0.081
7102.539	    0.063
7103.814	    0.092
7105.089	    0.012
7106.365	    0.046
7107.640	    0.086
7108.916	    0.083
7110.192	    0.026
7111.468	    0.026
7112.745	    0.026
7114.021	    0.076
7115.298	    0.072
7116.576	    0.012
7117.853	    0.012
7119.131	    0.062
7120.408	    0.031
7121.687	    0.082
7122.965	    0.064
7124.243	    0.047
7125.522	    0.020
7126.801	    0.072
7128.080	    0.093
7129.360	    0.024
7130.640	    0.064
7131.919	    0.089
7133.200	    0.100
7134.480	    0.083
7135.761	    0.118
7137.041	    0.081
7138.323	    0.071
7139.604	    0.048
7140.885	    0.081
7142.167	    0.017
7143.449	    0.042
7144.731	    0.096
7146.014	    0.073
7147.296	    0.065
7148.579	    0.073
7149.863	    0.105
7151.146	    0.126
7152.430	    0.129
7153.713	    0.099
7154.997	    0.086
7156.282	    0.085
7157.566	    0.078
7158.851	    0.103
7160.136	    0.135
7161.421	    0.148
7162.707	    0.128
7163.992	    0.138
7165.278	    0.137
7166.564	    0.129
7167.851	    0.123
7169.137	    0.110
7170.424	    0.090
7171.711	    0.142
7172.998	    0.141
7174.286	    0.120
7175.574	    0.129
7176.862	    0.122
7178.150	    0.119
7179.438	    0.141
7180.727	    0.160
7182.016	    0.156
7183.305	    0.163
7184.595	    0.115
7185.884	    0.131
7187.174	    0.140
7188.464	    0.156
7189.754	    0.148
7191.045	    0.121
7192.336	    0.146
7193.627	    0.146
7194.918	    0.175
7196.209	    0.155
7197.501	    0.149
7198.793	    0.161
7200.085	    0.158
7201.377	    0.113
7202.670	    0.093
7203.963	    0.118
7205.256	    0.087
7206.549	    0.113
7207.843	    0.111
7209.137	    0.101
7210.431	    0.124
7211.725	    0.124
7213.019	    0.096
7214.314	    0.105
7215.609	    0.110
7216.904	    0.126
7218.200	    0.118
7219.495	    0.110
7220.791	    0.115
7222.087	    0.133
7223.384	    0.135
7224.680	    0.135
7225.977	    0.130
7227.274	    0.135
7228.571	    0.161
7229.869	    0.173
7231.166	    0.140
7232.464	    0.068
7233.763	    0.176
7235.061	    0.188
7236.360	    0.135
7237.659	    0.105
7238.958	    0.115
7240.257	    0.110
7241.557	    0.042
7242.857	    0.205
7244.157	    0.245
7245.457	    0.232
7246.757	    0.219
7248.058	    0.197
7249.359	    0.190
7250.660	    0.178
7251.962	    0.184
7253.264	    0.158
7254.566	    0.154
7255.868	    0.149
7257.170	    0.172
7258.473	    0.168
7259.776	    0.154
7261.079	    0.144
7262.382	    0.097
7263.686	    0.104
7264.989	    0.143
7266.293	    0.159
7267.598	    0.151
7268.902	    0.105
7270.207	    0.266
7271.512	    0.270
7272.817	    0.172
7274.123	    0.193
7275.428	    0.253
7276.734	    0.220
7278.040	    0.146
7279.347	    0.103
7280.653	    0.115
7281.960	    0.193
7283.267	    0.218
7284.575	    0.198
7285.882	    0.167
7287.190	    0.183
7288.498	    0.192
7289.806	    0.141
7291.115	    0.108
7292.423	    0.109
7293.732	    0.161
7295.042	    0.144
7296.351	    0.133
7297.661	    0.085
7298.971	    0.096
7300.281	    0.083
7301.591	    0.106
7302.902	    0.159
7304.212	    0.169
7305.524	    0.137
7306.835	    0.131
7308.146	    0.124
7309.458	    0.188
7310.770	    0.273
7312.082	    0.221
7313.395	    0.108
7314.708	    0.220
7316.021	    0.195
7317.334	    0.190
7318.647	    0.187
7319.961	    0.190
7321.275	    0.170
7322.589	    0.081
7323.903	    0.081
7325.218	    0.073
7326.533	    0.112
7327.848	    0.184
7329.163	    0.175
7330.479	    0.157
7331.795	    0.168
7333.111	    0.037
7334.427	    0.237
7335.743	    0.261
7337.060	    0.180
7338.377	    0.179
7339.694	    0.214
